17.000000  18.000000  0.996245 
18.000000  19.000000  0.995621 
19.000000  20.000000  0.995098 
20.000000  21.000000  0.994665 
21.000000  22.000000  0.994313 
22.000000  23.000000  0.994045 
23.000000  24.000000  0.993893 
24.000000  25.000000  0.993762 
25.000000  26.000000  0.993867 
26.000000  27.000000  0.993731 
27.000000  28.000000  0.993599 
28.000000  29.000000  0.993405 
29.000000  30.000000  0.993239 
30.000000  31.000000  0.993112 
31.000000  32.000000  0.993018 
32.000000  33.000000  0.992965 
33.000000  34.000000  0.993005 
34.000000  35.000000  0.993069 
35.000000  36.000000  0.993141 
36.000000  37.000000  0.993219 
37.000000  38.000000  0.993298 
38.000000  39.000000  0.993377 
39.000000  40.000000  0.993454 
40.000000  41.000000  0.993512 
41.000000  42.000000  0.993550 
42.000000  43.000000  0.993581 
43.000000  44.000000  0.993606 
44.000000  45.000000  0.993623 
45.000000  46.000000  0.993633 
46.000000  47.000000  0.993636 
47.000000  48.000000  0.993631 
48.000000  49.000000  0.993620 
49.000000  50.000000  0.993602 
50.000000  51.000000  0.993578 
51.000000  52.000000  0.993548 
52.000000  53.000000  0.993513 
53.000000  54.000000  0.993473 
54.000000  55.000000  0.993428 
55.000000  56.000000  0.993379 
56.000000  57.000000  0.993327 
57.000000  58.000000  0.993271 
58.000000  59.000000  0.993212 
59.000000  60.000000  0.993150 
60.000000  61.000000  0.993086 
61.000000  62.000000  0.993021 
62.000000  63.000000  0.992954 
63.000000  64.000000  0.992886 
64.000000  65.000000  0.992818 
65.000000  66.000000  0.992750 
66.000000  67.000000  0.992682 
67.000000  68.000000  0.992615 
68.000000  69.000000  0.992548 
69.000000  70.000000  0.992483 
70.000000  71.000000  0.992419 
71.000000  72.000000  0.992356 
72.000000  73.000000  0.992296 
73.000000  74.000000  0.992237 
74.000000  75.000000  0.992180 
75.000000  76.000000  0.992126 
76.000000  77.000000  0.992073 
77.000000  78.000000  0.992023 
78.000000  79.000000  0.991975 
79.000000  80.000000  0.991930 
80.000000  81.000000  0.991887 
81.000000  82.000000  0.991847 
82.000000  83.000000  0.991809 
83.000000  84.000000  0.991774 
84.000000  85.000000  0.991741 
85.000000  86.000000  0.991710 
86.000000  87.000000  0.991682 
87.000000  88.000000  0.991656 
88.000000  89.000000  0.991632 
89.000000  90.000000  0.991610 
90.000000  91.000000  0.991590 
91.000000  92.000000  0.991572 
92.000000  93.000000  0.991556 
93.000000  94.000000  0.991541 
94.000000  95.000000  0.991528 
95.000000  96.000000  0.991517 
96.000000  97.000000  0.991507 
97.000000  98.000000  0.991498 
98.000000  99.000000  0.991491 
99.000000  100.000000  0.991485 
100.000000  101.000000  0.991480 
101.000000  102.000000  0.991476 
102.000000  103.000000  0.991474 
103.000000  104.000000  0.991472 
104.000000  105.000000  0.991471 
105.000000  106.000000  0.991470 
106.000000  107.000000  0.991471 
107.000000  108.000000  0.991472 
108.000000  109.000000  0.991474 
109.000000  110.000000  0.991477 
110.000000  111.000000  0.991480 
111.000000  112.000000  0.991484 
112.000000  113.000000  0.991489 
113.000000  114.000000  0.991494 
114.000000  115.000000  0.991500 
115.000000  116.000000  0.991507 
116.000000  117.000000  0.991514 
117.000000  118.000000  0.991522 
118.000000  119.000000  0.991530 
119.000000  120.000000  0.991539 
120.000000  121.000000  0.991548 
121.000000  122.000000  0.991559 
122.000000  123.000000  0.991570 
123.000000  124.000000  0.991581 
124.000000  125.000000  0.991593 
125.000000  126.000000  0.991606 
126.000000  127.000000  0.991620 
127.000000  128.000000  0.991634 
128.000000  129.000000  0.991650 
129.000000  130.000000  0.991665 
130.000000  131.000000  0.991682 
131.000000  132.000000  0.991699 
132.000000  133.000000  0.991718 
133.000000  134.000000  0.991737 
134.000000  135.000000  0.991756 
135.000000  136.000000  0.991777 
136.000000  137.000000  0.991798 
137.000000  138.000000  0.991820 
138.000000  139.000000  0.991843 
139.000000  140.000000  0.991866 
140.000000  141.000000  0.991891 
141.000000  142.000000  0.991916 
142.000000  143.000000  0.991942 
143.000000  144.000000  0.991968 
144.000000  145.000000  0.991995 
145.000000  146.000000  0.992023 
146.000000  147.000000  0.992052 
147.000000  148.000000  0.992081 
148.000000  149.000000  0.992111 
149.000000  150.000000  0.992141 
150.000000  151.000000  0.992172 
151.000000  152.000000  0.992204 
152.000000  153.000000  0.992236 
153.000000  154.000000  0.992269 
154.000000  155.000000  0.992302 
155.000000  156.000000  0.992335 
156.000000  157.000000  0.992369 
157.000000  158.000000  0.992403 
158.000000  159.000000  0.992437 
159.000000  160.000000  0.992472 
160.000000  161.000000  0.992507 
161.000000  162.000000  0.992542 
162.000000  163.000000  0.992578 
163.000000  164.000000  0.992613 
164.000000  165.000000  0.992649 
165.000000  166.000000  0.992685 
166.000000  167.000000  0.992721 
167.000000  168.000000  0.992757 
168.000000  169.000000  0.992792 
169.000000  170.000000  0.992828 
170.000000  171.000000  0.992864 
171.000000  172.000000  0.992899 
172.000000  173.000000  0.992935 
173.000000  174.000000  0.992970 
174.000000  175.000000  0.993005 
175.000000  176.000000  0.993040 
176.000000  177.000000  0.993075 
177.000000  178.000000  0.993109 
178.000000  179.000000  0.993143 
179.000000  180.000000  0.993177 
180.000000  181.000000  0.993211 
181.000000  182.000000  0.993244 
182.000000  183.000000  0.993277 
183.000000  184.000000  0.993309 
184.000000  185.000000  0.993341 
185.000000  186.000000  0.993373 
186.000000  187.000000  0.993404 
187.000000  188.000000  0.993435 
188.000000  189.000000  0.993465 
189.000000  190.000000  0.993495 
190.000000  191.000000  0.993524 
191.000000  192.000000  0.993553 
192.000000  193.000000  0.993581 
193.000000  194.000000  0.993609 
194.000000  195.000000  0.993637 
195.000000  196.000000  0.993664 
196.000000  197.000000  0.993690 
197.000000  198.000000  0.993716 
198.000000  199.000000  0.993741 
199.000000  200.000000  0.993766 
200.000000  201.000000  0.993790 
201.000000  202.000000  0.993814 
202.000000  203.000000  0.993837 
203.000000  204.000000  0.993860 
204.000000  205.000000  0.993882 
205.000000  206.000000  0.993904 
206.000000  207.000000  0.993925 
207.000000  208.000000  0.993945 
208.000000  209.000000  0.993965 
209.000000  210.000000  0.993985 
210.000000  211.000000  0.994004 
211.000000  212.000000  0.994022 
212.000000  213.000000  0.994040 
213.000000  214.000000  0.994058 
214.000000  215.000000  0.994074 
215.000000  216.000000  0.994091 
216.000000  217.000000  0.994107 
217.000000  218.000000  0.994122 
218.000000  219.000000  0.994137 
219.000000  220.000000  0.994152 
220.000000  221.000000  0.994166 
221.000000  222.000000  0.994179 
222.000000  223.000000  0.994192 
223.000000  224.000000  0.994204 
224.000000  225.000000  0.994216 
225.000000  226.000000  0.994228 
226.000000  227.000000  0.994239 
227.000000  228.000000  0.994250 
228.000000  229.000000  0.994260 
229.000000  230.000000  0.994270 
230.000000  231.000000  0.994279 
231.000000  232.000000  0.994288 
232.000000  233.000000  0.994296 
233.000000  234.000000  0.994304 
234.000000  235.000000  0.994312 
235.000000  236.000000  0.994319 
236.000000  237.000000  0.994326 
237.000000  238.000000  0.994332 
238.000000  239.000000  0.994338 
239.000000  240.000000  0.994343 
240.000000  241.000000  0.994348 
241.000000  242.000000  0.994353 
242.000000  243.000000  0.994357 
243.000000  244.000000  0.994361 
244.000000  245.000000  0.994364 
245.000000  246.000000  0.994367 
246.000000  247.000000  0.994370 
247.000000  248.000000  0.994372 
248.000000  249.000000  0.994374 
249.000000  250.000000  0.994376 
250.000000  251.000000  0.994377 
251.000000  252.000000  0.994377 
252.000000  253.000000  0.994378 
253.000000  254.000000  0.994378 
254.000000  255.000000  0.994377 
255.000000  256.000000  0.994376 
256.000000  257.000000  0.994375 
257.000000  258.000000  0.994373 
258.000000  259.000000  0.994371 
259.000000  260.000000  0.994369 
260.000000  261.000000  0.994366 
261.000000  262.000000  0.994363 
262.000000  263.000000  0.994359 
263.000000  264.000000  0.994356 
264.000000  265.000000  0.994351 
265.000000  266.000000  0.994347 
266.000000  267.000000  0.994342 
267.000000  268.000000  0.994337 
268.000000  269.000000  0.994331 
269.000000  270.000000  0.994325 
270.000000  271.000000  0.994319 
271.000000  272.000000  0.994312 
272.000000  273.000000  0.994305 
273.000000  274.000000  0.994298 
274.000000  275.000000  0.994290 
275.000000  276.000000  0.994282 
276.000000  277.000000  0.994273 
277.000000  278.000000  0.994264 
278.000000  279.000000  0.994255 
279.000000  280.000000  0.994246 
280.000000  281.000000  0.994236 
281.000000  282.000000  0.994225 
282.000000  283.000000  0.994215 
283.000000  284.000000  0.994204 
284.000000  285.000000  0.994193 
285.000000  286.000000  0.994181 
286.000000  287.000000  0.994169 
287.000000  288.000000  0.994157 
288.000000  289.000000  0.994144 
289.000000  290.000000  0.994131 
290.000000  291.000000  0.994118 
291.000000  292.000000  0.994104 
292.000000  293.000000  0.994090 
293.000000  294.000000  0.994076 
294.000000  295.000000  0.994061 
295.000000  296.000000  0.994047 
296.000000  297.000000  0.994031 
297.000000  298.000000  0.994016 
298.000000  299.000000  0.994000 
299.000000  300.000000  0.993984 
300.000000  301.000000  0.993967 
301.000000  302.000000  0.993950 
302.000000  303.000000  0.993933 
303.000000  304.000000  0.993915 
304.000000  305.000000  0.993898 
305.000000  306.000000  0.993880 
306.000000  307.000000  0.993861 
307.000000  308.000000  0.993843 
308.000000  309.000000  0.993824 
309.000000  310.000000  0.993804 
310.000000  311.000000  0.993785 
311.000000  312.000000  0.993765 
312.000000  313.000000  0.993745 
313.000000  314.000000  0.993725 
314.000000  315.000000  0.993704 
315.000000  316.000000  0.993683 
316.000000  317.000000  0.993662 
317.000000  318.000000  0.993640 
318.000000  319.000000  0.993619 
319.000000  320.000000  0.993597 
320.000000  321.000000  0.993575 
321.000000  322.000000  0.993552 
322.000000  323.000000  0.993530 
323.000000  324.000000  0.993507 
324.000000  325.000000  0.993483 
325.000000  326.000000  0.993460 
326.000000  327.000000  0.993437 
327.000000  328.000000  0.993413 
328.000000  329.000000  0.993389 
329.000000  330.000000  0.993364 
330.000000  331.000000  0.993340 
331.000000  332.000000  0.993315 
332.000000  333.000000  0.993291 
333.000000  334.000000  0.993266 
334.000000  335.000000  0.993240 
335.000000  336.000000  0.993215 
336.000000  337.000000  0.993190 
337.000000  338.000000  0.993164 
338.000000  339.000000  0.993138 
339.000000  340.000000  0.993112 
340.000000  341.000000  0.993086 
341.000000  342.000000  0.993060 
342.000000  343.000000  0.993033 
343.000000  344.000000  0.993007 
344.000000  345.000000  0.992980 
345.000000  346.000000  0.992953 
346.000000  347.000000  0.992926 
347.000000  348.000000  0.992899 
348.000000  349.000000  0.992872 
349.000000  350.000000  0.992845 
350.000000  351.000000  0.992817 
351.000000  352.000000  0.992790 
352.000000  353.000000  0.992763 
353.000000  354.000000  0.992735 
354.000000  355.000000  0.992707 
355.000000  356.000000  0.992680 
356.000000  357.000000  0.992652 
357.000000  358.000000  0.992624 
358.000000  359.000000  0.992596 
359.000000  360.000000  0.992569 
360.000000  361.000000  0.992541 
361.000000  362.000000  0.992513 
362.000000  363.000000  0.992485 
363.000000  364.000000  0.992457 
364.000000  365.000000  0.992429 
365.000000  366.000000  0.992401 
366.000000  367.000000  0.992373 
367.000000  368.000000  0.992345 
368.000000  369.000000  0.992317 
369.000000  370.000000  0.992289 
370.000000  371.000000  0.992262 
371.000000  372.000000  0.992234 
372.000000  373.000000  0.992206 
373.000000  374.000000  0.992178 
374.000000  375.000000  0.992151 
375.000000  376.000000  0.992123 
376.000000  377.000000  0.992096 
377.000000  378.000000  0.992068 
378.000000  379.000000  0.992041 
379.000000  380.000000  0.992014 
380.000000  381.000000  0.991987 
381.000000  382.000000  0.991960 
382.000000  383.000000  0.991933 
383.000000  384.000000  0.991906 
384.000000  385.000000  0.991879 
385.000000  386.000000  0.991853 
386.000000  387.000000  0.991826 
387.000000  388.000000  0.991800 
388.000000  389.000000  0.991774 
389.000000  390.000000  0.991748 
390.000000  391.000000  0.991722 
391.000000  392.000000  0.991696 
392.000000  393.000000  0.991671 
393.000000  394.000000  0.991645 
394.000000  395.000000  0.991620 
395.000000  396.000000  0.991595 
396.000000  397.000000  0.991570 
397.000000  398.000000  0.991546 
398.000000  399.000000  0.991521 
399.000000  400.000000  0.991497 
400.000000  401.000000  0.991473 
401.000000  402.000000  0.991449 
402.000000  403.000000  0.991426 
403.000000  404.000000  0.991402 
404.000000  405.000000  0.991379 
405.000000  406.000000  0.991356 
406.000000  407.000000  0.991334 
407.000000  408.000000  0.991311 
408.000000  409.000000  0.991289 
409.000000  410.000000  0.991267 
410.000000  411.000000  0.991245 
411.000000  412.000000  0.991224 
412.000000  413.000000  0.991203 
413.000000  414.000000  0.991182 
414.000000  415.000000  0.991161 
415.000000  416.000000  0.991141 
416.000000  417.000000  0.991120 
417.000000  418.000000  0.991101 
418.000000  419.000000  0.991081 
419.000000  420.000000  0.991062 
420.000000  421.000000  0.991043 
421.000000  422.000000  0.991024 
422.000000  423.000000  0.991006 
423.000000  424.000000  0.990988 
424.000000  425.000000  0.990970 
425.000000  426.000000  0.990952 
426.000000  427.000000  0.990935 
427.000000  428.000000  0.990918 
428.000000  429.000000  0.990901 
429.000000  430.000000  0.990885 
430.000000  431.000000  0.990869 
431.000000  432.000000  0.990853 
432.000000  433.000000  0.990838 
433.000000  434.000000  0.990823 
434.000000  435.000000  0.990808 
435.000000  436.000000  0.990794 
436.000000  437.000000  0.990780 
437.000000  438.000000  0.990766 
438.000000  439.000000  0.990752 
439.000000  440.000000  0.990739 
440.000000  441.000000  0.990727 
441.000000  442.000000  0.990714 
442.000000  443.000000  0.990702 
443.000000  444.000000  0.990690 
444.000000  445.000000  0.990679 
445.000000  446.000000  0.990667 
446.000000  447.000000  0.990657 
447.000000  448.000000  0.990646 
448.000000  449.000000  0.990636 
449.000000  450.000000  0.990626 
450.000000  451.000000  0.990616 
451.000000  452.000000  0.990607 
452.000000  453.000000  0.990598 
453.000000  454.000000  0.990590 
454.000000  455.000000  0.990582 
455.000000  456.000000  0.990574 
456.000000  457.000000  0.990566 
457.000000  458.000000  0.990559 
458.000000  459.000000  0.990552 
459.000000  460.000000  0.990546 
460.000000  461.000000  0.990539 
461.000000  462.000000  0.990533 
462.000000  463.000000  0.990528 
463.000000  464.000000  0.990523 
464.000000  465.000000  0.990518 
465.000000  466.000000  0.990513 
466.000000  467.000000  0.990509 
467.000000  468.000000  0.990505 
468.000000  469.000000  0.990501 
469.000000  470.000000  0.990498 
470.000000  471.000000  0.990495 
471.000000  472.000000  0.990492 
472.000000  473.000000  0.990490 
473.000000  474.000000  0.990487 
474.000000  475.000000  0.990486 
475.000000  476.000000  0.990484 
476.000000  477.000000  0.990483 
477.000000  478.000000  0.990482 
478.000000  479.000000  0.990482 
479.000000  480.000000  0.990481 
480.000000  481.000000  0.990481 
481.000000  482.000000  0.990482 
482.000000  483.000000  0.990482 
483.000000  484.000000  0.990483 
484.000000  485.000000  0.990484 
485.000000  486.000000  0.990486 
486.000000  487.000000  0.990487 
487.000000  488.000000  0.990489 
488.000000  489.000000  0.990492 
489.000000  490.000000  0.990494 
490.000000  491.000000  0.990497 
491.000000  492.000000  0.990500 
492.000000  493.000000  0.990503 
493.000000  494.000000  0.990507 
494.000000  495.000000  0.990511 
495.000000  496.000000  0.990515 
496.000000  497.000000  0.990520 
497.000000  498.000000  0.990524 
498.000000  499.000000  0.990529 
499.000000  500.000000  0.990534 
500.000000  501.000000  0.990540 
501.000000  502.000000  0.990545 
502.000000  503.000000  0.990551 
503.000000  504.000000  0.990557 
504.000000  505.000000  0.990564 
505.000000  506.000000  0.990570 
506.000000  507.000000  0.990577 
507.000000  508.000000  0.990584 
508.000000  509.000000  0.990591 
509.000000  510.000000  0.990599 
510.000000  511.000000  0.990607 
511.000000  512.000000  0.990614 
512.000000  513.000000  0.990623 
513.000000  514.000000  0.990631 
514.000000  515.000000  0.990639 
515.000000  516.000000  0.990648 
516.000000  517.000000  0.990657 
517.000000  518.000000  0.990666 
518.000000  519.000000  0.990676 
519.000000  520.000000  0.990685 
520.000000  521.000000  0.990695 
521.000000  522.000000  0.990705 
522.000000  523.000000  0.990715 
523.000000  524.000000  0.990725 
524.000000  525.000000  0.990735 
525.000000  526.000000  0.990746 
526.000000  527.000000  0.990757 
527.000000  528.000000  0.990768 
528.000000  529.000000  0.990779 
529.000000  530.000000  0.990790 
530.000000  531.000000  0.990802 
531.000000  532.000000  0.990813 
532.000000  533.000000  0.990825 
533.000000  534.000000  0.990837 
534.000000  535.000000  0.990849 
535.000000  536.000000  0.990861 
536.000000  537.000000  0.990873 
537.000000  538.000000  0.990886 
538.000000  539.000000  0.990898 
539.000000  540.000000  0.990911 
540.000000  541.000000  0.990924 
541.000000  542.000000  0.990937 
542.000000  543.000000  0.990950 
543.000000  544.000000  0.990963 
544.000000  545.000000  0.990977 
545.000000  546.000000  0.990990 
546.000000  547.000000  0.991004 
547.000000  548.000000  0.991017 
548.000000  549.000000  0.991031 
549.000000  550.000000  0.991045 
550.000000  551.000000  0.991059 
551.000000  552.000000  0.991073 
552.000000  553.000000  0.991087 
553.000000  554.000000  0.991102 
554.000000  555.000000  0.991116 
555.000000  556.000000  0.991131 
556.000000  557.000000  0.991145 
557.000000  558.000000  0.991160 
558.000000  559.000000  0.991175 
559.000000  560.000000  0.991190 
560.000000  561.000000  0.991205 
561.000000  562.000000  0.991220 
562.000000  563.000000  0.991235 
563.000000  564.000000  0.991250 
564.000000  565.000000  0.991265 
565.000000  566.000000  0.991280 
566.000000  567.000000  0.991296 
567.000000  568.000000  0.991311 
568.000000  569.000000  0.991327 
569.000000  570.000000  0.991342 
570.000000  571.000000  0.991358 
571.000000  572.000000  0.991374 
572.000000  573.000000  0.991389 
573.000000  574.000000  0.991405 
574.000000  575.000000  0.991421 
575.000000  576.000000  0.991437 
576.000000  577.000000  0.991453 
577.000000  578.000000  0.991469 
578.000000  579.000000  0.991485 
579.000000  580.000000  0.991501 
580.000000  581.000000  0.991517 
581.000000  582.000000  0.991533 
582.000000  583.000000  0.991549 
583.000000  584.000000  0.991566 
584.000000  585.000000  0.991582 
585.000000  586.000000  0.991598 
586.000000  587.000000  0.991615 
587.000000  588.000000  0.991631 
588.000000  589.000000  0.991647 
589.000000  590.000000  0.991664 
590.000000  591.000000  0.991680 
591.000000  592.000000  0.991697 
592.000000  593.000000  0.991713 
593.000000  594.000000  0.991730 
594.000000  595.000000  0.991746 
595.000000  596.000000  0.991763 
596.000000  597.000000  0.991779 
597.000000  598.000000  0.991796 
598.000000  599.000000  0.991812 
599.000000  600.000000  0.991829 
600.000000  601.000000  0.991845 
601.000000  602.000000  0.991862 
602.000000  603.000000  0.991879 
603.000000  604.000000  0.991895 
604.000000  605.000000  0.991912 
605.000000  606.000000  0.991928 
606.000000  607.000000  0.991945 
607.000000  608.000000  0.991962 
608.000000  609.000000  0.991978 
609.000000  610.000000  0.991995 
610.000000  611.000000  0.992012 
611.000000  612.000000  0.992028 
612.000000  613.000000  0.992045 
613.000000  614.000000  0.992061 
614.000000  615.000000  0.992078 
615.000000  616.000000  0.992095 
616.000000  617.000000  0.992111 
617.000000  618.000000  0.992128 
618.000000  619.000000  0.992144 
619.000000  620.000000  0.992161 
620.000000  621.000000  0.992177 
621.000000  622.000000  0.992194 
622.000000  623.000000  0.992210 
623.000000  624.000000  0.992227 
624.000000  625.000000  0.992243 
625.000000  626.000000  0.992260 
626.000000  627.000000  0.992276 
627.000000  628.000000  0.992292 
628.000000  629.000000  0.992309 
629.000000  630.000000  0.992325 
630.000000  631.000000  0.992342 
631.000000  632.000000  0.992358 
632.000000  633.000000  0.992374 
633.000000  634.000000  0.992390 
634.000000  635.000000  0.992407 
635.000000  636.000000  0.992423 
636.000000  637.000000  0.992439 
637.000000  638.000000  0.992455 
638.000000  639.000000  0.992471 
639.000000  640.000000  0.992487 
640.000000  641.000000  0.992504 
641.000000  642.000000  0.992520 
642.000000  643.000000  0.992536 
643.000000  644.000000  0.992552 
644.000000  645.000000  0.992568 
645.000000  646.000000  0.992584 
646.000000  647.000000  0.992599 
647.000000  648.000000  0.992615 
648.000000  649.000000  0.992631 
649.000000  650.000000  0.992647 
650.000000  651.000000  0.992663 
651.000000  652.000000  0.992678 
652.000000  653.000000  0.992694 
653.000000  654.000000  0.992710 
654.000000  655.000000  0.992725 
655.000000  656.000000  0.992741 
656.000000  657.000000  0.992756 
657.000000  658.000000  0.992772 
658.000000  659.000000  0.992787 
659.000000  660.000000  0.992803 
660.000000  661.000000  0.992818 
661.000000  662.000000  0.992833 
662.000000  663.000000  0.992849 
663.000000  664.000000  0.992864 
664.000000  665.000000  0.992879 
665.000000  666.000000  0.992894 
666.000000  667.000000  0.992910 
667.000000  668.000000  0.992925 
668.000000  669.000000  0.992940 
669.000000  670.000000  0.992955 
670.000000  671.000000  0.992970 
671.000000  672.000000  0.992985 
672.000000  673.000000  0.992999 
673.000000  674.000000  0.993014 
674.000000  675.000000  0.993029 
675.000000  676.000000  0.993044 
676.000000  677.000000  0.993059 
677.000000  678.000000  0.993073 
678.000000  679.000000  0.993088 
679.000000  680.000000  0.993102 
680.000000  681.000000  0.993117 
681.000000  682.000000  0.993131 
682.000000  683.000000  0.993146 
683.000000  684.000000  0.993160 
684.000000  685.000000  0.993175 
685.000000  686.000000  0.993189 
686.000000  687.000000  0.993203 
687.000000  688.000000  0.993217 
688.000000  689.000000  0.993231 
689.000000  690.000000  0.993246 
690.000000  691.000000  0.993260 
691.000000  692.000000  0.993274 
692.000000  693.000000  0.993288 
693.000000  694.000000  0.993302 
694.000000  695.000000  0.993315 
695.000000  696.000000  0.993329 
696.000000  697.000000  0.993343 
697.000000  698.000000  0.993357 
698.000000  699.000000  0.993370 
699.000000  700.000000  0.993384 
700.000000  701.000000  0.993398 
701.000000  702.000000  0.993411 
702.000000  703.000000  0.993425 
703.000000  704.000000  0.993438 
704.000000  705.000000  0.993452 
705.000000  706.000000  0.993465 
706.000000  707.000000  0.993478 
707.000000  708.000000  0.993491 
708.000000  709.000000  0.993505 
709.000000  710.000000  0.993518 
710.000000  711.000000  0.993531 
711.000000  712.000000  0.993544 
712.000000  713.000000  0.993557 
713.000000  714.000000  0.993570 
714.000000  715.000000  0.993583 
715.000000  716.000000  0.993596 
716.000000  717.000000  0.993608 
717.000000  718.000000  0.993621 
718.000000  719.000000  0.993634 
719.000000  720.000000  0.993647 
720.000000  721.000000  0.993659 
721.000000  722.000000  0.993672 
722.000000  723.000000  0.993684 
723.000000  724.000000  0.993697 
724.000000  725.000000  0.993709 
725.000000  726.000000  0.993722 
726.000000  727.000000  0.993734 
727.000000  728.000000  0.993746 
728.000000  729.000000  0.993758 
729.000000  730.000000  0.993770 
730.000000  731.000000  0.993783 
731.000000  732.000000  0.993795 
732.000000  733.000000  0.993807 
733.000000  734.000000  0.993819 
734.000000  735.000000  0.993831 
735.000000  736.000000  0.993842 
736.000000  737.000000  0.993854 
737.000000  738.000000  0.993866 
738.000000  739.000000  0.993878 
739.000000  740.000000  0.993890 
740.000000  741.000000  0.993901 
741.000000  742.000000  0.993913 
742.000000  743.000000  0.993924 
743.000000  744.000000  0.993936 
744.000000  745.000000  0.993947 
745.000000  746.000000  0.993959 
746.000000  747.000000  0.993970 
747.000000  748.000000  0.993981 
748.000000  749.000000  0.993993 
749.000000  750.000000  0.994004 
750.000000  751.000000  0.994015 
751.000000  752.000000  0.994026 
752.000000  753.000000  0.994037 
753.000000  754.000000  0.994048 
754.000000  755.000000  0.994059 
755.000000  756.000000  0.994070 
756.000000  757.000000  0.994081 
757.000000  758.000000  0.994092 
758.000000  759.000000  0.994103 
759.000000  760.000000  0.994113 
760.000000  761.000000  0.994124 
761.000000  762.000000  0.994135 
762.000000  763.000000  0.994145 
763.000000  764.000000  0.994156 
764.000000  765.000000  0.994166 
765.000000  766.000000  0.994177 
766.000000  767.000000  0.994187 
767.000000  768.000000  0.994198 
768.000000  769.000000  0.994208 
769.000000  770.000000  0.994218 
770.000000  771.000000  0.994228 
771.000000  772.000000  0.994239 
772.000000  773.000000  0.994249 
773.000000  774.000000  0.994259 
774.000000  775.000000  0.994269 
775.000000  776.000000  0.994279 
776.000000  777.000000  0.994289 
777.000000  778.000000  0.994299 
778.000000  779.000000  0.994309 
779.000000  780.000000  0.994318 
780.000000  781.000000  0.994328 
781.000000  782.000000  0.994338 
782.000000  783.000000  0.994348 
783.000000  784.000000  0.994357 
784.000000  785.000000  0.994367 
785.000000  786.000000  0.994377 
786.000000  787.000000  0.994386 
787.000000  788.000000  0.994396 
788.000000  789.000000  0.994405 
789.000000  790.000000  0.994414 
790.000000  791.000000  0.994424 
791.000000  792.000000  0.994433 
792.000000  793.000000  0.994442 
793.000000  794.000000  0.994452 
794.000000  795.000000  0.994461 
795.000000  796.000000  0.994470 
796.000000  797.000000  0.994479 
797.000000  798.000000  0.994488 
798.000000  799.000000  0.994497 
799.000000  800.000000  0.994506 
