22.000000  23.000000  0.958310 
23.000000  24.000000  0.957907 
24.000000  25.000000  0.957536 
25.000000  26.000000  0.957202 
26.000000  27.000000  0.956905 
27.000000  28.000000  0.956648 
28.000000  29.000000  0.956430 
29.000000  30.000000  0.956252 
30.000000  31.000000  0.956114 
31.000000  32.000000  0.956014 
32.000000  33.000000  0.955953 
33.000000  34.000000  0.955928 
34.000000  35.000000  0.955937 
35.000000  36.000000  0.955979 
36.000000  37.000000  0.956052 
37.000000  38.000000  0.956153 
38.000000  39.000000  0.956281 
39.000000  40.000000  0.956433 
40.000000  41.000000  0.956606 
41.000000  42.000000  0.956799 
42.000000  43.000000  0.957009 
43.000000  44.000000  0.957235 
44.000000  45.000000  0.957474 
45.000000  46.000000  0.957725 
46.000000  47.000000  0.957986 
47.000000  48.000000  0.958255 
48.000000  49.000000  0.958531 
49.000000  50.000000  0.958812 
50.000000  51.000000  0.959098 
51.000000  52.000000  0.959386 
52.000000  53.000000  0.959677 
53.000000  54.000000  0.959968 
54.000000  55.000000  0.960259 
55.000000  56.000000  0.960550 
56.000000  57.000000  0.960839 
57.000000  58.000000  0.961126 
58.000000  59.000000  0.961411 
59.000000  60.000000  0.961693 
60.000000  61.000000  0.961971 
61.000000  62.000000  0.962246 
62.000000  63.000000  0.962516 
63.000000  64.000000  0.962782 
64.000000  65.000000  0.963043 
65.000000  66.000000  0.963300 
66.000000  67.000000  0.963551 
67.000000  68.000000  0.963798 
68.000000  69.000000  0.964039 
69.000000  70.000000  0.964275 
70.000000  71.000000  0.964505 
71.000000  72.000000  0.964730 
72.000000  73.000000  0.964949 
73.000000  74.000000  0.965163 
74.000000  75.000000  0.965371 
75.000000  76.000000  0.965573 
76.000000  77.000000  0.965771 
77.000000  78.000000  0.965962 
78.000000  79.000000  0.966149 
79.000000  80.000000  0.966330 
80.000000  81.000000  0.966505 
81.000000  82.000000  0.966676 
82.000000  83.000000  0.966841 
83.000000  84.000000  0.967001 
84.000000  85.000000  0.967156 
85.000000  86.000000  0.967307 
86.000000  87.000000  0.967452 
87.000000  88.000000  0.967593 
88.000000  89.000000  0.967730 
89.000000  90.000000  0.967861 
90.000000  91.000000  0.967989 
91.000000  92.000000  0.968112 
92.000000  93.000000  0.968231 
93.000000  94.000000  0.968346 
94.000000  95.000000  0.968458 
95.000000  96.000000  0.968565 
96.000000  97.000000  0.968669 
97.000000  98.000000  0.968769 
98.000000  99.000000  0.968866 
99.000000  100.000000  0.968960 
100.000000  101.000000  0.969050 
101.000000  102.000000  0.969138 
102.000000  103.000000  0.969222 
103.000000  104.000000  0.969304 
104.000000  105.000000  0.969382 
105.000000  106.000000  0.969459 
106.000000  107.000000  0.969533 
107.000000  108.000000  0.969604 
108.000000  109.000000  0.969673 
109.000000  110.000000  0.969740 
110.000000  111.000000  0.969805 
111.000000  112.000000  0.969868 
112.000000  113.000000  0.969929 
113.000000  114.000000  0.969988 
114.000000  115.000000  0.970045 
115.000000  116.000000  0.970101 
116.000000  117.000000  0.970155 
117.000000  118.000000  0.970208 
118.000000  119.000000  0.970259 
119.000000  120.000000  0.970310 
120.000000  121.000000  0.970358 
121.000000  122.000000  0.970406 
122.000000  123.000000  0.970453 
123.000000  124.000000  0.970498 
124.000000  125.000000  0.970543 
125.000000  126.000000  0.970586 
126.000000  127.000000  0.970629 
127.000000  128.000000  0.970671 
128.000000  129.000000  0.970712 
129.000000  130.000000  0.970753 
130.000000  131.000000  0.970792 
131.000000  132.000000  0.970832 
132.000000  133.000000  0.970870 
133.000000  134.000000  0.970908 
134.000000  135.000000  0.970946 
135.000000  136.000000  0.970983 
136.000000  137.000000  0.971020 
137.000000  138.000000  0.971056 
138.000000  139.000000  0.971092 
139.000000  140.000000  0.971128 
140.000000  141.000000  0.971163 
141.000000  142.000000  0.971198 
142.000000  143.000000  0.971233 
143.000000  144.000000  0.971267 
144.000000  145.000000  0.971302 
145.000000  146.000000  0.971336 
146.000000  147.000000  0.971370 
147.000000  148.000000  0.971404 
148.000000  149.000000  0.971437 
149.000000  150.000000  0.971471 
150.000000  151.000000  0.971505 
151.000000  152.000000  0.971538 
152.000000  153.000000  0.971572 
153.000000  154.000000  0.971605 
154.000000  155.000000  0.971638 
155.000000  156.000000  0.971672 
156.000000  157.000000  0.971705 
157.000000  158.000000  0.971738 
158.000000  159.000000  0.971772 
159.000000  160.000000  0.971805 
160.000000  161.000000  0.971838 
161.000000  162.000000  0.971872 
162.000000  163.000000  0.971905 
163.000000  164.000000  0.971938 
164.000000  165.000000  0.971972 
165.000000  166.000000  0.972005 
166.000000  167.000000  0.972039 
167.000000  168.000000  0.972072 
168.000000  169.000000  0.972106 
169.000000  170.000000  0.972140 
170.000000  171.000000  0.972173 
171.000000  172.000000  0.972207 
172.000000  173.000000  0.972241 
173.000000  174.000000  0.972275 
174.000000  175.000000  0.972309 
175.000000  176.000000  0.972343 
176.000000  177.000000  0.972376 
177.000000  178.000000  0.972410 
178.000000  179.000000  0.972445 
179.000000  180.000000  0.972479 
180.000000  181.000000  0.972513 
181.000000  182.000000  0.972547 
182.000000  183.000000  0.972581 
183.000000  184.000000  0.972615 
184.000000  185.000000  0.972649 
185.000000  186.000000  0.972684 
186.000000  187.000000  0.972718 
187.000000  188.000000  0.972752 
188.000000  189.000000  0.972786 
189.000000  190.000000  0.972820 
190.000000  191.000000  0.972854 
191.000000  192.000000  0.972888 
192.000000  193.000000  0.972923 
193.000000  194.000000  0.972957 
194.000000  195.000000  0.972991 
195.000000  196.000000  0.973025 
196.000000  197.000000  0.973058 
197.000000  198.000000  0.973092 
198.000000  199.000000  0.973126 
199.000000  200.000000  0.973160 
200.000000  201.000000  0.973193 
201.000000  202.000000  0.973227 
202.000000  203.000000  0.973260 
203.000000  204.000000  0.973294 
204.000000  205.000000  0.973327 
205.000000  206.000000  0.973360 
206.000000  207.000000  0.973393 
207.000000  208.000000  0.973426 
208.000000  209.000000  0.973458 
209.000000  210.000000  0.973491 
210.000000  211.000000  0.973523 
211.000000  212.000000  0.973556 
212.000000  213.000000  0.973588 
213.000000  214.000000  0.973620 
214.000000  215.000000  0.973652 
215.000000  216.000000  0.973683 
216.000000  217.000000  0.973715 
217.000000  218.000000  0.973746 
218.000000  219.000000  0.973777 
219.000000  220.000000  0.973808 
220.000000  221.000000  0.973839 
221.000000  222.000000  0.973870 
222.000000  223.000000  0.973900 
223.000000  224.000000  0.973930 
224.000000  225.000000  0.973960 
225.000000  226.000000  0.973990 
226.000000  227.000000  0.974019 
227.000000  228.000000  0.974049 
228.000000  229.000000  0.974078 
229.000000  230.000000  0.974107 
230.000000  231.000000  0.974136 
231.000000  232.000000  0.974164 
232.000000  233.000000  0.974193 
233.000000  234.000000  0.974221 
234.000000  235.000000  0.974249 
235.000000  236.000000  0.974276 
236.000000  237.000000  0.974304 
237.000000  238.000000  0.974331 
238.000000  239.000000  0.974358 
239.000000  240.000000  0.974385 
240.000000  241.000000  0.974412 
241.000000  242.000000  0.974438 
242.000000  243.000000  0.974464 
243.000000  244.000000  0.974490 
244.000000  245.000000  0.974516 
245.000000  246.000000  0.974542 
246.000000  247.000000  0.974567 
247.000000  248.000000  0.974593 
248.000000  249.000000  0.974618 
249.000000  250.000000  0.974643 
250.000000  251.000000  0.974667 
251.000000  252.000000  0.974692 
252.000000  253.000000  0.974716 
253.000000  254.000000  0.974740 
254.000000  255.000000  0.974764 
255.000000  256.000000  0.974788 
256.000000  257.000000  0.974812 
257.000000  258.000000  0.974836 
258.000000  259.000000  0.974859 
259.000000  260.000000  0.974882 
260.000000  261.000000  0.974905 
261.000000  262.000000  0.974928 
262.000000  263.000000  0.974951 
263.000000  264.000000  0.974974 
264.000000  265.000000  0.974997 
265.000000  266.000000  0.975019 
266.000000  267.000000  0.975042 
267.000000  268.000000  0.975064 
268.000000  269.000000  0.975086 
269.000000  270.000000  0.975109 
270.000000  271.000000  0.975131 
271.000000  272.000000  0.975153 
272.000000  273.000000  0.975175 
273.000000  274.000000  0.975197 
274.000000  275.000000  0.975218 
275.000000  276.000000  0.975240 
276.000000  277.000000  0.975262 
277.000000  278.000000  0.975284 
278.000000  279.000000  0.975305 
279.000000  280.000000  0.975327 
280.000000  281.000000  0.975349 
281.000000  282.000000  0.975370 
282.000000  283.000000  0.975392 
283.000000  284.000000  0.975414 
284.000000  285.000000  0.975435 
285.000000  286.000000  0.975457 
286.000000  287.000000  0.975479 
287.000000  288.000000  0.975500 
288.000000  289.000000  0.975522 
289.000000  290.000000  0.975544 
290.000000  291.000000  0.975566 
291.000000  292.000000  0.975588 
292.000000  293.000000  0.975609 
293.000000  294.000000  0.975631 
294.000000  295.000000  0.975653 
295.000000  296.000000  0.975676 
296.000000  297.000000  0.975698 
297.000000  298.000000  0.975720 
298.000000  299.000000  0.975742 
299.000000  300.000000  0.975765 
300.000000  301.000000  0.975787 
301.000000  302.000000  0.975810 
302.000000  303.000000  0.975833 
303.000000  304.000000  0.975855 
304.000000  305.000000  0.975878 
305.000000  306.000000  0.975901 
306.000000  307.000000  0.975924 
307.000000  308.000000  0.975948 
308.000000  309.000000  0.975971 
309.000000  310.000000  0.975995 
310.000000  311.000000  0.976018 
311.000000  312.000000  0.976042 
312.000000  313.000000  0.976066 
313.000000  314.000000  0.976090 
314.000000  315.000000  0.976114 
315.000000  316.000000  0.976138 
316.000000  317.000000  0.976163 
317.000000  318.000000  0.976187 
318.000000  319.000000  0.976212 
319.000000  320.000000  0.976237 
320.000000  321.000000  0.976262 
321.000000  322.000000  0.976287 
322.000000  323.000000  0.976313 
323.000000  324.000000  0.976338 
324.000000  325.000000  0.976364 
325.000000  326.000000  0.976390 
326.000000  327.000000  0.976416 
327.000000  328.000000  0.976442 
328.000000  329.000000  0.976468 
329.000000  330.000000  0.976495 
330.000000  331.000000  0.976521 
331.000000  332.000000  0.976548 
332.000000  333.000000  0.976575 
333.000000  334.000000  0.976602 
334.000000  335.000000  0.976629 
335.000000  336.000000  0.976657 
336.000000  337.000000  0.976684 
337.000000  338.000000  0.976712 
338.000000  339.000000  0.976740 
339.000000  340.000000  0.976768 
340.000000  341.000000  0.976796 
341.000000  342.000000  0.976824 
342.000000  343.000000  0.976853 
343.000000  344.000000  0.976882 
344.000000  345.000000  0.976910 
345.000000  346.000000  0.976939 
346.000000  347.000000  0.976968 
347.000000  348.000000  0.976998 
348.000000  349.000000  0.977027 
349.000000  350.000000  0.977057 
350.000000  351.000000  0.977086 
351.000000  352.000000  0.977116 
352.000000  353.000000  0.977146 
353.000000  354.000000  0.977176 
354.000000  355.000000  0.977206 
355.000000  356.000000  0.977236 
356.000000  357.000000  0.977267 
357.000000  358.000000  0.977297 
358.000000  359.000000  0.977328 
359.000000  360.000000  0.977359 
360.000000  361.000000  0.977390 
361.000000  362.000000  0.977421 
362.000000  363.000000  0.977452 
363.000000  364.000000  0.977483 
364.000000  365.000000  0.977514 
365.000000  366.000000  0.977546 
366.000000  367.000000  0.977577 
367.000000  368.000000  0.977609 
368.000000  369.000000  0.977641 
369.000000  370.000000  0.977673 
370.000000  371.000000  0.977705 
371.000000  372.000000  0.977737 
372.000000  373.000000  0.977769 
373.000000  374.000000  0.977801 
374.000000  375.000000  0.977833 
375.000000  376.000000  0.977865 
376.000000  377.000000  0.977898 
377.000000  378.000000  0.977930 
378.000000  379.000000  0.977963 
379.000000  380.000000  0.977995 
380.000000  381.000000  0.978028 
381.000000  382.000000  0.978060 
382.000000  383.000000  0.978093 
383.000000  384.000000  0.978126 
384.000000  385.000000  0.978159 
385.000000  386.000000  0.978191 
386.000000  387.000000  0.978224 
387.000000  388.000000  0.978257 
388.000000  389.000000  0.978290 
389.000000  390.000000  0.978323 
390.000000  391.000000  0.978356 
391.000000  392.000000  0.978389 
392.000000  393.000000  0.978422 
393.000000  394.000000  0.978455 
394.000000  395.000000  0.978488 
395.000000  396.000000  0.978521 
396.000000  397.000000  0.978554 
397.000000  398.000000  0.978588 
398.000000  399.000000  0.978621 
399.000000  400.000000  0.978654 
400.000000  401.000000  0.978687 
401.000000  402.000000  0.978720 
402.000000  403.000000  0.978753 
403.000000  404.000000  0.978786 
404.000000  405.000000  0.978819 
405.000000  406.000000  0.978852 
406.000000  407.000000  0.978885 
407.000000  408.000000  0.978918 
408.000000  409.000000  0.978951 
409.000000  410.000000  0.978984 
410.000000  411.000000  0.979017 
411.000000  412.000000  0.979050 
412.000000  413.000000  0.979082 
413.000000  414.000000  0.979115 
414.000000  415.000000  0.979148 
415.000000  416.000000  0.979181 
416.000000  417.000000  0.979213 
417.000000  418.000000  0.979246 
418.000000  419.000000  0.979278 
419.000000  420.000000  0.979311 
420.000000  421.000000  0.979343 
421.000000  422.000000  0.979376 
422.000000  423.000000  0.979408 
423.000000  424.000000  0.979440 
424.000000  425.000000  0.979472 
425.000000  426.000000  0.979505 
426.000000  427.000000  0.979537 
427.000000  428.000000  0.979569 
428.000000  429.000000  0.979601 
429.000000  430.000000  0.979632 
430.000000  431.000000  0.979664 
431.000000  432.000000  0.979696 
432.000000  433.000000  0.979727 
433.000000  434.000000  0.979759 
434.000000  435.000000  0.979790 
435.000000  436.000000  0.979822 
436.000000  437.000000  0.979853 
437.000000  438.000000  0.979884 
438.000000  439.000000  0.979915 
439.000000  440.000000  0.979946 
440.000000  441.000000  0.979977 
441.000000  442.000000  0.980008 
442.000000  443.000000  0.980039 
443.000000  444.000000  0.980069 
444.000000  445.000000  0.980100 
445.000000  446.000000  0.980130 
446.000000  447.000000  0.980161 
447.000000  448.000000  0.980191 
448.000000  449.000000  0.980221 
449.000000  450.000000  0.980251 
450.000000  451.000000  0.980281 
451.000000  452.000000  0.980311 
452.000000  453.000000  0.980340 
453.000000  454.000000  0.980370 
454.000000  455.000000  0.980399 
455.000000  456.000000  0.980429 
456.000000  457.000000  0.980458 
457.000000  458.000000  0.980487 
458.000000  459.000000  0.980516 
459.000000  460.000000  0.980545 
460.000000  461.000000  0.980574 
461.000000  462.000000  0.980603 
462.000000  463.000000  0.980631 
463.000000  464.000000  0.980660 
464.000000  465.000000  0.980688 
465.000000  466.000000  0.980716 
466.000000  467.000000  0.980744 
467.000000  468.000000  0.980772 
468.000000  469.000000  0.980800 
469.000000  470.000000  0.980828 
470.000000  471.000000  0.980855 
471.000000  472.000000  0.980883 
472.000000  473.000000  0.980910 
473.000000  474.000000  0.980938 
474.000000  475.000000  0.980965 
475.000000  476.000000  0.980992 
476.000000  477.000000  0.981019 
477.000000  478.000000  0.981045 
478.000000  479.000000  0.981072 
479.000000  480.000000  0.981098 
480.000000  481.000000  0.981125 
481.000000  482.000000  0.981151 
482.000000  483.000000  0.981177 
483.000000  484.000000  0.981203 
484.000000  485.000000  0.981229 
485.000000  486.000000  0.981255 
486.000000  487.000000  0.981280 
487.000000  488.000000  0.981306 
488.000000  489.000000  0.981331 
489.000000  490.000000  0.981356 
490.000000  491.000000  0.981382 
491.000000  492.000000  0.981406 
492.000000  493.000000  0.981431 
493.000000  494.000000  0.981456 
494.000000  495.000000  0.981481 
495.000000  496.000000  0.981505 
496.000000  497.000000  0.981529 
497.000000  498.000000  0.981554 
498.000000  499.000000  0.981578 
499.000000  500.000000  0.981602 
500.000000  501.000000  0.981626 
501.000000  502.000000  0.981649 
502.000000  503.000000  0.981673 
503.000000  504.000000  0.981696 
504.000000  505.000000  0.981720 
505.000000  506.000000  0.981743 
506.000000  507.000000  0.981766 
507.000000  508.000000  0.981789 
508.000000  509.000000  0.981812 
509.000000  510.000000  0.981834 
510.000000  511.000000  0.981857 
511.000000  512.000000  0.981879 
512.000000  513.000000  0.981902 
513.000000  514.000000  0.981924 
514.000000  515.000000  0.981946 
515.000000  516.000000  0.981968 
516.000000  517.000000  0.981990 
517.000000  518.000000  0.982011 
518.000000  519.000000  0.982033 
519.000000  520.000000  0.982054 
520.000000  521.000000  0.982076 
521.000000  522.000000  0.982097 
522.000000  523.000000  0.982118 
523.000000  524.000000  0.982139 
524.000000  525.000000  0.982160 
525.000000  526.000000  0.982181 
526.000000  527.000000  0.982201 
527.000000  528.000000  0.982222 
528.000000  529.000000  0.982242 
529.000000  530.000000  0.982262 
530.000000  531.000000  0.982282 
531.000000  532.000000  0.982302 
532.000000  533.000000  0.982322 
533.000000  534.000000  0.982342 
534.000000  535.000000  0.982362 
535.000000  536.000000  0.982381 
536.000000  537.000000  0.982401 
537.000000  538.000000  0.982420 
538.000000  539.000000  0.982439 
539.000000  540.000000  0.982458 
540.000000  541.000000  0.982477 
541.000000  542.000000  0.982496 
542.000000  543.000000  0.982515 
543.000000  544.000000  0.982533 
544.000000  545.000000  0.982552 
545.000000  546.000000  0.982570 
546.000000  547.000000  0.982589 
547.000000  548.000000  0.982607 
548.000000  549.000000  0.982625 
549.000000  550.000000  0.982643 
550.000000  551.000000  0.982661 
551.000000  552.000000  0.982678 
552.000000  553.000000  0.982696 
553.000000  554.000000  0.982714 
554.000000  555.000000  0.982731 
555.000000  556.000000  0.982748 
556.000000  557.000000  0.982766 
557.000000  558.000000  0.982783 
558.000000  559.000000  0.982800 
559.000000  560.000000  0.982817 
560.000000  561.000000  0.982833 
561.000000  562.000000  0.982850 
562.000000  563.000000  0.982867 
563.000000  564.000000  0.982883 
564.000000  565.000000  0.982899 
565.000000  566.000000  0.982916 
566.000000  567.000000  0.982932 
567.000000  568.000000  0.982948 
568.000000  569.000000  0.982964 
569.000000  570.000000  0.982980 
570.000000  571.000000  0.982996 
571.000000  572.000000  0.983011 
572.000000  573.000000  0.983027 
573.000000  574.000000  0.983042 
574.000000  575.000000  0.983058 
575.000000  576.000000  0.983073 
576.000000  577.000000  0.983088 
577.000000  578.000000  0.983103 
578.000000  579.000000  0.983118 
579.000000  580.000000  0.983133 
580.000000  581.000000  0.983148 
581.000000  582.000000  0.983163 
582.000000  583.000000  0.983177 
583.000000  584.000000  0.983192 
584.000000  585.000000  0.983206 
585.000000  586.000000  0.983221 
586.000000  587.000000  0.983235 
587.000000  588.000000  0.983249 
588.000000  589.000000  0.983263 
589.000000  590.000000  0.983277 
590.000000  591.000000  0.983291 
591.000000  592.000000  0.983305 
592.000000  593.000000  0.983318 
593.000000  594.000000  0.983332 
594.000000  595.000000  0.983346 
595.000000  596.000000  0.983359 
596.000000  597.000000  0.983372 
597.000000  598.000000  0.983386 
598.000000  599.000000  0.983399 
599.000000  600.000000  0.983412 
600.000000  601.000000  0.983425 
601.000000  602.000000  0.983438 
602.000000  603.000000  0.983451 
603.000000  604.000000  0.983464 
604.000000  605.000000  0.983476 
605.000000  606.000000  0.983489 
606.000000  607.000000  0.983502 
607.000000  608.000000  0.983514 
608.000000  609.000000  0.983526 
609.000000  610.000000  0.983539 
610.000000  611.000000  0.983551 
611.000000  612.000000  0.983563 
612.000000  613.000000  0.983575 
613.000000  614.000000  0.983587 
614.000000  615.000000  0.983599 
615.000000  616.000000  0.983611 
616.000000  617.000000  0.983623 
617.000000  618.000000  0.983634 
618.000000  619.000000  0.983646 
619.000000  620.000000  0.983658 
620.000000  621.000000  0.983669 
621.000000  622.000000  0.983680 
622.000000  623.000000  0.983692 
623.000000  624.000000  0.983703 
624.000000  625.000000  0.983714 
625.000000  626.000000  0.983725 
626.000000  627.000000  0.983736 
627.000000  628.000000  0.983747 
628.000000  629.000000  0.983758 
629.000000  630.000000  0.983769 
630.000000  631.000000  0.983780 
631.000000  632.000000  0.983790 
632.000000  633.000000  0.983801 
633.000000  634.000000  0.983811 
634.000000  635.000000  0.983822 
635.000000  636.000000  0.983832 
636.000000  637.000000  0.983843 
637.000000  638.000000  0.983853 
638.000000  639.000000  0.983863 
639.000000  640.000000  0.983873 
640.000000  641.000000  0.983883 
641.000000  642.000000  0.983893 
642.000000  643.000000  0.983903 
643.000000  644.000000  0.983913 
644.000000  645.000000  0.983923 
645.000000  646.000000  0.983933 
646.000000  647.000000  0.983942 
647.000000  648.000000  0.983952 
648.000000  649.000000  0.983962 
649.000000  650.000000  0.983971 
650.000000  651.000000  0.983980 
651.000000  652.000000  0.983990 
652.000000  653.000000  0.983999 
653.000000  654.000000  0.984008 
654.000000  655.000000  0.984018 
655.000000  656.000000  0.984027 
656.000000  657.000000  0.984036 
657.000000  658.000000  0.984045 
658.000000  659.000000  0.984054 
659.000000  660.000000  0.984063 
660.000000  661.000000  0.984071 
661.000000  662.000000  0.984080 
662.000000  663.000000  0.984089 
663.000000  664.000000  0.984098 
664.000000  665.000000  0.984106 
665.000000  666.000000  0.984115 
666.000000  667.000000  0.984123 
667.000000  668.000000  0.984132 
668.000000  669.000000  0.984140 
669.000000  670.000000  0.984148 
670.000000  671.000000  0.984157 
671.000000  672.000000  0.984165 
672.000000  673.000000  0.984173 
673.000000  674.000000  0.984181 
674.000000  675.000000  0.984189 
675.000000  676.000000  0.984197 
676.000000  677.000000  0.984205 
677.000000  678.000000  0.984213 
678.000000  679.000000  0.984221 
679.000000  680.000000  0.984229 
680.000000  681.000000  0.984237 
681.000000  682.000000  0.984244 
682.000000  683.000000  0.984252 
683.000000  684.000000  0.984260 
684.000000  685.000000  0.984267 
685.000000  686.000000  0.984275 
686.000000  687.000000  0.984282 
687.000000  688.000000  0.984289 
688.000000  689.000000  0.984297 
689.000000  690.000000  0.984304 
690.000000  691.000000  0.984311 
691.000000  692.000000  0.984319 
692.000000  693.000000  0.984326 
693.000000  694.000000  0.984333 
694.000000  695.000000  0.984340 
695.000000  696.000000  0.984347 
696.000000  697.000000  0.984354 
697.000000  698.000000  0.984361 
698.000000  699.000000  0.984368 
699.000000  700.000000  0.984375 
700.000000  701.000000  0.984381 
701.000000  702.000000  0.984388 
702.000000  703.000000  0.984395 
703.000000  704.000000  0.984402 
704.000000  705.000000  0.984408 
705.000000  706.000000  0.984415 
706.000000  707.000000  0.984421 
707.000000  708.000000  0.984428 
708.000000  709.000000  0.984434 
709.000000  710.000000  0.984441 
710.000000  711.000000  0.984447 
711.000000  712.000000  0.984453 
712.000000  713.000000  0.984460 
713.000000  714.000000  0.984466 
714.000000  715.000000  0.984472 
715.000000  716.000000  0.984478 
716.000000  717.000000  0.984484 
717.000000  718.000000  0.984490 
718.000000  719.000000  0.984496 
719.000000  720.000000  0.984502 
720.000000  721.000000  0.984508 
721.000000  722.000000  0.984514 
722.000000  723.000000  0.984520 
723.000000  724.000000  0.984526 
724.000000  725.000000  0.984532 
725.000000  726.000000  0.984537 
726.000000  727.000000  0.984543 
727.000000  728.000000  0.984549 
728.000000  729.000000  0.984554 
729.000000  730.000000  0.984560 
730.000000  731.000000  0.984566 
731.000000  732.000000  0.984571 
732.000000  733.000000  0.984577 
733.000000  734.000000  0.984582 
734.000000  735.000000  0.984587 
735.000000  736.000000  0.984593 
736.000000  737.000000  0.984598 
737.000000  738.000000  0.984604 
738.000000  739.000000  0.984609 
