17.000000  18.000000  0.991842 
18.000000  19.000000  0.993139 
19.000000  20.000000  0.994200 
20.000000  21.000000  0.995062 
21.000000  22.000000  0.995756 
22.000000  23.000000  0.996307 
23.000000  24.000000  0.996733 
24.000000  25.000000  0.997062 
25.000000  26.000000  0.997363 
26.000000  27.000000  0.997531 
27.000000  28.000000  0.997643 
28.000000  29.000000  0.997692 
29.000000  30.000000  0.997722 
30.000000  31.000000  0.997740 
31.000000  32.000000  0.997747 
32.000000  33.000000  0.997750 
33.000000  34.000000  0.997784 
34.000000  35.000000  0.997814 
35.000000  36.000000  0.997833 
36.000000  37.000000  0.997842 
37.000000  38.000000  0.997839 
38.000000  39.000000  0.997827 
39.000000  40.000000  0.997804 
40.000000  41.000000  0.997764 
41.000000  42.000000  0.997707 
42.000000  43.000000  0.997640 
43.000000  44.000000  0.997564 
44.000000  45.000000  0.997479 
45.000000  46.000000  0.997387 
46.000000  47.000000  0.997286 
47.000000  48.000000  0.997180 
48.000000  49.000000  0.997067 
49.000000  50.000000  0.996948 
50.000000  51.000000  0.996825 
51.000000  52.000000  0.996697 
52.000000  53.000000  0.996566 
53.000000  54.000000  0.996433 
54.000000  55.000000  0.996297 
55.000000  56.000000  0.996159 
56.000000  57.000000  0.996020 
57.000000  58.000000  0.995880 
58.000000  59.000000  0.995740 
59.000000  60.000000  0.995600 
60.000000  61.000000  0.995460 
61.000000  62.000000  0.995322 
62.000000  63.000000  0.995184 
63.000000  64.000000  0.995049 
64.000000  65.000000  0.994916 
65.000000  66.000000  0.994785 
66.000000  67.000000  0.994657 
67.000000  68.000000  0.994532 
68.000000  69.000000  0.994410 
69.000000  70.000000  0.994292 
70.000000  71.000000  0.994177 
71.000000  72.000000  0.994066 
72.000000  73.000000  0.993959 
73.000000  74.000000  0.993856 
74.000000  75.000000  0.993757 
75.000000  76.000000  0.993662 
76.000000  77.000000  0.993570 
77.000000  78.000000  0.993483 
78.000000  79.000000  0.993400 
79.000000  80.000000  0.993321 
80.000000  81.000000  0.993246 
81.000000  82.000000  0.993175 
82.000000  83.000000  0.993107 
83.000000  84.000000  0.993044 
84.000000  85.000000  0.992984 
85.000000  86.000000  0.992928 
86.000000  87.000000  0.992875 
87.000000  88.000000  0.992826 
88.000000  89.000000  0.992780 
89.000000  90.000000  0.992737 
90.000000  91.000000  0.992696 
91.000000  92.000000  0.992659 
92.000000  93.000000  0.992625 
93.000000  94.000000  0.992593 
94.000000  95.000000  0.992563 
95.000000  96.000000  0.992536 
96.000000  97.000000  0.992511 
97.000000  98.000000  0.992488 
98.000000  99.000000  0.992467 
99.000000  100.000000  0.992448 
100.000000  101.000000  0.992431 
101.000000  102.000000  0.992416 
102.000000  103.000000  0.992402 
103.000000  104.000000  0.992389 
104.000000  105.000000  0.992378 
105.000000  106.000000  0.992368 
106.000000  107.000000  0.992359 
107.000000  108.000000  0.992352 
108.000000  109.000000  0.992346 
109.000000  110.000000  0.992340 
110.000000  111.000000  0.992336 
111.000000  112.000000  0.992333 
112.000000  113.000000  0.992331 
113.000000  114.000000  0.992329 
114.000000  115.000000  0.992329 
115.000000  116.000000  0.992329 
116.000000  117.000000  0.992330 
117.000000  118.000000  0.992332 
118.000000  119.000000  0.992334 
119.000000  120.000000  0.992338 
120.000000  121.000000  0.992342 
121.000000  122.000000  0.992347 
122.000000  123.000000  0.992352 
123.000000  124.000000  0.992359 
124.000000  125.000000  0.992366 
125.000000  126.000000  0.992374 
126.000000  127.000000  0.992382 
127.000000  128.000000  0.992391 
128.000000  129.000000  0.992401 
129.000000  130.000000  0.992412 
130.000000  131.000000  0.992423 
131.000000  132.000000  0.992436 
132.000000  133.000000  0.992448 
133.000000  134.000000  0.992462 
134.000000  135.000000  0.992476 
135.000000  136.000000  0.992491 
136.000000  137.000000  0.992507 
137.000000  138.000000  0.992523 
138.000000  139.000000  0.992540 
139.000000  140.000000  0.992557 
140.000000  141.000000  0.992575 
141.000000  142.000000  0.992594 
142.000000  143.000000  0.992614 
143.000000  144.000000  0.992634 
144.000000  145.000000  0.992654 
145.000000  146.000000  0.992675 
146.000000  147.000000  0.992697 
147.000000  148.000000  0.992719 
148.000000  149.000000  0.992742 
149.000000  150.000000  0.992765 
150.000000  151.000000  0.992788 
151.000000  152.000000  0.992812 
152.000000  153.000000  0.992837 
153.000000  154.000000  0.992862 
154.000000  155.000000  0.992887 
155.000000  156.000000  0.992912 
156.000000  157.000000  0.992938 
157.000000  158.000000  0.992964 
158.000000  159.000000  0.992990 
159.000000  160.000000  0.993017 
160.000000  161.000000  0.993043 
161.000000  162.000000  0.993070 
162.000000  163.000000  0.993097 
163.000000  164.000000  0.993124 
164.000000  165.000000  0.993151 
165.000000  166.000000  0.993178 
166.000000  167.000000  0.993205 
167.000000  168.000000  0.993232 
168.000000  169.000000  0.993259 
169.000000  170.000000  0.993286 
170.000000  171.000000  0.993313 
171.000000  172.000000  0.993340 
172.000000  173.000000  0.993367 
173.000000  174.000000  0.993393 
174.000000  175.000000  0.993419 
175.000000  176.000000  0.993446 
176.000000  177.000000  0.993472 
177.000000  178.000000  0.993497 
178.000000  179.000000  0.993523 
179.000000  180.000000  0.993548 
180.000000  181.000000  0.993573 
181.000000  182.000000  0.993598 
182.000000  183.000000  0.993622 
183.000000  184.000000  0.993646 
184.000000  185.000000  0.993670 
185.000000  186.000000  0.993693 
186.000000  187.000000  0.993716 
187.000000  188.000000  0.993739 
188.000000  189.000000  0.993761 
189.000000  190.000000  0.993783 
190.000000  191.000000  0.993805 
191.000000  192.000000  0.993826 
192.000000  193.000000  0.993846 
193.000000  194.000000  0.993867 
194.000000  195.000000  0.993887 
195.000000  196.000000  0.993906 
196.000000  197.000000  0.993925 
197.000000  198.000000  0.993944 
198.000000  199.000000  0.993962 
199.000000  200.000000  0.993980 
200.000000  201.000000  0.993998 
201.000000  202.000000  0.994015 
202.000000  203.000000  0.994031 
203.000000  204.000000  0.994048 
204.000000  205.000000  0.994063 
205.000000  206.000000  0.994079 
206.000000  207.000000  0.994094 
207.000000  208.000000  0.994108 
208.000000  209.000000  0.994123 
209.000000  210.000000  0.994136 
210.000000  211.000000  0.994150 
211.000000  212.000000  0.994163 
212.000000  213.000000  0.994175 
213.000000  214.000000  0.994187 
214.000000  215.000000  0.994199 
215.000000  216.000000  0.994210 
216.000000  217.000000  0.994221 
217.000000  218.000000  0.994232 
218.000000  219.000000  0.994242 
219.000000  220.000000  0.994252 
220.000000  221.000000  0.994261 
221.000000  222.000000  0.994270 
222.000000  223.000000  0.994279 
223.000000  224.000000  0.994287 
224.000000  225.000000  0.994295 
225.000000  226.000000  0.994302 
226.000000  227.000000  0.994310 
227.000000  228.000000  0.994317 
228.000000  229.000000  0.994323 
229.000000  230.000000  0.994329 
230.000000  231.000000  0.994335 
231.000000  232.000000  0.994340 
232.000000  233.000000  0.994345 
233.000000  234.000000  0.994350 
234.000000  235.000000  0.994355 
235.000000  236.000000  0.994359 
236.000000  237.000000  0.994362 
237.000000  238.000000  0.994366 
238.000000  239.000000  0.994369 
239.000000  240.000000  0.994372 
240.000000  241.000000  0.994374 
241.000000  242.000000  0.994376 
242.000000  243.000000  0.994378 
243.000000  244.000000  0.994379 
244.000000  245.000000  0.994380 
245.000000  246.000000  0.994381 
246.000000  247.000000  0.994381 
247.000000  248.000000  0.994382 
248.000000  249.000000  0.994381 
249.000000  250.000000  0.994381 
250.000000  251.000000  0.994380 
251.000000  252.000000  0.994379 
252.000000  253.000000  0.994377 
253.000000  254.000000  0.994376 
254.000000  255.000000  0.994373 
255.000000  256.000000  0.994371 
256.000000  257.000000  0.994368 
257.000000  258.000000  0.994365 
258.000000  259.000000  0.994362 
259.000000  260.000000  0.994358 
260.000000  261.000000  0.994354 
261.000000  262.000000  0.994349 
262.000000  263.000000  0.994344 
263.000000  264.000000  0.994339 
264.000000  265.000000  0.994334 
265.000000  266.000000  0.994329 
266.000000  267.000000  0.994323 
267.000000  268.000000  0.994316 
268.000000  269.000000  0.994310 
269.000000  270.000000  0.994303 
270.000000  271.000000  0.994296 
271.000000  272.000000  0.994288 
272.000000  273.000000  0.994280 
273.000000  274.000000  0.994272 
274.000000  275.000000  0.994263 
275.000000  276.000000  0.994255 
276.000000  277.000000  0.994245 
277.000000  278.000000  0.994236 
278.000000  279.000000  0.994226 
279.000000  280.000000  0.994216 
280.000000  281.000000  0.994206 
281.000000  282.000000  0.994195 
282.000000  283.000000  0.994184 
283.000000  284.000000  0.994172 
284.000000  285.000000  0.994161 
285.000000  286.000000  0.994149 
286.000000  287.000000  0.994136 
287.000000  288.000000  0.994124 
288.000000  289.000000  0.994111 
289.000000  290.000000  0.994097 
290.000000  291.000000  0.994084 
291.000000  292.000000  0.994070 
292.000000  293.000000  0.994056 
293.000000  294.000000  0.994041 
294.000000  295.000000  0.994026 
295.000000  296.000000  0.994011 
296.000000  297.000000  0.993996 
297.000000  298.000000  0.993980 
298.000000  299.000000  0.993964 
299.000000  300.000000  0.993948 
300.000000  301.000000  0.993931 
301.000000  302.000000  0.993914 
302.000000  303.000000  0.993897 
303.000000  304.000000  0.993879 
304.000000  305.000000  0.993861 
305.000000  306.000000  0.993843 
306.000000  307.000000  0.993825 
307.000000  308.000000  0.993806 
308.000000  309.000000  0.993787 
309.000000  310.000000  0.993768 
310.000000  311.000000  0.993748 
311.000000  312.000000  0.993729 
312.000000  313.000000  0.993709 
313.000000  314.000000  0.993688 
314.000000  315.000000  0.993668 
315.000000  316.000000  0.993647 
316.000000  317.000000  0.993626 
317.000000  318.000000  0.993604 
318.000000  319.000000  0.993583 
319.000000  320.000000  0.993561 
320.000000  321.000000  0.993539 
321.000000  322.000000  0.993517 
322.000000  323.000000  0.993494 
323.000000  324.000000  0.993471 
324.000000  325.000000  0.993448 
325.000000  326.000000  0.993425 
326.000000  327.000000  0.993402 
327.000000  328.000000  0.993378 
328.000000  329.000000  0.993354 
329.000000  330.000000  0.993330 
330.000000  331.000000  0.993306 
331.000000  332.000000  0.993281 
332.000000  333.000000  0.993257 
333.000000  334.000000  0.993232 
334.000000  335.000000  0.993207 
335.000000  336.000000  0.993182 
336.000000  337.000000  0.993156 
337.000000  338.000000  0.993131 
338.000000  339.000000  0.993105 
339.000000  340.000000  0.993079 
340.000000  341.000000  0.993053 
341.000000  342.000000  0.993027 
342.000000  343.000000  0.993001 
343.000000  344.000000  0.992975 
344.000000  345.000000  0.992948 
345.000000  346.000000  0.992922 
346.000000  347.000000  0.992895 
347.000000  348.000000  0.992868 
348.000000  349.000000  0.992841 
349.000000  350.000000  0.992814 
350.000000  351.000000  0.992787 
351.000000  352.000000  0.992760 
352.000000  353.000000  0.992732 
353.000000  354.000000  0.992705 
354.000000  355.000000  0.992678 
355.000000  356.000000  0.992650 
356.000000  357.000000  0.992623 
357.000000  358.000000  0.992595 
358.000000  359.000000  0.992568 
359.000000  360.000000  0.992540 
360.000000  361.000000  0.992512 
361.000000  362.000000  0.992485 
362.000000  363.000000  0.992457 
363.000000  364.000000  0.992429 
364.000000  365.000000  0.992401 
365.000000  366.000000  0.992374 
366.000000  367.000000  0.992346 
367.000000  368.000000  0.992318 
368.000000  369.000000  0.992291 
369.000000  370.000000  0.992263 
370.000000  371.000000  0.992235 
371.000000  372.000000  0.992208 
372.000000  373.000000  0.992180 
373.000000  374.000000  0.992153 
374.000000  375.000000  0.992125 
375.000000  376.000000  0.992098 
376.000000  377.000000  0.992071 
377.000000  378.000000  0.992044 
378.000000  379.000000  0.992017 
379.000000  380.000000  0.991989 
380.000000  381.000000  0.991963 
381.000000  382.000000  0.991936 
382.000000  383.000000  0.991909 
383.000000  384.000000  0.991882 
384.000000  385.000000  0.991856 
385.000000  386.000000  0.991830 
386.000000  387.000000  0.991803 
387.000000  388.000000  0.991777 
388.000000  389.000000  0.991751 
389.000000  390.000000  0.991725 
390.000000  391.000000  0.991700 
391.000000  392.000000  0.991674 
392.000000  393.000000  0.991649 
393.000000  394.000000  0.991624 
394.000000  395.000000  0.991599 
395.000000  396.000000  0.991574 
396.000000  397.000000  0.991549 
397.000000  398.000000  0.991525 
398.000000  399.000000  0.991501 
399.000000  400.000000  0.991477 
400.000000  401.000000  0.991453 
401.000000  402.000000  0.991429 
402.000000  403.000000  0.991406 
403.000000  404.000000  0.991383 
404.000000  405.000000  0.991360 
405.000000  406.000000  0.991337 
406.000000  407.000000  0.991315 
407.000000  408.000000  0.991292 
408.000000  409.000000  0.991270 
409.000000  410.000000  0.991248 
410.000000  411.000000  0.991227 
411.000000  412.000000  0.991206 
412.000000  413.000000  0.991185 
413.000000  414.000000  0.991164 
414.000000  415.000000  0.991143 
415.000000  416.000000  0.991123 
416.000000  417.000000  0.991103 
417.000000  418.000000  0.991084 
418.000000  419.000000  0.991064 
419.000000  420.000000  0.991045 
420.000000  421.000000  0.991026 
421.000000  422.000000  0.991008 
422.000000  423.000000  0.990989 
423.000000  424.000000  0.990971 
424.000000  425.000000  0.990954 
425.000000  426.000000  0.990936 
426.000000  427.000000  0.990919 
427.000000  428.000000  0.990902 
428.000000  429.000000  0.990886 
429.000000  430.000000  0.990870 
430.000000  431.000000  0.990854 
431.000000  432.000000  0.990838 
432.000000  433.000000  0.990823 
433.000000  434.000000  0.990808 
434.000000  435.000000  0.990794 
435.000000  436.000000  0.990779 
436.000000  437.000000  0.990765 
437.000000  438.000000  0.990752 
438.000000  439.000000  0.990739 
439.000000  440.000000  0.990726 
440.000000  441.000000  0.990713 
441.000000  442.000000  0.990701 
442.000000  443.000000  0.990688 
443.000000  444.000000  0.990677 
444.000000  445.000000  0.990665 
445.000000  446.000000  0.990654 
446.000000  447.000000  0.990644 
447.000000  448.000000  0.990633 
448.000000  449.000000  0.990623 
449.000000  450.000000  0.990614 
450.000000  451.000000  0.990604 
451.000000  452.000000  0.990595 
452.000000  453.000000  0.990586 
453.000000  454.000000  0.990578 
454.000000  455.000000  0.990570 
455.000000  456.000000  0.990562 
456.000000  457.000000  0.990555 
457.000000  458.000000  0.990548 
458.000000  459.000000  0.990541 
459.000000  460.000000  0.990534 
460.000000  461.000000  0.990528 
461.000000  462.000000  0.990522 
462.000000  463.000000  0.990517 
463.000000  464.000000  0.990512 
464.000000  465.000000  0.990507 
465.000000  466.000000  0.990502 
466.000000  467.000000  0.990498 
467.000000  468.000000  0.990494 
468.000000  469.000000  0.990491 
469.000000  470.000000  0.990488 
470.000000  471.000000  0.990485 
471.000000  472.000000  0.990482 
472.000000  473.000000  0.990480 
473.000000  474.000000  0.990478 
474.000000  475.000000  0.990476 
475.000000  476.000000  0.990475 
476.000000  477.000000  0.990473 
477.000000  478.000000  0.990473 
478.000000  479.000000  0.990472 
479.000000  480.000000  0.990472 
480.000000  481.000000  0.990472 
481.000000  482.000000  0.990472 
482.000000  483.000000  0.990473 
483.000000  484.000000  0.990474 
484.000000  485.000000  0.990475 
485.000000  486.000000  0.990477 
486.000000  487.000000  0.990479 
487.000000  488.000000  0.990481 
488.000000  489.000000  0.990483 
489.000000  490.000000  0.990486 
490.000000  491.000000  0.990489 
491.000000  492.000000  0.990492 
492.000000  493.000000  0.990495 
493.000000  494.000000  0.990499 
494.000000  495.000000  0.990503 
495.000000  496.000000  0.990507 
496.000000  497.000000  0.990512 
497.000000  498.000000  0.990516 
498.000000  499.000000  0.990521 
499.000000  500.000000  0.990527 
500.000000  501.000000  0.990532 
501.000000  502.000000  0.990538 
502.000000  503.000000  0.990544 
503.000000  504.000000  0.990550 
504.000000  505.000000  0.990556 
505.000000  506.000000  0.990563 
506.000000  507.000000  0.990570 
507.000000  508.000000  0.990577 
508.000000  509.000000  0.990584 
509.000000  510.000000  0.990592 
510.000000  511.000000  0.990600 
511.000000  512.000000  0.990608 
512.000000  513.000000  0.990616 
513.000000  514.000000  0.990624 
514.000000  515.000000  0.990633 
515.000000  516.000000  0.990642 
516.000000  517.000000  0.990651 
517.000000  518.000000  0.990660 
518.000000  519.000000  0.990669 
519.000000  520.000000  0.990679 
520.000000  521.000000  0.990689 
521.000000  522.000000  0.990699 
522.000000  523.000000  0.990709 
523.000000  524.000000  0.990719 
524.000000  525.000000  0.990730 
525.000000  526.000000  0.990740 
526.000000  527.000000  0.990751 
527.000000  528.000000  0.990762 
528.000000  529.000000  0.990773 
529.000000  530.000000  0.990785 
530.000000  531.000000  0.990796 
531.000000  532.000000  0.990808 
532.000000  533.000000  0.990819 
533.000000  534.000000  0.990831 
534.000000  535.000000  0.990843 
535.000000  536.000000  0.990856 
536.000000  537.000000  0.990868 
537.000000  538.000000  0.990881 
538.000000  539.000000  0.990893 
539.000000  540.000000  0.990906 
540.000000  541.000000  0.990919 
541.000000  542.000000  0.990932 
542.000000  543.000000  0.990945 
543.000000  544.000000  0.990958 
544.000000  545.000000  0.990972 
545.000000  546.000000  0.990985 
546.000000  547.000000  0.990999 
547.000000  548.000000  0.991013 
548.000000  549.000000  0.991027 
549.000000  550.000000  0.991040 
550.000000  551.000000  0.991055 
551.000000  552.000000  0.991069 
552.000000  553.000000  0.991083 
553.000000  554.000000  0.991097 
554.000000  555.000000  0.991112 
555.000000  556.000000  0.991126 
556.000000  557.000000  0.991141 
557.000000  558.000000  0.991156 
558.000000  559.000000  0.991171 
559.000000  560.000000  0.991185 
560.000000  561.000000  0.991200 
561.000000  562.000000  0.991215 
562.000000  563.000000  0.991231 
563.000000  564.000000  0.991246 
564.000000  565.000000  0.991261 
565.000000  566.000000  0.991276 
566.000000  567.000000  0.991292 
567.000000  568.000000  0.991307 
568.000000  569.000000  0.991323 
569.000000  570.000000  0.991339 
570.000000  571.000000  0.991354 
571.000000  572.000000  0.991370 
572.000000  573.000000  0.991386 
573.000000  574.000000  0.991402 
574.000000  575.000000  0.991417 
575.000000  576.000000  0.991433 
576.000000  577.000000  0.991449 
577.000000  578.000000  0.991465 
578.000000  579.000000  0.991481 
579.000000  580.000000  0.991498 
580.000000  581.000000  0.991514 
581.000000  582.000000  0.991530 
582.000000  583.000000  0.991546 
583.000000  584.000000  0.991562 
584.000000  585.000000  0.991579 
585.000000  586.000000  0.991595 
586.000000  587.000000  0.991611 
587.000000  588.000000  0.991628 
588.000000  589.000000  0.991644 
589.000000  590.000000  0.991661 
590.000000  591.000000  0.991677 
591.000000  592.000000  0.991694 
592.000000  593.000000  0.991710 
593.000000  594.000000  0.991727 
594.000000  595.000000  0.991743 
595.000000  596.000000  0.991760 
596.000000  597.000000  0.991776 
597.000000  598.000000  0.991793 
598.000000  599.000000  0.991809 
599.000000  600.000000  0.991826 
600.000000  601.000000  0.991843 
601.000000  602.000000  0.991859 
602.000000  603.000000  0.991876 
603.000000  604.000000  0.991893 
604.000000  605.000000  0.991909 
605.000000  606.000000  0.991926 
606.000000  607.000000  0.991943 
607.000000  608.000000  0.991959 
608.000000  609.000000  0.991976 
609.000000  610.000000  0.991992 
610.000000  611.000000  0.992009 
611.000000  612.000000  0.992026 
612.000000  613.000000  0.992042 
613.000000  614.000000  0.992059 
614.000000  615.000000  0.992076 
615.000000  616.000000  0.992092 
616.000000  617.000000  0.992109 
617.000000  618.000000  0.992125 
618.000000  619.000000  0.992142 
619.000000  620.000000  0.992159 
620.000000  621.000000  0.992175 
621.000000  622.000000  0.992192 
622.000000  623.000000  0.992208 
623.000000  624.000000  0.992225 
624.000000  625.000000  0.992241 
625.000000  626.000000  0.992258 
626.000000  627.000000  0.992274 
627.000000  628.000000  0.992290 
628.000000  629.000000  0.992307 
629.000000  630.000000  0.992323 
630.000000  631.000000  0.992340 
631.000000  632.000000  0.992356 
632.000000  633.000000  0.992372 
633.000000  634.000000  0.992389 
634.000000  635.000000  0.992405 
635.000000  636.000000  0.992421 
636.000000  637.000000  0.992437 
637.000000  638.000000  0.992453 
638.000000  639.000000  0.992470 
639.000000  640.000000  0.992486 
640.000000  641.000000  0.992502 
641.000000  642.000000  0.992518 
642.000000  643.000000  0.992534 
643.000000  644.000000  0.992550 
644.000000  645.000000  0.992566 
645.000000  646.000000  0.992582 
646.000000  647.000000  0.992598 
647.000000  648.000000  0.992614 
648.000000  649.000000  0.992629 
649.000000  650.000000  0.992645 
650.000000  651.000000  0.992661 
651.000000  652.000000  0.992677 
652.000000  653.000000  0.992692 
653.000000  654.000000  0.992708 
654.000000  655.000000  0.992724 
655.000000  656.000000  0.992739 
656.000000  657.000000  0.992755 
657.000000  658.000000  0.992770 
658.000000  659.000000  0.992786 
659.000000  660.000000  0.992801 
660.000000  661.000000  0.992817 
661.000000  662.000000  0.992832 
662.000000  663.000000  0.992847 
663.000000  664.000000  0.992863 
664.000000  665.000000  0.992878 
665.000000  666.000000  0.992893 
666.000000  667.000000  0.992908 
667.000000  668.000000  0.992923 
668.000000  669.000000  0.992938 
669.000000  670.000000  0.992953 
670.000000  671.000000  0.992968 
671.000000  672.000000  0.992983 
672.000000  673.000000  0.992998 
673.000000  674.000000  0.993013 
674.000000  675.000000  0.993028 
675.000000  676.000000  0.993043 
676.000000  677.000000  0.993057 
677.000000  678.000000  0.993072 
678.000000  679.000000  0.993087 
679.000000  680.000000  0.993101 
680.000000  681.000000  0.993116 
681.000000  682.000000  0.993130 
682.000000  683.000000  0.993145 
683.000000  684.000000  0.993159 
684.000000  685.000000  0.993174 
685.000000  686.000000  0.993188 
686.000000  687.000000  0.993202 
687.000000  688.000000  0.993216 
688.000000  689.000000  0.993231 
689.000000  690.000000  0.993245 
690.000000  691.000000  0.993259 
691.000000  692.000000  0.993273 
692.000000  693.000000  0.993287 
693.000000  694.000000  0.993301 
694.000000  695.000000  0.993315 
695.000000  696.000000  0.993328 
696.000000  697.000000  0.993342 
697.000000  698.000000  0.993356 
698.000000  699.000000  0.993370 
699.000000  700.000000  0.993383 
700.000000  701.000000  0.993397 
701.000000  702.000000  0.993410 
702.000000  703.000000  0.993424 
703.000000  704.000000  0.993437 
704.000000  705.000000  0.993451 
705.000000  706.000000  0.993464 
706.000000  707.000000  0.993477 
707.000000  708.000000  0.993491 
708.000000  709.000000  0.993504 
709.000000  710.000000  0.993517 
710.000000  711.000000  0.993530 
711.000000  712.000000  0.993543 
712.000000  713.000000  0.993556 
713.000000  714.000000  0.993569 
714.000000  715.000000  0.993582 
715.000000  716.000000  0.993595 
716.000000  717.000000  0.993608 
717.000000  718.000000  0.993621 
718.000000  719.000000  0.993633 
719.000000  720.000000  0.993646 
720.000000  721.000000  0.993659 
721.000000  722.000000  0.993671 
722.000000  723.000000  0.993684 
723.000000  724.000000  0.993696 
724.000000  725.000000  0.993709 
725.000000  726.000000  0.993721 
726.000000  727.000000  0.993733 
727.000000  728.000000  0.993746 
728.000000  729.000000  0.993758 
729.000000  730.000000  0.993770 
730.000000  731.000000  0.993782 
731.000000  732.000000  0.993794 
732.000000  733.000000  0.993806 
733.000000  734.000000  0.993818 
734.000000  735.000000  0.993830 
735.000000  736.000000  0.993842 
736.000000  737.000000  0.993854 
737.000000  738.000000  0.993866 
738.000000  739.000000  0.993878 
739.000000  740.000000  0.993889 
740.000000  741.000000  0.993901 
741.000000  742.000000  0.993913 
742.000000  743.000000  0.993924 
743.000000  744.000000  0.993936 
744.000000  745.000000  0.993947 
745.000000  746.000000  0.993958 
746.000000  747.000000  0.993970 
747.000000  748.000000  0.993981 
748.000000  749.000000  0.993992 
749.000000  750.000000  0.994004 
750.000000  751.000000  0.994015 
751.000000  752.000000  0.994026 
752.000000  753.000000  0.994037 
753.000000  754.000000  0.994048 
754.000000  755.000000  0.994059 
755.000000  756.000000  0.994070 
756.000000  757.000000  0.994081 
757.000000  758.000000  0.994092 
758.000000  759.000000  0.994102 
759.000000  760.000000  0.994113 
760.000000  761.000000  0.994124 
761.000000  762.000000  0.994135 
762.000000  763.000000  0.994145 
763.000000  764.000000  0.994156 
764.000000  765.000000  0.994166 
765.000000  766.000000  0.994177 
766.000000  767.000000  0.994187 
767.000000  768.000000  0.994198 
768.000000  769.000000  0.994208 
769.000000  770.000000  0.994218 
770.000000  771.000000  0.994228 
771.000000  772.000000  0.994239 
772.000000  773.000000  0.994249 
773.000000  774.000000  0.994259 
774.000000  775.000000  0.994269 
775.000000  776.000000  0.994279 
776.000000  777.000000  0.994289 
777.000000  778.000000  0.994299 
778.000000  779.000000  0.994309 
779.000000  780.000000  0.994319 
780.000000  781.000000  0.994328 
781.000000  782.000000  0.994338 
782.000000  783.000000  0.994348 
783.000000  784.000000  0.994358 
784.000000  785.000000  0.994367 
785.000000  786.000000  0.994377 
786.000000  787.000000  0.994386 
787.000000  788.000000  0.994396 
788.000000  789.000000  0.994405 
789.000000  790.000000  0.994415 
790.000000  791.000000  0.994424 
791.000000  792.000000  0.994433 
792.000000  793.000000  0.994443 
793.000000  794.000000  0.994452 
794.000000  795.000000  0.994461 
795.000000  796.000000  0.994470 
796.000000  797.000000  0.994479 
797.000000  798.000000  0.994488 
798.000000  799.000000  0.994497 
799.000000  800.000000  0.994506 
