17.000000  18.000000  0.986870 
18.000000  19.000000  0.989448 
19.000000  20.000000  0.991580 
20.000000  21.000000  0.993335 
21.000000  22.000000  0.994770 
22.000000  23.000000  0.995926 
23.000000  24.000000  0.996817 
24.000000  25.000000  0.997540 
25.000000  26.000000  0.998475 
26.000000  27.000000  0.998889 
27.000000  28.000000  0.999238 
28.000000  29.000000  0.999539 
29.000000  30.000000  0.999811 
30.000000  31.000000  1.000058 
31.000000  32.000000  1.000282 
32.000000  33.000000  1.000491 
33.000000  34.000000  1.000711 
34.000000  35.000000  1.000919 
35.000000  36.000000  1.001111 
36.000000  37.000000  1.001287 
37.000000  38.000000  1.001450 
38.000000  39.000000  1.001598 
39.000000  40.000000  1.001734 
40.000000  41.000000  1.001850 
41.000000  42.000000  1.001946 
42.000000  43.000000  1.002030 
43.000000  44.000000  1.002102 
44.000000  45.000000  1.002163 
45.000000  46.000000  1.002213 
46.000000  47.000000  1.002252 
47.000000  48.000000  1.002282 
48.000000  49.000000  1.002300 
49.000000  50.000000  1.002309 
50.000000  51.000000  1.002308 
51.000000  52.000000  1.002298 
52.000000  53.000000  1.002279 
53.000000  54.000000  1.002254 
54.000000  55.000000  1.002221 
55.000000  56.000000  1.002179 
56.000000  57.000000  1.002130 
57.000000  58.000000  1.002073 
58.000000  59.000000  1.002009 
59.000000  60.000000  1.001939 
60.000000  61.000000  1.001862 
61.000000  62.000000  1.001779 
62.000000  63.000000  1.001691 
63.000000  64.000000  1.001597 
64.000000  65.000000  1.001499 
65.000000  66.000000  1.001397 
66.000000  67.000000  1.001290 
67.000000  68.000000  1.001181 
68.000000  69.000000  1.001068 
69.000000  70.000000  1.000952 
70.000000  71.000000  1.000833 
71.000000  72.000000  1.000712 
72.000000  73.000000  1.000588 
73.000000  74.000000  1.000463 
74.000000  75.000000  1.000337 
75.000000  76.000000  1.000209 
76.000000  77.000000  1.000081 
77.000000  78.000000  0.999951 
78.000000  79.000000  0.999821 
79.000000  80.000000  0.999690 
80.000000  81.000000  0.999560 
81.000000  82.000000  0.999429 
82.000000  83.000000  0.999298 
83.000000  84.000000  0.999167 
84.000000  85.000000  0.999037 
85.000000  86.000000  0.998907 
86.000000  87.000000  0.998777 
87.000000  88.000000  0.998648 
88.000000  89.000000  0.998520 
89.000000  90.000000  0.998392 
90.000000  91.000000  0.998266 
91.000000  92.000000  0.998140 
92.000000  93.000000  0.998015 
93.000000  94.000000  0.997891 
94.000000  95.000000  0.997767 
95.000000  96.000000  0.997646 
96.000000  97.000000  0.997525 
97.000000  98.000000  0.997406 
98.000000  99.000000  0.997288 
99.000000  100.000000  0.997171 
100.000000  101.000000  0.997055 
101.000000  102.000000  0.996941 
102.000000  103.000000  0.996828 
103.000000  104.000000  0.996717 
104.000000  105.000000  0.996607 
105.000000  106.000000  0.996498 
106.000000  107.000000  0.996391 
107.000000  108.000000  0.996286 
108.000000  109.000000  0.996182 
109.000000  110.000000  0.996080 
110.000000  111.000000  0.995980 
111.000000  112.000000  0.995881 
112.000000  113.000000  0.995785 
113.000000  114.000000  0.995690 
114.000000  115.000000  0.995597 
115.000000  116.000000  0.995505 
116.000000  117.000000  0.995416 
117.000000  118.000000  0.995328 
118.000000  119.000000  0.995243 
119.000000  120.000000  0.995159 
120.000000  121.000000  0.995078 
121.000000  122.000000  0.994998 
122.000000  123.000000  0.994921 
123.000000  124.000000  0.994845 
124.000000  125.000000  0.994772 
125.000000  126.000000  0.994701 
126.000000  127.000000  0.994632 
127.000000  128.000000  0.994564 
128.000000  129.000000  0.994499 
129.000000  130.000000  0.994436 
130.000000  131.000000  0.994375 
131.000000  132.000000  0.994317 
132.000000  133.000000  0.994260 
133.000000  134.000000  0.994205 
134.000000  135.000000  0.994152 
135.000000  136.000000  0.994101 
136.000000  137.000000  0.994053 
137.000000  138.000000  0.994006 
138.000000  139.000000  0.993961 
139.000000  140.000000  0.993918 
140.000000  141.000000  0.993877 
141.000000  142.000000  0.993837 
142.000000  143.000000  0.993800 
143.000000  144.000000  0.993764 
144.000000  145.000000  0.993730 
145.000000  146.000000  0.993698 
146.000000  147.000000  0.993667 
147.000000  148.000000  0.993638 
148.000000  149.000000  0.993610 
149.000000  150.000000  0.993584 
150.000000  151.000000  0.993560 
151.000000  152.000000  0.993536 
152.000000  153.000000  0.993514 
153.000000  154.000000  0.993494 
154.000000  155.000000  0.993474 
155.000000  156.000000  0.993456 
156.000000  157.000000  0.993439 
157.000000  158.000000  0.993423 
158.000000  159.000000  0.993409 
159.000000  160.000000  0.993395 
160.000000  161.000000  0.993382 
161.000000  162.000000  0.993370 
162.000000  163.000000  0.993359 
163.000000  164.000000  0.993349 
164.000000  165.000000  0.993339 
165.000000  166.000000  0.993330 
166.000000  167.000000  0.993322 
167.000000  168.000000  0.993315 
168.000000  169.000000  0.993308 
169.000000  170.000000  0.993301 
170.000000  171.000000  0.993296 
171.000000  172.000000  0.993290 
172.000000  173.000000  0.993285 
173.000000  174.000000  0.993281 
174.000000  175.000000  0.993277 
175.000000  176.000000  0.993273 
176.000000  177.000000  0.993269 
177.000000  178.000000  0.993266 
178.000000  179.000000  0.993263 
179.000000  180.000000  0.993260 
180.000000  181.000000  0.993257 
181.000000  182.000000  0.993255 
182.000000  183.000000  0.993253 
183.000000  184.000000  0.993250 
184.000000  185.000000  0.993248 
185.000000  186.000000  0.993246 
186.000000  187.000000  0.993244 
187.000000  188.000000  0.993242 
188.000000  189.000000  0.993240 
189.000000  190.000000  0.993238 
190.000000  191.000000  0.993237 
191.000000  192.000000  0.993235 
192.000000  193.000000  0.993233 
193.000000  194.000000  0.993231 
194.000000  195.000000  0.993228 
195.000000  196.000000  0.993226 
196.000000  197.000000  0.993224 
197.000000  198.000000  0.993222 
198.000000  199.000000  0.993220 
199.000000  200.000000  0.993217 
200.000000  201.000000  0.993215 
201.000000  202.000000  0.993212 
202.000000  203.000000  0.993209 
203.000000  204.000000  0.993207 
204.000000  205.000000  0.993204 
205.000000  206.000000  0.993201 
206.000000  207.000000  0.993198 
207.000000  208.000000  0.993194 
208.000000  209.000000  0.993191 
209.000000  210.000000  0.993188 
210.000000  211.000000  0.993184 
211.000000  212.000000  0.993180 
212.000000  213.000000  0.993177 
213.000000  214.000000  0.993173 
214.000000  215.000000  0.993169 
215.000000  216.000000  0.993165 
216.000000  217.000000  0.993161 
217.000000  218.000000  0.993156 
218.000000  219.000000  0.993152 
219.000000  220.000000  0.993148 
220.000000  221.000000  0.993143 
221.000000  222.000000  0.993139 
222.000000  223.000000  0.993134 
223.000000  224.000000  0.993129 
224.000000  225.000000  0.993124 
225.000000  226.000000  0.993119 
226.000000  227.000000  0.993114 
227.000000  228.000000  0.993109 
228.000000  229.000000  0.993104 
229.000000  230.000000  0.993098 
230.000000  231.000000  0.993093 
231.000000  232.000000  0.993088 
232.000000  233.000000  0.993082 
233.000000  234.000000  0.993076 
234.000000  235.000000  0.993071 
235.000000  236.000000  0.993065 
236.000000  237.000000  0.993059 
237.000000  238.000000  0.993053 
238.000000  239.000000  0.993047 
239.000000  240.000000  0.993041 
240.000000  241.000000  0.993035 
241.000000  242.000000  0.993029 
242.000000  243.000000  0.993023 
243.000000  244.000000  0.993017 
244.000000  245.000000  0.993010 
245.000000  246.000000  0.993004 
246.000000  247.000000  0.992997 
247.000000  248.000000  0.992991 
248.000000  249.000000  0.992984 
249.000000  250.000000  0.992977 
250.000000  251.000000  0.992970 
251.000000  252.000000  0.992964 
252.000000  253.000000  0.992957 
253.000000  254.000000  0.992950 
254.000000  255.000000  0.992943 
255.000000  256.000000  0.992935 
256.000000  257.000000  0.992928 
257.000000  258.000000  0.992921 
258.000000  259.000000  0.992913 
259.000000  260.000000  0.992906 
260.000000  261.000000  0.992898 
261.000000  262.000000  0.992890 
262.000000  263.000000  0.992883 
263.000000  264.000000  0.992875 
264.000000  265.000000  0.992867 
265.000000  266.000000  0.992859 
266.000000  267.000000  0.992851 
267.000000  268.000000  0.992843 
268.000000  269.000000  0.992835 
269.000000  270.000000  0.992826 
270.000000  271.000000  0.992818 
271.000000  272.000000  0.992809 
272.000000  273.000000  0.992801 
273.000000  274.000000  0.992792 
274.000000  275.000000  0.992783 
275.000000  276.000000  0.992774 
276.000000  277.000000  0.992765 
277.000000  278.000000  0.992756 
278.000000  279.000000  0.992747 
279.000000  280.000000  0.992738 
280.000000  281.000000  0.992728 
281.000000  282.000000  0.992719 
282.000000  283.000000  0.992709 
283.000000  284.000000  0.992699 
284.000000  285.000000  0.992690 
285.000000  286.000000  0.992680 
286.000000  287.000000  0.992670 
287.000000  288.000000  0.992659 
288.000000  289.000000  0.992649 
289.000000  290.000000  0.992639 
290.000000  291.000000  0.992628 
291.000000  292.000000  0.992618 
292.000000  293.000000  0.992607 
293.000000  294.000000  0.992596 
294.000000  295.000000  0.992585 
295.000000  296.000000  0.992574 
296.000000  297.000000  0.992563 
297.000000  298.000000  0.992552 
298.000000  299.000000  0.992541 
299.000000  300.000000  0.992529 
300.000000  301.000000  0.992518 
301.000000  302.000000  0.992506 
302.000000  303.000000  0.992494 
303.000000  304.000000  0.992482 
304.000000  305.000000  0.992470 
305.000000  306.000000  0.992458 
306.000000  307.000000  0.992446 
307.000000  308.000000  0.992434 
308.000000  309.000000  0.992422 
309.000000  310.000000  0.992409 
310.000000  311.000000  0.992396 
311.000000  312.000000  0.992384 
312.000000  313.000000  0.992371 
313.000000  314.000000  0.992358 
314.000000  315.000000  0.992345 
315.000000  316.000000  0.992332 
316.000000  317.000000  0.992319 
317.000000  318.000000  0.992306 
318.000000  319.000000  0.992292 
319.000000  320.000000  0.992279 
320.000000  321.000000  0.992266 
321.000000  322.000000  0.992252 
322.000000  323.000000  0.992238 
323.000000  324.000000  0.992225 
324.000000  325.000000  0.992211 
325.000000  326.000000  0.992197 
326.000000  327.000000  0.992183 
327.000000  328.000000  0.992169 
328.000000  329.000000  0.992155 
329.000000  330.000000  0.992141 
330.000000  331.000000  0.992127 
331.000000  332.000000  0.992112 
332.000000  333.000000  0.992098 
333.000000  334.000000  0.992084 
334.000000  335.000000  0.992069 
335.000000  336.000000  0.992055 
336.000000  337.000000  0.992040 
337.000000  338.000000  0.992026 
338.000000  339.000000  0.992011 
339.000000  340.000000  0.991997 
340.000000  341.000000  0.991982 
341.000000  342.000000  0.991967 
342.000000  343.000000  0.991953 
343.000000  344.000000  0.991938 
344.000000  345.000000  0.991923 
345.000000  346.000000  0.991909 
346.000000  347.000000  0.991894 
347.000000  348.000000  0.991879 
348.000000  349.000000  0.991864 
349.000000  350.000000  0.991849 
350.000000  351.000000  0.991835 
351.000000  352.000000  0.991820 
352.000000  353.000000  0.991805 
353.000000  354.000000  0.991790 
354.000000  355.000000  0.991776 
355.000000  356.000000  0.991761 
356.000000  357.000000  0.991746 
357.000000  358.000000  0.991731 
358.000000  359.000000  0.991717 
359.000000  360.000000  0.991702 
360.000000  361.000000  0.991687 
361.000000  362.000000  0.991673 
362.000000  363.000000  0.991658 
363.000000  364.000000  0.991644 
364.000000  365.000000  0.991629 
365.000000  366.000000  0.991615 
366.000000  367.000000  0.991600 
367.000000  368.000000  0.991586 
368.000000  369.000000  0.991572 
369.000000  370.000000  0.991558 
370.000000  371.000000  0.991543 
371.000000  372.000000  0.991529 
372.000000  373.000000  0.991515 
373.000000  374.000000  0.991501 
374.000000  375.000000  0.991488 
375.000000  376.000000  0.991474 
376.000000  377.000000  0.991460 
377.000000  378.000000  0.991446 
378.000000  379.000000  0.991433 
379.000000  380.000000  0.991419 
380.000000  381.000000  0.991406 
381.000000  382.000000  0.991393 
382.000000  383.000000  0.991380 
383.000000  384.000000  0.991367 
384.000000  385.000000  0.991354 
385.000000  386.000000  0.991341 
386.000000  387.000000  0.991328 
387.000000  388.000000  0.991315 
388.000000  389.000000  0.991303 
389.000000  390.000000  0.991290 
390.000000  391.000000  0.991278 
391.000000  392.000000  0.991266 
392.000000  393.000000  0.991254 
393.000000  394.000000  0.991242 
394.000000  395.000000  0.991230 
395.000000  396.000000  0.991219 
396.000000  397.000000  0.991207 
397.000000  398.000000  0.991196 
398.000000  399.000000  0.991184 
399.000000  400.000000  0.991173 
400.000000  401.000000  0.991162 
401.000000  402.000000  0.991152 
402.000000  403.000000  0.991141 
403.000000  404.000000  0.991130 
404.000000  405.000000  0.991120 
405.000000  406.000000  0.991110 
406.000000  407.000000  0.991100 
407.000000  408.000000  0.991090 
408.000000  409.000000  0.991080 
409.000000  410.000000  0.991071 
410.000000  411.000000  0.991061 
411.000000  412.000000  0.991052 
412.000000  413.000000  0.991043 
413.000000  414.000000  0.991034 
414.000000  415.000000  0.991025 
415.000000  416.000000  0.991016 
416.000000  417.000000  0.991008 
417.000000  418.000000  0.991000 
418.000000  419.000000  0.990992 
419.000000  420.000000  0.990984 
420.000000  421.000000  0.990976 
421.000000  422.000000  0.990969 
422.000000  423.000000  0.990961 
423.000000  424.000000  0.990954 
424.000000  425.000000  0.990947 
425.000000  426.000000  0.990940 
426.000000  427.000000  0.990934 
427.000000  428.000000  0.990927 
428.000000  429.000000  0.990921 
429.000000  430.000000  0.990915 
430.000000  431.000000  0.990909 
431.000000  432.000000  0.990903 
432.000000  433.000000  0.990897 
433.000000  434.000000  0.990892 
434.000000  435.000000  0.990887 
435.000000  436.000000  0.990882 
436.000000  437.000000  0.990877 
437.000000  438.000000  0.990872 
438.000000  439.000000  0.990868 
439.000000  440.000000  0.990864 
440.000000  441.000000  0.990860 
441.000000  442.000000  0.990856 
442.000000  443.000000  0.990852 
443.000000  444.000000  0.990849 
444.000000  445.000000  0.990845 
445.000000  446.000000  0.990842 
446.000000  447.000000  0.990839 
447.000000  448.000000  0.990836 
448.000000  449.000000  0.990834 
449.000000  450.000000  0.990831 
450.000000  451.000000  0.990829 
451.000000  452.000000  0.990827 
452.000000  453.000000  0.990825 
453.000000  454.000000  0.990824 
454.000000  455.000000  0.990822 
455.000000  456.000000  0.990821 
456.000000  457.000000  0.990820 
457.000000  458.000000  0.990819 
458.000000  459.000000  0.990818 
459.000000  460.000000  0.990817 
460.000000  461.000000  0.990817 
461.000000  462.000000  0.990817 
462.000000  463.000000  0.990816 
463.000000  464.000000  0.990817 
464.000000  465.000000  0.990817 
465.000000  466.000000  0.990817 
466.000000  467.000000  0.990818 
467.000000  468.000000  0.990819 
468.000000  469.000000  0.990820 
469.000000  470.000000  0.990821 
470.000000  471.000000  0.990822 
471.000000  472.000000  0.990823 
472.000000  473.000000  0.990825 
473.000000  474.000000  0.990827 
474.000000  475.000000  0.990829 
475.000000  476.000000  0.990831 
476.000000  477.000000  0.990833 
477.000000  478.000000  0.990836 
478.000000  479.000000  0.990838 
479.000000  480.000000  0.990841 
480.000000  481.000000  0.990844 
481.000000  482.000000  0.990847 
482.000000  483.000000  0.990850 
483.000000  484.000000  0.990853 
484.000000  485.000000  0.990857 
485.000000  486.000000  0.990860 
486.000000  487.000000  0.990864 
487.000000  488.000000  0.990868 
488.000000  489.000000  0.990872 
489.000000  490.000000  0.990876 
490.000000  491.000000  0.990880 
491.000000  492.000000  0.990885 
492.000000  493.000000  0.990889 
493.000000  494.000000  0.990894 
494.000000  495.000000  0.990899 
495.000000  496.000000  0.990904 
496.000000  497.000000  0.990909 
497.000000  498.000000  0.990914 
498.000000  499.000000  0.990920 
499.000000  500.000000  0.990925 
500.000000  501.000000  0.990931 
501.000000  502.000000  0.990936 
502.000000  503.000000  0.990942 
503.000000  504.000000  0.990948 
504.000000  505.000000  0.990954 
505.000000  506.000000  0.990961 
506.000000  507.000000  0.990967 
507.000000  508.000000  0.990973 
508.000000  509.000000  0.990980 
509.000000  510.000000  0.990986 
510.000000  511.000000  0.990993 
511.000000  512.000000  0.991000 
512.000000  513.000000  0.991007 
513.000000  514.000000  0.991014 
514.000000  515.000000  0.991021 
515.000000  516.000000  0.991028 
516.000000  517.000000  0.991035 
517.000000  518.000000  0.991043 
518.000000  519.000000  0.991050 
519.000000  520.000000  0.991058 
520.000000  521.000000  0.991065 
521.000000  522.000000  0.991073 
522.000000  523.000000  0.991081 
523.000000  524.000000  0.991089 
524.000000  525.000000  0.991097 
525.000000  526.000000  0.991105 
526.000000  527.000000  0.991113 
527.000000  528.000000  0.991121 
528.000000  529.000000  0.991130 
529.000000  530.000000  0.991138 
530.000000  531.000000  0.991146 
531.000000  532.000000  0.991155 
532.000000  533.000000  0.991164 
533.000000  534.000000  0.991172 
534.000000  535.000000  0.991181 
535.000000  536.000000  0.991190 
536.000000  537.000000  0.991199 
537.000000  538.000000  0.991207 
538.000000  539.000000  0.991216 
539.000000  540.000000  0.991225 
540.000000  541.000000  0.991234 
541.000000  542.000000  0.991244 
542.000000  543.000000  0.991253 
543.000000  544.000000  0.991262 
544.000000  545.000000  0.991271 
545.000000  546.000000  0.991281 
546.000000  547.000000  0.991290 
547.000000  548.000000  0.991299 
548.000000  549.000000  0.991309 
549.000000  550.000000  0.991318 
550.000000  551.000000  0.991328 
551.000000  552.000000  0.991337 
552.000000  553.000000  0.991347 
553.000000  554.000000  0.991357 
554.000000  555.000000  0.991366 
555.000000  556.000000  0.991376 
556.000000  557.000000  0.991386 
557.000000  558.000000  0.991396 
558.000000  559.000000  0.991406 
559.000000  560.000000  0.991415 
560.000000  561.000000  0.991425 
561.000000  562.000000  0.991435 
562.000000  563.000000  0.991445 
563.000000  564.000000  0.991455 
564.000000  565.000000  0.991465 
565.000000  566.000000  0.991475 
566.000000  567.000000  0.991485 
567.000000  568.000000  0.991495 
568.000000  569.000000  0.991505 
569.000000  570.000000  0.991516 
570.000000  571.000000  0.991526 
571.000000  572.000000  0.991536 
572.000000  573.000000  0.991546 
573.000000  574.000000  0.991556 
574.000000  575.000000  0.991566 
575.000000  576.000000  0.991577 
576.000000  577.000000  0.991587 
577.000000  578.000000  0.991597 
578.000000  579.000000  0.991607 
579.000000  580.000000  0.991618 
580.000000  581.000000  0.991628 
581.000000  582.000000  0.991638 
582.000000  583.000000  0.991648 
583.000000  584.000000  0.991659 
584.000000  585.000000  0.991669 
585.000000  586.000000  0.991679 
586.000000  587.000000  0.991689 
587.000000  588.000000  0.991700 
588.000000  589.000000  0.991710 
589.000000  590.000000  0.991720 
590.000000  591.000000  0.991731 
591.000000  592.000000  0.991741 
592.000000  593.000000  0.991751 
593.000000  594.000000  0.991762 
594.000000  595.000000  0.991772 
595.000000  596.000000  0.991782 
596.000000  597.000000  0.991792 
597.000000  598.000000  0.991803 
598.000000  599.000000  0.991813 
599.000000  600.000000  0.991823 
600.000000  601.000000  0.991834 
601.000000  602.000000  0.991844 
602.000000  603.000000  0.991854 
603.000000  604.000000  0.991864 
604.000000  605.000000  0.991875 
605.000000  606.000000  0.991885 
606.000000  607.000000  0.991895 
607.000000  608.000000  0.991905 
608.000000  609.000000  0.991915 
609.000000  610.000000  0.991926 
610.000000  611.000000  0.991936 
611.000000  612.000000  0.991946 
612.000000  613.000000  0.991956 
613.000000  614.000000  0.991966 
614.000000  615.000000  0.991976 
615.000000  616.000000  0.991986 
616.000000  617.000000  0.991996 
617.000000  618.000000  0.992006 
618.000000  619.000000  0.992017 
619.000000  620.000000  0.992027 
620.000000  621.000000  0.992037 
621.000000  622.000000  0.992047 
622.000000  623.000000  0.992057 
623.000000  624.000000  0.992066 
624.000000  625.000000  0.992076 
625.000000  626.000000  0.992086 
626.000000  627.000000  0.992096 
627.000000  628.000000  0.992106 
628.000000  629.000000  0.992116 
629.000000  630.000000  0.992126 
630.000000  631.000000  0.992136 
631.000000  632.000000  0.992145 
632.000000  633.000000  0.992155 
633.000000  634.000000  0.992165 
634.000000  635.000000  0.992175 
635.000000  636.000000  0.992184 
636.000000  637.000000  0.992194 
637.000000  638.000000  0.992204 
638.000000  639.000000  0.992213 
639.000000  640.000000  0.992223 
640.000000  641.000000  0.992233 
641.000000  642.000000  0.992242 
642.000000  643.000000  0.992252 
643.000000  644.000000  0.992261 
644.000000  645.000000  0.992271 
645.000000  646.000000  0.992280 
646.000000  647.000000  0.992290 
647.000000  648.000000  0.992299 
648.000000  649.000000  0.992308 
649.000000  650.000000  0.992318 
650.000000  651.000000  0.992327 
651.000000  652.000000  0.992336 
652.000000  653.000000  0.992346 
653.000000  654.000000  0.992355 
654.000000  655.000000  0.992364 
655.000000  656.000000  0.992373 
656.000000  657.000000  0.992382 
657.000000  658.000000  0.992392 
658.000000  659.000000  0.992401 
659.000000  660.000000  0.992410 
660.000000  661.000000  0.992419 
661.000000  662.000000  0.992428 
662.000000  663.000000  0.992437 
663.000000  664.000000  0.992446 
664.000000  665.000000  0.992455 
665.000000  666.000000  0.992464 
666.000000  667.000000  0.992473 
667.000000  668.000000  0.992481 
668.000000  669.000000  0.992490 
669.000000  670.000000  0.992499 
670.000000  671.000000  0.992508 
671.000000  672.000000  0.992516 
672.000000  673.000000  0.992525 
673.000000  674.000000  0.992534 
674.000000  675.000000  0.992543 
675.000000  676.000000  0.992551 
676.000000  677.000000  0.992560 
677.000000  678.000000  0.992568 
678.000000  679.000000  0.992577 
679.000000  680.000000  0.992585 
680.000000  681.000000  0.992594 
681.000000  682.000000  0.992602 
682.000000  683.000000  0.992611 
683.000000  684.000000  0.992619 
684.000000  685.000000  0.992627 
685.000000  686.000000  0.992636 
686.000000  687.000000  0.992644 
687.000000  688.000000  0.992652 
688.000000  689.000000  0.992660 
689.000000  690.000000  0.992669 
690.000000  691.000000  0.992677 
691.000000  692.000000  0.992685 
692.000000  693.000000  0.992693 
693.000000  694.000000  0.992701 
694.000000  695.000000  0.992709 
695.000000  696.000000  0.992717 
696.000000  697.000000  0.992725 
697.000000  698.000000  0.992733 
698.000000  699.000000  0.992741 
699.000000  700.000000  0.992749 
700.000000  701.000000  0.992757 
701.000000  702.000000  0.992764 
702.000000  703.000000  0.992772 
703.000000  704.000000  0.992780 
704.000000  705.000000  0.992788 
705.000000  706.000000  0.992795 
706.000000  707.000000  0.992803 
707.000000  708.000000  0.992811 
708.000000  709.000000  0.992818 
709.000000  710.000000  0.992826 
710.000000  711.000000  0.992833 
711.000000  712.000000  0.992841 
712.000000  713.000000  0.992848 
713.000000  714.000000  0.992856 
714.000000  715.000000  0.992863 
715.000000  716.000000  0.992870 
716.000000  717.000000  0.992878 
717.000000  718.000000  0.992885 
718.000000  719.000000  0.992892 
719.000000  720.000000  0.992900 
720.000000  721.000000  0.992907 
721.000000  722.000000  0.992914 
722.000000  723.000000  0.992921 
723.000000  724.000000  0.992928 
724.000000  725.000000  0.992936 
725.000000  726.000000  0.992943 
726.000000  727.000000  0.992950 
727.000000  728.000000  0.992957 
728.000000  729.000000  0.992964 
729.000000  730.000000  0.992971 
730.000000  731.000000  0.992978 
731.000000  732.000000  0.992984 
732.000000  733.000000  0.992991 
733.000000  734.000000  0.992998 
734.000000  735.000000  0.993005 
735.000000  736.000000  0.993012 
736.000000  737.000000  0.993018 
737.000000  738.000000  0.993025 
738.000000  739.000000  0.993032 
739.000000  740.000000  0.993039 
740.000000  741.000000  0.993045 
741.000000  742.000000  0.993052 
742.000000  743.000000  0.993058 
743.000000  744.000000  0.993065 
744.000000  745.000000  0.993071 
745.000000  746.000000  0.993078 
746.000000  747.000000  0.993084 
747.000000  748.000000  0.993091 
748.000000  749.000000  0.993097 
749.000000  750.000000  0.993104 
750.000000  751.000000  0.993110 
751.000000  752.000000  0.993116 
752.000000  753.000000  0.993123 
753.000000  754.000000  0.993129 
754.000000  755.000000  0.993135 
755.000000  756.000000  0.993141 
756.000000  757.000000  0.993147 
757.000000  758.000000  0.993153 
758.000000  759.000000  0.993160 
759.000000  760.000000  0.993166 
760.000000  761.000000  0.993172 
761.000000  762.000000  0.993178 
762.000000  763.000000  0.993184 
763.000000  764.000000  0.993190 
764.000000  765.000000  0.993196 
765.000000  766.000000  0.993202 
766.000000  767.000000  0.993208 
767.000000  768.000000  0.993213 
768.000000  769.000000  0.993219 
769.000000  770.000000  0.993225 
770.000000  771.000000  0.993231 
771.000000  772.000000  0.993237 
772.000000  773.000000  0.993242 
773.000000  774.000000  0.993248 
774.000000  775.000000  0.993254 
775.000000  776.000000  0.993259 
776.000000  777.000000  0.993265 
777.000000  778.000000  0.993271 
778.000000  779.000000  0.993276 
779.000000  780.000000  0.993282 
780.000000  781.000000  0.993287 
781.000000  782.000000  0.993293 
782.000000  783.000000  0.993298 
783.000000  784.000000  0.993304 
784.000000  785.000000  0.993309 
785.000000  786.000000  0.993314 
786.000000  787.000000  0.993320 
787.000000  788.000000  0.993325 
788.000000  789.000000  0.993330 
789.000000  790.000000  0.993336 
790.000000  791.000000  0.993341 
791.000000  792.000000  0.993346 
792.000000  793.000000  0.993351 
793.000000  794.000000  0.993357 
794.000000  795.000000  0.993362 
795.000000  796.000000  0.993367 
796.000000  797.000000  0.993372 
797.000000  798.000000  0.993377 
798.000000  799.000000  0.993382 
799.000000  800.000000  0.993387 
