17.000000  18.000000  0.991440 
18.000000  19.000000  0.993592 
19.000000  20.000000  0.995389 
20.000000  21.000000  0.996884 
21.000000  22.000000  0.998120 
22.000000  23.000000  0.999132 
23.000000  24.000000  0.999930 
24.000000  25.000000  1.000588 
25.000000  26.000000  1.001359 
26.000000  27.000000  1.001756 
27.000000  28.000000  1.002086 
28.000000  29.000000  1.002362 
29.000000  30.000000  1.002605 
30.000000  31.000000  1.002821 
31.000000  32.000000  1.003009 
32.000000  33.000000  1.003179 
33.000000  34.000000  1.003356 
34.000000  35.000000  1.003517 
35.000000  36.000000  1.003656 
36.000000  37.000000  1.003775 
37.000000  38.000000  1.003876 
38.000000  39.000000  1.003959 
39.000000  40.000000  1.004024 
40.000000  41.000000  1.004067 
41.000000  42.000000  1.004088 
42.000000  43.000000  1.004095 
43.000000  44.000000  1.004088 
44.000000  45.000000  1.004070 
45.000000  46.000000  1.004040 
46.000000  47.000000  1.003999 
47.000000  48.000000  1.003948 
48.000000  49.000000  1.003888 
49.000000  50.000000  1.003819 
50.000000  51.000000  1.003742 
51.000000  52.000000  1.003657 
52.000000  53.000000  1.003565 
53.000000  54.000000  1.003469 
54.000000  55.000000  1.003367 
55.000000  56.000000  1.003259 
56.000000  57.000000  1.003147 
57.000000  58.000000  1.003030 
58.000000  59.000000  1.002909 
59.000000  60.000000  1.002785 
60.000000  61.000000  1.002657 
61.000000  62.000000  1.002526 
62.000000  63.000000  1.002392 
63.000000  64.000000  1.002256 
64.000000  65.000000  1.002119 
65.000000  66.000000  1.001980 
66.000000  67.000000  1.001839 
67.000000  68.000000  1.001698 
68.000000  69.000000  1.001556 
69.000000  70.000000  1.001414 
70.000000  71.000000  1.001271 
71.000000  72.000000  1.001128 
72.000000  73.000000  1.000985 
73.000000  74.000000  1.000842 
74.000000  75.000000  1.000700 
75.000000  76.000000  1.000558 
76.000000  77.000000  1.000416 
77.000000  78.000000  1.000275 
78.000000  79.000000  1.000135 
79.000000  80.000000  0.999995 
80.000000  81.000000  0.999857 
81.000000  82.000000  0.999719 
82.000000  83.000000  0.999583 
83.000000  84.000000  0.999447 
84.000000  85.000000  0.999313 
85.000000  86.000000  0.999179 
86.000000  87.000000  0.999047 
87.000000  88.000000  0.998915 
88.000000  89.000000  0.998785 
89.000000  90.000000  0.998655 
90.000000  91.000000  0.998527 
91.000000  92.000000  0.998400 
92.000000  93.000000  0.998274 
93.000000  94.000000  0.998149 
94.000000  95.000000  0.998025 
95.000000  96.000000  0.997902 
96.000000  97.000000  0.997780 
97.000000  98.000000  0.997660 
98.000000  99.000000  0.997541 
99.000000  100.000000  0.997423 
100.000000  101.000000  0.997306 
101.000000  102.000000  0.997191 
102.000000  103.000000  0.997076 
103.000000  104.000000  0.996963 
104.000000  105.000000  0.996851 
105.000000  106.000000  0.996741 
106.000000  107.000000  0.996631 
107.000000  108.000000  0.996524 
108.000000  109.000000  0.996417 
109.000000  110.000000  0.996313 
110.000000  111.000000  0.996209 
111.000000  112.000000  0.996108 
112.000000  113.000000  0.996008 
113.000000  114.000000  0.995909 
114.000000  115.000000  0.995812 
115.000000  116.000000  0.995717 
116.000000  117.000000  0.995624 
117.000000  118.000000  0.995533 
118.000000  119.000000  0.995443 
119.000000  120.000000  0.995356 
120.000000  121.000000  0.995270 
121.000000  122.000000  0.995186 
122.000000  123.000000  0.995105 
123.000000  124.000000  0.995025 
124.000000  125.000000  0.994947 
125.000000  126.000000  0.994872 
126.000000  127.000000  0.994799 
127.000000  128.000000  0.994728 
128.000000  129.000000  0.994659 
129.000000  130.000000  0.994592 
130.000000  131.000000  0.994527 
131.000000  132.000000  0.994465 
132.000000  133.000000  0.994405 
133.000000  134.000000  0.994347 
134.000000  135.000000  0.994291 
135.000000  136.000000  0.994238 
136.000000  137.000000  0.994186 
137.000000  138.000000  0.994137 
138.000000  139.000000  0.994090 
139.000000  140.000000  0.994045 
140.000000  141.000000  0.994002 
141.000000  142.000000  0.993961 
142.000000  143.000000  0.993922 
143.000000  144.000000  0.993885 
144.000000  145.000000  0.993850 
145.000000  146.000000  0.993817 
146.000000  147.000000  0.993786 
147.000000  148.000000  0.993757 
148.000000  149.000000  0.993729 
149.000000  150.000000  0.993704 
150.000000  151.000000  0.993680 
151.000000  152.000000  0.993657 
152.000000  153.000000  0.993636 
153.000000  154.000000  0.993617 
154.000000  155.000000  0.993599 
155.000000  156.000000  0.993582 
156.000000  157.000000  0.993567 
157.000000  158.000000  0.993553 
158.000000  159.000000  0.993541 
159.000000  160.000000  0.993529 
160.000000  161.000000  0.993519 
161.000000  162.000000  0.993510 
162.000000  163.000000  0.993501 
163.000000  164.000000  0.993494 
164.000000  165.000000  0.993488 
165.000000  166.000000  0.993482 
166.000000  167.000000  0.993477 
167.000000  168.000000  0.993473 
168.000000  169.000000  0.993470 
169.000000  170.000000  0.993467 
170.000000  171.000000  0.993465 
171.000000  172.000000  0.993464 
172.000000  173.000000  0.993463 
173.000000  174.000000  0.993462 
174.000000  175.000000  0.993462 
175.000000  176.000000  0.993462 
176.000000  177.000000  0.993462 
177.000000  178.000000  0.993463 
178.000000  179.000000  0.993464 
179.000000  180.000000  0.993465 
180.000000  181.000000  0.993467 
181.000000  182.000000  0.993468 
182.000000  183.000000  0.993470 
183.000000  184.000000  0.993472 
184.000000  185.000000  0.993474 
185.000000  186.000000  0.993476 
186.000000  187.000000  0.993478 
187.000000  188.000000  0.993480 
188.000000  189.000000  0.993482 
189.000000  190.000000  0.993483 
190.000000  191.000000  0.993485 
191.000000  192.000000  0.993487 
192.000000  193.000000  0.993489 
193.000000  194.000000  0.993490 
194.000000  195.000000  0.993491 
195.000000  196.000000  0.993493 
196.000000  197.000000  0.993494 
197.000000  198.000000  0.993495 
198.000000  199.000000  0.993496 
199.000000  200.000000  0.993496 
200.000000  201.000000  0.993497 
201.000000  202.000000  0.993497 
202.000000  203.000000  0.993497 
203.000000  204.000000  0.993497 
204.000000  205.000000  0.993496 
205.000000  206.000000  0.993496 
206.000000  207.000000  0.993495 
207.000000  208.000000  0.993494 
208.000000  209.000000  0.993493 
209.000000  210.000000  0.993492 
210.000000  211.000000  0.993490 
211.000000  212.000000  0.993488 
212.000000  213.000000  0.993487 
213.000000  214.000000  0.993484 
214.000000  215.000000  0.993482 
215.000000  216.000000  0.993479 
216.000000  217.000000  0.993477 
217.000000  218.000000  0.993474 
218.000000  219.000000  0.993471 
219.000000  220.000000  0.993467 
220.000000  221.000000  0.993464 
221.000000  222.000000  0.993460 
222.000000  223.000000  0.993456 
223.000000  224.000000  0.993452 
224.000000  225.000000  0.993448 
225.000000  226.000000  0.993444 
226.000000  227.000000  0.993439 
227.000000  228.000000  0.993434 
228.000000  229.000000  0.993429 
229.000000  230.000000  0.993424 
230.000000  231.000000  0.993419 
231.000000  232.000000  0.993414 
232.000000  233.000000  0.993408 
233.000000  234.000000  0.993402 
234.000000  235.000000  0.993397 
235.000000  236.000000  0.993391 
236.000000  237.000000  0.993384 
237.000000  238.000000  0.993378 
238.000000  239.000000  0.993372 
239.000000  240.000000  0.993365 
240.000000  241.000000  0.993359 
241.000000  242.000000  0.993352 
242.000000  243.000000  0.993345 
243.000000  244.000000  0.993338 
244.000000  245.000000  0.993331 
245.000000  246.000000  0.993323 
246.000000  247.000000  0.993316 
247.000000  248.000000  0.993308 
248.000000  249.000000  0.993301 
249.000000  250.000000  0.993293 
250.000000  251.000000  0.993285 
251.000000  252.000000  0.993277 
252.000000  253.000000  0.993269 
253.000000  254.000000  0.993261 
254.000000  255.000000  0.993253 
255.000000  256.000000  0.993244 
256.000000  257.000000  0.993235 
257.000000  258.000000  0.993227 
258.000000  259.000000  0.993218 
259.000000  260.000000  0.993209 
260.000000  261.000000  0.993199 
261.000000  262.000000  0.993190 
262.000000  263.000000  0.993181 
263.000000  264.000000  0.993172 
264.000000  265.000000  0.993162 
265.000000  266.000000  0.993153 
266.000000  267.000000  0.993143 
267.000000  268.000000  0.993133 
268.000000  269.000000  0.993123 
269.000000  270.000000  0.993113 
270.000000  271.000000  0.993103 
271.000000  272.000000  0.993093 
272.000000  273.000000  0.993083 
273.000000  274.000000  0.993072 
274.000000  275.000000  0.993062 
275.000000  276.000000  0.993051 
276.000000  277.000000  0.993040 
277.000000  278.000000  0.993029 
278.000000  279.000000  0.993018 
279.000000  280.000000  0.993007 
280.000000  281.000000  0.992996 
281.000000  282.000000  0.992985 
282.000000  283.000000  0.992973 
283.000000  284.000000  0.992962 
284.000000  285.000000  0.992950 
285.000000  286.000000  0.992938 
286.000000  287.000000  0.992926 
287.000000  288.000000  0.992914 
288.000000  289.000000  0.992902 
289.000000  290.000000  0.992890 
290.000000  291.000000  0.992878 
291.000000  292.000000  0.992865 
292.000000  293.000000  0.992853 
293.000000  294.000000  0.992840 
294.000000  295.000000  0.992827 
295.000000  296.000000  0.992814 
296.000000  297.000000  0.992801 
297.000000  298.000000  0.992788 
298.000000  299.000000  0.992775 
299.000000  300.000000  0.992762 
300.000000  301.000000  0.992748 
301.000000  302.000000  0.992735 
302.000000  303.000000  0.992721 
303.000000  304.000000  0.992707 
304.000000  305.000000  0.992694 
305.000000  306.000000  0.992680 
306.000000  307.000000  0.992666 
307.000000  308.000000  0.992652 
308.000000  309.000000  0.992638 
309.000000  310.000000  0.992623 
310.000000  311.000000  0.992609 
311.000000  312.000000  0.992594 
312.000000  313.000000  0.992580 
313.000000  314.000000  0.992565 
314.000000  315.000000  0.992550 
315.000000  316.000000  0.992536 
316.000000  317.000000  0.992521 
317.000000  318.000000  0.992506 
318.000000  319.000000  0.992491 
319.000000  320.000000  0.992476 
320.000000  321.000000  0.992461 
321.000000  322.000000  0.992445 
322.000000  323.000000  0.992430 
323.000000  324.000000  0.992415 
324.000000  325.000000  0.992399 
325.000000  326.000000  0.992384 
326.000000  327.000000  0.992368 
327.000000  328.000000  0.992352 
328.000000  329.000000  0.992337 
329.000000  330.000000  0.992321 
330.000000  331.000000  0.992305 
331.000000  332.000000  0.992289 
332.000000  333.000000  0.992274 
333.000000  334.000000  0.992258 
334.000000  335.000000  0.992242 
335.000000  336.000000  0.992226 
336.000000  337.000000  0.992210 
337.000000  338.000000  0.992194 
338.000000  339.000000  0.992178 
339.000000  340.000000  0.992162 
340.000000  341.000000  0.992145 
341.000000  342.000000  0.992129 
342.000000  343.000000  0.992113 
343.000000  344.000000  0.992097 
344.000000  345.000000  0.992081 
345.000000  346.000000  0.992065 
346.000000  347.000000  0.992049 
347.000000  348.000000  0.992032 
348.000000  349.000000  0.992016 
349.000000  350.000000  0.992000 
350.000000  351.000000  0.991984 
351.000000  352.000000  0.991968 
352.000000  353.000000  0.991952 
353.000000  354.000000  0.991936 
354.000000  355.000000  0.991919 
355.000000  356.000000  0.991903 
356.000000  357.000000  0.991887 
357.000000  358.000000  0.991871 
358.000000  359.000000  0.991855 
359.000000  360.000000  0.991840 
360.000000  361.000000  0.991824 
361.000000  362.000000  0.991808 
362.000000  363.000000  0.991792 
363.000000  364.000000  0.991776 
364.000000  365.000000  0.991761 
365.000000  366.000000  0.991745 
366.000000  367.000000  0.991729 
367.000000  368.000000  0.991714 
368.000000  369.000000  0.991699 
369.000000  370.000000  0.991683 
370.000000  371.000000  0.991668 
371.000000  372.000000  0.991653 
372.000000  373.000000  0.991638 
373.000000  374.000000  0.991622 
374.000000  375.000000  0.991607 
375.000000  376.000000  0.991593 
376.000000  377.000000  0.991578 
377.000000  378.000000  0.991563 
378.000000  379.000000  0.991549 
379.000000  380.000000  0.991534 
380.000000  381.000000  0.991520 
381.000000  382.000000  0.991505 
382.000000  383.000000  0.991491 
383.000000  384.000000  0.991477 
384.000000  385.000000  0.991463 
385.000000  386.000000  0.991449 
386.000000  387.000000  0.991436 
387.000000  388.000000  0.991422 
388.000000  389.000000  0.991408 
389.000000  390.000000  0.991395 
390.000000  391.000000  0.991382 
391.000000  392.000000  0.991369 
392.000000  393.000000  0.991356 
393.000000  394.000000  0.991343 
394.000000  395.000000  0.991330 
395.000000  396.000000  0.991318 
396.000000  397.000000  0.991305 
397.000000  398.000000  0.991293 
398.000000  399.000000  0.991281 
399.000000  400.000000  0.991269 
400.000000  401.000000  0.991257 
401.000000  402.000000  0.991246 
402.000000  403.000000  0.991234 
403.000000  404.000000  0.991223 
404.000000  405.000000  0.991212 
405.000000  406.000000  0.991201 
406.000000  407.000000  0.991190 
407.000000  408.000000  0.991179 
408.000000  409.000000  0.991168 
409.000000  410.000000  0.991158 
410.000000  411.000000  0.991148 
411.000000  412.000000  0.991138 
412.000000  413.000000  0.991128 
413.000000  414.000000  0.991118 
414.000000  415.000000  0.991109 
415.000000  416.000000  0.991100 
416.000000  417.000000  0.991090 
417.000000  418.000000  0.991081 
418.000000  419.000000  0.991073 
419.000000  420.000000  0.991064 
420.000000  421.000000  0.991056 
421.000000  422.000000  0.991047 
422.000000  423.000000  0.991039 
423.000000  424.000000  0.991032 
424.000000  425.000000  0.991024 
425.000000  426.000000  0.991016 
426.000000  427.000000  0.991009 
427.000000  428.000000  0.991002 
428.000000  429.000000  0.990995 
429.000000  430.000000  0.990988 
430.000000  431.000000  0.990982 
431.000000  432.000000  0.990975 
432.000000  433.000000  0.990969 
433.000000  434.000000  0.990963 
434.000000  435.000000  0.990957 
435.000000  436.000000  0.990952 
436.000000  437.000000  0.990946 
437.000000  438.000000  0.990941 
438.000000  439.000000  0.990936 
439.000000  440.000000  0.990931 
440.000000  441.000000  0.990927 
441.000000  442.000000  0.990922 
442.000000  443.000000  0.990918 
443.000000  444.000000  0.990914 
444.000000  445.000000  0.990910 
445.000000  446.000000  0.990906 
446.000000  447.000000  0.990903 
447.000000  448.000000  0.990900 
448.000000  449.000000  0.990896 
449.000000  450.000000  0.990894 
450.000000  451.000000  0.990891 
451.000000  452.000000  0.990888 
452.000000  453.000000  0.990886 
453.000000  454.000000  0.990884 
454.000000  455.000000  0.990882 
455.000000  456.000000  0.990880 
456.000000  457.000000  0.990878 
457.000000  458.000000  0.990877 
458.000000  459.000000  0.990876 
459.000000  460.000000  0.990875 
460.000000  461.000000  0.990874 
461.000000  462.000000  0.990873 
462.000000  463.000000  0.990872 
463.000000  464.000000  0.990872 
464.000000  465.000000  0.990872 
465.000000  466.000000  0.990872 
466.000000  467.000000  0.990872 
467.000000  468.000000  0.990873 
468.000000  469.000000  0.990873 
469.000000  470.000000  0.990874 
470.000000  471.000000  0.990875 
471.000000  472.000000  0.990876 
472.000000  473.000000  0.990877 
473.000000  474.000000  0.990878 
474.000000  475.000000  0.990880 
475.000000  476.000000  0.990881 
476.000000  477.000000  0.990883 
477.000000  478.000000  0.990885 
478.000000  479.000000  0.990888 
479.000000  480.000000  0.990890 
480.000000  481.000000  0.990892 
481.000000  482.000000  0.990895 
482.000000  483.000000  0.990898 
483.000000  484.000000  0.990901 
484.000000  485.000000  0.990904 
485.000000  486.000000  0.990907 
486.000000  487.000000  0.990911 
487.000000  488.000000  0.990914 
488.000000  489.000000  0.990918 
489.000000  490.000000  0.990922 
490.000000  491.000000  0.990926 
491.000000  492.000000  0.990930 
492.000000  493.000000  0.990934 
493.000000  494.000000  0.990938 
494.000000  495.000000  0.990943 
495.000000  496.000000  0.990948 
496.000000  497.000000  0.990952 
497.000000  498.000000  0.990957 
498.000000  499.000000  0.990962 
499.000000  500.000000  0.990968 
500.000000  501.000000  0.990973 
501.000000  502.000000  0.990978 
502.000000  503.000000  0.990984 
503.000000  504.000000  0.990989 
504.000000  505.000000  0.990995 
505.000000  506.000000  0.991001 
506.000000  507.000000  0.991007 
507.000000  508.000000  0.991013 
508.000000  509.000000  0.991019 
509.000000  510.000000  0.991026 
510.000000  511.000000  0.991032 
511.000000  512.000000  0.991039 
512.000000  513.000000  0.991045 
513.000000  514.000000  0.991052 
514.000000  515.000000  0.991059 
515.000000  516.000000  0.991066 
516.000000  517.000000  0.991073 
517.000000  518.000000  0.991080 
518.000000  519.000000  0.991087 
519.000000  520.000000  0.991095 
520.000000  521.000000  0.991102 
521.000000  522.000000  0.991110 
522.000000  523.000000  0.991117 
523.000000  524.000000  0.991125 
524.000000  525.000000  0.991133 
525.000000  526.000000  0.991140 
526.000000  527.000000  0.991148 
527.000000  528.000000  0.991156 
528.000000  529.000000  0.991164 
529.000000  530.000000  0.991173 
530.000000  531.000000  0.991181 
531.000000  532.000000  0.991189 
532.000000  533.000000  0.991197 
533.000000  534.000000  0.991206 
534.000000  535.000000  0.991214 
535.000000  536.000000  0.991223 
536.000000  537.000000  0.991232 
537.000000  538.000000  0.991240 
538.000000  539.000000  0.991249 
539.000000  540.000000  0.991258 
540.000000  541.000000  0.991267 
541.000000  542.000000  0.991276 
542.000000  543.000000  0.991285 
543.000000  544.000000  0.991294 
544.000000  545.000000  0.991303 
545.000000  546.000000  0.991312 
546.000000  547.000000  0.991321 
547.000000  548.000000  0.991330 
548.000000  549.000000  0.991340 
549.000000  550.000000  0.991349 
550.000000  551.000000  0.991358 
551.000000  552.000000  0.991368 
552.000000  553.000000  0.991377 
553.000000  554.000000  0.991387 
554.000000  555.000000  0.991396 
555.000000  556.000000  0.991406 
556.000000  557.000000  0.991415 
557.000000  558.000000  0.991425 
558.000000  559.000000  0.991435 
559.000000  560.000000  0.991444 
560.000000  561.000000  0.991454 
561.000000  562.000000  0.991464 
562.000000  563.000000  0.991474 
563.000000  564.000000  0.991483 
564.000000  565.000000  0.991493 
565.000000  566.000000  0.991503 
566.000000  567.000000  0.991513 
567.000000  568.000000  0.991523 
568.000000  569.000000  0.991533 
569.000000  570.000000  0.991543 
570.000000  571.000000  0.991553 
571.000000  572.000000  0.991563 
572.000000  573.000000  0.991573 
573.000000  574.000000  0.991583 
574.000000  575.000000  0.991593 
575.000000  576.000000  0.991603 
576.000000  577.000000  0.991613 
577.000000  578.000000  0.991623 
578.000000  579.000000  0.991633 
579.000000  580.000000  0.991644 
580.000000  581.000000  0.991654 
581.000000  582.000000  0.991664 
582.000000  583.000000  0.991674 
583.000000  584.000000  0.991684 
584.000000  585.000000  0.991694 
585.000000  586.000000  0.991704 
586.000000  587.000000  0.991715 
587.000000  588.000000  0.991725 
588.000000  589.000000  0.991735 
589.000000  590.000000  0.991745 
590.000000  591.000000  0.991755 
591.000000  592.000000  0.991766 
592.000000  593.000000  0.991776 
593.000000  594.000000  0.991786 
594.000000  595.000000  0.991796 
595.000000  596.000000  0.991806 
596.000000  597.000000  0.991816 
597.000000  598.000000  0.991827 
598.000000  599.000000  0.991837 
599.000000  600.000000  0.991847 
600.000000  601.000000  0.991857 
601.000000  602.000000  0.991867 
602.000000  603.000000  0.991877 
603.000000  604.000000  0.991888 
604.000000  605.000000  0.991898 
605.000000  606.000000  0.991908 
606.000000  607.000000  0.991918 
607.000000  608.000000  0.991928 
608.000000  609.000000  0.991938 
609.000000  610.000000  0.991948 
610.000000  611.000000  0.991958 
611.000000  612.000000  0.991968 
612.000000  613.000000  0.991978 
613.000000  614.000000  0.991988 
614.000000  615.000000  0.991998 
615.000000  616.000000  0.992008 
616.000000  617.000000  0.992018 
617.000000  618.000000  0.992028 
618.000000  619.000000  0.992038 
619.000000  620.000000  0.992048 
620.000000  621.000000  0.992058 
621.000000  622.000000  0.992068 
622.000000  623.000000  0.992078 
623.000000  624.000000  0.992088 
624.000000  625.000000  0.992098 
625.000000  626.000000  0.992108 
626.000000  627.000000  0.992117 
627.000000  628.000000  0.992127 
628.000000  629.000000  0.992137 
629.000000  630.000000  0.992147 
630.000000  631.000000  0.992156 
631.000000  632.000000  0.992166 
632.000000  633.000000  0.992176 
633.000000  634.000000  0.992186 
634.000000  635.000000  0.992195 
635.000000  636.000000  0.992205 
636.000000  637.000000  0.992214 
637.000000  638.000000  0.992224 
638.000000  639.000000  0.992234 
639.000000  640.000000  0.992243 
640.000000  641.000000  0.992253 
641.000000  642.000000  0.992262 
642.000000  643.000000  0.992272 
643.000000  644.000000  0.992281 
644.000000  645.000000  0.992290 
645.000000  646.000000  0.992300 
646.000000  647.000000  0.992309 
647.000000  648.000000  0.992319 
648.000000  649.000000  0.992328 
649.000000  650.000000  0.992337 
650.000000  651.000000  0.992346 
651.000000  652.000000  0.992356 
652.000000  653.000000  0.992365 
653.000000  654.000000  0.992374 
654.000000  655.000000  0.992383 
655.000000  656.000000  0.992392 
656.000000  657.000000  0.992401 
657.000000  658.000000  0.992411 
658.000000  659.000000  0.992420 
659.000000  660.000000  0.992429 
660.000000  661.000000  0.992438 
661.000000  662.000000  0.992447 
662.000000  663.000000  0.992455 
663.000000  664.000000  0.992464 
664.000000  665.000000  0.992473 
665.000000  666.000000  0.992482 
666.000000  667.000000  0.992491 
667.000000  668.000000  0.992500 
668.000000  669.000000  0.992509 
669.000000  670.000000  0.992517 
670.000000  671.000000  0.992526 
671.000000  672.000000  0.992535 
672.000000  673.000000  0.992543 
673.000000  674.000000  0.992552 
674.000000  675.000000  0.992561 
675.000000  676.000000  0.992569 
676.000000  677.000000  0.992578 
677.000000  678.000000  0.992586 
678.000000  679.000000  0.992595 
679.000000  680.000000  0.992603 
680.000000  681.000000  0.992611 
681.000000  682.000000  0.992620 
682.000000  683.000000  0.992628 
683.000000  684.000000  0.992636 
684.000000  685.000000  0.992645 
685.000000  686.000000  0.992653 
686.000000  687.000000  0.992661 
687.000000  688.000000  0.992669 
688.000000  689.000000  0.992678 
689.000000  690.000000  0.992686 
690.000000  691.000000  0.992694 
691.000000  692.000000  0.992702 
692.000000  693.000000  0.992710 
693.000000  694.000000  0.992718 
694.000000  695.000000  0.992726 
695.000000  696.000000  0.992734 
696.000000  697.000000  0.992742 
697.000000  698.000000  0.992750 
698.000000  699.000000  0.992758 
699.000000  700.000000  0.992766 
700.000000  701.000000  0.992773 
701.000000  702.000000  0.992781 
702.000000  703.000000  0.992789 
703.000000  704.000000  0.992797 
704.000000  705.000000  0.992804 
705.000000  706.000000  0.992812 
706.000000  707.000000  0.992820 
707.000000  708.000000  0.992827 
708.000000  709.000000  0.992835 
709.000000  710.000000  0.992842 
710.000000  711.000000  0.992850 
711.000000  712.000000  0.992857 
712.000000  713.000000  0.992865 
713.000000  714.000000  0.992872 
714.000000  715.000000  0.992879 
715.000000  716.000000  0.992887 
716.000000  717.000000  0.992894 
717.000000  718.000000  0.992901 
718.000000  719.000000  0.992909 
719.000000  720.000000  0.992916 
720.000000  721.000000  0.992923 
721.000000  722.000000  0.992930 
722.000000  723.000000  0.992937 
723.000000  724.000000  0.992944 
724.000000  725.000000  0.992952 
725.000000  726.000000  0.992959 
726.000000  727.000000  0.992966 
727.000000  728.000000  0.992973 
728.000000  729.000000  0.992980 
729.000000  730.000000  0.992986 
730.000000  731.000000  0.992993 
731.000000  732.000000  0.993000 
732.000000  733.000000  0.993007 
733.000000  734.000000  0.993014 
734.000000  735.000000  0.993021 
735.000000  736.000000  0.993027 
736.000000  737.000000  0.993034 
737.000000  738.000000  0.993041 
738.000000  739.000000  0.993047 
739.000000  740.000000  0.993054 
740.000000  741.000000  0.993061 
741.000000  742.000000  0.993067 
742.000000  743.000000  0.993074 
743.000000  744.000000  0.993080 
744.000000  745.000000  0.993087 
745.000000  746.000000  0.993093 
746.000000  747.000000  0.993100 
747.000000  748.000000  0.993106 
748.000000  749.000000  0.993113 
749.000000  750.000000  0.993119 
750.000000  751.000000  0.993125 
751.000000  752.000000  0.993131 
752.000000  753.000000  0.993138 
753.000000  754.000000  0.993144 
754.000000  755.000000  0.993150 
755.000000  756.000000  0.993156 
756.000000  757.000000  0.993163 
757.000000  758.000000  0.993169 
758.000000  759.000000  0.993175 
759.000000  760.000000  0.993181 
760.000000  761.000000  0.993187 
761.000000  762.000000  0.993193 
762.000000  763.000000  0.993199 
763.000000  764.000000  0.993205 
764.000000  765.000000  0.993211 
765.000000  766.000000  0.993217 
766.000000  767.000000  0.993222 
767.000000  768.000000  0.993228 
768.000000  769.000000  0.993234 
769.000000  770.000000  0.993240 
770.000000  771.000000  0.993246 
771.000000  772.000000  0.993251 
772.000000  773.000000  0.993257 
773.000000  774.000000  0.993263 
774.000000  775.000000  0.993269 
775.000000  776.000000  0.993274 
776.000000  777.000000  0.993280 
777.000000  778.000000  0.993285 
778.000000  779.000000  0.993291 
779.000000  780.000000  0.993296 
780.000000  781.000000  0.993302 
781.000000  782.000000  0.993307 
782.000000  783.000000  0.993313 
783.000000  784.000000  0.993318 
784.000000  785.000000  0.993324 
785.000000  786.000000  0.993329 
786.000000  787.000000  0.993334 
787.000000  788.000000  0.993340 
788.000000  789.000000  0.993345 
789.000000  790.000000  0.993350 
790.000000  791.000000  0.993356 
791.000000  792.000000  0.993361 
792.000000  793.000000  0.993366 
793.000000  794.000000  0.993371 
794.000000  795.000000  0.993376 
795.000000  796.000000  0.993381 
796.000000  797.000000  0.993387 
797.000000  798.000000  0.993392 
798.000000  799.000000  0.993397 
799.000000  800.000000  0.993402 
