20.000000  21.000000  0.967603 
21.000000  22.000000  0.967383 
22.000000  23.000000  0.967164 
23.000000  24.000000  0.966949 
24.000000  25.000000  0.966741 
25.000000  26.000000  0.966545 
26.000000  27.000000  0.966361 
27.000000  28.000000  0.966193 
28.000000  29.000000  0.966042 
29.000000  30.000000  0.965909 
30.000000  31.000000  0.965796 
31.000000  32.000000  0.965702 
32.000000  33.000000  0.965629 
33.000000  34.000000  0.965576 
34.000000  35.000000  0.965544 
35.000000  36.000000  0.965531 
36.000000  37.000000  0.965539 
37.000000  38.000000  0.965565 
38.000000  39.000000  0.965610 
39.000000  40.000000  0.965673 
40.000000  41.000000  0.965753 
41.000000  42.000000  0.965849 
42.000000  43.000000  0.965960 
43.000000  44.000000  0.966085 
44.000000  45.000000  0.966224 
45.000000  46.000000  0.966375 
46.000000  47.000000  0.966538 
47.000000  48.000000  0.966712 
48.000000  49.000000  0.966894 
49.000000  50.000000  0.967086 
50.000000  51.000000  0.967285 
51.000000  52.000000  0.967491 
52.000000  53.000000  0.967702 
53.000000  54.000000  0.967918 
54.000000  55.000000  0.968138 
55.000000  56.000000  0.968361 
56.000000  57.000000  0.968587 
57.000000  58.000000  0.968814 
58.000000  59.000000  0.969041 
59.000000  60.000000  0.969268 
60.000000  61.000000  0.969495 
61.000000  62.000000  0.969720 
62.000000  63.000000  0.969944 
63.000000  64.000000  0.970165 
64.000000  65.000000  0.970382 
65.000000  66.000000  0.970597 
66.000000  67.000000  0.970807 
67.000000  68.000000  0.971013 
68.000000  69.000000  0.971215 
69.000000  70.000000  0.971411 
70.000000  71.000000  0.971603 
71.000000  72.000000  0.971789 
72.000000  73.000000  0.971970 
73.000000  74.000000  0.972145 
74.000000  75.000000  0.972315 
75.000000  76.000000  0.972479 
76.000000  77.000000  0.972637 
77.000000  78.000000  0.972789 
78.000000  79.000000  0.972935 
79.000000  80.000000  0.973076 
80.000000  81.000000  0.973211 
81.000000  82.000000  0.973340 
82.000000  83.000000  0.973464 
83.000000  84.000000  0.973583 
84.000000  85.000000  0.973696 
85.000000  86.000000  0.973804 
86.000000  87.000000  0.973907 
87.000000  88.000000  0.974005 
88.000000  89.000000  0.974099 
89.000000  90.000000  0.974188 
90.000000  91.000000  0.974273 
91.000000  92.000000  0.974353 
92.000000  93.000000  0.974429 
93.000000  94.000000  0.974502 
94.000000  95.000000  0.974571 
95.000000  96.000000  0.974636 
96.000000  97.000000  0.974698 
97.000000  98.000000  0.974756 
98.000000  99.000000  0.974812 
99.000000  100.000000  0.974864 
100.000000  101.000000  0.974914 
101.000000  102.000000  0.974961 
102.000000  103.000000  0.975006 
103.000000  104.000000  0.975048 
104.000000  105.000000  0.975088 
105.000000  106.000000  0.975127 
106.000000  107.000000  0.975163 
107.000000  108.000000  0.975197 
108.000000  109.000000  0.975230 
109.000000  110.000000  0.975261 
110.000000  111.000000  0.975291 
111.000000  112.000000  0.975319 
112.000000  113.000000  0.975346 
113.000000  114.000000  0.975372 
114.000000  115.000000  0.975397 
115.000000  116.000000  0.975421 
116.000000  117.000000  0.975445 
117.000000  118.000000  0.975467 
118.000000  119.000000  0.975489 
119.000000  120.000000  0.975510 
120.000000  121.000000  0.975531 
121.000000  122.000000  0.975551 
122.000000  123.000000  0.975572 
123.000000  124.000000  0.975591 
124.000000  125.000000  0.975611 
125.000000  126.000000  0.975631 
126.000000  127.000000  0.975650 
127.000000  128.000000  0.975669 
128.000000  129.000000  0.975689 
129.000000  130.000000  0.975709 
130.000000  131.000000  0.975728 
131.000000  132.000000  0.975749 
132.000000  133.000000  0.975769 
133.000000  134.000000  0.975789 
134.000000  135.000000  0.975810 
135.000000  136.000000  0.975832 
136.000000  137.000000  0.975854 
137.000000  138.000000  0.975876 
138.000000  139.000000  0.975899 
139.000000  140.000000  0.975922 
140.000000  141.000000  0.975946 
141.000000  142.000000  0.975971 
142.000000  143.000000  0.975996 
143.000000  144.000000  0.976022 
144.000000  145.000000  0.976048 
145.000000  146.000000  0.976075 
146.000000  147.000000  0.976103 
147.000000  148.000000  0.976131 
148.000000  149.000000  0.976161 
149.000000  150.000000  0.976191 
150.000000  151.000000  0.976222 
151.000000  152.000000  0.976253 
152.000000  153.000000  0.976285 
153.000000  154.000000  0.976319 
154.000000  155.000000  0.976352 
155.000000  156.000000  0.976387 
156.000000  157.000000  0.976422 
157.000000  158.000000  0.976459 
158.000000  159.000000  0.976495 
159.000000  160.000000  0.976533 
160.000000  161.000000  0.976572 
161.000000  162.000000  0.976611 
162.000000  163.000000  0.976651 
163.000000  164.000000  0.976692 
164.000000  165.000000  0.976733 
165.000000  166.000000  0.976775 
166.000000  167.000000  0.976818 
167.000000  168.000000  0.976862 
168.000000  169.000000  0.976906 
169.000000  170.000000  0.976951 
170.000000  171.000000  0.976996 
171.000000  172.000000  0.977042 
172.000000  173.000000  0.977089 
173.000000  174.000000  0.977137 
174.000000  175.000000  0.977185 
175.000000  176.000000  0.977233 
176.000000  177.000000  0.977283 
177.000000  178.000000  0.977332 
178.000000  179.000000  0.977383 
179.000000  180.000000  0.977433 
180.000000  181.000000  0.977485 
181.000000  182.000000  0.977536 
182.000000  183.000000  0.977589 
183.000000  184.000000  0.977641 
184.000000  185.000000  0.977694 
185.000000  186.000000  0.977748 
186.000000  187.000000  0.977802 
187.000000  188.000000  0.977856 
188.000000  189.000000  0.977910 
189.000000  190.000000  0.977965 
190.000000  191.000000  0.978020 
191.000000  192.000000  0.978076 
192.000000  193.000000  0.978132 
193.000000  194.000000  0.978188 
194.000000  195.000000  0.978244 
195.000000  196.000000  0.978301 
196.000000  197.000000  0.978357 
197.000000  198.000000  0.978414 
198.000000  199.000000  0.978471 
199.000000  200.000000  0.978529 
200.000000  201.000000  0.978586 
201.000000  202.000000  0.978644 
202.000000  203.000000  0.978701 
203.000000  204.000000  0.978759 
204.000000  205.000000  0.978817 
205.000000  206.000000  0.978875 
206.000000  207.000000  0.978933 
207.000000  208.000000  0.978991 
208.000000  209.000000  0.979049 
209.000000  210.000000  0.979107 
210.000000  211.000000  0.979165 
211.000000  212.000000  0.979223 
212.000000  213.000000  0.979281 
213.000000  214.000000  0.979339 
214.000000  215.000000  0.979397 
215.000000  216.000000  0.979455 
216.000000  217.000000  0.979513 
217.000000  218.000000  0.979571 
218.000000  219.000000  0.979629 
219.000000  220.000000  0.979686 
220.000000  221.000000  0.979744 
221.000000  222.000000  0.979801 
222.000000  223.000000  0.979858 
223.000000  224.000000  0.979915 
224.000000  225.000000  0.979972 
225.000000  226.000000  0.980029 
226.000000  227.000000  0.980086 
227.000000  228.000000  0.980143 
228.000000  229.000000  0.980199 
229.000000  230.000000  0.980255 
230.000000  231.000000  0.980311 
231.000000  232.000000  0.980367 
232.000000  233.000000  0.980422 
233.000000  234.000000  0.980478 
234.000000  235.000000  0.980533 
235.000000  236.000000  0.980588 
236.000000  237.000000  0.980642 
237.000000  238.000000  0.980697 
238.000000  239.000000  0.980751 
239.000000  240.000000  0.980805 
240.000000  241.000000  0.980859 
241.000000  242.000000  0.980912 
242.000000  243.000000  0.980965 
243.000000  244.000000  0.981018 
244.000000  245.000000  0.981071 
245.000000  246.000000  0.981123 
246.000000  247.000000  0.981175 
247.000000  248.000000  0.981227 
248.000000  249.000000  0.981279 
249.000000  250.000000  0.981330 
250.000000  251.000000  0.981381 
251.000000  252.000000  0.981431 
252.000000  253.000000  0.981482 
253.000000  254.000000  0.981532 
254.000000  255.000000  0.981581 
255.000000  256.000000  0.981631 
256.000000  257.000000  0.981680 
257.000000  258.000000  0.981728 
258.000000  259.000000  0.981777 
259.000000  260.000000  0.981825 
260.000000  261.000000  0.981872 
261.000000  262.000000  0.981920 
262.000000  263.000000  0.981967 
263.000000  264.000000  0.982013 
264.000000  265.000000  0.982060 
265.000000  266.000000  0.982106 
266.000000  267.000000  0.982151 
267.000000  268.000000  0.982196 
268.000000  269.000000  0.982241 
269.000000  270.000000  0.982286 
270.000000  271.000000  0.982330 
271.000000  272.000000  0.982374 
272.000000  273.000000  0.982417 
273.000000  274.000000  0.982460 
274.000000  275.000000  0.982503 
275.000000  276.000000  0.982546 
276.000000  277.000000  0.982587 
277.000000  278.000000  0.982629 
278.000000  279.000000  0.982670 
279.000000  280.000000  0.982711 
280.000000  281.000000  0.982752 
281.000000  282.000000  0.982792 
282.000000  283.000000  0.982832 
283.000000  284.000000  0.982871 
284.000000  285.000000  0.982910 
285.000000  286.000000  0.982948 
286.000000  287.000000  0.982987 
287.000000  288.000000  0.983024 
288.000000  289.000000  0.983062 
289.000000  290.000000  0.983099 
290.000000  291.000000  0.983136 
291.000000  292.000000  0.983172 
292.000000  293.000000  0.983208 
293.000000  294.000000  0.983243 
294.000000  295.000000  0.983278 
295.000000  296.000000  0.983313 
296.000000  297.000000  0.983347 
297.000000  298.000000  0.983381 
298.000000  299.000000  0.983415 
299.000000  300.000000  0.983448 
300.000000  301.000000  0.983481 
301.000000  302.000000  0.983513 
302.000000  303.000000  0.983545 
303.000000  304.000000  0.983577 
304.000000  305.000000  0.983608 
305.000000  306.000000  0.983639 
306.000000  307.000000  0.983669 
307.000000  308.000000  0.983699 
308.000000  309.000000  0.983729 
309.000000  310.000000  0.983758 
310.000000  311.000000  0.983787 
311.000000  312.000000  0.983816 
312.000000  313.000000  0.983844 
313.000000  314.000000  0.983871 
314.000000  315.000000  0.983899 
315.000000  316.000000  0.983926 
316.000000  317.000000  0.983952 
317.000000  318.000000  0.983978 
318.000000  319.000000  0.984004 
319.000000  320.000000  0.984030 
320.000000  321.000000  0.984055 
321.000000  322.000000  0.984079 
322.000000  323.000000  0.984104 
323.000000  324.000000  0.984127 
324.000000  325.000000  0.984151 
325.000000  326.000000  0.984174 
326.000000  327.000000  0.984197 
327.000000  328.000000  0.984219 
328.000000  329.000000  0.984241 
329.000000  330.000000  0.984263 
330.000000  331.000000  0.984284 
331.000000  332.000000  0.984305 
332.000000  333.000000  0.984326 
333.000000  334.000000  0.984346 
334.000000  335.000000  0.984366 
335.000000  336.000000  0.984385 
336.000000  337.000000  0.984404 
337.000000  338.000000  0.984423 
338.000000  339.000000  0.984441 
339.000000  340.000000  0.984459 
340.000000  341.000000  0.984477 
341.000000  342.000000  0.984495 
342.000000  343.000000  0.984512 
343.000000  344.000000  0.984528 
344.000000  345.000000  0.984544 
345.000000  346.000000  0.984560 
346.000000  347.000000  0.984576 
347.000000  348.000000  0.984591 
348.000000  349.000000  0.984606 
349.000000  350.000000  0.984621 
350.000000  351.000000  0.984635 
351.000000  352.000000  0.984649 
352.000000  353.000000  0.984663 
353.000000  354.000000  0.984676 
354.000000  355.000000  0.984689 
355.000000  356.000000  0.984702 
356.000000  357.000000  0.984715 
357.000000  358.000000  0.984727 
358.000000  359.000000  0.984738 
359.000000  360.000000  0.984750 
360.000000  361.000000  0.984761 
361.000000  362.000000  0.984772 
362.000000  363.000000  0.984783 
363.000000  364.000000  0.984793 
364.000000  365.000000  0.984803 
365.000000  366.000000  0.984813 
366.000000  367.000000  0.984822 
367.000000  368.000000  0.984831 
368.000000  369.000000  0.984840 
369.000000  370.000000  0.984849 
370.000000  371.000000  0.984857 
371.000000  372.000000  0.984865 
372.000000  373.000000  0.984873 
373.000000  374.000000  0.984880 
374.000000  375.000000  0.984888 
375.000000  376.000000  0.984895 
376.000000  377.000000  0.984901 
377.000000  378.000000  0.984908 
378.000000  379.000000  0.984914 
379.000000  380.000000  0.984920 
380.000000  381.000000  0.984926 
381.000000  382.000000  0.984931 
382.000000  383.000000  0.984937 
383.000000  384.000000  0.984942 
384.000000  385.000000  0.984947 
385.000000  386.000000  0.984951 
386.000000  387.000000  0.984956 
387.000000  388.000000  0.984960 
388.000000  389.000000  0.984964 
389.000000  390.000000  0.984967 
390.000000  391.000000  0.984971 
391.000000  392.000000  0.984974 
392.000000  393.000000  0.984977 
393.000000  394.000000  0.984980 
394.000000  395.000000  0.984983 
395.000000  396.000000  0.984986 
396.000000  397.000000  0.984988 
397.000000  398.000000  0.984990 
398.000000  399.000000  0.984992 
399.000000  400.000000  0.984994 
400.000000  401.000000  0.984995 
401.000000  402.000000  0.984997 
402.000000  403.000000  0.984998 
403.000000  404.000000  0.984999 
404.000000  405.000000  0.985000 
405.000000  406.000000  0.985001 
406.000000  407.000000  0.985001 
407.000000  408.000000  0.985002 
408.000000  409.000000  0.985002 
409.000000  410.000000  0.985002 
410.000000  411.000000  0.985002 
411.000000  412.000000  0.985002 
412.000000  413.000000  0.985001 
413.000000  414.000000  0.985001 
414.000000  415.000000  0.985000 
415.000000  416.000000  0.985000 
416.000000  417.000000  0.984999 
417.000000  418.000000  0.984998 
418.000000  419.000000  0.984996 
419.000000  420.000000  0.984995 
420.000000  421.000000  0.984994 
421.000000  422.000000  0.984992 
422.000000  423.000000  0.984991 
423.000000  424.000000  0.984989 
424.000000  425.000000  0.984987 
425.000000  426.000000  0.984985 
426.000000  427.000000  0.984983 
427.000000  428.000000  0.984981 
428.000000  429.000000  0.984978 
429.000000  430.000000  0.984976 
430.000000  431.000000  0.984974 
431.000000  432.000000  0.984971 
432.000000  433.000000  0.984968 
433.000000  434.000000  0.984966 
434.000000  435.000000  0.984963 
435.000000  436.000000  0.984960 
436.000000  437.000000  0.984957 
437.000000  438.000000  0.984954 
438.000000  439.000000  0.984950 
439.000000  440.000000  0.984947 
440.000000  441.000000  0.984944 
441.000000  442.000000  0.984940 
442.000000  443.000000  0.984937 
443.000000  444.000000  0.984933 
444.000000  445.000000  0.984929 
445.000000  446.000000  0.984926 
446.000000  447.000000  0.984922 
447.000000  448.000000  0.984918 
448.000000  449.000000  0.984914 
449.000000  450.000000  0.984910 
450.000000  451.000000  0.984906 
451.000000  452.000000  0.984902 
452.000000  453.000000  0.984898 
453.000000  454.000000  0.984894 
454.000000  455.000000  0.984889 
455.000000  456.000000  0.984885 
456.000000  457.000000  0.984881 
457.000000  458.000000  0.984876 
458.000000  459.000000  0.984872 
459.000000  460.000000  0.984867 
460.000000  461.000000  0.984863 
461.000000  462.000000  0.984858 
462.000000  463.000000  0.984854 
463.000000  464.000000  0.984849 
464.000000  465.000000  0.984844 
465.000000  466.000000  0.984840 
466.000000  467.000000  0.984835 
467.000000  468.000000  0.984830 
468.000000  469.000000  0.984825 
469.000000  470.000000  0.984821 
470.000000  471.000000  0.984816 
471.000000  472.000000  0.984811 
472.000000  473.000000  0.984806 
473.000000  474.000000  0.984801 
474.000000  475.000000  0.984796 
475.000000  476.000000  0.984791 
476.000000  477.000000  0.984786 
477.000000  478.000000  0.984781 
478.000000  479.000000  0.984776 
479.000000  480.000000  0.984771 
480.000000  481.000000  0.984766 
481.000000  482.000000  0.984760 
482.000000  483.000000  0.984755 
483.000000  484.000000  0.984750 
484.000000  485.000000  0.984745 
485.000000  486.000000  0.984740 
486.000000  487.000000  0.984735 
487.000000  488.000000  0.984729 
488.000000  489.000000  0.984724 
489.000000  490.000000  0.984719 
490.000000  491.000000  0.984714 
491.000000  492.000000  0.984708 
492.000000  493.000000  0.984703 
493.000000  494.000000  0.984698 
494.000000  495.000000  0.984693 
495.000000  496.000000  0.984687 
496.000000  497.000000  0.984682 
497.000000  498.000000  0.984677 
498.000000  499.000000  0.984672 
499.000000  500.000000  0.984666 
500.000000  501.000000  0.984661 
501.000000  502.000000  0.984656 
502.000000  503.000000  0.984650 
503.000000  504.000000  0.984645 
504.000000  505.000000  0.984640 
505.000000  506.000000  0.984635 
506.000000  507.000000  0.984629 
507.000000  508.000000  0.984624 
508.000000  509.000000  0.984619 
509.000000  510.000000  0.984614 
510.000000  511.000000  0.984608 
511.000000  512.000000  0.984603 
512.000000  513.000000  0.984598 
513.000000  514.000000  0.984592 
514.000000  515.000000  0.984587 
515.000000  516.000000  0.984582 
516.000000  517.000000  0.984577 
517.000000  518.000000  0.984572 
518.000000  519.000000  0.984566 
519.000000  520.000000  0.984561 
520.000000  521.000000  0.984556 
521.000000  522.000000  0.984551 
522.000000  523.000000  0.984546 
523.000000  524.000000  0.984540 
524.000000  525.000000  0.984535 
525.000000  526.000000  0.984530 
526.000000  527.000000  0.984525 
527.000000  528.000000  0.984520 
528.000000  529.000000  0.984515 
529.000000  530.000000  0.984510 
530.000000  531.000000  0.984505 
531.000000  532.000000  0.984499 
532.000000  533.000000  0.984494 
533.000000  534.000000  0.984489 
534.000000  535.000000  0.984484 
535.000000  536.000000  0.984479 
536.000000  537.000000  0.984474 
537.000000  538.000000  0.984469 
538.000000  539.000000  0.984464 
539.000000  540.000000  0.984459 
540.000000  541.000000  0.984454 
541.000000  542.000000  0.984449 
542.000000  543.000000  0.984444 
543.000000  544.000000  0.984440 
544.000000  545.000000  0.984435 
545.000000  546.000000  0.984430 
546.000000  547.000000  0.984425 
547.000000  548.000000  0.984420 
548.000000  549.000000  0.984415 
549.000000  550.000000  0.984410 
550.000000  551.000000  0.984406 
551.000000  552.000000  0.984401 
552.000000  553.000000  0.984396 
553.000000  554.000000  0.984391 
554.000000  555.000000  0.984387 
555.000000  556.000000  0.984382 
556.000000  557.000000  0.984377 
557.000000  558.000000  0.984372 
558.000000  559.000000  0.984368 
559.000000  560.000000  0.984363 
560.000000  561.000000  0.984358 
561.000000  562.000000  0.984354 
562.000000  563.000000  0.984349 
563.000000  564.000000  0.984345 
564.000000  565.000000  0.984340 
565.000000  566.000000  0.984336 
566.000000  567.000000  0.984331 
567.000000  568.000000  0.984327 
568.000000  569.000000  0.984322 
569.000000  570.000000  0.984318 
570.000000  571.000000  0.984313 
571.000000  572.000000  0.984309 
572.000000  573.000000  0.984304 
573.000000  574.000000  0.984300 
574.000000  575.000000  0.984295 
575.000000  576.000000  0.984291 
576.000000  577.000000  0.984287 
577.000000  578.000000  0.984282 
578.000000  579.000000  0.984278 
579.000000  580.000000  0.984274 
580.000000  581.000000  0.984270 
581.000000  582.000000  0.984265 
582.000000  583.000000  0.984261 
583.000000  584.000000  0.984257 
584.000000  585.000000  0.984253 
585.000000  586.000000  0.984249 
586.000000  587.000000  0.984244 
587.000000  588.000000  0.984240 
588.000000  589.000000  0.984236 
589.000000  590.000000  0.984232 
590.000000  591.000000  0.984228 
591.000000  592.000000  0.984224 
592.000000  593.000000  0.984220 
593.000000  594.000000  0.984216 
594.000000  595.000000  0.984212 
595.000000  596.000000  0.984208 
596.000000  597.000000  0.984204 
597.000000  598.000000  0.984200 
598.000000  599.000000  0.984196 
599.000000  600.000000  0.984192 
600.000000  601.000000  0.984188 
601.000000  602.000000  0.984184 
602.000000  603.000000  0.984180 
603.000000  604.000000  0.984177 
604.000000  605.000000  0.984173 
605.000000  606.000000  0.984169 
606.000000  607.000000  0.984165 
607.000000  608.000000  0.984161 
608.000000  609.000000  0.984158 
609.000000  610.000000  0.984154 
610.000000  611.000000  0.984150 
611.000000  612.000000  0.984146 
612.000000  613.000000  0.984143 
613.000000  614.000000  0.984139 
614.000000  615.000000  0.984135 
615.000000  616.000000  0.984132 
616.000000  617.000000  0.984128 
617.000000  618.000000  0.984125 
618.000000  619.000000  0.984121 
619.000000  620.000000  0.984118 
620.000000  621.000000  0.984114 
621.000000  622.000000  0.984110 
622.000000  623.000000  0.984107 
623.000000  624.000000  0.984103 
624.000000  625.000000  0.984100 
625.000000  626.000000  0.984097 
626.000000  627.000000  0.984093 
627.000000  628.000000  0.984090 
628.000000  629.000000  0.984086 
629.000000  630.000000  0.984083 
630.000000  631.000000  0.984080 
631.000000  632.000000  0.984076 
632.000000  633.000000  0.984073 
633.000000  634.000000  0.984070 
634.000000  635.000000  0.984066 
635.000000  636.000000  0.984063 
636.000000  637.000000  0.984060 
637.000000  638.000000  0.984057 
638.000000  639.000000  0.984053 
639.000000  640.000000  0.984050 
640.000000  641.000000  0.984047 
641.000000  642.000000  0.984044 
642.000000  643.000000  0.984041 
643.000000  644.000000  0.984037 
644.000000  645.000000  0.984034 
