20.000000  21.000000  0.000206 
21.000000  22.000000  0.000205 
22.000000  23.000000  0.000205 
23.000000  24.000000  0.000204 
24.000000  25.000000  0.000204 
25.000000  26.000000  0.000204 
26.000000  27.000000  0.000204 
27.000000  28.000000  0.000204 
28.000000  29.000000  0.000205 
29.000000  30.000000  0.000205 
30.000000  31.000000  0.000206 
31.000000  32.000000  0.000207 
32.000000  33.000000  0.000209 
33.000000  34.000000  0.000210 
34.000000  35.000000  0.000211 
35.000000  36.000000  0.000213 
36.000000  37.000000  0.000214 
37.000000  38.000000  0.000216 
38.000000  39.000000  0.000217 
39.000000  40.000000  0.000219 
40.000000  41.000000  0.000220 
41.000000  42.000000  0.000221 
42.000000  43.000000  0.000223 
43.000000  44.000000  0.000224 
44.000000  45.000000  0.000225 
45.000000  46.000000  0.000226 
46.000000  47.000000  0.000227 
47.000000  48.000000  0.000228 
48.000000  49.000000  0.000229 
49.000000  50.000000  0.000229 
50.000000  51.000000  0.000230 
51.000000  52.000000  0.000230 
52.000000  53.000000  0.000231 
53.000000  54.000000  0.000231 
54.000000  55.000000  0.000232 
55.000000  56.000000  0.000232 
56.000000  57.000000  0.000232 
57.000000  58.000000  0.000232 
58.000000  59.000000  0.000232 
59.000000  60.000000  0.000232 
60.000000  61.000000  0.000232 
61.000000  62.000000  0.000232 
62.000000  63.000000  0.000233 
63.000000  64.000000  0.000233 
64.000000  65.000000  0.000233 
65.000000  66.000000  0.000233 
66.000000  67.000000  0.000233 
67.000000  68.000000  0.000233 
68.000000  69.000000  0.000233 
69.000000  70.000000  0.000233 
70.000000  71.000000  0.000233 
71.000000  72.000000  0.000233 
72.000000  73.000000  0.000234 
73.000000  74.000000  0.000234 
74.000000  75.000000  0.000234 
75.000000  76.000000  0.000234 
76.000000  77.000000  0.000235 
77.000000  78.000000  0.000235 
78.000000  79.000000  0.000235 
79.000000  80.000000  0.000236 
80.000000  81.000000  0.000236 
81.000000  82.000000  0.000237 
82.000000  83.000000  0.000237 
83.000000  84.000000  0.000238 
84.000000  85.000000  0.000238 
85.000000  86.000000  0.000239 
86.000000  87.000000  0.000239 
87.000000  88.000000  0.000240 
88.000000  89.000000  0.000240 
89.000000  90.000000  0.000241 
90.000000  91.000000  0.000241 
91.000000  92.000000  0.000242 
92.000000  93.000000  0.000242 
93.000000  94.000000  0.000243 
94.000000  95.000000  0.000244 
95.000000  96.000000  0.000244 
96.000000  97.000000  0.000245 
97.000000  98.000000  0.000245 
98.000000  99.000000  0.000246 
99.000000  100.000000  0.000246 
100.000000  101.000000  0.000247 
101.000000  102.000000  0.000247 
102.000000  103.000000  0.000247 
103.000000  104.000000  0.000248 
104.000000  105.000000  0.000248 
105.000000  106.000000  0.000248 
106.000000  107.000000  0.000249 
107.000000  108.000000  0.000249 
108.000000  109.000000  0.000249 
109.000000  110.000000  0.000249 
110.000000  111.000000  0.000249 
111.000000  112.000000  0.000250 
112.000000  113.000000  0.000250 
113.000000  114.000000  0.000250 
114.000000  115.000000  0.000250 
115.000000  116.000000  0.000250 
116.000000  117.000000  0.000249 
117.000000  118.000000  0.000249 
118.000000  119.000000  0.000249 
119.000000  120.000000  0.000249 
120.000000  121.000000  0.000249 
121.000000  122.000000  0.000248 
122.000000  123.000000  0.000248 
123.000000  124.000000  0.000248 
124.000000  125.000000  0.000247 
125.000000  126.000000  0.000247 
126.000000  127.000000  0.000246 
127.000000  128.000000  0.000246 
128.000000  129.000000  0.000245 
129.000000  130.000000  0.000244 
130.000000  131.000000  0.000244 
131.000000  132.000000  0.000243 
132.000000  133.000000  0.000242 
133.000000  134.000000  0.000241 
134.000000  135.000000  0.000240 
135.000000  136.000000  0.000240 
136.000000  137.000000  0.000239 
137.000000  138.000000  0.000238 
138.000000  139.000000  0.000237 
139.000000  140.000000  0.000236 
140.000000  141.000000  0.000235 
141.000000  142.000000  0.000234 
142.000000  143.000000  0.000233 
143.000000  144.000000  0.000232 
144.000000  145.000000  0.000231 
145.000000  146.000000  0.000229 
146.000000  147.000000  0.000228 
147.000000  148.000000  0.000227 
148.000000  149.000000  0.000226 
149.000000  150.000000  0.000225 
150.000000  151.000000  0.000223 
151.000000  152.000000  0.000222 
152.000000  153.000000  0.000221 
153.000000  154.000000  0.000220 
154.000000  155.000000  0.000219 
155.000000  156.000000  0.000217 
156.000000  157.000000  0.000216 
157.000000  158.000000  0.000215 
158.000000  159.000000  0.000213 
159.000000  160.000000  0.000212 
160.000000  161.000000  0.000211 
161.000000  162.000000  0.000210 
162.000000  163.000000  0.000208 
163.000000  164.000000  0.000207 
164.000000  165.000000  0.000206 
165.000000  166.000000  0.000205 
166.000000  167.000000  0.000203 
167.000000  168.000000  0.000202 
168.000000  169.000000  0.000201 
169.000000  170.000000  0.000200 
170.000000  171.000000  0.000199 
171.000000  172.000000  0.000197 
172.000000  173.000000  0.000196 
173.000000  174.000000  0.000195 
174.000000  175.000000  0.000194 
175.000000  176.000000  0.000193 
176.000000  177.000000  0.000192 
177.000000  178.000000  0.000191 
178.000000  179.000000  0.000190 
179.000000  180.000000  0.000189 
180.000000  181.000000  0.000188 
181.000000  182.000000  0.000187 
182.000000  183.000000  0.000186 
183.000000  184.000000  0.000186 
184.000000  185.000000  0.000185 
185.000000  186.000000  0.000184 
186.000000  187.000000  0.000184 
187.000000  188.000000  0.000183 
188.000000  189.000000  0.000182 
189.000000  190.000000  0.000182 
190.000000  191.000000  0.000181 
191.000000  192.000000  0.000181 
192.000000  193.000000  0.000181 
193.000000  194.000000  0.000180 
194.000000  195.000000  0.000180 
195.000000  196.000000  0.000180 
196.000000  197.000000  0.000180 
197.000000  198.000000  0.000180 
198.000000  199.000000  0.000180 
199.000000  200.000000  0.000180 
200.000000  201.000000  0.000180 
201.000000  202.000000  0.000180 
202.000000  203.000000  0.000180 
203.000000  204.000000  0.000180 
204.000000  205.000000  0.000181 
205.000000  206.000000  0.000181 
206.000000  207.000000  0.000182 
207.000000  208.000000  0.000182 
208.000000  209.000000  0.000183 
209.000000  210.000000  0.000184 
210.000000  211.000000  0.000185 
211.000000  212.000000  0.000186 
212.000000  213.000000  0.000186 
213.000000  214.000000  0.000188 
214.000000  215.000000  0.000189 
215.000000  216.000000  0.000190 
216.000000  217.000000  0.000191 
217.000000  218.000000  0.000192 
218.000000  219.000000  0.000194 
219.000000  220.000000  0.000195 
220.000000  221.000000  0.000197 
221.000000  222.000000  0.000199 
222.000000  223.000000  0.000200 
223.000000  224.000000  0.000202 
224.000000  225.000000  0.000204 
225.000000  226.000000  0.000206 
226.000000  227.000000  0.000208 
227.000000  228.000000  0.000210 
228.000000  229.000000  0.000212 
229.000000  230.000000  0.000215 
230.000000  231.000000  0.000217 
231.000000  232.000000  0.000220 
232.000000  233.000000  0.000222 
233.000000  234.000000  0.000225 
234.000000  235.000000  0.000227 
235.000000  236.000000  0.000230 
236.000000  237.000000  0.000233 
237.000000  238.000000  0.000236 
238.000000  239.000000  0.000239 
239.000000  240.000000  0.000242 
240.000000  241.000000  0.000245 
241.000000  242.000000  0.000248 
242.000000  243.000000  0.000251 
243.000000  244.000000  0.000254 
244.000000  245.000000  0.000258 
245.000000  246.000000  0.000261 
246.000000  247.000000  0.000265 
247.000000  248.000000  0.000268 
248.000000  249.000000  0.000272 
249.000000  250.000000  0.000275 
250.000000  251.000000  0.000279 
251.000000  252.000000  0.000283 
252.000000  253.000000  0.000287 
253.000000  254.000000  0.000290 
254.000000  255.000000  0.000294 
255.000000  256.000000  0.000298 
256.000000  257.000000  0.000302 
257.000000  258.000000  0.000306 
258.000000  259.000000  0.000310 
259.000000  260.000000  0.000314 
260.000000  261.000000  0.000318 
261.000000  262.000000  0.000322 
262.000000  263.000000  0.000327 
263.000000  264.000000  0.000331 
264.000000  265.000000  0.000335 
265.000000  266.000000  0.000339 
266.000000  267.000000  0.000343 
267.000000  268.000000  0.000348 
268.000000  269.000000  0.000352 
269.000000  270.000000  0.000356 
270.000000  271.000000  0.000361 
271.000000  272.000000  0.000365 
272.000000  273.000000  0.000369 
273.000000  274.000000  0.000374 
274.000000  275.000000  0.000378 
275.000000  276.000000  0.000382 
276.000000  277.000000  0.000387 
277.000000  278.000000  0.000391 
278.000000  279.000000  0.000395 
279.000000  280.000000  0.000400 
280.000000  281.000000  0.000404 
281.000000  282.000000  0.000408 
282.000000  283.000000  0.000413 
283.000000  284.000000  0.000417 
284.000000  285.000000  0.000421 
285.000000  286.000000  0.000426 
286.000000  287.000000  0.000430 
287.000000  288.000000  0.000434 
288.000000  289.000000  0.000438 
289.000000  290.000000  0.000443 
290.000000  291.000000  0.000447 
291.000000  292.000000  0.000451 
292.000000  293.000000  0.000455 
293.000000  294.000000  0.000459 
294.000000  295.000000  0.000463 
295.000000  296.000000  0.000467 
296.000000  297.000000  0.000471 
297.000000  298.000000  0.000475 
298.000000  299.000000  0.000479 
299.000000  300.000000  0.000483 
300.000000  301.000000  0.000487 
301.000000  302.000000  0.000491 
302.000000  303.000000  0.000494 
303.000000  304.000000  0.000498 
304.000000  305.000000  0.000502 
305.000000  306.000000  0.000505 
306.000000  307.000000  0.000509 
307.000000  308.000000  0.000513 
308.000000  309.000000  0.000516 
309.000000  310.000000  0.000520 
310.000000  311.000000  0.000523 
311.000000  312.000000  0.000526 
312.000000  313.000000  0.000530 
313.000000  314.000000  0.000533 
314.000000  315.000000  0.000536 
315.000000  316.000000  0.000539 
316.000000  317.000000  0.000542 
317.000000  318.000000  0.000545 
318.000000  319.000000  0.000548 
319.000000  320.000000  0.000551 
320.000000  321.000000  0.000554 
321.000000  322.000000  0.000557 
322.000000  323.000000  0.000560 
323.000000  324.000000  0.000562 
324.000000  325.000000  0.000565 
325.000000  326.000000  0.000567 
326.000000  327.000000  0.000570 
327.000000  328.000000  0.000572 
328.000000  329.000000  0.000575 
329.000000  330.000000  0.000577 
330.000000  331.000000  0.000579 
331.000000  332.000000  0.000582 
332.000000  333.000000  0.000584 
333.000000  334.000000  0.000586 
334.000000  335.000000  0.000588 
335.000000  336.000000  0.000590 
336.000000  337.000000  0.000592 
337.000000  338.000000  0.000594 
338.000000  339.000000  0.000595 
339.000000  340.000000  0.000597 
340.000000  341.000000  0.000599 
341.000000  342.000000  0.000600 
342.000000  343.000000  0.000602 
343.000000  344.000000  0.000603 
344.000000  345.000000  0.000605 
345.000000  346.000000  0.000606 
346.000000  347.000000  0.000608 
347.000000  348.000000  0.000609 
348.000000  349.000000  0.000610 
349.000000  350.000000  0.000611 
350.000000  351.000000  0.000612 
351.000000  352.000000  0.000613 
352.000000  353.000000  0.000614 
353.000000  354.000000  0.000615 
354.000000  355.000000  0.000616 
355.000000  356.000000  0.000617 
356.000000  357.000000  0.000617 
357.000000  358.000000  0.000618 
358.000000  359.000000  0.000619 
359.000000  360.000000  0.000619 
360.000000  361.000000  0.000620 
361.000000  362.000000  0.000620 
362.000000  363.000000  0.000621 
363.000000  364.000000  0.000621 
364.000000  365.000000  0.000621 
365.000000  366.000000  0.000622 
366.000000  367.000000  0.000622 
367.000000  368.000000  0.000622 
368.000000  369.000000  0.000622 
369.000000  370.000000  0.000622 
370.000000  371.000000  0.000622 
371.000000  372.000000  0.000622 
372.000000  373.000000  0.000622 
373.000000  374.000000  0.000622 
374.000000  375.000000  0.000621 
375.000000  376.000000  0.000621 
376.000000  377.000000  0.000621 
377.000000  378.000000  0.000621 
378.000000  379.000000  0.000620 
379.000000  380.000000  0.000620 
380.000000  381.000000  0.000619 
381.000000  382.000000  0.000619 
382.000000  383.000000  0.000618 
383.000000  384.000000  0.000618 
384.000000  385.000000  0.000617 
385.000000  386.000000  0.000616 
386.000000  387.000000  0.000616 
387.000000  388.000000  0.000615 
388.000000  389.000000  0.000614 
389.000000  390.000000  0.000613 
390.000000  391.000000  0.000612 
391.000000  392.000000  0.000611 
392.000000  393.000000  0.000610 
393.000000  394.000000  0.000610 
394.000000  395.000000  0.000608 
395.000000  396.000000  0.000607 
396.000000  397.000000  0.000606 
397.000000  398.000000  0.000605 
398.000000  399.000000  0.000604 
399.000000  400.000000  0.000603 
400.000000  401.000000  0.000602 
401.000000  402.000000  0.000600 
402.000000  403.000000  0.000599 
403.000000  404.000000  0.000598 
404.000000  405.000000  0.000597 
405.000000  406.000000  0.000595 
406.000000  407.000000  0.000594 
407.000000  408.000000  0.000592 
408.000000  409.000000  0.000591 
409.000000  410.000000  0.000589 
410.000000  411.000000  0.000588 
411.000000  412.000000  0.000586 
412.000000  413.000000  0.000585 
413.000000  414.000000  0.000583 
414.000000  415.000000  0.000582 
415.000000  416.000000  0.000580 
416.000000  417.000000  0.000579 
417.000000  418.000000  0.000577 
418.000000  419.000000  0.000575 
419.000000  420.000000  0.000574 
420.000000  421.000000  0.000572 
421.000000  422.000000  0.000570 
422.000000  423.000000  0.000568 
423.000000  424.000000  0.000567 
424.000000  425.000000  0.000565 
425.000000  426.000000  0.000563 
426.000000  427.000000  0.000561 
427.000000  428.000000  0.000559 
428.000000  429.000000  0.000557 
429.000000  430.000000  0.000556 
430.000000  431.000000  0.000554 
431.000000  432.000000  0.000552 
432.000000  433.000000  0.000550 
433.000000  434.000000  0.000548 
434.000000  435.000000  0.000546 
435.000000  436.000000  0.000544 
436.000000  437.000000  0.000542 
437.000000  438.000000  0.000540 
438.000000  439.000000  0.000538 
439.000000  440.000000  0.000536 
440.000000  441.000000  0.000534 
441.000000  442.000000  0.000532 
442.000000  443.000000  0.000530 
443.000000  444.000000  0.000528 
444.000000  445.000000  0.000526 
445.000000  446.000000  0.000524 
446.000000  447.000000  0.000522 
447.000000  448.000000  0.000520 
448.000000  449.000000  0.000518 
449.000000  450.000000  0.000516 
450.000000  451.000000  0.000514 
451.000000  452.000000  0.000512 
452.000000  453.000000  0.000509 
453.000000  454.000000  0.000507 
454.000000  455.000000  0.000505 
455.000000  456.000000  0.000503 
456.000000  457.000000  0.000501 
457.000000  458.000000  0.000499 
458.000000  459.000000  0.000497 
459.000000  460.000000  0.000495 
460.000000  461.000000  0.000492 
461.000000  462.000000  0.000490 
462.000000  463.000000  0.000488 
463.000000  464.000000  0.000486 
464.000000  465.000000  0.000484 
465.000000  466.000000  0.000482 
466.000000  467.000000  0.000480 
467.000000  468.000000  0.000477 
468.000000  469.000000  0.000475 
469.000000  470.000000  0.000473 
470.000000  471.000000  0.000471 
471.000000  472.000000  0.000469 
472.000000  473.000000  0.000467 
473.000000  474.000000  0.000465 
474.000000  475.000000  0.000462 
475.000000  476.000000  0.000460 
476.000000  477.000000  0.000458 
477.000000  478.000000  0.000456 
478.000000  479.000000  0.000454 
479.000000  480.000000  0.000452 
480.000000  481.000000  0.000450 
481.000000  482.000000  0.000447 
482.000000  483.000000  0.000445 
483.000000  484.000000  0.000443 
484.000000  485.000000  0.000441 
485.000000  486.000000  0.000439 
486.000000  487.000000  0.000437 
487.000000  488.000000  0.000435 
488.000000  489.000000  0.000433 
489.000000  490.000000  0.000430 
490.000000  491.000000  0.000428 
491.000000  492.000000  0.000426 
492.000000  493.000000  0.000424 
493.000000  494.000000  0.000422 
494.000000  495.000000  0.000420 
495.000000  496.000000  0.000418 
496.000000  497.000000  0.000416 
497.000000  498.000000  0.000414 
498.000000  499.000000  0.000412 
499.000000  500.000000  0.000410 
500.000000  501.000000  0.000408 
501.000000  502.000000  0.000406 
502.000000  503.000000  0.000403 
503.000000  504.000000  0.000401 
504.000000  505.000000  0.000399 
505.000000  506.000000  0.000397 
506.000000  507.000000  0.000395 
507.000000  508.000000  0.000393 
508.000000  509.000000  0.000391 
509.000000  510.000000  0.000389 
510.000000  511.000000  0.000387 
511.000000  512.000000  0.000385 
512.000000  513.000000  0.000383 
513.000000  514.000000  0.000381 
514.000000  515.000000  0.000379 
515.000000  516.000000  0.000377 
516.000000  517.000000  0.000376 
517.000000  518.000000  0.000374 
518.000000  519.000000  0.000372 
519.000000  520.000000  0.000370 
520.000000  521.000000  0.000368 
521.000000  522.000000  0.000366 
522.000000  523.000000  0.000364 
523.000000  524.000000  0.000362 
524.000000  525.000000  0.000360 
525.000000  526.000000  0.000358 
526.000000  527.000000  0.000356 
527.000000  528.000000  0.000355 
528.000000  529.000000  0.000353 
529.000000  530.000000  0.000351 
530.000000  531.000000  0.000349 
531.000000  532.000000  0.000347 
532.000000  533.000000  0.000345 
533.000000  534.000000  0.000343 
534.000000  535.000000  0.000342 
535.000000  536.000000  0.000340 
536.000000  537.000000  0.000338 
537.000000  538.000000  0.000336 
538.000000  539.000000  0.000335 
539.000000  540.000000  0.000333 
540.000000  541.000000  0.000331 
541.000000  542.000000  0.000329 
542.000000  543.000000  0.000328 
543.000000  544.000000  0.000326 
544.000000  545.000000  0.000324 
545.000000  546.000000  0.000322 
546.000000  547.000000  0.000321 
547.000000  548.000000  0.000319 
548.000000  549.000000  0.000317 
549.000000  550.000000  0.000316 
550.000000  551.000000  0.000314 
551.000000  552.000000  0.000312 
552.000000  553.000000  0.000311 
553.000000  554.000000  0.000309 
554.000000  555.000000  0.000307 
555.000000  556.000000  0.000306 
556.000000  557.000000  0.000304 
557.000000  558.000000  0.000302 
558.000000  559.000000  0.000301 
559.000000  560.000000  0.000299 
560.000000  561.000000  0.000298 
561.000000  562.000000  0.000296 
562.000000  563.000000  0.000295 
563.000000  564.000000  0.000293 
564.000000  565.000000  0.000291 
565.000000  566.000000  0.000290 
566.000000  567.000000  0.000288 
567.000000  568.000000  0.000287 
568.000000  569.000000  0.000285 
569.000000  570.000000  0.000284 
570.000000  571.000000  0.000282 
571.000000  572.000000  0.000281 
572.000000  573.000000  0.000279 
573.000000  574.000000  0.000278 
574.000000  575.000000  0.000277 
575.000000  576.000000  0.000275 
576.000000  577.000000  0.000274 
577.000000  578.000000  0.000272 
578.000000  579.000000  0.000271 
579.000000  580.000000  0.000269 
580.000000  581.000000  0.000268 
581.000000  582.000000  0.000267 
582.000000  583.000000  0.000265 
583.000000  584.000000  0.000264 
584.000000  585.000000  0.000262 
585.000000  586.000000  0.000261 
586.000000  587.000000  0.000260 
587.000000  588.000000  0.000258 
588.000000  589.000000  0.000257 
589.000000  590.000000  0.000256 
590.000000  591.000000  0.000254 
591.000000  592.000000  0.000253 
592.000000  593.000000  0.000252 
593.000000  594.000000  0.000251 
594.000000  595.000000  0.000249 
595.000000  596.000000  0.000248 
596.000000  597.000000  0.000247 
597.000000  598.000000  0.000245 
598.000000  599.000000  0.000244 
599.000000  600.000000  0.000243 
600.000000  601.000000  0.000242 
601.000000  602.000000  0.000241 
602.000000  603.000000  0.000239 
603.000000  604.000000  0.000238 
604.000000  605.000000  0.000237 
605.000000  606.000000  0.000236 
606.000000  607.000000  0.000235 
607.000000  608.000000  0.000233 
608.000000  609.000000  0.000232 
609.000000  610.000000  0.000231 
610.000000  611.000000  0.000230 
611.000000  612.000000  0.000229 
612.000000  613.000000  0.000228 
613.000000  614.000000  0.000226 
614.000000  615.000000  0.000225 
615.000000  616.000000  0.000224 
616.000000  617.000000  0.000223 
617.000000  618.000000  0.000222 
618.000000  619.000000  0.000221 
619.000000  620.000000  0.000220 
620.000000  621.000000  0.000219 
621.000000  622.000000  0.000218 
622.000000  623.000000  0.000217 
623.000000  624.000000  0.000216 
624.000000  625.000000  0.000215 
625.000000  626.000000  0.000214 
626.000000  627.000000  0.000212 
627.000000  628.000000  0.000211 
628.000000  629.000000  0.000210 
629.000000  630.000000  0.000209 
630.000000  631.000000  0.000208 
631.000000  632.000000  0.000207 
632.000000  633.000000  0.000206 
633.000000  634.000000  0.000205 
634.000000  635.000000  0.000204 
635.000000  636.000000  0.000204 
636.000000  637.000000  0.000203 
637.000000  638.000000  0.000202 
638.000000  639.000000  0.000201 
639.000000  640.000000  0.000200 
640.000000  641.000000  0.000199 
641.000000  642.000000  0.000198 
642.000000  643.000000  0.000197 
643.000000  644.000000  0.000196 
644.000000  645.000000  0.000195 
645.000000  646.000000  0.000194 
646.000000  647.000000  0.000193 
647.000000  648.000000  0.000192 
648.000000  649.000000  0.000192 
649.000000  650.000000  0.000191 
650.000000  651.000000  0.000190 
651.000000  652.000000  0.000189 
652.000000  653.000000  0.000188 
653.000000  654.000000  0.000187 
654.000000  655.000000  0.000186 
655.000000  656.000000  0.000186 
656.000000  657.000000  0.000185 
657.000000  658.000000  0.000184 
658.000000  659.000000  0.000183 
659.000000  660.000000  0.000182 
660.000000  661.000000  0.000182 
661.000000  662.000000  0.000181 
662.000000  663.000000  0.000180 
663.000000  664.000000  0.000179 
664.000000  665.000000  0.000178 
665.000000  666.000000  0.000178 
666.000000  667.000000  0.000177 
667.000000  668.000000  0.000176 
668.000000  669.000000  0.000175 
669.000000  670.000000  0.000175 
670.000000  671.000000  0.000174 
671.000000  672.000000  0.000173 
672.000000  673.000000  0.000172 
673.000000  674.000000  0.000172 
674.000000  675.000000  0.000171 
675.000000  676.000000  0.000170 
676.000000  677.000000  0.000169 
677.000000  678.000000  0.000169 
678.000000  679.000000  0.000168 
679.000000  680.000000  0.000167 
680.000000  681.000000  0.000167 
681.000000  682.000000  0.000166 
682.000000  683.000000  0.000165 
683.000000  684.000000  0.000164 
684.000000  685.000000  0.000164 
685.000000  686.000000  0.000163 
686.000000  687.000000  0.000162 
687.000000  688.000000  0.000162 
688.000000  689.000000  0.000161 
689.000000  690.000000  0.000161 
690.000000  691.000000  0.000160 
691.000000  692.000000  0.000159 
692.000000  693.000000  0.000159 
693.000000  694.000000  0.000158 
694.000000  695.000000  0.000157 
695.000000  696.000000  0.000157 
696.000000  697.000000  0.000156 
697.000000  698.000000  0.000155 
698.000000  699.000000  0.000155 
699.000000  700.000000  0.000154 
700.000000  701.000000  0.000154 
701.000000  702.000000  0.000153 
702.000000  703.000000  0.000152 
703.000000  704.000000  0.000152 
704.000000  705.000000  0.000151 
705.000000  706.000000  0.000151 
706.000000  707.000000  0.000150 
707.000000  708.000000  0.000150 
708.000000  709.000000  0.000149 
709.000000  710.000000  0.000148 
710.000000  711.000000  0.000148 
711.000000  712.000000  0.000147 
712.000000  713.000000  0.000147 
713.000000  714.000000  0.000146 
714.000000  715.000000  0.000146 
715.000000  716.000000  0.000145 
716.000000  717.000000  0.000145 
717.000000  718.000000  0.000144 
718.000000  719.000000  0.000144 
719.000000  720.000000  0.000143 
720.000000  721.000000  0.000143 
721.000000  722.000000  0.000142 
722.000000  723.000000  0.000142 
723.000000  724.000000  0.000141 
724.000000  725.000000  0.000141 
725.000000  726.000000  0.000140 
726.000000  727.000000  0.000140 
727.000000  728.000000  0.000139 
728.000000  729.000000  0.000139 
729.000000  730.000000  0.000138 
730.000000  731.000000  0.000138 
731.000000  732.000000  0.000137 
732.000000  733.000000  0.000137 
733.000000  734.000000  0.000136 
734.000000  735.000000  0.000136 
735.000000  736.000000  0.000135 
736.000000  737.000000  0.000135 
737.000000  738.000000  0.000134 
738.000000  739.000000  0.000134 
739.000000  740.000000  0.000133 
740.000000  741.000000  0.000133 
741.000000  742.000000  0.000133 
742.000000  743.000000  0.000132 
743.000000  744.000000  0.000132 
744.000000  745.000000  0.000131 
745.000000  746.000000  0.000131 
746.000000  747.000000  0.000130 
747.000000  748.000000  0.000130 
748.000000  749.000000  0.000129 
749.000000  750.000000  0.000129 
750.000000  751.000000  0.000129 
751.000000  752.000000  0.000128 
752.000000  753.000000  0.000128 
753.000000  754.000000  0.000127 
754.000000  755.000000  0.000127 
755.000000  756.000000  0.000127 
756.000000  757.000000  0.000126 
757.000000  758.000000  0.000126 
758.000000  759.000000  0.000125 
759.000000  760.000000  0.000125 
760.000000  761.000000  0.000125 
761.000000  762.000000  0.000124 
762.000000  763.000000  0.000124 
763.000000  764.000000  0.000124 
764.000000  765.000000  0.000123 
765.000000  766.000000  0.000123 
766.000000  767.000000  0.000122 
767.000000  768.000000  0.000122 
768.000000  769.000000  0.000122 
769.000000  770.000000  0.000121 
770.000000  771.000000  0.000121 
771.000000  772.000000  0.000121 
772.000000  773.000000  0.000120 
773.000000  774.000000  0.000120 
774.000000  775.000000  0.000120 
775.000000  776.000000  0.000119 
776.000000  777.000000  0.000119 
777.000000  778.000000  0.000119 
778.000000  779.000000  0.000118 
779.000000  780.000000  0.000118 
780.000000  781.000000  0.000117 
781.000000  782.000000  0.000117 
782.000000  783.000000  0.000117 
783.000000  784.000000  0.000117 
784.000000  785.000000  0.000116 
785.000000  786.000000  0.000116 
786.000000  787.000000  0.000116 
787.000000  788.000000  0.000115 
788.000000  789.000000  0.000115 
789.000000  790.000000  0.000115 
790.000000  791.000000  0.000114 
791.000000  792.000000  0.000114 
792.000000  793.000000  0.000114 
793.000000  794.000000  0.000113 
794.000000  795.000000  0.000113 
795.000000  796.000000  0.000113 
796.000000  797.000000  0.000112 
797.000000  798.000000  0.000112 
798.000000  799.000000  0.000112 
799.000000  800.000000  0.000112 
800.000000  801.000000  0.000111 
801.000000  802.000000  0.000111 
802.000000  803.000000  0.000111 
803.000000  804.000000  0.000110 
804.000000  805.000000  0.000110 
805.000000  806.000000  0.000110 
806.000000  807.000000  0.000110 
807.000000  808.000000  0.000109 
808.000000  809.000000  0.000109 
809.000000  810.000000  0.000109 
810.000000  811.000000  0.000109 
811.000000  812.000000  0.000108 
812.000000  813.000000  0.000108 
813.000000  814.000000  0.000108 
814.000000  815.000000  0.000107 
815.000000  816.000000  0.000107 
816.000000  817.000000  0.000107 
817.000000  818.000000  0.000107 
818.000000  819.000000  0.000106 
819.000000  820.000000  0.000106 
820.000000  821.000000  0.000106 
821.000000  822.000000  0.000106 
822.000000  823.000000  0.000105 
823.000000  824.000000  0.000105 
824.000000  825.000000  0.000105 
825.000000  826.000000  0.000105 
826.000000  827.000000  0.000104 
827.000000  828.000000  0.000104 
828.000000  829.000000  0.000104 
829.000000  830.000000  0.000104 
830.000000  831.000000  0.000104 
831.000000  832.000000  0.000103 
832.000000  833.000000  0.000103 
833.000000  834.000000  0.000103 
834.000000  835.000000  0.000103 
835.000000  836.000000  0.000102 
836.000000  837.000000  0.000102 
837.000000  838.000000  0.000102 
838.000000  839.000000  0.000102 
839.000000  840.000000  0.000101 
840.000000  841.000000  0.000101 
841.000000  842.000000  0.000101 
842.000000  843.000000  0.000101 
843.000000  844.000000  0.000101 
844.000000  845.000000  0.000100 
845.000000  846.000000  0.000100 
846.000000  847.000000  0.000100 
847.000000  848.000000  0.000100 
848.000000  849.000000  0.000100 
849.000000  850.000000  0.000099 
850.000000  851.000000  0.000099 
851.000000  852.000000  0.000099 
852.000000  853.000000  0.000099 
853.000000  854.000000  0.000099 
854.000000  855.000000  0.000098 
855.000000  856.000000  0.000098 
856.000000  857.000000  0.000098 
857.000000  858.000000  0.000098 
858.000000  859.000000  0.000098 
859.000000  860.000000  0.000097 
860.000000  861.000000  0.000097 
861.000000  862.000000  0.000097 
862.000000  863.000000  0.000097 
863.000000  864.000000  0.000097 
864.000000  865.000000  0.000096 
865.000000  866.000000  0.000096 
866.000000  867.000000  0.000096 
867.000000  868.000000  0.000096 
868.000000  869.000000  0.000096 
869.000000  870.000000  0.000096 
870.000000  871.000000  0.000095 
871.000000  872.000000  0.000095 
872.000000  873.000000  0.000095 
873.000000  874.000000  0.000095 
874.000000  875.000000  0.000095 
875.000000  876.000000  0.000095 
876.000000  877.000000  0.000094 
877.000000  878.000000  0.000094 
878.000000  879.000000  0.000094 
879.000000  880.000000  0.000094 
880.000000  881.000000  0.000094 
881.000000  882.000000  0.000094 
882.000000  883.000000  0.000093 
883.000000  884.000000  0.000093 
884.000000  885.000000  0.000093 
885.000000  886.000000  0.000093 
886.000000  887.000000  0.000093 
887.000000  888.000000  0.000093 
888.000000  889.000000  0.000092 
889.000000  890.000000  0.000092 
890.000000  891.000000  0.000092 
891.000000  892.000000  0.000092 
892.000000  893.000000  0.000092 
893.000000  894.000000  0.000092 
894.000000  895.000000  0.000091 
895.000000  896.000000  0.000091 
896.000000  897.000000  0.000091 
897.000000  898.000000  0.000091 
898.000000  899.000000  0.000091 
899.000000  900.000000  0.000091 
900.000000  901.000000  0.000091 
901.000000  902.000000  0.000090 
902.000000  903.000000  0.000090 
903.000000  904.000000  0.000090 
904.000000  905.000000  0.000090 
905.000000  906.000000  0.000090 
906.000000  907.000000  0.000090 
907.000000  908.000000  0.000090 
908.000000  909.000000  0.000090 
909.000000  910.000000  0.000089 
910.000000  911.000000  0.000089 
911.000000  912.000000  0.000089 
912.000000  913.000000  0.000089 
913.000000  914.000000  0.000089 
914.000000  915.000000  0.000089 
915.000000  916.000000  0.000089 
916.000000  917.000000  0.000088 
917.000000  918.000000  0.000088 
918.000000  919.000000  0.000088 
919.000000  920.000000  0.000088 
920.000000  921.000000  0.000088 
921.000000  922.000000  0.000088 
922.000000  923.000000  0.000088 
923.000000  924.000000  0.000088 
924.000000  925.000000  0.000087 
925.000000  926.000000  0.000087 
926.000000  927.000000  0.000087 
927.000000  928.000000  0.000087 
928.000000  929.000000  0.000087 
929.000000  930.000000  0.000087 
930.000000  931.000000  0.000087 
931.000000  932.000000  0.000087 
932.000000  933.000000  0.000087 
933.000000  934.000000  0.000086 
934.000000  935.000000  0.000086 
935.000000  936.000000  0.000086 
936.000000  937.000000  0.000086 
937.000000  938.000000  0.000086 
