20.000000  21.000000  0.000134 
21.000000  22.000000  0.000152 
22.000000  23.000000  0.000171 
23.000000  24.000000  0.000191 
24.000000  25.000000  0.000211 
25.000000  26.000000  0.000231 
26.000000  27.000000  0.000252 
27.000000  28.000000  0.000274 
28.000000  29.000000  0.000296 
29.000000  30.000000  0.000318 
30.000000  31.000000  0.000340 
31.000000  32.000000  0.000362 
32.000000  33.000000  0.000385 
33.000000  34.000000  0.000407 
34.000000  35.000000  0.000430 
35.000000  36.000000  0.000453 
36.000000  37.000000  0.000476 
37.000000  38.000000  0.000499 
38.000000  39.000000  0.000522 
39.000000  40.000000  0.000545 
40.000000  41.000000  0.000568 
41.000000  42.000000  0.000591 
42.000000  43.000000  0.000613 
43.000000  44.000000  0.000636 
44.000000  45.000000  0.000658 
45.000000  46.000000  0.000680 
46.000000  47.000000  0.000702 
47.000000  48.000000  0.000724 
48.000000  49.000000  0.000745 
49.000000  50.000000  0.000766 
50.000000  51.000000  0.000787 
51.000000  52.000000  0.000807 
52.000000  53.000000  0.000827 
53.000000  54.000000  0.000846 
54.000000  55.000000  0.000865 
55.000000  56.000000  0.000883 
56.000000  57.000000  0.000901 
57.000000  58.000000  0.000919 
58.000000  59.000000  0.000935 
59.000000  60.000000  0.000952 
60.000000  61.000000  0.000967 
61.000000  62.000000  0.000982 
62.000000  63.000000  0.000997 
63.000000  64.000000  0.001011 
64.000000  65.000000  0.001024 
65.000000  66.000000  0.001037 
66.000000  67.000000  0.001050 
67.000000  68.000000  0.001061 
68.000000  69.000000  0.001072 
69.000000  70.000000  0.001083 
70.000000  71.000000  0.001093 
71.000000  72.000000  0.001102 
72.000000  73.000000  0.001111 
73.000000  74.000000  0.001119 
74.000000  75.000000  0.001127 
75.000000  76.000000  0.001134 
76.000000  77.000000  0.001140 
77.000000  78.000000  0.001146 
78.000000  79.000000  0.001152 
79.000000  80.000000  0.001157 
80.000000  81.000000  0.001161 
81.000000  82.000000  0.001165 
82.000000  83.000000  0.001169 
83.000000  84.000000  0.001171 
84.000000  85.000000  0.001174 
85.000000  86.000000  0.001176 
86.000000  87.000000  0.001177 
87.000000  88.000000  0.001178 
88.000000  89.000000  0.001179 
89.000000  90.000000  0.001179 
90.000000  91.000000  0.001179 
91.000000  92.000000  0.001178 
92.000000  93.000000  0.001177 
93.000000  94.000000  0.001176 
94.000000  95.000000  0.001174 
95.000000  96.000000  0.001171 
96.000000  97.000000  0.001169 
97.000000  98.000000  0.001166 
98.000000  99.000000  0.001163 
99.000000  100.000000  0.001159 
100.000000  101.000000  0.001155 
101.000000  102.000000  0.001151 
102.000000  103.000000  0.001147 
103.000000  104.000000  0.001142 
104.000000  105.000000  0.001137 
105.000000  106.000000  0.001132 
106.000000  107.000000  0.001127 
107.000000  108.000000  0.001121 
108.000000  109.000000  0.001115 
109.000000  110.000000  0.001109 
110.000000  111.000000  0.001103 
111.000000  112.000000  0.001097 
112.000000  113.000000  0.001090 
113.000000  114.000000  0.001083 
114.000000  115.000000  0.001077 
115.000000  116.000000  0.001070 
116.000000  117.000000  0.001063 
117.000000  118.000000  0.001056 
118.000000  119.000000  0.001049 
119.000000  120.000000  0.001041 
120.000000  121.000000  0.001034 
121.000000  122.000000  0.001027 
122.000000  123.000000  0.001019 
123.000000  124.000000  0.001012 
124.000000  125.000000  0.001004 
125.000000  126.000000  0.000997 
126.000000  127.000000  0.000989 
127.000000  128.000000  0.000981 
128.000000  129.000000  0.000974 
129.000000  130.000000  0.000966 
130.000000  131.000000  0.000959 
131.000000  132.000000  0.000951 
132.000000  133.000000  0.000944 
133.000000  134.000000  0.000936 
134.000000  135.000000  0.000929 
135.000000  136.000000  0.000922 
136.000000  137.000000  0.000914 
137.000000  138.000000  0.000907 
138.000000  139.000000  0.000900 
139.000000  140.000000  0.000893 
140.000000  141.000000  0.000886 
141.000000  142.000000  0.000879 
142.000000  143.000000  0.000872 
143.000000  144.000000  0.000865 
144.000000  145.000000  0.000858 
145.000000  146.000000  0.000852 
146.000000  147.000000  0.000845 
147.000000  148.000000  0.000839 
148.000000  149.000000  0.000832 
149.000000  150.000000  0.000826 
150.000000  151.000000  0.000820 
151.000000  152.000000  0.000814 
152.000000  153.000000  0.000808 
153.000000  154.000000  0.000802 
154.000000  155.000000  0.000796 
155.000000  156.000000  0.000790 
156.000000  157.000000  0.000784 
157.000000  158.000000  0.000779 
158.000000  159.000000  0.000773 
159.000000  160.000000  0.000768 
160.000000  161.000000  0.000763 
161.000000  162.000000  0.000758 
162.000000  163.000000  0.000752 
163.000000  164.000000  0.000748 
164.000000  165.000000  0.000743 
165.000000  166.000000  0.000738 
166.000000  167.000000  0.000733 
167.000000  168.000000  0.000729 
168.000000  169.000000  0.000724 
169.000000  170.000000  0.000720 
170.000000  171.000000  0.000715 
171.000000  172.000000  0.000711 
172.000000  173.000000  0.000707 
173.000000  174.000000  0.000703 
174.000000  175.000000  0.000699 
175.000000  176.000000  0.000695 
176.000000  177.000000  0.000691 
177.000000  178.000000  0.000688 
178.000000  179.000000  0.000684 
179.000000  180.000000  0.000680 
180.000000  181.000000  0.000677 
181.000000  182.000000  0.000674 
182.000000  183.000000  0.000670 
183.000000  184.000000  0.000667 
184.000000  185.000000  0.000664 
185.000000  186.000000  0.000661 
186.000000  187.000000  0.000658 
187.000000  188.000000  0.000655 
188.000000  189.000000  0.000652 
189.000000  190.000000  0.000649 
190.000000  191.000000  0.000646 
191.000000  192.000000  0.000643 
192.000000  193.000000  0.000641 
193.000000  194.000000  0.000638 
194.000000  195.000000  0.000636 
195.000000  196.000000  0.000633 
196.000000  197.000000  0.000631 
197.000000  198.000000  0.000628 
198.000000  199.000000  0.000626 
199.000000  200.000000  0.000624 
200.000000  201.000000  0.000622 
201.000000  202.000000  0.000619 
202.000000  203.000000  0.000617 
203.000000  204.000000  0.000615 
204.000000  205.000000  0.000613 
205.000000  206.000000  0.000611 
206.000000  207.000000  0.000609 
207.000000  208.000000  0.000608 
208.000000  209.000000  0.000606 
209.000000  210.000000  0.000604 
210.000000  211.000000  0.000602 
211.000000  212.000000  0.000600 
212.000000  213.000000  0.000599 
213.000000  214.000000  0.000597 
214.000000  215.000000  0.000595 
215.000000  216.000000  0.000594 
216.000000  217.000000  0.000592 
217.000000  218.000000  0.000591 
218.000000  219.000000  0.000589 
219.000000  220.000000  0.000588 
220.000000  221.000000  0.000586 
221.000000  222.000000  0.000585 
222.000000  223.000000  0.000584 
223.000000  224.000000  0.000582 
224.000000  225.000000  0.000581 
225.000000  226.000000  0.000580 
226.000000  227.000000  0.000578 
227.000000  228.000000  0.000577 
228.000000  229.000000  0.000576 
229.000000  230.000000  0.000575 
230.000000  231.000000  0.000574 
231.000000  232.000000  0.000572 
232.000000  233.000000  0.000571 
233.000000  234.000000  0.000570 
234.000000  235.000000  0.000569 
235.000000  236.000000  0.000568 
236.000000  237.000000  0.000567 
237.000000  238.000000  0.000566 
238.000000  239.000000  0.000565 
239.000000  240.000000  0.000564 
240.000000  241.000000  0.000563 
241.000000  242.000000  0.000562 
242.000000  243.000000  0.000561 
243.000000  244.000000  0.000560 
244.000000  245.000000  0.000559 
245.000000  246.000000  0.000558 
246.000000  247.000000  0.000558 
247.000000  248.000000  0.000557 
248.000000  249.000000  0.000556 
249.000000  250.000000  0.000555 
250.000000  251.000000  0.000554 
251.000000  252.000000  0.000553 
252.000000  253.000000  0.000553 
253.000000  254.000000  0.000552 
254.000000  255.000000  0.000551 
255.000000  256.000000  0.000550 
256.000000  257.000000  0.000550 
257.000000  258.000000  0.000549 
258.000000  259.000000  0.000548 
259.000000  260.000000  0.000548 
260.000000  261.000000  0.000547 
261.000000  262.000000  0.000546 
262.000000  263.000000  0.000546 
263.000000  264.000000  0.000545 
264.000000  265.000000  0.000544 
265.000000  266.000000  0.000544 
266.000000  267.000000  0.000543 
267.000000  268.000000  0.000542 
268.000000  269.000000  0.000542 
269.000000  270.000000  0.000541 
270.000000  271.000000  0.000541 
271.000000  272.000000  0.000540 
272.000000  273.000000  0.000540 
273.000000  274.000000  0.000539 
274.000000  275.000000  0.000539 
275.000000  276.000000  0.000538 
276.000000  277.000000  0.000538 
277.000000  278.000000  0.000537 
278.000000  279.000000  0.000537 
279.000000  280.000000  0.000536 
280.000000  281.000000  0.000536 
281.000000  282.000000  0.000535 
282.000000  283.000000  0.000535 
283.000000  284.000000  0.000534 
284.000000  285.000000  0.000534 
285.000000  286.000000  0.000534 
286.000000  287.000000  0.000533 
287.000000  288.000000  0.000533 
288.000000  289.000000  0.000532 
289.000000  290.000000  0.000532 
290.000000  291.000000  0.000532 
291.000000  292.000000  0.000531 
292.000000  293.000000  0.000531 
293.000000  294.000000  0.000531 
294.000000  295.000000  0.000530 
295.000000  296.000000  0.000530 
296.000000  297.000000  0.000530 
297.000000  298.000000  0.000529 
298.000000  299.000000  0.000529 
299.000000  300.000000  0.000529 
300.000000  301.000000  0.000528 
301.000000  302.000000  0.000528 
302.000000  303.000000  0.000528 
303.000000  304.000000  0.000528 
304.000000  305.000000  0.000527 
305.000000  306.000000  0.000527 
306.000000  307.000000  0.000527 
307.000000  308.000000  0.000527 
308.000000  309.000000  0.000527 
309.000000  310.000000  0.000526 
310.000000  311.000000  0.000526 
311.000000  312.000000  0.000526 
312.000000  313.000000  0.000526 
313.000000  314.000000  0.000526 
314.000000  315.000000  0.000525 
315.000000  316.000000  0.000525 
316.000000  317.000000  0.000525 
317.000000  318.000000  0.000525 
318.000000  319.000000  0.000525 
319.000000  320.000000  0.000525 
320.000000  321.000000  0.000524 
321.000000  322.000000  0.000524 
322.000000  323.000000  0.000524 
323.000000  324.000000  0.000524 
324.000000  325.000000  0.000524 
325.000000  326.000000  0.000524 
326.000000  327.000000  0.000524 
327.000000  328.000000  0.000524 
328.000000  329.000000  0.000524 
329.000000  330.000000  0.000524 
330.000000  331.000000  0.000524 
331.000000  332.000000  0.000523 
332.000000  333.000000  0.000523 
333.000000  334.000000  0.000523 
334.000000  335.000000  0.000523 
335.000000  336.000000  0.000523 
336.000000  337.000000  0.000523 
337.000000  338.000000  0.000523 
338.000000  339.000000  0.000523 
339.000000  340.000000  0.000523 
340.000000  341.000000  0.000523 
341.000000  342.000000  0.000523 
342.000000  343.000000  0.000523 
343.000000  344.000000  0.000523 
344.000000  345.000000  0.000523 
345.000000  346.000000  0.000523 
346.000000  347.000000  0.000523 
347.000000  348.000000  0.000523 
348.000000  349.000000  0.000523 
349.000000  350.000000  0.000523 
350.000000  351.000000  0.000523 
351.000000  352.000000  0.000523 
352.000000  353.000000  0.000523 
353.000000  354.000000  0.000523 
354.000000  355.000000  0.000524 
355.000000  356.000000  0.000524 
356.000000  357.000000  0.000524 
357.000000  358.000000  0.000524 
358.000000  359.000000  0.000524 
359.000000  360.000000  0.000524 
360.000000  361.000000  0.000524 
361.000000  362.000000  0.000524 
362.000000  363.000000  0.000524 
363.000000  364.000000  0.000524 
364.000000  365.000000  0.000524 
365.000000  366.000000  0.000524 
366.000000  367.000000  0.000524 
367.000000  368.000000  0.000525 
368.000000  369.000000  0.000525 
369.000000  370.000000  0.000525 
370.000000  371.000000  0.000525 
371.000000  372.000000  0.000525 
372.000000  373.000000  0.000525 
373.000000  374.000000  0.000525 
374.000000  375.000000  0.000525 
375.000000  376.000000  0.000525 
376.000000  377.000000  0.000526 
377.000000  378.000000  0.000526 
378.000000  379.000000  0.000526 
379.000000  380.000000  0.000526 
380.000000  381.000000  0.000526 
381.000000  382.000000  0.000526 
382.000000  383.000000  0.000526 
383.000000  384.000000  0.000527 
384.000000  385.000000  0.000527 
385.000000  386.000000  0.000527 
386.000000  387.000000  0.000527 
387.000000  388.000000  0.000527 
388.000000  389.000000  0.000527 
389.000000  390.000000  0.000527 
390.000000  391.000000  0.000528 
391.000000  392.000000  0.000528 
392.000000  393.000000  0.000528 
393.000000  394.000000  0.000528 
394.000000  395.000000  0.000528 
395.000000  396.000000  0.000528 
396.000000  397.000000  0.000529 
397.000000  398.000000  0.000529 
398.000000  399.000000  0.000529 
399.000000  400.000000  0.000529 
400.000000  401.000000  0.000529 
401.000000  402.000000  0.000529 
402.000000  403.000000  0.000530 
403.000000  404.000000  0.000530 
404.000000  405.000000  0.000530 
405.000000  406.000000  0.000530 
406.000000  407.000000  0.000530 
407.000000  408.000000  0.000530 
408.000000  409.000000  0.000531 
409.000000  410.000000  0.000531 
410.000000  411.000000  0.000531 
411.000000  412.000000  0.000531 
412.000000  413.000000  0.000531 
413.000000  414.000000  0.000532 
414.000000  415.000000  0.000532 
415.000000  416.000000  0.000532 
416.000000  417.000000  0.000532 
417.000000  418.000000  0.000532 
418.000000  419.000000  0.000532 
419.000000  420.000000  0.000533 
420.000000  421.000000  0.000533 
421.000000  422.000000  0.000533 
422.000000  423.000000  0.000533 
423.000000  424.000000  0.000533 
424.000000  425.000000  0.000534 
425.000000  426.000000  0.000534 
426.000000  427.000000  0.000534 
427.000000  428.000000  0.000534 
428.000000  429.000000  0.000534 
429.000000  430.000000  0.000535 
430.000000  431.000000  0.000535 
431.000000  432.000000  0.000535 
432.000000  433.000000  0.000535 
433.000000  434.000000  0.000535 
434.000000  435.000000  0.000535 
435.000000  436.000000  0.000536 
436.000000  437.000000  0.000536 
437.000000  438.000000  0.000536 
438.000000  439.000000  0.000536 
439.000000  440.000000  0.000536 
440.000000  441.000000  0.000537 
441.000000  442.000000  0.000537 
442.000000  443.000000  0.000537 
443.000000  444.000000  0.000537 
444.000000  445.000000  0.000537 
445.000000  446.000000  0.000538 
446.000000  447.000000  0.000538 
447.000000  448.000000  0.000538 
448.000000  449.000000  0.000538 
449.000000  450.000000  0.000538 
450.000000  451.000000  0.000539 
451.000000  452.000000  0.000539 
452.000000  453.000000  0.000539 
453.000000  454.000000  0.000539 
454.000000  455.000000  0.000539 
455.000000  456.000000  0.000539 
456.000000  457.000000  0.000540 
457.000000  458.000000  0.000540 
458.000000  459.000000  0.000540 
459.000000  460.000000  0.000540 
460.000000  461.000000  0.000540 
461.000000  462.000000  0.000541 
462.000000  463.000000  0.000541 
463.000000  464.000000  0.000541 
464.000000  465.000000  0.000541 
465.000000  466.000000  0.000541 
466.000000  467.000000  0.000541 
467.000000  468.000000  0.000542 
468.000000  469.000000  0.000542 
469.000000  470.000000  0.000542 
470.000000  471.000000  0.000542 
471.000000  472.000000  0.000542 
472.000000  473.000000  0.000543 
473.000000  474.000000  0.000543 
474.000000  475.000000  0.000543 
475.000000  476.000000  0.000543 
476.000000  477.000000  0.000543 
477.000000  478.000000  0.000543 
478.000000  479.000000  0.000544 
479.000000  480.000000  0.000544 
480.000000  481.000000  0.000544 
481.000000  482.000000  0.000544 
482.000000  483.000000  0.000544 
483.000000  484.000000  0.000544 
484.000000  485.000000  0.000545 
485.000000  486.000000  0.000545 
486.000000  487.000000  0.000545 
487.000000  488.000000  0.000545 
488.000000  489.000000  0.000545 
489.000000  490.000000  0.000546 
490.000000  491.000000  0.000546 
491.000000  492.000000  0.000546 
492.000000  493.000000  0.000546 
493.000000  494.000000  0.000546 
494.000000  495.000000  0.000546 
495.000000  496.000000  0.000547 
496.000000  497.000000  0.000547 
497.000000  498.000000  0.000547 
498.000000  499.000000  0.000547 
499.000000  500.000000  0.000547 
500.000000  501.000000  0.000547 
501.000000  502.000000  0.000548 
502.000000  503.000000  0.000548 
503.000000  504.000000  0.000548 
504.000000  505.000000  0.000548 
505.000000  506.000000  0.000548 
506.000000  507.000000  0.000548 
507.000000  508.000000  0.000548 
508.000000  509.000000  0.000549 
509.000000  510.000000  0.000549 
510.000000  511.000000  0.000549 
511.000000  512.000000  0.000549 
512.000000  513.000000  0.000549 
513.000000  514.000000  0.000549 
514.000000  515.000000  0.000550 
515.000000  516.000000  0.000550 
516.000000  517.000000  0.000550 
517.000000  518.000000  0.000550 
518.000000  519.000000  0.000550 
519.000000  520.000000  0.000550 
520.000000  521.000000  0.000550 
521.000000  522.000000  0.000551 
522.000000  523.000000  0.000551 
523.000000  524.000000  0.000551 
524.000000  525.000000  0.000551 
525.000000  526.000000  0.000551 
526.000000  527.000000  0.000551 
527.000000  528.000000  0.000552 
528.000000  529.000000  0.000552 
529.000000  530.000000  0.000552 
530.000000  531.000000  0.000552 
531.000000  532.000000  0.000552 
532.000000  533.000000  0.000552 
533.000000  534.000000  0.000552 
534.000000  535.000000  0.000553 
535.000000  536.000000  0.000553 
536.000000  537.000000  0.000553 
537.000000  538.000000  0.000553 
538.000000  539.000000  0.000553 
539.000000  540.000000  0.000553 
540.000000  541.000000  0.000553 
541.000000  542.000000  0.000554 
542.000000  543.000000  0.000554 
543.000000  544.000000  0.000554 
544.000000  545.000000  0.000554 
545.000000  546.000000  0.000554 
546.000000  547.000000  0.000554 
547.000000  548.000000  0.000554 
548.000000  549.000000  0.000554 
549.000000  550.000000  0.000555 
550.000000  551.000000  0.000555 
551.000000  552.000000  0.000555 
552.000000  553.000000  0.000555 
553.000000  554.000000  0.000555 
554.000000  555.000000  0.000555 
555.000000  556.000000  0.000555 
556.000000  557.000000  0.000556 
557.000000  558.000000  0.000556 
558.000000  559.000000  0.000556 
559.000000  560.000000  0.000556 
560.000000  561.000000  0.000556 
561.000000  562.000000  0.000556 
562.000000  563.000000  0.000556 
563.000000  564.000000  0.000556 
564.000000  565.000000  0.000557 
565.000000  566.000000  0.000557 
566.000000  567.000000  0.000557 
567.000000  568.000000  0.000557 
568.000000  569.000000  0.000557 
569.000000  570.000000  0.000557 
570.000000  571.000000  0.000557 
571.000000  572.000000  0.000557 
572.000000  573.000000  0.000557 
573.000000  574.000000  0.000558 
574.000000  575.000000  0.000558 
575.000000  576.000000  0.000558 
576.000000  577.000000  0.000558 
577.000000  578.000000  0.000558 
578.000000  579.000000  0.000558 
579.000000  580.000000  0.000558 
580.000000  581.000000  0.000558 
581.000000  582.000000  0.000559 
582.000000  583.000000  0.000559 
583.000000  584.000000  0.000559 
584.000000  585.000000  0.000559 
585.000000  586.000000  0.000559 
586.000000  587.000000  0.000559 
587.000000  588.000000  0.000559 
588.000000  589.000000  0.000559 
589.000000  590.000000  0.000559 
590.000000  591.000000  0.000560 
591.000000  592.000000  0.000560 
592.000000  593.000000  0.000560 
593.000000  594.000000  0.000560 
594.000000  595.000000  0.000560 
595.000000  596.000000  0.000560 
596.000000  597.000000  0.000560 
597.000000  598.000000  0.000560 
598.000000  599.000000  0.000560 
599.000000  600.000000  0.000561 
600.000000  601.000000  0.000561 
601.000000  602.000000  0.000561 
602.000000  603.000000  0.000561 
603.000000  604.000000  0.000561 
604.000000  605.000000  0.000561 
605.000000  606.000000  0.000561 
606.000000  607.000000  0.000561 
607.000000  608.000000  0.000561 
608.000000  609.000000  0.000561 
609.000000  610.000000  0.000562 
610.000000  611.000000  0.000562 
611.000000  612.000000  0.000562 
612.000000  613.000000  0.000562 
613.000000  614.000000  0.000562 
614.000000  615.000000  0.000562 
615.000000  616.000000  0.000562 
616.000000  617.000000  0.000562 
617.000000  618.000000  0.000562 
618.000000  619.000000  0.000562 
619.000000  620.000000  0.000563 
620.000000  621.000000  0.000563 
621.000000  622.000000  0.000563 
622.000000  623.000000  0.000563 
623.000000  624.000000  0.000563 
624.000000  625.000000  0.000563 
625.000000  626.000000  0.000563 
626.000000  627.000000  0.000563 
627.000000  628.000000  0.000563 
628.000000  629.000000  0.000563 
629.000000  630.000000  0.000563 
630.000000  631.000000  0.000564 
631.000000  632.000000  0.000564 
632.000000  633.000000  0.000564 
633.000000  634.000000  0.000564 
634.000000  635.000000  0.000564 
635.000000  636.000000  0.000564 
636.000000  637.000000  0.000564 
637.000000  638.000000  0.000564 
638.000000  639.000000  0.000564 
639.000000  640.000000  0.000564 
640.000000  641.000000  0.000564 
641.000000  642.000000  0.000564 
642.000000  643.000000  0.000565 
643.000000  644.000000  0.000565 
644.000000  645.000000  0.000565 
645.000000  646.000000  0.000565 
646.000000  647.000000  0.000565 
647.000000  648.000000  0.000565 
648.000000  649.000000  0.000565 
649.000000  650.000000  0.000565 
650.000000  651.000000  0.000565 
651.000000  652.000000  0.000565 
652.000000  653.000000  0.000565 
653.000000  654.000000  0.000565 
654.000000  655.000000  0.000566 
655.000000  656.000000  0.000566 
656.000000  657.000000  0.000566 
657.000000  658.000000  0.000566 
658.000000  659.000000  0.000566 
659.000000  660.000000  0.000566 
660.000000  661.000000  0.000566 
661.000000  662.000000  0.000566 
662.000000  663.000000  0.000566 
663.000000  664.000000  0.000566 
664.000000  665.000000  0.000566 
665.000000  666.000000  0.000566 
666.000000  667.000000  0.000566 
667.000000  668.000000  0.000567 
668.000000  669.000000  0.000567 
669.000000  670.000000  0.000567 
670.000000  671.000000  0.000567 
671.000000  672.000000  0.000567 
672.000000  673.000000  0.000567 
673.000000  674.000000  0.000567 
674.000000  675.000000  0.000567 
675.000000  676.000000  0.000567 
676.000000  677.000000  0.000567 
677.000000  678.000000  0.000567 
678.000000  679.000000  0.000567 
679.000000  680.000000  0.000567 
680.000000  681.000000  0.000567 
681.000000  682.000000  0.000568 
682.000000  683.000000  0.000568 
683.000000  684.000000  0.000568 
684.000000  685.000000  0.000568 
685.000000  686.000000  0.000568 
686.000000  687.000000  0.000568 
687.000000  688.000000  0.000568 
688.000000  689.000000  0.000568 
689.000000  690.000000  0.000568 
690.000000  691.000000  0.000568 
691.000000  692.000000  0.000568 
692.000000  693.000000  0.000568 
693.000000  694.000000  0.000568 
694.000000  695.000000  0.000568 
695.000000  696.000000  0.000568 
696.000000  697.000000  0.000569 
697.000000  698.000000  0.000569 
698.000000  699.000000  0.000569 
699.000000  700.000000  0.000569 
700.000000  701.000000  0.000569 
701.000000  702.000000  0.000569 
702.000000  703.000000  0.000569 
703.000000  704.000000  0.000569 
704.000000  705.000000  0.000569 
705.000000  706.000000  0.000569 
706.000000  707.000000  0.000569 
707.000000  708.000000  0.000569 
708.000000  709.000000  0.000569 
709.000000  710.000000  0.000569 
710.000000  711.000000  0.000569 
711.000000  712.000000  0.000569 
712.000000  713.000000  0.000570 
713.000000  714.000000  0.000570 
714.000000  715.000000  0.000570 
715.000000  716.000000  0.000570 
716.000000  717.000000  0.000570 
717.000000  718.000000  0.000570 
718.000000  719.000000  0.000570 
719.000000  720.000000  0.000570 
720.000000  721.000000  0.000570 
721.000000  722.000000  0.000570 
722.000000  723.000000  0.000570 
723.000000  724.000000  0.000570 
724.000000  725.000000  0.000570 
725.000000  726.000000  0.000570 
726.000000  727.000000  0.000570 
727.000000  728.000000  0.000570 
728.000000  729.000000  0.000570 
729.000000  730.000000  0.000570 
730.000000  731.000000  0.000571 
731.000000  732.000000  0.000571 
732.000000  733.000000  0.000571 
733.000000  734.000000  0.000571 
734.000000  735.000000  0.000571 
735.000000  736.000000  0.000571 
736.000000  737.000000  0.000571 
737.000000  738.000000  0.000571 
738.000000  739.000000  0.000571 
739.000000  740.000000  0.000571 
740.000000  741.000000  0.000571 
741.000000  742.000000  0.000571 
742.000000  743.000000  0.000571 
743.000000  744.000000  0.000571 
744.000000  745.000000  0.000571 
745.000000  746.000000  0.000571 
746.000000  747.000000  0.000571 
747.000000  748.000000  0.000571 
748.000000  749.000000  0.000571 
749.000000  750.000000  0.000572 
750.000000  751.000000  0.000572 
751.000000  752.000000  0.000572 
752.000000  753.000000  0.000572 
753.000000  754.000000  0.000572 
754.000000  755.000000  0.000572 
755.000000  756.000000  0.000572 
756.000000  757.000000  0.000572 
757.000000  758.000000  0.000572 
758.000000  759.000000  0.000572 
759.000000  760.000000  0.000572 
760.000000  761.000000  0.000572 
761.000000  762.000000  0.000572 
762.000000  763.000000  0.000572 
763.000000  764.000000  0.000572 
764.000000  765.000000  0.000572 
765.000000  766.000000  0.000572 
766.000000  767.000000  0.000572 
767.000000  768.000000  0.000572 
768.000000  769.000000  0.000572 
769.000000  770.000000  0.000572 
770.000000  771.000000  0.000572 
771.000000  772.000000  0.000573 
772.000000  773.000000  0.000573 
773.000000  774.000000  0.000573 
774.000000  775.000000  0.000573 
775.000000  776.000000  0.000573 
776.000000  777.000000  0.000573 
777.000000  778.000000  0.000573 
778.000000  779.000000  0.000573 
779.000000  780.000000  0.000573 
780.000000  781.000000  0.000573 
781.000000  782.000000  0.000573 
782.000000  783.000000  0.000573 
783.000000  784.000000  0.000573 
784.000000  785.000000  0.000573 
785.000000  786.000000  0.000573 
786.000000  787.000000  0.000573 
787.000000  788.000000  0.000573 
788.000000  789.000000  0.000573 
789.000000  790.000000  0.000573 
790.000000  791.000000  0.000573 
791.000000  792.000000  0.000573 
792.000000  793.000000  0.000573 
793.000000  794.000000  0.000573 
794.000000  795.000000  0.000573 
795.000000  796.000000  0.000573 
796.000000  797.000000  0.000574 
797.000000  798.000000  0.000574 
798.000000  799.000000  0.000574 
799.000000  800.000000  0.000574 
800.000000  801.000000  0.000574 
801.000000  802.000000  0.000574 
802.000000  803.000000  0.000574 
803.000000  804.000000  0.000574 
804.000000  805.000000  0.000574 
805.000000  806.000000  0.000574 
806.000000  807.000000  0.000574 
807.000000  808.000000  0.000574 
808.000000  809.000000  0.000574 
809.000000  810.000000  0.000574 
810.000000  811.000000  0.000574 
811.000000  812.000000  0.000574 
812.000000  813.000000  0.000574 
813.000000  814.000000  0.000574 
814.000000  815.000000  0.000574 
815.000000  816.000000  0.000574 
816.000000  817.000000  0.000574 
817.000000  818.000000  0.000574 
818.000000  819.000000  0.000574 
819.000000  820.000000  0.000574 
820.000000  821.000000  0.000574 
821.000000  822.000000  0.000574 
822.000000  823.000000  0.000574 
823.000000  824.000000  0.000574 
824.000000  825.000000  0.000575 
825.000000  826.000000  0.000575 
826.000000  827.000000  0.000575 
827.000000  828.000000  0.000575 
828.000000  829.000000  0.000575 
829.000000  830.000000  0.000575 
830.000000  831.000000  0.000575 
831.000000  832.000000  0.000575 
832.000000  833.000000  0.000575 
833.000000  834.000000  0.000575 
834.000000  835.000000  0.000575 
835.000000  836.000000  0.000575 
836.000000  837.000000  0.000575 
837.000000  838.000000  0.000575 
838.000000  839.000000  0.000575 
839.000000  840.000000  0.000575 
840.000000  841.000000  0.000575 
841.000000  842.000000  0.000575 
842.000000  843.000000  0.000575 
843.000000  844.000000  0.000575 
844.000000  845.000000  0.000575 
845.000000  846.000000  0.000575 
846.000000  847.000000  0.000575 
847.000000  848.000000  0.000575 
848.000000  849.000000  0.000575 
849.000000  850.000000  0.000575 
850.000000  851.000000  0.000575 
851.000000  852.000000  0.000575 
852.000000  853.000000  0.000575 
853.000000  854.000000  0.000575 
854.000000  855.000000  0.000575 
855.000000  856.000000  0.000575 
856.000000  857.000000  0.000575 
857.000000  858.000000  0.000575 
858.000000  859.000000  0.000576 
859.000000  860.000000  0.000576 
860.000000  861.000000  0.000576 
861.000000  862.000000  0.000576 
862.000000  863.000000  0.000576 
863.000000  864.000000  0.000576 
864.000000  865.000000  0.000576 
865.000000  866.000000  0.000576 
866.000000  867.000000  0.000576 
867.000000  868.000000  0.000576 
868.000000  869.000000  0.000576 
869.000000  870.000000  0.000576 
870.000000  871.000000  0.000576 
871.000000  872.000000  0.000576 
872.000000  873.000000  0.000576 
873.000000  874.000000  0.000576 
874.000000  875.000000  0.000576 
875.000000  876.000000  0.000576 
876.000000  877.000000  0.000576 
877.000000  878.000000  0.000576 
878.000000  879.000000  0.000576 
879.000000  880.000000  0.000576 
880.000000  881.000000  0.000576 
881.000000  882.000000  0.000576 
882.000000  883.000000  0.000576 
883.000000  884.000000  0.000576 
884.000000  885.000000  0.000576 
885.000000  886.000000  0.000576 
886.000000  887.000000  0.000576 
887.000000  888.000000  0.000576 
888.000000  889.000000  0.000576 
889.000000  890.000000  0.000576 
890.000000  891.000000  0.000576 
891.000000  892.000000  0.000576 
892.000000  893.000000  0.000576 
893.000000  894.000000  0.000576 
894.000000  895.000000  0.000576 
895.000000  896.000000  0.000576 
896.000000  897.000000  0.000576 
897.000000  898.000000  0.000576 
898.000000  899.000000  0.000577 
899.000000  900.000000  0.000577 
900.000000  901.000000  0.000577 
901.000000  902.000000  0.000577 
902.000000  903.000000  0.000577 
903.000000  904.000000  0.000577 
904.000000  905.000000  0.000577 
905.000000  906.000000  0.000577 
906.000000  907.000000  0.000577 
907.000000  908.000000  0.000577 
908.000000  909.000000  0.000577 
909.000000  910.000000  0.000577 
910.000000  911.000000  0.000577 
911.000000  912.000000  0.000577 
912.000000  913.000000  0.000577 
913.000000  914.000000  0.000577 
914.000000  915.000000  0.000577 
915.000000  916.000000  0.000577 
916.000000  917.000000  0.000577 
917.000000  918.000000  0.000577 
918.000000  919.000000  0.000577 
919.000000  920.000000  0.000577 
920.000000  921.000000  0.000577 
921.000000  922.000000  0.000577 
922.000000  923.000000  0.000577 
923.000000  924.000000  0.000577 
924.000000  925.000000  0.000577 
925.000000  926.000000  0.000577 
926.000000  927.000000  0.000577 
927.000000  928.000000  0.000577 
928.000000  929.000000  0.000577 
929.000000  930.000000  0.000577 
930.000000  931.000000  0.000577 
931.000000  932.000000  0.000577 
932.000000  933.000000  0.000577 
933.000000  934.000000  0.000577 
934.000000  935.000000  0.000577 
935.000000  936.000000  0.000577 
936.000000  937.000000  0.000577 
937.000000  938.000000  0.000577 
