20.000000  21.000000  0.000073 
21.000000  22.000000  0.000083 
22.000000  23.000000  0.000094 
23.000000  24.000000  0.000104 
24.000000  25.000000  0.000115 
25.000000  26.000000  0.000126 
26.000000  27.000000  0.000138 
27.000000  28.000000  0.000150 
28.000000  29.000000  0.000162 
29.000000  30.000000  0.000174 
30.000000  31.000000  0.000186 
31.000000  32.000000  0.000198 
32.000000  33.000000  0.000210 
33.000000  34.000000  0.000223 
34.000000  35.000000  0.000235 
35.000000  36.000000  0.000248 
36.000000  37.000000  0.000260 
37.000000  38.000000  0.000273 
38.000000  39.000000  0.000285 
39.000000  40.000000  0.000298 
40.000000  41.000000  0.000310 
41.000000  42.000000  0.000323 
42.000000  43.000000  0.000335 
43.000000  44.000000  0.000348 
44.000000  45.000000  0.000360 
45.000000  46.000000  0.000372 
46.000000  47.000000  0.000384 
47.000000  48.000000  0.000396 
48.000000  49.000000  0.000407 
49.000000  50.000000  0.000419 
50.000000  51.000000  0.000430 
51.000000  52.000000  0.000441 
52.000000  53.000000  0.000452 
53.000000  54.000000  0.000462 
54.000000  55.000000  0.000473 
55.000000  56.000000  0.000483 
56.000000  57.000000  0.000492 
57.000000  58.000000  0.000502 
58.000000  59.000000  0.000511 
59.000000  60.000000  0.000520 
60.000000  61.000000  0.000529 
61.000000  62.000000  0.000537 
62.000000  63.000000  0.000545 
63.000000  64.000000  0.000552 
64.000000  65.000000  0.000560 
65.000000  66.000000  0.000567 
66.000000  67.000000  0.000574 
67.000000  68.000000  0.000580 
68.000000  69.000000  0.000586 
69.000000  70.000000  0.000592 
70.000000  71.000000  0.000597 
71.000000  72.000000  0.000602 
72.000000  73.000000  0.000607 
73.000000  74.000000  0.000611 
74.000000  75.000000  0.000615 
75.000000  76.000000  0.000619 
76.000000  77.000000  0.000623 
77.000000  78.000000  0.000626 
78.000000  79.000000  0.000629 
79.000000  80.000000  0.000631 
80.000000  81.000000  0.000633 
81.000000  82.000000  0.000635 
82.000000  83.000000  0.000637 
83.000000  84.000000  0.000638 
84.000000  85.000000  0.000639 
85.000000  86.000000  0.000640 
86.000000  87.000000  0.000640 
87.000000  88.000000  0.000640 
88.000000  89.000000  0.000640 
89.000000  90.000000  0.000640 
90.000000  91.000000  0.000639 
91.000000  92.000000  0.000638 
92.000000  93.000000  0.000637 
93.000000  94.000000  0.000636 
94.000000  95.000000  0.000634 
95.000000  96.000000  0.000632 
96.000000  97.000000  0.000630 
97.000000  98.000000  0.000628 
98.000000  99.000000  0.000625 
99.000000  100.000000  0.000622 
100.000000  101.000000  0.000619 
101.000000  102.000000  0.000616 
102.000000  103.000000  0.000613 
103.000000  104.000000  0.000609 
104.000000  105.000000  0.000606 
105.000000  106.000000  0.000602 
106.000000  107.000000  0.000598 
107.000000  108.000000  0.000593 
108.000000  109.000000  0.000589 
109.000000  110.000000  0.000584 
110.000000  111.000000  0.000580 
111.000000  112.000000  0.000575 
112.000000  113.000000  0.000570 
113.000000  114.000000  0.000565 
114.000000  115.000000  0.000560 
115.000000  116.000000  0.000555 
116.000000  117.000000  0.000550 
117.000000  118.000000  0.000544 
118.000000  119.000000  0.000539 
119.000000  120.000000  0.000533 
120.000000  121.000000  0.000528 
121.000000  122.000000  0.000522 
122.000000  123.000000  0.000516 
123.000000  124.000000  0.000511 
124.000000  125.000000  0.000505 
125.000000  126.000000  0.000499 
126.000000  127.000000  0.000493 
127.000000  128.000000  0.000487 
128.000000  129.000000  0.000482 
129.000000  130.000000  0.000476 
130.000000  131.000000  0.000470 
131.000000  132.000000  0.000464 
132.000000  133.000000  0.000458 
133.000000  134.000000  0.000452 
134.000000  135.000000  0.000446 
135.000000  136.000000  0.000441 
136.000000  137.000000  0.000435 
137.000000  138.000000  0.000429 
138.000000  139.000000  0.000423 
139.000000  140.000000  0.000418 
140.000000  141.000000  0.000412 
141.000000  142.000000  0.000406 
142.000000  143.000000  0.000401 
143.000000  144.000000  0.000395 
144.000000  145.000000  0.000390 
145.000000  146.000000  0.000384 
146.000000  147.000000  0.000379 
147.000000  148.000000  0.000374 
148.000000  149.000000  0.000368 
149.000000  150.000000  0.000363 
150.000000  151.000000  0.000358 
151.000000  152.000000  0.000353 
152.000000  153.000000  0.000348 
153.000000  154.000000  0.000343 
154.000000  155.000000  0.000338 
155.000000  156.000000  0.000333 
156.000000  157.000000  0.000328 
157.000000  158.000000  0.000324 
158.000000  159.000000  0.000319 
159.000000  160.000000  0.000314 
160.000000  161.000000  0.000310 
161.000000  162.000000  0.000305 
162.000000  163.000000  0.000301 
163.000000  164.000000  0.000297 
164.000000  165.000000  0.000293 
165.000000  166.000000  0.000288 
166.000000  167.000000  0.000284 
167.000000  168.000000  0.000280 
168.000000  169.000000  0.000276 
169.000000  170.000000  0.000272 
170.000000  171.000000  0.000268 
171.000000  172.000000  0.000265 
172.000000  173.000000  0.000261 
173.000000  174.000000  0.000257 
174.000000  175.000000  0.000254 
175.000000  176.000000  0.000250 
176.000000  177.000000  0.000247 
177.000000  178.000000  0.000243 
178.000000  179.000000  0.000240 
179.000000  180.000000  0.000237 
180.000000  181.000000  0.000233 
181.000000  182.000000  0.000230 
182.000000  183.000000  0.000227 
183.000000  184.000000  0.000224 
184.000000  185.000000  0.000221 
185.000000  186.000000  0.000218 
186.000000  187.000000  0.000215 
187.000000  188.000000  0.000212 
188.000000  189.000000  0.000210 
189.000000  190.000000  0.000207 
190.000000  191.000000  0.000204 
191.000000  192.000000  0.000202 
192.000000  193.000000  0.000199 
193.000000  194.000000  0.000197 
194.000000  195.000000  0.000194 
195.000000  196.000000  0.000192 
196.000000  197.000000  0.000189 
197.000000  198.000000  0.000187 
198.000000  199.000000  0.000185 
199.000000  200.000000  0.000182 
200.000000  201.000000  0.000180 
201.000000  202.000000  0.000178 
202.000000  203.000000  0.000176 
203.000000  204.000000  0.000174 
204.000000  205.000000  0.000172 
205.000000  206.000000  0.000170 
206.000000  207.000000  0.000168 
207.000000  208.000000  0.000166 
208.000000  209.000000  0.000164 
209.000000  210.000000  0.000162 
210.000000  211.000000  0.000160 
211.000000  212.000000  0.000159 
212.000000  213.000000  0.000157 
213.000000  214.000000  0.000155 
214.000000  215.000000  0.000154 
215.000000  216.000000  0.000152 
216.000000  217.000000  0.000150 
217.000000  218.000000  0.000149 
218.000000  219.000000  0.000147 
219.000000  220.000000  0.000146 
220.000000  221.000000  0.000144 
221.000000  222.000000  0.000143 
222.000000  223.000000  0.000141 
223.000000  224.000000  0.000140 
224.000000  225.000000  0.000139 
225.000000  226.000000  0.000137 
226.000000  227.000000  0.000136 
227.000000  228.000000  0.000135 
228.000000  229.000000  0.000133 
229.000000  230.000000  0.000132 
230.000000  231.000000  0.000131 
231.000000  232.000000  0.000130 
232.000000  233.000000  0.000129 
233.000000  234.000000  0.000127 
234.000000  235.000000  0.000126 
235.000000  236.000000  0.000125 
236.000000  237.000000  0.000124 
237.000000  238.000000  0.000123 
238.000000  239.000000  0.000122 
239.000000  240.000000  0.000121 
240.000000  241.000000  0.000120 
241.000000  242.000000  0.000119 
242.000000  243.000000  0.000118 
243.000000  244.000000  0.000117 
244.000000  245.000000  0.000116 
245.000000  246.000000  0.000115 
246.000000  247.000000  0.000114 
247.000000  248.000000  0.000114 
248.000000  249.000000  0.000113 
249.000000  250.000000  0.000112 
250.000000  251.000000  0.000111 
251.000000  252.000000  0.000110 
252.000000  253.000000  0.000109 
253.000000  254.000000  0.000109 
254.000000  255.000000  0.000108 
255.000000  256.000000  0.000107 
256.000000  257.000000  0.000106 
257.000000  258.000000  0.000106 
258.000000  259.000000  0.000105 
259.000000  260.000000  0.000104 
260.000000  261.000000  0.000103 
261.000000  262.000000  0.000103 
262.000000  263.000000  0.000102 
263.000000  264.000000  0.000101 
264.000000  265.000000  0.000101 
265.000000  266.000000  0.000100 
266.000000  267.000000  0.000100 
267.000000  268.000000  0.000099 
268.000000  269.000000  0.000098 
269.000000  270.000000  0.000098 
270.000000  271.000000  0.000097 
271.000000  272.000000  0.000097 
272.000000  273.000000  0.000096 
273.000000  274.000000  0.000096 
274.000000  275.000000  0.000095 
275.000000  276.000000  0.000094 
276.000000  277.000000  0.000094 
277.000000  278.000000  0.000093 
278.000000  279.000000  0.000093 
279.000000  280.000000  0.000092 
280.000000  281.000000  0.000092 
281.000000  282.000000  0.000091 
282.000000  283.000000  0.000091 
283.000000  284.000000  0.000091 
284.000000  285.000000  0.000090 
285.000000  286.000000  0.000090 
286.000000  287.000000  0.000089 
287.000000  288.000000  0.000089 
288.000000  289.000000  0.000088 
289.000000  290.000000  0.000088 
290.000000  291.000000  0.000088 
291.000000  292.000000  0.000087 
292.000000  293.000000  0.000087 
293.000000  294.000000  0.000086 
294.000000  295.000000  0.000086 
295.000000  296.000000  0.000086 
296.000000  297.000000  0.000085 
297.000000  298.000000  0.000085 
298.000000  299.000000  0.000085 
299.000000  300.000000  0.000084 
300.000000  301.000000  0.000084 
301.000000  302.000000  0.000084 
302.000000  303.000000  0.000083 
303.000000  304.000000  0.000083 
304.000000  305.000000  0.000083 
305.000000  306.000000  0.000082 
306.000000  307.000000  0.000082 
307.000000  308.000000  0.000082 
308.000000  309.000000  0.000081 
309.000000  310.000000  0.000081 
310.000000  311.000000  0.000081 
311.000000  312.000000  0.000081 
312.000000  313.000000  0.000080 
313.000000  314.000000  0.000080 
314.000000  315.000000  0.000080 
315.000000  316.000000  0.000079 
316.000000  317.000000  0.000079 
317.000000  318.000000  0.000079 
318.000000  319.000000  0.000079 
319.000000  320.000000  0.000078 
320.000000  321.000000  0.000078 
321.000000  322.000000  0.000078 
322.000000  323.000000  0.000078 
323.000000  324.000000  0.000078 
324.000000  325.000000  0.000077 
325.000000  326.000000  0.000077 
326.000000  327.000000  0.000077 
327.000000  328.000000  0.000077 
328.000000  329.000000  0.000076 
329.000000  330.000000  0.000076 
330.000000  331.000000  0.000076 
331.000000  332.000000  0.000076 
332.000000  333.000000  0.000076 
333.000000  334.000000  0.000075 
334.000000  335.000000  0.000075 
335.000000  336.000000  0.000075 
336.000000  337.000000  0.000075 
337.000000  338.000000  0.000075 
338.000000  339.000000  0.000075 
339.000000  340.000000  0.000074 
340.000000  341.000000  0.000074 
341.000000  342.000000  0.000074 
342.000000  343.000000  0.000074 
343.000000  344.000000  0.000074 
344.000000  345.000000  0.000074 
345.000000  346.000000  0.000073 
346.000000  347.000000  0.000073 
347.000000  348.000000  0.000073 
348.000000  349.000000  0.000073 
349.000000  350.000000  0.000073 
350.000000  351.000000  0.000073 
351.000000  352.000000  0.000073 
352.000000  353.000000  0.000072 
353.000000  354.000000  0.000072 
354.000000  355.000000  0.000072 
355.000000  356.000000  0.000072 
356.000000  357.000000  0.000072 
357.000000  358.000000  0.000072 
358.000000  359.000000  0.000072 
359.000000  360.000000  0.000072 
360.000000  361.000000  0.000071 
361.000000  362.000000  0.000071 
362.000000  363.000000  0.000071 
363.000000  364.000000  0.000071 
364.000000  365.000000  0.000071 
365.000000  366.000000  0.000071 
366.000000  367.000000  0.000071 
367.000000  368.000000  0.000071 
368.000000  369.000000  0.000071 
369.000000  370.000000  0.000070 
370.000000  371.000000  0.000070 
371.000000  372.000000  0.000070 
372.000000  373.000000  0.000070 
373.000000  374.000000  0.000070 
374.000000  375.000000  0.000070 
375.000000  376.000000  0.000070 
376.000000  377.000000  0.000070 
377.000000  378.000000  0.000070 
378.000000  379.000000  0.000070 
379.000000  380.000000  0.000070 
380.000000  381.000000  0.000069 
381.000000  382.000000  0.000069 
382.000000  383.000000  0.000069 
383.000000  384.000000  0.000069 
384.000000  385.000000  0.000069 
385.000000  386.000000  0.000069 
386.000000  387.000000  0.000069 
387.000000  388.000000  0.000069 
388.000000  389.000000  0.000069 
389.000000  390.000000  0.000069 
390.000000  391.000000  0.000069 
391.000000  392.000000  0.000069 
392.000000  393.000000  0.000069 
393.000000  394.000000  0.000069 
394.000000  395.000000  0.000068 
395.000000  396.000000  0.000068 
396.000000  397.000000  0.000068 
397.000000  398.000000  0.000068 
398.000000  399.000000  0.000068 
399.000000  400.000000  0.000068 
400.000000  401.000000  0.000068 
401.000000  402.000000  0.000068 
402.000000  403.000000  0.000068 
403.000000  404.000000  0.000068 
404.000000  405.000000  0.000068 
405.000000  406.000000  0.000068 
406.000000  407.000000  0.000068 
407.000000  408.000000  0.000068 
408.000000  409.000000  0.000068 
409.000000  410.000000  0.000068 
410.000000  411.000000  0.000068 
411.000000  412.000000  0.000068 
412.000000  413.000000  0.000068 
413.000000  414.000000  0.000067 
414.000000  415.000000  0.000067 
415.000000  416.000000  0.000067 
416.000000  417.000000  0.000067 
417.000000  418.000000  0.000067 
418.000000  419.000000  0.000067 
419.000000  420.000000  0.000067 
420.000000  421.000000  0.000067 
421.000000  422.000000  0.000067 
422.000000  423.000000  0.000067 
423.000000  424.000000  0.000067 
424.000000  425.000000  0.000067 
425.000000  426.000000  0.000067 
426.000000  427.000000  0.000067 
427.000000  428.000000  0.000067 
428.000000  429.000000  0.000067 
429.000000  430.000000  0.000067 
430.000000  431.000000  0.000067 
431.000000  432.000000  0.000067 
432.000000  433.000000  0.000067 
433.000000  434.000000  0.000067 
434.000000  435.000000  0.000067 
435.000000  436.000000  0.000067 
436.000000  437.000000  0.000067 
437.000000  438.000000  0.000067 
438.000000  439.000000  0.000067 
439.000000  440.000000  0.000067 
440.000000  441.000000  0.000067 
441.000000  442.000000  0.000067 
442.000000  443.000000  0.000066 
443.000000  444.000000  0.000066 
444.000000  445.000000  0.000066 
445.000000  446.000000  0.000066 
446.000000  447.000000  0.000066 
447.000000  448.000000  0.000066 
448.000000  449.000000  0.000066 
449.000000  450.000000  0.000066 
450.000000  451.000000  0.000066 
451.000000  452.000000  0.000066 
452.000000  453.000000  0.000066 
453.000000  454.000000  0.000066 
454.000000  455.000000  0.000066 
455.000000  456.000000  0.000066 
456.000000  457.000000  0.000066 
457.000000  458.000000  0.000066 
458.000000  459.000000  0.000066 
459.000000  460.000000  0.000066 
460.000000  461.000000  0.000066 
461.000000  462.000000  0.000066 
462.000000  463.000000  0.000066 
463.000000  464.000000  0.000066 
464.000000  465.000000  0.000066 
465.000000  466.000000  0.000066 
466.000000  467.000000  0.000066 
467.000000  468.000000  0.000066 
468.000000  469.000000  0.000066 
469.000000  470.000000  0.000066 
470.000000  471.000000  0.000066 
471.000000  472.000000  0.000066 
472.000000  473.000000  0.000066 
473.000000  474.000000  0.000066 
474.000000  475.000000  0.000066 
475.000000  476.000000  0.000066 
476.000000  477.000000  0.000066 
477.000000  478.000000  0.000066 
478.000000  479.000000  0.000066 
479.000000  480.000000  0.000066 
480.000000  481.000000  0.000066 
481.000000  482.000000  0.000066 
482.000000  483.000000  0.000066 
483.000000  484.000000  0.000066 
484.000000  485.000000  0.000066 
485.000000  486.000000  0.000066 
486.000000  487.000000  0.000066 
487.000000  488.000000  0.000066 
488.000000  489.000000  0.000066 
489.000000  490.000000  0.000066 
490.000000  491.000000  0.000066 
491.000000  492.000000  0.000066 
492.000000  493.000000  0.000066 
493.000000  494.000000  0.000066 
494.000000  495.000000  0.000066 
495.000000  496.000000  0.000066 
496.000000  497.000000  0.000066 
497.000000  498.000000  0.000066 
498.000000  499.000000  0.000066 
499.000000  500.000000  0.000066 
500.000000  501.000000  0.000066 
501.000000  502.000000  0.000066 
502.000000  503.000000  0.000066 
503.000000  504.000000  0.000066 
504.000000  505.000000  0.000066 
505.000000  506.000000  0.000066 
506.000000  507.000000  0.000066 
507.000000  508.000000  0.000066 
508.000000  509.000000  0.000066 
509.000000  510.000000  0.000066 
510.000000  511.000000  0.000066 
511.000000  512.000000  0.000066 
512.000000  513.000000  0.000066 
513.000000  514.000000  0.000066 
514.000000  515.000000  0.000066 
515.000000  516.000000  0.000066 
516.000000  517.000000  0.000066 
517.000000  518.000000  0.000066 
518.000000  519.000000  0.000065 
519.000000  520.000000  0.000065 
520.000000  521.000000  0.000065 
521.000000  522.000000  0.000065 
522.000000  523.000000  0.000065 
523.000000  524.000000  0.000065 
524.000000  525.000000  0.000065 
525.000000  526.000000  0.000065 
526.000000  527.000000  0.000065 
527.000000  528.000000  0.000065 
528.000000  529.000000  0.000065 
529.000000  530.000000  0.000065 
530.000000  531.000000  0.000065 
531.000000  532.000000  0.000065 
532.000000  533.000000  0.000065 
533.000000  534.000000  0.000065 
534.000000  535.000000  0.000065 
535.000000  536.000000  0.000065 
536.000000  537.000000  0.000065 
537.000000  538.000000  0.000065 
538.000000  539.000000  0.000065 
539.000000  540.000000  0.000065 
540.000000  541.000000  0.000065 
541.000000  542.000000  0.000065 
542.000000  543.000000  0.000065 
543.000000  544.000000  0.000065 
544.000000  545.000000  0.000065 
545.000000  546.000000  0.000065 
546.000000  547.000000  0.000065 
547.000000  548.000000  0.000065 
548.000000  549.000000  0.000065 
549.000000  550.000000  0.000065 
550.000000  551.000000  0.000065 
551.000000  552.000000  0.000065 
552.000000  553.000000  0.000065 
553.000000  554.000000  0.000065 
554.000000  555.000000  0.000065 
555.000000  556.000000  0.000065 
556.000000  557.000000  0.000065 
557.000000  558.000000  0.000065 
558.000000  559.000000  0.000065 
559.000000  560.000000  0.000065 
560.000000  561.000000  0.000065 
561.000000  562.000000  0.000065 
562.000000  563.000000  0.000065 
563.000000  564.000000  0.000065 
564.000000  565.000000  0.000065 
565.000000  566.000000  0.000065 
566.000000  567.000000  0.000065 
567.000000  568.000000  0.000065 
568.000000  569.000000  0.000065 
569.000000  570.000000  0.000065 
570.000000  571.000000  0.000065 
571.000000  572.000000  0.000065 
572.000000  573.000000  0.000065 
573.000000  574.000000  0.000065 
574.000000  575.000000  0.000065 
575.000000  576.000000  0.000065 
576.000000  577.000000  0.000065 
577.000000  578.000000  0.000065 
578.000000  579.000000  0.000065 
579.000000  580.000000  0.000065 
580.000000  581.000000  0.000065 
581.000000  582.000000  0.000065 
582.000000  583.000000  0.000065 
583.000000  584.000000  0.000065 
584.000000  585.000000  0.000065 
585.000000  586.000000  0.000065 
586.000000  587.000000  0.000065 
587.000000  588.000000  0.000065 
588.000000  589.000000  0.000065 
589.000000  590.000000  0.000065 
590.000000  591.000000  0.000065 
591.000000  592.000000  0.000065 
592.000000  593.000000  0.000065 
593.000000  594.000000  0.000065 
594.000000  595.000000  0.000065 
595.000000  596.000000  0.000065 
596.000000  597.000000  0.000065 
597.000000  598.000000  0.000065 
598.000000  599.000000  0.000065 
599.000000  600.000000  0.000065 
600.000000  601.000000  0.000065 
601.000000  602.000000  0.000065 
602.000000  603.000000  0.000065 
603.000000  604.000000  0.000065 
604.000000  605.000000  0.000065 
605.000000  606.000000  0.000065 
606.000000  607.000000  0.000065 
607.000000  608.000000  0.000065 
608.000000  609.000000  0.000065 
609.000000  610.000000  0.000065 
610.000000  611.000000  0.000065 
611.000000  612.000000  0.000065 
612.000000  613.000000  0.000065 
613.000000  614.000000  0.000065 
614.000000  615.000000  0.000065 
615.000000  616.000000  0.000065 
616.000000  617.000000  0.000065 
617.000000  618.000000  0.000065 
618.000000  619.000000  0.000065 
619.000000  620.000000  0.000065 
620.000000  621.000000  0.000065 
621.000000  622.000000  0.000065 
622.000000  623.000000  0.000065 
623.000000  624.000000  0.000065 
624.000000  625.000000  0.000065 
625.000000  626.000000  0.000065 
626.000000  627.000000  0.000065 
627.000000  628.000000  0.000065 
628.000000  629.000000  0.000065 
629.000000  630.000000  0.000065 
630.000000  631.000000  0.000065 
631.000000  632.000000  0.000065 
632.000000  633.000000  0.000065 
633.000000  634.000000  0.000065 
634.000000  635.000000  0.000065 
635.000000  636.000000  0.000065 
636.000000  637.000000  0.000065 
637.000000  638.000000  0.000065 
638.000000  639.000000  0.000065 
639.000000  640.000000  0.000065 
640.000000  641.000000  0.000065 
641.000000  642.000000  0.000065 
642.000000  643.000000  0.000065 
643.000000  644.000000  0.000065 
644.000000  645.000000  0.000065 
645.000000  646.000000  0.000065 
646.000000  647.000000  0.000065 
647.000000  648.000000  0.000065 
648.000000  649.000000  0.000065 
649.000000  650.000000  0.000065 
650.000000  651.000000  0.000065 
651.000000  652.000000  0.000065 
652.000000  653.000000  0.000065 
653.000000  654.000000  0.000065 
654.000000  655.000000  0.000065 
655.000000  656.000000  0.000065 
656.000000  657.000000  0.000066 
657.000000  658.000000  0.000066 
658.000000  659.000000  0.000066 
659.000000  660.000000  0.000066 
660.000000  661.000000  0.000066 
661.000000  662.000000  0.000066 
662.000000  663.000000  0.000066 
663.000000  664.000000  0.000066 
664.000000  665.000000  0.000066 
665.000000  666.000000  0.000066 
666.000000  667.000000  0.000066 
667.000000  668.000000  0.000066 
668.000000  669.000000  0.000066 
669.000000  670.000000  0.000066 
670.000000  671.000000  0.000066 
671.000000  672.000000  0.000066 
672.000000  673.000000  0.000066 
673.000000  674.000000  0.000066 
674.000000  675.000000  0.000066 
675.000000  676.000000  0.000066 
676.000000  677.000000  0.000066 
677.000000  678.000000  0.000066 
678.000000  679.000000  0.000066 
679.000000  680.000000  0.000066 
680.000000  681.000000  0.000066 
681.000000  682.000000  0.000066 
682.000000  683.000000  0.000066 
683.000000  684.000000  0.000066 
684.000000  685.000000  0.000066 
685.000000  686.000000  0.000066 
686.000000  687.000000  0.000066 
687.000000  688.000000  0.000066 
688.000000  689.000000  0.000066 
689.000000  690.000000  0.000066 
690.000000  691.000000  0.000066 
691.000000  692.000000  0.000066 
692.000000  693.000000  0.000066 
693.000000  694.000000  0.000066 
694.000000  695.000000  0.000066 
695.000000  696.000000  0.000066 
696.000000  697.000000  0.000066 
697.000000  698.000000  0.000066 
698.000000  699.000000  0.000066 
699.000000  700.000000  0.000066 
700.000000  701.000000  0.000066 
701.000000  702.000000  0.000066 
702.000000  703.000000  0.000066 
703.000000  704.000000  0.000066 
704.000000  705.000000  0.000066 
705.000000  706.000000  0.000066 
706.000000  707.000000  0.000066 
707.000000  708.000000  0.000066 
708.000000  709.000000  0.000066 
709.000000  710.000000  0.000066 
710.000000  711.000000  0.000066 
711.000000  712.000000  0.000066 
712.000000  713.000000  0.000066 
713.000000  714.000000  0.000066 
714.000000  715.000000  0.000066 
715.000000  716.000000  0.000066 
716.000000  717.000000  0.000066 
717.000000  718.000000  0.000066 
718.000000  719.000000  0.000066 
719.000000  720.000000  0.000066 
720.000000  721.000000  0.000066 
721.000000  722.000000  0.000066 
722.000000  723.000000  0.000066 
723.000000  724.000000  0.000066 
724.000000  725.000000  0.000066 
725.000000  726.000000  0.000066 
726.000000  727.000000  0.000066 
727.000000  728.000000  0.000066 
728.000000  729.000000  0.000066 
729.000000  730.000000  0.000066 
730.000000  731.000000  0.000066 
731.000000  732.000000  0.000066 
732.000000  733.000000  0.000066 
733.000000  734.000000  0.000066 
734.000000  735.000000  0.000066 
735.000000  736.000000  0.000066 
736.000000  737.000000  0.000066 
737.000000  738.000000  0.000066 
738.000000  739.000000  0.000066 
739.000000  740.000000  0.000066 
740.000000  741.000000  0.000066 
741.000000  742.000000  0.000066 
742.000000  743.000000  0.000066 
743.000000  744.000000  0.000066 
744.000000  745.000000  0.000066 
745.000000  746.000000  0.000066 
746.000000  747.000000  0.000066 
747.000000  748.000000  0.000066 
748.000000  749.000000  0.000066 
749.000000  750.000000  0.000066 
750.000000  751.000000  0.000066 
751.000000  752.000000  0.000066 
752.000000  753.000000  0.000066 
753.000000  754.000000  0.000066 
754.000000  755.000000  0.000066 
755.000000  756.000000  0.000066 
756.000000  757.000000  0.000066 
757.000000  758.000000  0.000066 
758.000000  759.000000  0.000066 
759.000000  760.000000  0.000066 
760.000000  761.000000  0.000066 
761.000000  762.000000  0.000066 
762.000000  763.000000  0.000066 
763.000000  764.000000  0.000066 
764.000000  765.000000  0.000066 
765.000000  766.000000  0.000066 
766.000000  767.000000  0.000066 
767.000000  768.000000  0.000066 
768.000000  769.000000  0.000066 
769.000000  770.000000  0.000066 
770.000000  771.000000  0.000066 
771.000000  772.000000  0.000066 
772.000000  773.000000  0.000066 
773.000000  774.000000  0.000066 
774.000000  775.000000  0.000066 
775.000000  776.000000  0.000066 
776.000000  777.000000  0.000066 
777.000000  778.000000  0.000066 
778.000000  779.000000  0.000066 
779.000000  780.000000  0.000066 
780.000000  781.000000  0.000066 
781.000000  782.000000  0.000066 
782.000000  783.000000  0.000066 
783.000000  784.000000  0.000066 
784.000000  785.000000  0.000066 
785.000000  786.000000  0.000066 
786.000000  787.000000  0.000066 
787.000000  788.000000  0.000066 
788.000000  789.000000  0.000066 
789.000000  790.000000  0.000066 
790.000000  791.000000  0.000066 
791.000000  792.000000  0.000066 
792.000000  793.000000  0.000066 
793.000000  794.000000  0.000066 
794.000000  795.000000  0.000066 
795.000000  796.000000  0.000066 
796.000000  797.000000  0.000066 
797.000000  798.000000  0.000066 
798.000000  799.000000  0.000066 
799.000000  800.000000  0.000066 
800.000000  801.000000  0.000066 
801.000000  802.000000  0.000066 
802.000000  803.000000  0.000066 
803.000000  804.000000  0.000066 
804.000000  805.000000  0.000066 
805.000000  806.000000  0.000066 
806.000000  807.000000  0.000066 
807.000000  808.000000  0.000066 
808.000000  809.000000  0.000066 
809.000000  810.000000  0.000066 
810.000000  811.000000  0.000066 
811.000000  812.000000  0.000066 
812.000000  813.000000  0.000066 
813.000000  814.000000  0.000066 
814.000000  815.000000  0.000066 
815.000000  816.000000  0.000066 
816.000000  817.000000  0.000066 
817.000000  818.000000  0.000066 
818.000000  819.000000  0.000066 
819.000000  820.000000  0.000066 
820.000000  821.000000  0.000066 
821.000000  822.000000  0.000066 
822.000000  823.000000  0.000066 
823.000000  824.000000  0.000066 
824.000000  825.000000  0.000066 
825.000000  826.000000  0.000066 
826.000000  827.000000  0.000066 
827.000000  828.000000  0.000066 
828.000000  829.000000  0.000066 
829.000000  830.000000  0.000066 
830.000000  831.000000  0.000066 
831.000000  832.000000  0.000066 
832.000000  833.000000  0.000066 
833.000000  834.000000  0.000066 
834.000000  835.000000  0.000066 
835.000000  836.000000  0.000066 
836.000000  837.000000  0.000066 
837.000000  838.000000  0.000066 
838.000000  839.000000  0.000066 
839.000000  840.000000  0.000066 
840.000000  841.000000  0.000066 
841.000000  842.000000  0.000066 
842.000000  843.000000  0.000066 
843.000000  844.000000  0.000066 
844.000000  845.000000  0.000066 
845.000000  846.000000  0.000066 
846.000000  847.000000  0.000066 
847.000000  848.000000  0.000066 
848.000000  849.000000  0.000066 
849.000000  850.000000  0.000066 
850.000000  851.000000  0.000066 
851.000000  852.000000  0.000066 
852.000000  853.000000  0.000066 
853.000000  854.000000  0.000066 
854.000000  855.000000  0.000066 
855.000000  856.000000  0.000066 
856.000000  857.000000  0.000066 
857.000000  858.000000  0.000066 
858.000000  859.000000  0.000066 
859.000000  860.000000  0.000066 
860.000000  861.000000  0.000066 
861.000000  862.000000  0.000066 
862.000000  863.000000  0.000066 
863.000000  864.000000  0.000066 
864.000000  865.000000  0.000066 
865.000000  866.000000  0.000066 
866.000000  867.000000  0.000066 
867.000000  868.000000  0.000066 
868.000000  869.000000  0.000066 
869.000000  870.000000  0.000066 
870.000000  871.000000  0.000066 
871.000000  872.000000  0.000066 
872.000000  873.000000  0.000066 
873.000000  874.000000  0.000066 
874.000000  875.000000  0.000066 
875.000000  876.000000  0.000066 
876.000000  877.000000  0.000066 
877.000000  878.000000  0.000066 
878.000000  879.000000  0.000066 
879.000000  880.000000  0.000066 
880.000000  881.000000  0.000066 
881.000000  882.000000  0.000066 
882.000000  883.000000  0.000066 
883.000000  884.000000  0.000066 
884.000000  885.000000  0.000066 
885.000000  886.000000  0.000066 
886.000000  887.000000  0.000066 
887.000000  888.000000  0.000066 
888.000000  889.000000  0.000066 
889.000000  890.000000  0.000066 
890.000000  891.000000  0.000066 
891.000000  892.000000  0.000066 
892.000000  893.000000  0.000066 
893.000000  894.000000  0.000066 
894.000000  895.000000  0.000066 
895.000000  896.000000  0.000066 
896.000000  897.000000  0.000066 
897.000000  898.000000  0.000066 
898.000000  899.000000  0.000066 
899.000000  900.000000  0.000066 
900.000000  901.000000  0.000066 
901.000000  902.000000  0.000066 
902.000000  903.000000  0.000066 
903.000000  904.000000  0.000066 
904.000000  905.000000  0.000066 
905.000000  906.000000  0.000066 
906.000000  907.000000  0.000066 
907.000000  908.000000  0.000066 
908.000000  909.000000  0.000066 
909.000000  910.000000  0.000066 
910.000000  911.000000  0.000066 
911.000000  912.000000  0.000066 
912.000000  913.000000  0.000066 
913.000000  914.000000  0.000066 
914.000000  915.000000  0.000066 
915.000000  916.000000  0.000066 
916.000000  917.000000  0.000066 
917.000000  918.000000  0.000066 
918.000000  919.000000  0.000066 
919.000000  920.000000  0.000066 
920.000000  921.000000  0.000066 
921.000000  922.000000  0.000066 
922.000000  923.000000  0.000066 
923.000000  924.000000  0.000066 
924.000000  925.000000  0.000066 
925.000000  926.000000  0.000066 
926.000000  927.000000  0.000066 
927.000000  928.000000  0.000066 
928.000000  929.000000  0.000066 
929.000000  930.000000  0.000066 
930.000000  931.000000  0.000066 
931.000000  932.000000  0.000066 
932.000000  933.000000  0.000066 
933.000000  934.000000  0.000066 
934.000000  935.000000  0.000066 
935.000000  936.000000  0.000066 
936.000000  937.000000  0.000066 
937.000000  938.000000  0.000066 
