20.000000  21.000000  -0.000000 
21.000000  22.000000  -0.000000 
22.000000  23.000000  -0.000000 
23.000000  24.000000  -0.000000 
24.000000  25.000000  -0.000000 
25.000000  26.000000  -0.000000 
26.000000  27.000000  -0.000000 
27.000000  28.000000  -0.000000 
28.000000  29.000000  -0.000000 
29.000000  30.000000  -0.000000 
30.000000  31.000000  -0.000000 
31.000000  32.000000  -0.000000 
32.000000  33.000000  -0.000000 
33.000000  34.000000  -0.000000 
34.000000  35.000000  -0.000000 
35.000000  36.000000  -0.000000 
36.000000  37.000000  -0.000000 
37.000000  38.000000  -0.000000 
38.000000  39.000000  -0.000000 
39.000000  40.000000  -0.000000 
40.000000  41.000000  -0.000000 
41.000000  42.000000  -0.000000 
42.000000  43.000000  -0.000000 
43.000000  44.000000  -0.000000 
44.000000  45.000000  -0.000000 
45.000000  46.000000  -0.000000 
46.000000  47.000000  -0.000000 
47.000000  48.000000  -0.000000 
48.000000  49.000000  -0.000000 
49.000000  50.000000  -0.000000 
50.000000  51.000000  -0.000000 
51.000000  52.000000  -0.000000 
52.000000  53.000000  -0.000000 
53.000000  54.000000  -0.000000 
54.000000  55.000000  -0.000000 
55.000000  56.000000  -0.000000 
56.000000  57.000000  -0.000000 
57.000000  58.000000  -0.000000 
58.000000  59.000000  -0.000000 
59.000000  60.000000  -0.000000 
60.000000  61.000000  -0.000000 
61.000000  62.000000  -0.000000 
62.000000  63.000000  -0.000000 
63.000000  64.000000  -0.000000 
64.000000  65.000000  -0.000000 
65.000000  66.000000  -0.000000 
66.000000  67.000000  -0.000000 
67.000000  68.000000  -0.000000 
68.000000  69.000000  -0.000000 
69.000000  70.000000  -0.000000 
70.000000  71.000000  -0.000000 
71.000000  72.000000  -0.000000 
72.000000  73.000000  -0.000000 
73.000000  74.000000  -0.000000 
74.000000  75.000000  -0.000000 
75.000000  76.000000  -0.000000 
76.000000  77.000000  -0.000000 
77.000000  78.000000  -0.000000 
78.000000  79.000000  -0.000000 
79.000000  80.000000  -0.000000 
80.000000  81.000000  -0.000000 
81.000000  82.000000  -0.000000 
82.000000  83.000000  -0.000000 
83.000000  84.000000  -0.000000 
84.000000  85.000000  -0.000000 
85.000000  86.000000  -0.000000 
86.000000  87.000000  -0.000000 
87.000000  88.000000  -0.000000 
88.000000  89.000000  -0.000000 
89.000000  90.000000  -0.000000 
90.000000  91.000000  -0.000000 
91.000000  92.000000  -0.000000 
92.000000  93.000000  -0.000000 
93.000000  94.000000  -0.000000 
94.000000  95.000000  -0.000000 
95.000000  96.000000  -0.000000 
96.000000  97.000000  -0.000000 
97.000000  98.000000  -0.000000 
98.000000  99.000000  -0.000000 
99.000000  100.000000  -0.000000 
100.000000  101.000000  -0.000000 
101.000000  102.000000  -0.000000 
102.000000  103.000000  -0.000000 
103.000000  104.000000  -0.000000 
104.000000  105.000000  -0.000000 
105.000000  106.000000  -0.000000 
106.000000  107.000000  -0.000000 
107.000000  108.000000  -0.000000 
108.000000  109.000000  -0.000000 
109.000000  110.000000  -0.000000 
110.000000  111.000000  -0.000000 
111.000000  112.000000  -0.000000 
112.000000  113.000000  -0.000000 
113.000000  114.000000  -0.000000 
114.000000  115.000000  -0.000000 
115.000000  116.000000  -0.000000 
116.000000  117.000000  -0.000000 
117.000000  118.000000  -0.000000 
118.000000  119.000000  -0.000000 
119.000000  120.000000  -0.000000 
120.000000  121.000000  -0.000000 
121.000000  122.000000  -0.000000 
122.000000  123.000000  -0.000000 
123.000000  124.000000  -0.000000 
124.000000  125.000000  -0.000000 
125.000000  126.000000  -0.000000 
126.000000  127.000000  -0.000000 
127.000000  128.000000  -0.000000 
128.000000  129.000000  -0.000000 
129.000000  130.000000  -0.000000 
130.000000  131.000000  -0.000000 
131.000000  132.000000  -0.000000 
132.000000  133.000000  -0.000000 
133.000000  134.000000  -0.000000 
134.000000  135.000000  -0.000000 
135.000000  136.000000  -0.000000 
136.000000  137.000000  -0.000000 
137.000000  138.000000  -0.000000 
138.000000  139.000000  -0.000000 
139.000000  140.000000  -0.000000 
140.000000  141.000000  -0.000000 
141.000000  142.000000  -0.000000 
142.000000  143.000000  -0.000000 
143.000000  144.000000  -0.000000 
144.000000  145.000000  -0.000000 
145.000000  146.000000  -0.000000 
146.000000  147.000000  -0.000000 
147.000000  148.000000  -0.000000 
148.000000  149.000000  -0.000000 
149.000000  150.000000  -0.000000 
150.000000  151.000000  -0.000000 
151.000000  152.000000  -0.000000 
152.000000  153.000000  -0.000000 
153.000000  154.000000  -0.000000 
154.000000  155.000000  -0.000000 
155.000000  156.000000  -0.000000 
156.000000  157.000000  -0.000000 
157.000000  158.000000  -0.000000 
158.000000  159.000000  -0.000000 
159.000000  160.000000  -0.000000 
160.000000  161.000000  -0.000000 
161.000000  162.000000  -0.000000 
162.000000  163.000000  -0.000000 
163.000000  164.000000  -0.000000 
164.000000  165.000000  -0.000000 
165.000000  166.000000  -0.000000 
166.000000  167.000000  -0.000000 
167.000000  168.000000  -0.000000 
168.000000  169.000000  -0.000000 
169.000000  170.000000  -0.000000 
170.000000  171.000000  -0.000000 
171.000000  172.000000  -0.000000 
172.000000  173.000000  -0.000000 
173.000000  174.000000  -0.000000 
174.000000  175.000000  -0.000000 
175.000000  176.000000  -0.000000 
176.000000  177.000000  -0.000000 
177.000000  178.000000  -0.000000 
178.000000  179.000000  -0.000000 
179.000000  180.000000  -0.000000 
180.000000  181.000000  -0.000000 
181.000000  182.000000  -0.000000 
182.000000  183.000000  -0.000000 
183.000000  184.000000  -0.000000 
184.000000  185.000000  -0.000000 
185.000000  186.000000  -0.000000 
186.000000  187.000000  -0.000000 
187.000000  188.000000  -0.000000 
188.000000  189.000000  -0.000000 
189.000000  190.000000  -0.000000 
190.000000  191.000000  -0.000000 
191.000000  192.000000  -0.000000 
192.000000  193.000000  -0.000000 
193.000000  194.000000  -0.000000 
194.000000  195.000000  -0.000000 
195.000000  196.000000  -0.000000 
196.000000  197.000000  -0.000000 
197.000000  198.000000  -0.000000 
198.000000  199.000000  -0.000000 
199.000000  200.000000  -0.000000 
200.000000  201.000000  -0.000000 
201.000000  202.000000  -0.000000 
202.000000  203.000000  -0.000000 
203.000000  204.000000  -0.000000 
204.000000  205.000000  -0.000000 
205.000000  206.000000  -0.000000 
206.000000  207.000000  -0.000000 
207.000000  208.000000  -0.000000 
208.000000  209.000000  -0.000000 
209.000000  210.000000  -0.000000 
210.000000  211.000000  -0.000000 
211.000000  212.000000  -0.000000 
212.000000  213.000000  -0.000000 
213.000000  214.000000  -0.000000 
214.000000  215.000000  -0.000000 
215.000000  216.000000  -0.000000 
216.000000  217.000000  -0.000000 
217.000000  218.000000  -0.000000 
218.000000  219.000000  -0.000000 
219.000000  220.000000  -0.000000 
220.000000  221.000000  -0.000000 
221.000000  222.000000  -0.000000 
222.000000  223.000000  -0.000000 
223.000000  224.000000  -0.000000 
224.000000  225.000000  -0.000000 
225.000000  226.000000  -0.000000 
226.000000  227.000000  -0.000001 
227.000000  228.000000  -0.000001 
228.000000  229.000000  -0.000001 
229.000000  230.000000  -0.000001 
230.000000  231.000000  -0.000001 
231.000000  232.000000  -0.000001 
232.000000  233.000000  -0.000001 
233.000000  234.000000  -0.000001 
234.000000  235.000000  -0.000001 
235.000000  236.000000  -0.000001 
236.000000  237.000000  -0.000001 
237.000000  238.000000  -0.000001 
238.000000  239.000000  -0.000002 
239.000000  240.000000  -0.000002 
240.000000  241.000000  -0.000002 
241.000000  242.000000  -0.000002 
242.000000  243.000000  -0.000002 
243.000000  244.000000  -0.000002 
244.000000  245.000000  -0.000002 
245.000000  246.000000  -0.000003 
246.000000  247.000000  -0.000003 
247.000000  248.000000  -0.000003 
248.000000  249.000000  -0.000003 
249.000000  250.000000  -0.000004 
250.000000  251.000000  -0.000004 
251.000000  252.000000  -0.000004 
252.000000  253.000000  -0.000004 
253.000000  254.000000  -0.000005 
254.000000  255.000000  -0.000005 
255.000000  256.000000  -0.000005 
256.000000  257.000000  -0.000006 
257.000000  258.000000  -0.000006 
258.000000  259.000000  -0.000007 
259.000000  260.000000  -0.000007 
260.000000  261.000000  -0.000007 
261.000000  262.000000  -0.000008 
262.000000  263.000000  -0.000008 
263.000000  264.000000  -0.000009 
264.000000  265.000000  -0.000009 
265.000000  266.000000  -0.000010 
266.000000  267.000000  -0.000011 
267.000000  268.000000  -0.000011 
268.000000  269.000000  -0.000012 
269.000000  270.000000  -0.000012 
270.000000  271.000000  -0.000013 
271.000000  272.000000  -0.000014 
272.000000  273.000000  -0.000015 
273.000000  274.000000  -0.000015 
274.000000  275.000000  -0.000016 
275.000000  276.000000  -0.000017 
276.000000  277.000000  -0.000018 
277.000000  278.000000  -0.000019 
278.000000  279.000000  -0.000020 
279.000000  280.000000  -0.000021 
280.000000  281.000000  -0.000022 
281.000000  282.000000  -0.000023 
282.000000  283.000000  -0.000024 
283.000000  284.000000  -0.000025 
284.000000  285.000000  -0.000026 
285.000000  286.000000  -0.000027 
286.000000  287.000000  -0.000029 
287.000000  288.000000  -0.000030 
288.000000  289.000000  -0.000031 
289.000000  290.000000  -0.000032 
290.000000  291.000000  -0.000034 
291.000000  292.000000  -0.000035 
292.000000  293.000000  -0.000037 
293.000000  294.000000  -0.000038 
294.000000  295.000000  -0.000040 
295.000000  296.000000  -0.000041 
296.000000  297.000000  -0.000043 
297.000000  298.000000  -0.000045 
298.000000  299.000000  -0.000046 
299.000000  300.000000  -0.000048 
300.000000  301.000000  -0.000050 
301.000000  302.000000  -0.000052 
302.000000  303.000000  -0.000054 
303.000000  304.000000  -0.000056 
304.000000  305.000000  -0.000057 
305.000000  306.000000  -0.000059 
306.000000  307.000000  -0.000062 
307.000000  308.000000  -0.000064 
308.000000  309.000000  -0.000066 
309.000000  310.000000  -0.000068 
310.000000  311.000000  -0.000070 
311.000000  312.000000  -0.000072 
312.000000  313.000000  -0.000075 
313.000000  314.000000  -0.000077 
314.000000  315.000000  -0.000079 
315.000000  316.000000  -0.000082 
316.000000  317.000000  -0.000084 
317.000000  318.000000  -0.000087 
318.000000  319.000000  -0.000089 
319.000000  320.000000  -0.000092 
320.000000  321.000000  -0.000094 
321.000000  322.000000  -0.000097 
322.000000  323.000000  -0.000100 
323.000000  324.000000  -0.000103 
324.000000  325.000000  -0.000105 
325.000000  326.000000  -0.000108 
326.000000  327.000000  -0.000111 
327.000000  328.000000  -0.000114 
328.000000  329.000000  -0.000117 
329.000000  330.000000  -0.000120 
330.000000  331.000000  -0.000122 
331.000000  332.000000  -0.000125 
332.000000  333.000000  -0.000128 
333.000000  334.000000  -0.000131 
334.000000  335.000000  -0.000134 
335.000000  336.000000  -0.000138 
336.000000  337.000000  -0.000141 
337.000000  338.000000  -0.000144 
338.000000  339.000000  -0.000147 
339.000000  340.000000  -0.000150 
340.000000  341.000000  -0.000153 
341.000000  342.000000  -0.000156 
342.000000  343.000000  -0.000160 
343.000000  344.000000  -0.000163 
344.000000  345.000000  -0.000166 
345.000000  346.000000  -0.000169 
346.000000  347.000000  -0.000172 
347.000000  348.000000  -0.000176 
348.000000  349.000000  -0.000179 
349.000000  350.000000  -0.000182 
350.000000  351.000000  -0.000185 
351.000000  352.000000  -0.000189 
352.000000  353.000000  -0.000192 
353.000000  354.000000  -0.000195 
354.000000  355.000000  -0.000198 
355.000000  356.000000  -0.000201 
356.000000  357.000000  -0.000205 
357.000000  358.000000  -0.000208 
358.000000  359.000000  -0.000211 
359.000000  360.000000  -0.000214 
360.000000  361.000000  -0.000217 
361.000000  362.000000  -0.000220 
362.000000  363.000000  -0.000223 
363.000000  364.000000  -0.000226 
364.000000  365.000000  -0.000229 
365.000000  366.000000  -0.000232 
366.000000  367.000000  -0.000235 
367.000000  368.000000  -0.000238 
368.000000  369.000000  -0.000241 
369.000000  370.000000  -0.000243 
370.000000  371.000000  -0.000246 
371.000000  372.000000  -0.000249 
372.000000  373.000000  -0.000252 
373.000000  374.000000  -0.000254 
374.000000  375.000000  -0.000257 
375.000000  376.000000  -0.000259 
376.000000  377.000000  -0.000261 
377.000000  378.000000  -0.000264 
378.000000  379.000000  -0.000266 
379.000000  380.000000  -0.000268 
380.000000  381.000000  -0.000270 
381.000000  382.000000  -0.000272 
382.000000  383.000000  -0.000274 
383.000000  384.000000  -0.000276 
384.000000  385.000000  -0.000278 
385.000000  386.000000  -0.000280 
386.000000  387.000000  -0.000281 
387.000000  388.000000  -0.000283 
388.000000  389.000000  -0.000284 
389.000000  390.000000  -0.000285 
390.000000  391.000000  -0.000287 
391.000000  392.000000  -0.000288 
392.000000  393.000000  -0.000289 
393.000000  394.000000  -0.000289 
394.000000  395.000000  -0.000290 
395.000000  396.000000  -0.000291 
396.000000  397.000000  -0.000291 
397.000000  398.000000  -0.000291 
398.000000  399.000000  -0.000292 
399.000000  400.000000  -0.000292 
400.000000  401.000000  -0.000292 
401.000000  402.000000  -0.000291 
402.000000  403.000000  -0.000291 
403.000000  404.000000  -0.000290 
404.000000  405.000000  -0.000290 
405.000000  406.000000  -0.000289 
406.000000  407.000000  -0.000288 
407.000000  408.000000  -0.000287 
408.000000  409.000000  -0.000286 
409.000000  410.000000  -0.000284 
410.000000  411.000000  -0.000282 
411.000000  412.000000  -0.000281 
412.000000  413.000000  -0.000278 
413.000000  414.000000  -0.000276 
414.000000  415.000000  -0.000274 
415.000000  416.000000  -0.000271 
416.000000  417.000000  -0.000269 
417.000000  418.000000  -0.000266 
418.000000  419.000000  -0.000262 
419.000000  420.000000  -0.000259 
420.000000  421.000000  -0.000255 
421.000000  422.000000  -0.000252 
422.000000  423.000000  -0.000248 
423.000000  424.000000  -0.000243 
424.000000  425.000000  -0.000239 
425.000000  426.000000  -0.000234 
426.000000  427.000000  -0.000229 
427.000000  428.000000  -0.000224 
428.000000  429.000000  -0.000219 
429.000000  430.000000  -0.000213 
430.000000  431.000000  -0.000207 
431.000000  432.000000  -0.000201 
432.000000  433.000000  -0.000195 
433.000000  434.000000  -0.000188 
434.000000  435.000000  -0.000181 
435.000000  436.000000  -0.000174 
436.000000  437.000000  -0.000167 
437.000000  438.000000  -0.000159 
438.000000  439.000000  -0.000151 
439.000000  440.000000  -0.000143 
440.000000  441.000000  -0.000135 
441.000000  442.000000  -0.000126 
442.000000  443.000000  -0.000117 
443.000000  444.000000  -0.000108 
444.000000  445.000000  -0.000098 
445.000000  446.000000  -0.000089 
446.000000  447.000000  -0.000078 
447.000000  448.000000  -0.000068 
448.000000  449.000000  -0.000057 
449.000000  450.000000  -0.000046 
450.000000  451.000000  -0.000035 
451.000000  452.000000  -0.000023 
452.000000  453.000000  -0.000012 
453.000000  454.000000  0.000001 
454.000000  455.000000  0.000013 
455.000000  456.000000  0.000026 
456.000000  457.000000  0.000039 
457.000000  458.000000  0.000052 
458.000000  459.000000  0.000066 
459.000000  460.000000  0.000080 
460.000000  461.000000  0.000095 
461.000000  462.000000  0.000109 
462.000000  463.000000  0.000124 
463.000000  464.000000  0.000140 
464.000000  465.000000  0.000155 
465.000000  466.000000  0.000171 
466.000000  467.000000  0.000188 
467.000000  468.000000  0.000205 
468.000000  469.000000  0.000222 
469.000000  470.000000  0.000239 
470.000000  471.000000  0.000257 
471.000000  472.000000  0.000275 
472.000000  473.000000  0.000293 
473.000000  474.000000  0.000312 
474.000000  475.000000  0.000331 
475.000000  476.000000  0.000350 
476.000000  477.000000  0.000370 
477.000000  478.000000  0.000390 
478.000000  479.000000  0.000410 
479.000000  480.000000  0.000431 
480.000000  481.000000  0.000452 
481.000000  482.000000  0.000474 
482.000000  483.000000  0.000495 
483.000000  484.000000  0.000518 
484.000000  485.000000  0.000540 
485.000000  486.000000  0.000563 
486.000000  487.000000  0.000586 
487.000000  488.000000  0.000610 
488.000000  489.000000  0.000634 
489.000000  490.000000  0.000658 
490.000000  491.000000  0.000682 
491.000000  492.000000  0.000707 
492.000000  493.000000  0.000733 
493.000000  494.000000  0.000758 
494.000000  495.000000  0.000784 
495.000000  496.000000  0.000811 
496.000000  497.000000  0.000837 
497.000000  498.000000  0.000865 
498.000000  499.000000  0.000892 
499.000000  500.000000  0.000920 
500.000000  501.000000  0.000948 
501.000000  502.000000  0.000976 
502.000000  503.000000  0.001005 
503.000000  504.000000  0.001034 
504.000000  505.000000  0.001064 
505.000000  506.000000  0.001093 
506.000000  507.000000  0.001124 
507.000000  508.000000  0.001154 
508.000000  509.000000  0.001185 
509.000000  510.000000  0.001216 
510.000000  511.000000  0.001248 
511.000000  512.000000  0.001279 
512.000000  513.000000  0.001312 
513.000000  514.000000  0.001344 
514.000000  515.000000  0.001377 
515.000000  516.000000  0.001410 
516.000000  517.000000  0.001444 
517.000000  518.000000  0.001477 
518.000000  519.000000  0.001512 
519.000000  520.000000  0.001546 
520.000000  521.000000  0.001581 
521.000000  522.000000  0.001616 
522.000000  523.000000  0.001651 
523.000000  524.000000  0.001687 
524.000000  525.000000  0.001723 
525.000000  526.000000  0.001759 
526.000000  527.000000  0.001796 
527.000000  528.000000  0.001833 
528.000000  529.000000  0.001870 
529.000000  530.000000  0.001908 
530.000000  531.000000  0.001946 
531.000000  532.000000  0.001984 
532.000000  533.000000  0.002022 
533.000000  534.000000  0.002061 
534.000000  535.000000  0.002100 
535.000000  536.000000  0.002139 
536.000000  537.000000  0.002179 
537.000000  538.000000  0.002219 
538.000000  539.000000  0.002259 
539.000000  540.000000  0.002299 
540.000000  541.000000  0.002340 
541.000000  542.000000  0.002381 
542.000000  543.000000  0.002422 
543.000000  544.000000  0.002464 
544.000000  545.000000  0.002505 
545.000000  546.000000  0.002547 
546.000000  547.000000  0.002589 
547.000000  548.000000  0.002632 
548.000000  549.000000  0.002675 
549.000000  550.000000  0.002718 
550.000000  551.000000  0.002761 
551.000000  552.000000  0.002804 
552.000000  553.000000  0.002848 
553.000000  554.000000  0.002892 
554.000000  555.000000  0.002936 
555.000000  556.000000  0.002980 
556.000000  557.000000  0.003025 
557.000000  558.000000  0.003070 
558.000000  559.000000  0.003115 
559.000000  560.000000  0.003160 
560.000000  561.000000  0.003205 
561.000000  562.000000  0.003251 
562.000000  563.000000  0.003297 
563.000000  564.000000  0.003343 
564.000000  565.000000  0.003389 
565.000000  566.000000  0.003435 
566.000000  567.000000  0.003482 
567.000000  568.000000  0.003528 
568.000000  569.000000  0.003575 
569.000000  570.000000  0.003622 
570.000000  571.000000  0.003670 
571.000000  572.000000  0.003717 
572.000000  573.000000  0.003765 
573.000000  574.000000  0.003812 
574.000000  575.000000  0.003860 
575.000000  576.000000  0.003908 
576.000000  577.000000  0.003957 
577.000000  578.000000  0.004005 
578.000000  579.000000  0.004053 
579.000000  580.000000  0.004102 
580.000000  581.000000  0.004151 
581.000000  582.000000  0.004200 
582.000000  583.000000  0.004249 
583.000000  584.000000  0.004298 
584.000000  585.000000  0.004347 
585.000000  586.000000  0.004397 
586.000000  587.000000  0.004446 
587.000000  588.000000  0.004496 
588.000000  589.000000  0.004545 
589.000000  590.000000  0.004595 
590.000000  591.000000  0.004645 
591.000000  592.000000  0.004695 
592.000000  593.000000  0.004745 
593.000000  594.000000  0.004796 
594.000000  595.000000  0.004846 
595.000000  596.000000  0.004896 
596.000000  597.000000  0.004947 
597.000000  598.000000  0.004997 
598.000000  599.000000  0.005048 
599.000000  600.000000  0.005099 
600.000000  601.000000  0.005149 
601.000000  602.000000  0.005200 
602.000000  603.000000  0.005251 
603.000000  604.000000  0.005302 
604.000000  605.000000  0.005353 
605.000000  606.000000  0.005404 
606.000000  607.000000  0.005455 
607.000000  608.000000  0.005506 
608.000000  609.000000  0.005557 
609.000000  610.000000  0.005609 
610.000000  611.000000  0.005660 
611.000000  612.000000  0.005711 
612.000000  613.000000  0.005763 
613.000000  614.000000  0.005814 
614.000000  615.000000  0.005865 
615.000000  616.000000  0.005917 
616.000000  617.000000  0.005968 
617.000000  618.000000  0.006019 
618.000000  619.000000  0.006071 
619.000000  620.000000  0.006122 
620.000000  621.000000  0.006174 
621.000000  622.000000  0.006225 
622.000000  623.000000  0.006277 
623.000000  624.000000  0.006328 
624.000000  625.000000  0.006380 
625.000000  626.000000  0.006431 
626.000000  627.000000  0.006483 
627.000000  628.000000  0.006534 
628.000000  629.000000  0.006585 
629.000000  630.000000  0.006637 
630.000000  631.000000  0.006688 
631.000000  632.000000  0.006739 
632.000000  633.000000  0.006791 
633.000000  634.000000  0.006842 
634.000000  635.000000  0.006893 
635.000000  636.000000  0.006945 
636.000000  637.000000  0.006996 
637.000000  638.000000  0.007047 
638.000000  639.000000  0.007098 
639.000000  640.000000  0.007149 
640.000000  641.000000  0.007200 
641.000000  642.000000  0.007251 
642.000000  643.000000  0.007302 
643.000000  644.000000  0.007353 
644.000000  645.000000  0.007404 
645.000000  646.000000  0.007455 
646.000000  647.000000  0.007506 
647.000000  648.000000  0.007556 
648.000000  649.000000  0.007607 
649.000000  650.000000  0.007658 
650.000000  651.000000  0.007708 
651.000000  652.000000  0.007759 
652.000000  653.000000  0.007809 
653.000000  654.000000  0.007859 
654.000000  655.000000  0.007909 
655.000000  656.000000  0.007960 
656.000000  657.000000  0.008010 
657.000000  658.000000  0.008060 
658.000000  659.000000  0.008110 
659.000000  660.000000  0.008160 
660.000000  661.000000  0.008209 
661.000000  662.000000  0.008259 
662.000000  663.000000  0.008309 
663.000000  664.000000  0.008358 
664.000000  665.000000  0.008408 
665.000000  666.000000  0.008457 
666.000000  667.000000  0.008506 
667.000000  668.000000  0.008555 
668.000000  669.000000  0.008605 
669.000000  670.000000  0.008654 
670.000000  671.000000  0.008702 
671.000000  672.000000  0.008751 
672.000000  673.000000  0.008800 
673.000000  674.000000  0.008849 
674.000000  675.000000  0.008897 
675.000000  676.000000  0.008945 
676.000000  677.000000  0.008994 
677.000000  678.000000  0.009042 
678.000000  679.000000  0.009090 
679.000000  680.000000  0.009138 
680.000000  681.000000  0.009186 
681.000000  682.000000  0.009234 
682.000000  683.000000  0.009281 
683.000000  684.000000  0.009329 
684.000000  685.000000  0.009376 
685.000000  686.000000  0.009424 
686.000000  687.000000  0.009471 
687.000000  688.000000  0.009518 
688.000000  689.000000  0.009565 
689.000000  690.000000  0.009612 
690.000000  691.000000  0.009658 
691.000000  692.000000  0.009705 
692.000000  693.000000  0.009751 
693.000000  694.000000  0.009798 
694.000000  695.000000  0.009844 
695.000000  696.000000  0.009890 
696.000000  697.000000  0.009936 
697.000000  698.000000  0.009982 
698.000000  699.000000  0.010028 
699.000000  700.000000  0.010073 
700.000000  701.000000  0.010119 
701.000000  702.000000  0.010164 
702.000000  703.000000  0.010210 
703.000000  704.000000  0.010255 
704.000000  705.000000  0.010300 
705.000000  706.000000  0.010344 
706.000000  707.000000  0.010389 
707.000000  708.000000  0.010434 
708.000000  709.000000  0.010478 
709.000000  710.000000  0.010523 
710.000000  711.000000  0.010567 
711.000000  712.000000  0.010611 
712.000000  713.000000  0.010655 
713.000000  714.000000  0.010699 
714.000000  715.000000  0.010742 
715.000000  716.000000  0.010786 
716.000000  717.000000  0.010829 
717.000000  718.000000  0.010872 
718.000000  719.000000  0.010916 
719.000000  720.000000  0.010959 
720.000000  721.000000  0.011001 
721.000000  722.000000  0.011044 
722.000000  723.000000  0.011087 
723.000000  724.000000  0.011129 
724.000000  725.000000  0.011171 
725.000000  726.000000  0.011214 
726.000000  727.000000  0.011256 
727.000000  728.000000  0.011298 
728.000000  729.000000  0.011339 
729.000000  730.000000  0.011381 
730.000000  731.000000  0.011422 
731.000000  732.000000  0.011464 
732.000000  733.000000  0.011505 
733.000000  734.000000  0.011546 
734.000000  735.000000  0.011587 
735.000000  736.000000  0.011628 
736.000000  737.000000  0.011668 
737.000000  738.000000  0.011709 
738.000000  739.000000  0.011749 
739.000000  740.000000  0.011789 
740.000000  741.000000  0.011829 
741.000000  742.000000  0.011869 
742.000000  743.000000  0.011909 
743.000000  744.000000  0.011949 
744.000000  745.000000  0.011988 
745.000000  746.000000  0.012028 
746.000000  747.000000  0.012067 
747.000000  748.000000  0.012106 
748.000000  749.000000  0.012145 
749.000000  750.000000  0.012184 
750.000000  751.000000  0.012222 
751.000000  752.000000  0.012261 
752.000000  753.000000  0.012299 
753.000000  754.000000  0.012338 
754.000000  755.000000  0.012376 
755.000000  756.000000  0.012414 
756.000000  757.000000  0.012451 
757.000000  758.000000  0.012489 
758.000000  759.000000  0.012527 
759.000000  760.000000  0.012564 
760.000000  761.000000  0.012601 
761.000000  762.000000  0.012638 
762.000000  763.000000  0.012675 
763.000000  764.000000  0.012712 
764.000000  765.000000  0.012749 
765.000000  766.000000  0.012785 
766.000000  767.000000  0.012822 
767.000000  768.000000  0.012858 
768.000000  769.000000  0.012894 
769.000000  770.000000  0.012930 
770.000000  771.000000  0.012966 
771.000000  772.000000  0.013002 
772.000000  773.000000  0.013037 
773.000000  774.000000  0.013073 
774.000000  775.000000  0.013108 
775.000000  776.000000  0.013143 
776.000000  777.000000  0.013178 
777.000000  778.000000  0.013213 
778.000000  779.000000  0.013248 
779.000000  780.000000  0.013283 
780.000000  781.000000  0.013317 
781.000000  782.000000  0.013351 
782.000000  783.000000  0.013386 
783.000000  784.000000  0.013420 
784.000000  785.000000  0.013454 
785.000000  786.000000  0.013487 
786.000000  787.000000  0.013521 
787.000000  788.000000  0.013555 
788.000000  789.000000  0.013588 
789.000000  790.000000  0.013621 
790.000000  791.000000  0.013654 
791.000000  792.000000  0.013687 
792.000000  793.000000  0.013720 
793.000000  794.000000  0.013753 
794.000000  795.000000  0.013785 
795.000000  796.000000  0.013818 
796.000000  797.000000  0.013850 
797.000000  798.000000  0.013882 
798.000000  799.000000  0.013914 
799.000000  800.000000  0.013946 
800.000000  801.000000  0.013978 
801.000000  802.000000  0.014010 
802.000000  803.000000  0.014041 
803.000000  804.000000  0.014073 
804.000000  805.000000  0.014104 
805.000000  806.000000  0.014135 
806.000000  807.000000  0.014166 
807.000000  808.000000  0.014197 
808.000000  809.000000  0.014228 
809.000000  810.000000  0.014258 
810.000000  811.000000  0.014289 
811.000000  812.000000  0.014319 
812.000000  813.000000  0.014349 
813.000000  814.000000  0.014379 
814.000000  815.000000  0.014409 
815.000000  816.000000  0.014439 
816.000000  817.000000  0.014469 
817.000000  818.000000  0.014499 
818.000000  819.000000  0.014528 
819.000000  820.000000  0.014557 
820.000000  821.000000  0.014587 
821.000000  822.000000  0.014616 
822.000000  823.000000  0.014645 
823.000000  824.000000  0.014673 
824.000000  825.000000  0.014702 
825.000000  826.000000  0.014731 
826.000000  827.000000  0.014759 
827.000000  828.000000  0.014788 
828.000000  829.000000  0.014816 
829.000000  830.000000  0.014844 
830.000000  831.000000  0.014872 
831.000000  832.000000  0.014900 
832.000000  833.000000  0.014927 
833.000000  834.000000  0.014955 
834.000000  835.000000  0.014983 
835.000000  836.000000  0.015010 
836.000000  837.000000  0.015037 
837.000000  838.000000  0.015064 
838.000000  839.000000  0.015091 
839.000000  840.000000  0.015118 
840.000000  841.000000  0.015145 
841.000000  842.000000  0.015172 
842.000000  843.000000  0.015198 
843.000000  844.000000  0.015225 
844.000000  845.000000  0.015251 
845.000000  846.000000  0.015277 
846.000000  847.000000  0.015303 
847.000000  848.000000  0.015329 
848.000000  849.000000  0.015355 
849.000000  850.000000  0.015381 
850.000000  851.000000  0.015407 
851.000000  852.000000  0.015432 
852.000000  853.000000  0.015457 
853.000000  854.000000  0.015483 
854.000000  855.000000  0.015508 
855.000000  856.000000  0.015533 
856.000000  857.000000  0.015558 
857.000000  858.000000  0.015583 
858.000000  859.000000  0.015608 
859.000000  860.000000  0.015632 
860.000000  861.000000  0.015657 
861.000000  862.000000  0.015681 
862.000000  863.000000  0.015705 
863.000000  864.000000  0.015730 
864.000000  865.000000  0.015754 
865.000000  866.000000  0.015778 
866.000000  867.000000  0.015802 
867.000000  868.000000  0.015825 
868.000000  869.000000  0.015849 
869.000000  870.000000  0.015872 
870.000000  871.000000  0.015896 
871.000000  872.000000  0.015919 
872.000000  873.000000  0.015942 
873.000000  874.000000  0.015966 
874.000000  875.000000  0.015989 
875.000000  876.000000  0.016011 
876.000000  877.000000  0.016034 
877.000000  878.000000  0.016057 
878.000000  879.000000  0.016080 
879.000000  880.000000  0.016102 
880.000000  881.000000  0.016125 
881.000000  882.000000  0.016147 
882.000000  883.000000  0.016169 
883.000000  884.000000  0.016191 
884.000000  885.000000  0.016213 
885.000000  886.000000  0.016235 
886.000000  887.000000  0.016257 
887.000000  888.000000  0.016278 
888.000000  889.000000  0.016300 
889.000000  890.000000  0.016322 
890.000000  891.000000  0.016343 
891.000000  892.000000  0.016364 
892.000000  893.000000  0.016385 
893.000000  894.000000  0.016407 
894.000000  895.000000  0.016428 
895.000000  896.000000  0.016448 
896.000000  897.000000  0.016469 
897.000000  898.000000  0.016490 
898.000000  899.000000  0.016511 
899.000000  900.000000  0.016531 
900.000000  901.000000  0.016552 
901.000000  902.000000  0.016572 
902.000000  903.000000  0.016592 
903.000000  904.000000  0.016612 
904.000000  905.000000  0.016632 
905.000000  906.000000  0.016652 
906.000000  907.000000  0.016672 
907.000000  908.000000  0.016692 
908.000000  909.000000  0.016712 
909.000000  910.000000  0.016731 
910.000000  911.000000  0.016751 
911.000000  912.000000  0.016770 
912.000000  913.000000  0.016790 
913.000000  914.000000  0.016809 
914.000000  915.000000  0.016828 
915.000000  916.000000  0.016847 
916.000000  917.000000  0.016866 
917.000000  918.000000  0.016885 
918.000000  919.000000  0.016904 
919.000000  920.000000  0.016922 
920.000000  921.000000  0.016941 
921.000000  922.000000  0.016959 
922.000000  923.000000  0.016978 
923.000000  924.000000  0.016996 
924.000000  925.000000  0.017015 
925.000000  926.000000  0.017033 
926.000000  927.000000  0.017051 
927.000000  928.000000  0.017069 
928.000000  929.000000  0.017087 
929.000000  930.000000  0.017105 
930.000000  931.000000  0.017122 
931.000000  932.000000  0.017140 
932.000000  933.000000  0.017158 
933.000000  934.000000  0.017175 
934.000000  935.000000  0.017193 
935.000000  936.000000  0.017210 
936.000000  937.000000  0.017227 
937.000000  938.000000  0.017244 
