20.000000  21.000000  0.967646 
21.000000  22.000000  0.967431 
22.000000  23.000000  0.967217 
23.000000  24.000000  0.967006 
24.000000  25.000000  0.966803 
25.000000  26.000000  0.966610 
26.000000  27.000000  0.966429 
27.000000  28.000000  0.966264 
28.000000  29.000000  0.966114 
29.000000  30.000000  0.965982 
30.000000  31.000000  0.965869 
31.000000  32.000000  0.965775 
32.000000  33.000000  0.965702 
33.000000  34.000000  0.965648 
34.000000  35.000000  0.965614 
35.000000  36.000000  0.965600 
36.000000  37.000000  0.965605 
37.000000  38.000000  0.965629 
38.000000  39.000000  0.965672 
39.000000  40.000000  0.965733 
40.000000  41.000000  0.965810 
41.000000  42.000000  0.965904 
42.000000  43.000000  0.966014 
43.000000  44.000000  0.966138 
44.000000  45.000000  0.966276 
45.000000  46.000000  0.966426 
46.000000  47.000000  0.966589 
47.000000  48.000000  0.966763 
48.000000  49.000000  0.966946 
49.000000  50.000000  0.967139 
50.000000  51.000000  0.967339 
51.000000  52.000000  0.967547 
52.000000  53.000000  0.967761 
53.000000  54.000000  0.967980 
54.000000  55.000000  0.968204 
55.000000  56.000000  0.968431 
56.000000  57.000000  0.968661 
57.000000  58.000000  0.968893 
58.000000  59.000000  0.969126 
59.000000  60.000000  0.969359 
60.000000  61.000000  0.969592 
61.000000  62.000000  0.969823 
62.000000  63.000000  0.970053 
63.000000  64.000000  0.970281 
64.000000  65.000000  0.970506 
65.000000  66.000000  0.970728 
66.000000  67.000000  0.970946 
67.000000  68.000000  0.971159 
68.000000  69.000000  0.971369 
69.000000  70.000000  0.971573 
70.000000  71.000000  0.971773 
71.000000  72.000000  0.971967 
72.000000  73.000000  0.972155 
73.000000  74.000000  0.972338 
74.000000  75.000000  0.972515 
75.000000  76.000000  0.972687 
76.000000  77.000000  0.972852 
77.000000  78.000000  0.973011 
78.000000  79.000000  0.973165 
79.000000  80.000000  0.973313 
80.000000  81.000000  0.973454 
81.000000  82.000000  0.973590 
82.000000  83.000000  0.973721 
83.000000  84.000000  0.973845 
84.000000  85.000000  0.973965 
85.000000  86.000000  0.974078 
86.000000  87.000000  0.974187 
87.000000  88.000000  0.974291 
88.000000  89.000000  0.974389 
89.000000  90.000000  0.974483 
90.000000  91.000000  0.974573 
91.000000  92.000000  0.974658 
92.000000  93.000000  0.974738 
93.000000  94.000000  0.974815 
94.000000  95.000000  0.974888 
95.000000  96.000000  0.974957 
96.000000  97.000000  0.975023 
97.000000  98.000000  0.975085 
98.000000  99.000000  0.975144 
99.000000  100.000000  0.975200 
100.000000  101.000000  0.975253 
101.000000  102.000000  0.975303 
102.000000  103.000000  0.975351 
103.000000  104.000000  0.975396 
104.000000  105.000000  0.975440 
105.000000  106.000000  0.975481 
106.000000  107.000000  0.975520 
107.000000  108.000000  0.975557 
108.000000  109.000000  0.975593 
109.000000  110.000000  0.975627 
110.000000  111.000000  0.975659 
111.000000  112.000000  0.975690 
112.000000  113.000000  0.975720 
113.000000  114.000000  0.975749 
114.000000  115.000000  0.975777 
115.000000  116.000000  0.975804 
116.000000  117.000000  0.975830 
117.000000  118.000000  0.975856 
118.000000  119.000000  0.975880 
119.000000  120.000000  0.975905 
120.000000  121.000000  0.975929 
121.000000  122.000000  0.975952 
122.000000  123.000000  0.975975 
123.000000  124.000000  0.975998 
124.000000  125.000000  0.976021 
125.000000  126.000000  0.976044 
126.000000  127.000000  0.976066 
127.000000  128.000000  0.976089 
128.000000  129.000000  0.976112 
129.000000  130.000000  0.976134 
130.000000  131.000000  0.976158 
131.000000  132.000000  0.976181 
132.000000  133.000000  0.976204 
133.000000  134.000000  0.976228 
134.000000  135.000000  0.976252 
135.000000  136.000000  0.976277 
136.000000  137.000000  0.976302 
137.000000  138.000000  0.976328 
138.000000  139.000000  0.976354 
139.000000  140.000000  0.976380 
140.000000  141.000000  0.976407 
141.000000  142.000000  0.976435 
142.000000  143.000000  0.976463 
143.000000  144.000000  0.976491 
144.000000  145.000000  0.976521 
145.000000  146.000000  0.976551 
146.000000  147.000000  0.976581 
147.000000  148.000000  0.976612 
148.000000  149.000000  0.976644 
149.000000  150.000000  0.976677 
150.000000  151.000000  0.976710 
151.000000  152.000000  0.976744 
152.000000  153.000000  0.976779 
153.000000  154.000000  0.976814 
154.000000  155.000000  0.976850 
155.000000  156.000000  0.976886 
156.000000  157.000000  0.976923 
157.000000  158.000000  0.976961 
158.000000  159.000000  0.977000 
159.000000  160.000000  0.977039 
160.000000  161.000000  0.977079 
161.000000  162.000000  0.977119 
162.000000  163.000000  0.977160 
163.000000  164.000000  0.977202 
164.000000  165.000000  0.977244 
165.000000  166.000000  0.977287 
166.000000  167.000000  0.977331 
167.000000  168.000000  0.977375 
168.000000  169.000000  0.977420 
169.000000  170.000000  0.977465 
170.000000  171.000000  0.977510 
171.000000  172.000000  0.977557 
172.000000  173.000000  0.977603 
173.000000  174.000000  0.977651 
174.000000  175.000000  0.977698 
175.000000  176.000000  0.977746 
176.000000  177.000000  0.977795 
177.000000  178.000000  0.977844 
178.000000  179.000000  0.977893 
179.000000  180.000000  0.977943 
180.000000  181.000000  0.977993 
181.000000  182.000000  0.978044 
182.000000  183.000000  0.978095 
183.000000  184.000000  0.978146 
184.000000  185.000000  0.978197 
185.000000  186.000000  0.978249 
186.000000  187.000000  0.978301 
187.000000  188.000000  0.978354 
188.000000  189.000000  0.978406 
189.000000  190.000000  0.978459 
190.000000  191.000000  0.978512 
191.000000  192.000000  0.978565 
192.000000  193.000000  0.978619 
193.000000  194.000000  0.978672 
194.000000  195.000000  0.978726 
195.000000  196.000000  0.978780 
196.000000  197.000000  0.978834 
197.000000  198.000000  0.978888 
198.000000  199.000000  0.978942 
199.000000  200.000000  0.978997 
200.000000  201.000000  0.979051 
201.000000  202.000000  0.979106 
202.000000  203.000000  0.979160 
203.000000  204.000000  0.979215 
204.000000  205.000000  0.979269 
205.000000  206.000000  0.979324 
206.000000  207.000000  0.979379 
207.000000  208.000000  0.979433 
208.000000  209.000000  0.979488 
209.000000  210.000000  0.979542 
210.000000  211.000000  0.979597 
211.000000  212.000000  0.979651 
212.000000  213.000000  0.979706 
213.000000  214.000000  0.979760 
214.000000  215.000000  0.979815 
215.000000  216.000000  0.979869 
216.000000  217.000000  0.979923 
217.000000  218.000000  0.979977 
218.000000  219.000000  0.980031 
219.000000  220.000000  0.980085 
220.000000  221.000000  0.980139 
221.000000  222.000000  0.980192 
222.000000  223.000000  0.980246 
223.000000  224.000000  0.980299 
224.000000  225.000000  0.980352 
225.000000  226.000000  0.980405 
226.000000  227.000000  0.980458 
227.000000  228.000000  0.980511 
228.000000  229.000000  0.980564 
229.000000  230.000000  0.980616 
230.000000  231.000000  0.980668 
231.000000  232.000000  0.980720 
232.000000  233.000000  0.980772 
233.000000  234.000000  0.980823 
234.000000  235.000000  0.980875 
235.000000  236.000000  0.980926 
236.000000  237.000000  0.980977 
237.000000  238.000000  0.981027 
238.000000  239.000000  0.981078 
239.000000  240.000000  0.981128 
240.000000  241.000000  0.981178 
241.000000  242.000000  0.981228 
242.000000  243.000000  0.981277 
243.000000  244.000000  0.981326 
244.000000  245.000000  0.981375 
245.000000  246.000000  0.981424 
246.000000  247.000000  0.981473 
247.000000  248.000000  0.981521 
248.000000  249.000000  0.981569 
249.000000  250.000000  0.981616 
250.000000  251.000000  0.981663 
251.000000  252.000000  0.981710 
252.000000  253.000000  0.981757 
253.000000  254.000000  0.981804 
254.000000  255.000000  0.981850 
255.000000  256.000000  0.981895 
256.000000  257.000000  0.981941 
257.000000  258.000000  0.981986 
258.000000  259.000000  0.982031 
259.000000  260.000000  0.982075 
260.000000  261.000000  0.982120 
261.000000  262.000000  0.982164 
262.000000  263.000000  0.982207 
263.000000  264.000000  0.982250 
264.000000  265.000000  0.982293 
265.000000  266.000000  0.982336 
266.000000  267.000000  0.982378 
267.000000  268.000000  0.982419 
268.000000  269.000000  0.982461 
269.000000  270.000000  0.982502 
270.000000  271.000000  0.982543 
271.000000  272.000000  0.982583 
272.000000  273.000000  0.982623 
273.000000  274.000000  0.982662 
274.000000  275.000000  0.982702 
275.000000  276.000000  0.982740 
276.000000  277.000000  0.982779 
277.000000  278.000000  0.982817 
278.000000  279.000000  0.982855 
279.000000  280.000000  0.982892 
280.000000  281.000000  0.982929 
281.000000  282.000000  0.982965 
282.000000  283.000000  0.983001 
283.000000  284.000000  0.983037 
284.000000  285.000000  0.983072 
285.000000  286.000000  0.983107 
286.000000  287.000000  0.983141 
287.000000  288.000000  0.983175 
288.000000  289.000000  0.983208 
289.000000  290.000000  0.983242 
290.000000  291.000000  0.983274 
291.000000  292.000000  0.983306 
292.000000  293.000000  0.983338 
293.000000  294.000000  0.983370 
294.000000  295.000000  0.983400 
295.000000  296.000000  0.983431 
296.000000  297.000000  0.983461 
297.000000  298.000000  0.983490 
298.000000  299.000000  0.983520 
299.000000  300.000000  0.983548 
300.000000  301.000000  0.983576 
301.000000  302.000000  0.983604 
302.000000  303.000000  0.983631 
303.000000  304.000000  0.983658 
304.000000  305.000000  0.983684 
305.000000  306.000000  0.983710 
306.000000  307.000000  0.983736 
307.000000  308.000000  0.983761 
308.000000  309.000000  0.983785 
309.000000  310.000000  0.983809 
310.000000  311.000000  0.983833 
311.000000  312.000000  0.983856 
312.000000  313.000000  0.983878 
313.000000  314.000000  0.983900 
314.000000  315.000000  0.983922 
315.000000  316.000000  0.983943 
316.000000  317.000000  0.983963 
317.000000  318.000000  0.983983 
318.000000  319.000000  0.984003 
319.000000  320.000000  0.984022 
320.000000  321.000000  0.984041 
321.000000  322.000000  0.984059 
322.000000  323.000000  0.984076 
323.000000  324.000000  0.984093 
324.000000  325.000000  0.984110 
325.000000  326.000000  0.984126 
326.000000  327.000000  0.984141 
327.000000  328.000000  0.984156 
328.000000  329.000000  0.984171 
329.000000  330.000000  0.984185 
330.000000  331.000000  0.984199 
331.000000  332.000000  0.984212 
332.000000  333.000000  0.984224 
333.000000  334.000000  0.984236 
334.000000  335.000000  0.984248 
335.000000  336.000000  0.984258 
336.000000  337.000000  0.984269 
337.000000  338.000000  0.984279 
338.000000  339.000000  0.984288 
339.000000  340.000000  0.984297 
340.000000  341.000000  0.984305 
341.000000  342.000000  0.984313 
342.000000  343.000000  0.984320 
343.000000  344.000000  0.984327 
344.000000  345.000000  0.984334 
345.000000  346.000000  0.984339 
346.000000  347.000000  0.984344 
347.000000  348.000000  0.984349 
348.000000  349.000000  0.984353 
349.000000  350.000000  0.984357 
350.000000  351.000000  0.984360 
351.000000  352.000000  0.984363 
352.000000  353.000000  0.984365 
353.000000  354.000000  0.984366 
354.000000  355.000000  0.984367 
355.000000  356.000000  0.984368 
356.000000  357.000000  0.984368 
357.000000  358.000000  0.984367 
358.000000  359.000000  0.984366 
359.000000  360.000000  0.984364 
360.000000  361.000000  0.984362 
361.000000  362.000000  0.984359 
362.000000  363.000000  0.984356 
363.000000  364.000000  0.984352 
364.000000  365.000000  0.984348 
365.000000  366.000000  0.984343 
366.000000  367.000000  0.984338 
367.000000  368.000000  0.984332 
368.000000  369.000000  0.984326 
369.000000  370.000000  0.984319 
370.000000  371.000000  0.984311 
371.000000  372.000000  0.984303 
372.000000  373.000000  0.984295 
373.000000  374.000000  0.984286 
374.000000  375.000000  0.984276 
375.000000  376.000000  0.984266 
376.000000  377.000000  0.984256 
377.000000  378.000000  0.984244 
378.000000  379.000000  0.984233 
379.000000  380.000000  0.984221 
380.000000  381.000000  0.984208 
381.000000  382.000000  0.984195 
382.000000  383.000000  0.984181 
383.000000  384.000000  0.984167 
384.000000  385.000000  0.984152 
385.000000  386.000000  0.984137 
386.000000  387.000000  0.984121 
387.000000  388.000000  0.984104 
388.000000  389.000000  0.984088 
389.000000  390.000000  0.984070 
390.000000  391.000000  0.984052 
391.000000  392.000000  0.984034 
392.000000  393.000000  0.984015 
393.000000  394.000000  0.983996 
394.000000  395.000000  0.983976 
395.000000  396.000000  0.983955 
396.000000  397.000000  0.983934 
397.000000  398.000000  0.983913 
398.000000  399.000000  0.983891 
399.000000  400.000000  0.983868 
400.000000  401.000000  0.983845 
401.000000  402.000000  0.983822 
402.000000  403.000000  0.983798 
403.000000  404.000000  0.983773 
404.000000  405.000000  0.983748 
405.000000  406.000000  0.983723 
406.000000  407.000000  0.983697 
407.000000  408.000000  0.983670 
408.000000  409.000000  0.983643 
409.000000  410.000000  0.983616 
410.000000  411.000000  0.983587 
411.000000  412.000000  0.983559 
412.000000  413.000000  0.983530 
413.000000  414.000000  0.983500 
414.000000  415.000000  0.983470 
415.000000  416.000000  0.983440 
416.000000  417.000000  0.983409 
417.000000  418.000000  0.983378 
418.000000  419.000000  0.983346 
419.000000  420.000000  0.983313 
420.000000  421.000000  0.983280 
421.000000  422.000000  0.983247 
422.000000  423.000000  0.983213 
423.000000  424.000000  0.983179 
424.000000  425.000000  0.983144 
425.000000  426.000000  0.983109 
426.000000  427.000000  0.983073 
427.000000  428.000000  0.983037 
428.000000  429.000000  0.983000 
429.000000  430.000000  0.982963 
430.000000  431.000000  0.982925 
431.000000  432.000000  0.982887 
432.000000  433.000000  0.982848 
433.000000  434.000000  0.982809 
434.000000  435.000000  0.982770 
435.000000  436.000000  0.982730 
436.000000  437.000000  0.982689 
437.000000  438.000000  0.982649 
438.000000  439.000000  0.982607 
439.000000  440.000000  0.982565 
440.000000  441.000000  0.982523 
441.000000  442.000000  0.982481 
442.000000  443.000000  0.982437 
443.000000  444.000000  0.982394 
444.000000  445.000000  0.982350 
445.000000  446.000000  0.982306 
446.000000  447.000000  0.982261 
447.000000  448.000000  0.982215 
448.000000  449.000000  0.982170 
449.000000  450.000000  0.982123 
450.000000  451.000000  0.982077 
451.000000  452.000000  0.982030 
452.000000  453.000000  0.981982 
453.000000  454.000000  0.981935 
454.000000  455.000000  0.981886 
455.000000  456.000000  0.981838 
456.000000  457.000000  0.981788 
457.000000  458.000000  0.981739 
458.000000  459.000000  0.981689 
459.000000  460.000000  0.981639 
460.000000  461.000000  0.981588 
461.000000  462.000000  0.981537 
462.000000  463.000000  0.981485 
463.000000  464.000000  0.981433 
464.000000  465.000000  0.981381 
465.000000  466.000000  0.981328 
466.000000  467.000000  0.981275 
467.000000  468.000000  0.981222 
468.000000  469.000000  0.981168 
469.000000  470.000000  0.981114 
470.000000  471.000000  0.981059 
471.000000  472.000000  0.981004 
472.000000  473.000000  0.980949 
473.000000  474.000000  0.980893 
474.000000  475.000000  0.980837 
475.000000  476.000000  0.980780 
476.000000  477.000000  0.980723 
477.000000  478.000000  0.980666 
478.000000  479.000000  0.980609 
479.000000  480.000000  0.980551 
480.000000  481.000000  0.980493 
481.000000  482.000000  0.980434 
482.000000  483.000000  0.980375 
483.000000  484.000000  0.980316 
484.000000  485.000000  0.980256 
485.000000  486.000000  0.980197 
486.000000  487.000000  0.980136 
487.000000  488.000000  0.980076 
488.000000  489.000000  0.980015 
489.000000  490.000000  0.979954 
490.000000  491.000000  0.979892 
491.000000  492.000000  0.979831 
492.000000  493.000000  0.979768 
493.000000  494.000000  0.979706 
494.000000  495.000000  0.979643 
495.000000  496.000000  0.979580 
496.000000  497.000000  0.979517 
497.000000  498.000000  0.979454 
498.000000  499.000000  0.979390 
499.000000  500.000000  0.979326 
500.000000  501.000000  0.979261 
501.000000  502.000000  0.979197 
502.000000  503.000000  0.979132 
503.000000  504.000000  0.979067 
504.000000  505.000000  0.979001 
505.000000  506.000000  0.978936 
506.000000  507.000000  0.978870 
507.000000  508.000000  0.978803 
508.000000  509.000000  0.978737 
509.000000  510.000000  0.978670 
510.000000  511.000000  0.978604 
511.000000  512.000000  0.978536 
512.000000  513.000000  0.978469 
513.000000  514.000000  0.978402 
514.000000  515.000000  0.978334 
515.000000  516.000000  0.978266 
516.000000  517.000000  0.978198 
517.000000  518.000000  0.978129 
518.000000  519.000000  0.978061 
519.000000  520.000000  0.977992 
520.000000  521.000000  0.977923 
521.000000  522.000000  0.977854 
522.000000  523.000000  0.977784 
523.000000  524.000000  0.977715 
524.000000  525.000000  0.977645 
525.000000  526.000000  0.977575 
526.000000  527.000000  0.977505 
527.000000  528.000000  0.977435 
528.000000  529.000000  0.977365 
529.000000  530.000000  0.977294 
530.000000  531.000000  0.977223 
531.000000  532.000000  0.977153 
532.000000  533.000000  0.977082 
533.000000  534.000000  0.977011 
534.000000  535.000000  0.976939 
535.000000  536.000000  0.976868 
536.000000  537.000000  0.976797 
537.000000  538.000000  0.976725 
538.000000  539.000000  0.976653 
539.000000  540.000000  0.976582 
540.000000  541.000000  0.976510 
541.000000  542.000000  0.976438 
542.000000  543.000000  0.976366 
543.000000  544.000000  0.976293 
544.000000  545.000000  0.976221 
545.000000  546.000000  0.976149 
546.000000  547.000000  0.976076 
547.000000  548.000000  0.976004 
548.000000  549.000000  0.975931 
549.000000  550.000000  0.975858 
550.000000  551.000000  0.975786 
551.000000  552.000000  0.975713 
552.000000  553.000000  0.975640 
553.000000  554.000000  0.975567 
554.000000  555.000000  0.975494 
555.000000  556.000000  0.975421 
556.000000  557.000000  0.975348 
557.000000  558.000000  0.975275 
558.000000  559.000000  0.975202 
559.000000  560.000000  0.975129 
560.000000  561.000000  0.975056 
561.000000  562.000000  0.974983 
562.000000  563.000000  0.974909 
563.000000  564.000000  0.974836 
564.000000  565.000000  0.974763 
565.000000  566.000000  0.974690 
566.000000  567.000000  0.974617 
567.000000  568.000000  0.974543 
568.000000  569.000000  0.974470 
569.000000  570.000000  0.974397 
570.000000  571.000000  0.974324 
571.000000  572.000000  0.974251 
572.000000  573.000000  0.974178 
573.000000  574.000000  0.974104 
574.000000  575.000000  0.974031 
575.000000  576.000000  0.973958 
576.000000  577.000000  0.973885 
577.000000  578.000000  0.973812 
578.000000  579.000000  0.973739 
579.000000  580.000000  0.973667 
580.000000  581.000000  0.973594 
581.000000  582.000000  0.973521 
582.000000  583.000000  0.973448 
583.000000  584.000000  0.973376 
584.000000  585.000000  0.973303 
585.000000  586.000000  0.973230 
586.000000  587.000000  0.973158 
587.000000  588.000000  0.973086 
588.000000  589.000000  0.973013 
589.000000  590.000000  0.972941 
590.000000  591.000000  0.972869 
591.000000  592.000000  0.972797 
592.000000  593.000000  0.972725 
593.000000  594.000000  0.972653 
594.000000  595.000000  0.972581 
595.000000  596.000000  0.972510 
596.000000  597.000000  0.972438 
597.000000  598.000000  0.972366 
598.000000  599.000000  0.972295 
599.000000  600.000000  0.972224 
600.000000  601.000000  0.972153 
601.000000  602.000000  0.972082 
602.000000  603.000000  0.972011 
603.000000  604.000000  0.971940 
604.000000  605.000000  0.971869 
605.000000  606.000000  0.971798 
606.000000  607.000000  0.971728 
607.000000  608.000000  0.971658 
608.000000  609.000000  0.971587 
609.000000  610.000000  0.971517 
610.000000  611.000000  0.971447 
611.000000  612.000000  0.971378 
612.000000  613.000000  0.971308 
613.000000  614.000000  0.971239 
614.000000  615.000000  0.971169 
615.000000  616.000000  0.971100 
616.000000  617.000000  0.971031 
617.000000  618.000000  0.970962 
618.000000  619.000000  0.970893 
619.000000  620.000000  0.970825 
620.000000  621.000000  0.970756 
621.000000  622.000000  0.970688 
622.000000  623.000000  0.970620 
623.000000  624.000000  0.970552 
624.000000  625.000000  0.970484 
625.000000  626.000000  0.970416 
626.000000  627.000000  0.970349 
627.000000  628.000000  0.970281 
628.000000  629.000000  0.970214 
629.000000  630.000000  0.970147 
630.000000  631.000000  0.970080 
631.000000  632.000000  0.970014 
632.000000  633.000000  0.969947 
633.000000  634.000000  0.969881 
634.000000  635.000000  0.969815 
635.000000  636.000000  0.969749 
636.000000  637.000000  0.969683 
637.000000  638.000000  0.969618 
638.000000  639.000000  0.969552 
639.000000  640.000000  0.969487 
640.000000  641.000000  0.969422 
641.000000  642.000000  0.969357 
642.000000  643.000000  0.969293 
643.000000  644.000000  0.969228 
644.000000  645.000000  0.969164 
645.000000  646.000000  0.969100 
646.000000  647.000000  0.969036 
647.000000  648.000000  0.968973 
648.000000  649.000000  0.968909 
649.000000  650.000000  0.968846 
650.000000  651.000000  0.968783 
651.000000  652.000000  0.968720 
652.000000  653.000000  0.968657 
653.000000  654.000000  0.968595 
654.000000  655.000000  0.968533 
655.000000  656.000000  0.968471 
656.000000  657.000000  0.968409 
657.000000  658.000000  0.968347 
658.000000  659.000000  0.968286 
659.000000  660.000000  0.968224 
660.000000  661.000000  0.968163 
661.000000  662.000000  0.968103 
662.000000  663.000000  0.968042 
663.000000  664.000000  0.967982 
664.000000  665.000000  0.967921 
665.000000  666.000000  0.967861 
666.000000  667.000000  0.967802 
667.000000  668.000000  0.967742 
668.000000  669.000000  0.967683 
669.000000  670.000000  0.967623 
670.000000  671.000000  0.967564 
671.000000  672.000000  0.967506 
672.000000  673.000000  0.967447 
673.000000  674.000000  0.967389 
674.000000  675.000000  0.967331 
675.000000  676.000000  0.967273 
676.000000  677.000000  0.967215 
677.000000  678.000000  0.967158 
678.000000  679.000000  0.967101 
679.000000  680.000000  0.967044 
680.000000  681.000000  0.966987 
681.000000  682.000000  0.966930 
682.000000  683.000000  0.966874 
683.000000  684.000000  0.966818 
684.000000  685.000000  0.966762 
685.000000  686.000000  0.966706 
686.000000  687.000000  0.966650 
687.000000  688.000000  0.966595 
688.000000  689.000000  0.966540 
689.000000  690.000000  0.966485 
690.000000  691.000000  0.966431 
691.000000  692.000000  0.966376 
692.000000  693.000000  0.966322 
693.000000  694.000000  0.966268 
694.000000  695.000000  0.966214 
695.000000  696.000000  0.966160 
696.000000  697.000000  0.966107 
697.000000  698.000000  0.966054 
698.000000  699.000000  0.966001 
699.000000  700.000000  0.965948 
700.000000  701.000000  0.965896 
701.000000  702.000000  0.965843 
702.000000  703.000000  0.965791 
703.000000  704.000000  0.965739 
704.000000  705.000000  0.965688 
705.000000  706.000000  0.965636 
706.000000  707.000000  0.965585 
707.000000  708.000000  0.965534 
708.000000  709.000000  0.965483 
709.000000  710.000000  0.965433 
710.000000  711.000000  0.965382 
711.000000  712.000000  0.965332 
712.000000  713.000000  0.965282 
713.000000  714.000000  0.965233 
714.000000  715.000000  0.965183 
715.000000  716.000000  0.965134 
716.000000  717.000000  0.965085 
717.000000  718.000000  0.965036 
718.000000  719.000000  0.964987 
719.000000  720.000000  0.964939 
720.000000  721.000000  0.964890 
721.000000  722.000000  0.964842 
722.000000  723.000000  0.964794 
723.000000  724.000000  0.964747 
724.000000  725.000000  0.964699 
725.000000  726.000000  0.964652 
726.000000  727.000000  0.964605 
727.000000  728.000000  0.964558 
728.000000  729.000000  0.964512 
729.000000  730.000000  0.964465 
730.000000  731.000000  0.964419 
731.000000  732.000000  0.964373 
732.000000  733.000000  0.964327 
733.000000  734.000000  0.964282 
734.000000  735.000000  0.964236 
735.000000  736.000000  0.964191 
736.000000  737.000000  0.964146 
737.000000  738.000000  0.964101 
738.000000  739.000000  0.964057 
739.000000  740.000000  0.964012 
740.000000  741.000000  0.963968 
741.000000  742.000000  0.963924 
742.000000  743.000000  0.963880 
743.000000  744.000000  0.963837 
744.000000  745.000000  0.963793 
745.000000  746.000000  0.963750 
746.000000  747.000000  0.963707 
747.000000  748.000000  0.963664 
748.000000  749.000000  0.963622 
749.000000  750.000000  0.963579 
750.000000  751.000000  0.963537 
751.000000  752.000000  0.963495 
752.000000  753.000000  0.963453 
753.000000  754.000000  0.963412 
754.000000  755.000000  0.963370 
755.000000  756.000000  0.963329 
756.000000  757.000000  0.963288 
757.000000  758.000000  0.963247 
758.000000  759.000000  0.963206 
759.000000  760.000000  0.963166 
760.000000  761.000000  0.963126 
761.000000  762.000000  0.963086 
762.000000  763.000000  0.963046 
763.000000  764.000000  0.963006 
764.000000  765.000000  0.962966 
765.000000  766.000000  0.962927 
766.000000  767.000000  0.962888 
767.000000  768.000000  0.962849 
768.000000  769.000000  0.962810 
769.000000  770.000000  0.962771 
770.000000  771.000000  0.962733 
771.000000  772.000000  0.962695 
772.000000  773.000000  0.962657 
773.000000  774.000000  0.962619 
774.000000  775.000000  0.962581 
775.000000  776.000000  0.962543 
776.000000  777.000000  0.962506 
777.000000  778.000000  0.962469 
778.000000  779.000000  0.962432 
779.000000  780.000000  0.962395 
780.000000  781.000000  0.962358 
781.000000  782.000000  0.962322 
782.000000  783.000000  0.962286 
783.000000  784.000000  0.962249 
784.000000  785.000000  0.962213 
785.000000  786.000000  0.962178 
786.000000  787.000000  0.962142 
787.000000  788.000000  0.962107 
788.000000  789.000000  0.962071 
789.000000  790.000000  0.962036 
790.000000  791.000000  0.962001 
791.000000  792.000000  0.961966 
792.000000  793.000000  0.961932 
793.000000  794.000000  0.961897 
794.000000  795.000000  0.961863 
795.000000  796.000000  0.961829 
796.000000  797.000000  0.961795 
797.000000  798.000000  0.961761 
798.000000  799.000000  0.961728 
799.000000  800.000000  0.961694 
800.000000  801.000000  0.961661 
801.000000  802.000000  0.961628 
802.000000  803.000000  0.961595 
803.000000  804.000000  0.961562 
804.000000  805.000000  0.961529 
805.000000  806.000000  0.961497 
806.000000  807.000000  0.961465 
807.000000  808.000000  0.961432 
808.000000  809.000000  0.961400 
809.000000  810.000000  0.961368 
810.000000  811.000000  0.961337 
811.000000  812.000000  0.961305 
812.000000  813.000000  0.961274 
813.000000  814.000000  0.961243 
814.000000  815.000000  0.961211 
815.000000  816.000000  0.961181 
816.000000  817.000000  0.961150 
817.000000  818.000000  0.961119 
818.000000  819.000000  0.961089 
819.000000  820.000000  0.961058 
820.000000  821.000000  0.961028 
821.000000  822.000000  0.960998 
822.000000  823.000000  0.960968 
823.000000  824.000000  0.960938 
824.000000  825.000000  0.960909 
825.000000  826.000000  0.960879 
826.000000  827.000000  0.960850 
827.000000  828.000000  0.960821 
828.000000  829.000000  0.960792 
829.000000  830.000000  0.960763 
830.000000  831.000000  0.960734 
831.000000  832.000000  0.960706 
832.000000  833.000000  0.960677 
833.000000  834.000000  0.960649 
834.000000  835.000000  0.960621 
835.000000  836.000000  0.960593 
836.000000  837.000000  0.960565 
837.000000  838.000000  0.960537 
838.000000  839.000000  0.960510 
839.000000  840.000000  0.960482 
840.000000  841.000000  0.960455 
841.000000  842.000000  0.960428 
842.000000  843.000000  0.960401 
843.000000  844.000000  0.960374 
844.000000  845.000000  0.960347 
845.000000  846.000000  0.960320 
846.000000  847.000000  0.960294 
847.000000  848.000000  0.960267 
848.000000  849.000000  0.960241 
849.000000  850.000000  0.960215 
850.000000  851.000000  0.960189 
851.000000  852.000000  0.960163 
852.000000  853.000000  0.960137 
853.000000  854.000000  0.960112 
854.000000  855.000000  0.960086 
855.000000  856.000000  0.960061 
856.000000  857.000000  0.960036 
857.000000  858.000000  0.960011 
858.000000  859.000000  0.959986 
859.000000  860.000000  0.959961 
860.000000  861.000000  0.959936 
861.000000  862.000000  0.959911 
862.000000  863.000000  0.959887 
863.000000  864.000000  0.959863 
864.000000  865.000000  0.959838 
865.000000  866.000000  0.959814 
866.000000  867.000000  0.959790 
867.000000  868.000000  0.959766 
868.000000  869.000000  0.959743 
869.000000  870.000000  0.959719 
870.000000  871.000000  0.959695 
871.000000  872.000000  0.959672 
872.000000  873.000000  0.959649 
873.000000  874.000000  0.959626 
874.000000  875.000000  0.959603 
875.000000  876.000000  0.959580 
876.000000  877.000000  0.959557 
877.000000  878.000000  0.959534 
878.000000  879.000000  0.959512 
879.000000  880.000000  0.959489 
880.000000  881.000000  0.959467 
881.000000  882.000000  0.959445 
882.000000  883.000000  0.959423 
883.000000  884.000000  0.959401 
884.000000  885.000000  0.959379 
885.000000  886.000000  0.959357 
886.000000  887.000000  0.959335 
887.000000  888.000000  0.959314 
888.000000  889.000000  0.959292 
889.000000  890.000000  0.959271 
890.000000  891.000000  0.959250 
891.000000  892.000000  0.959228 
892.000000  893.000000  0.959207 
893.000000  894.000000  0.959186 
894.000000  895.000000  0.959166 
895.000000  896.000000  0.959145 
896.000000  897.000000  0.959124 
897.000000  898.000000  0.959104 
898.000000  899.000000  0.959083 
899.000000  900.000000  0.959063 
900.000000  901.000000  0.959043 
901.000000  902.000000  0.959023 
902.000000  903.000000  0.959003 
903.000000  904.000000  0.958983 
904.000000  905.000000  0.958963 
905.000000  906.000000  0.958944 
906.000000  907.000000  0.958924 
907.000000  908.000000  0.958905 
908.000000  909.000000  0.958885 
909.000000  910.000000  0.958866 
910.000000  911.000000  0.958847 
911.000000  912.000000  0.958828 
912.000000  913.000000  0.958809 
913.000000  914.000000  0.958790 
914.000000  915.000000  0.958771 
915.000000  916.000000  0.958752 
916.000000  917.000000  0.958734 
917.000000  918.000000  0.958715 
918.000000  919.000000  0.958697 
919.000000  920.000000  0.958679 
920.000000  921.000000  0.958660 
921.000000  922.000000  0.958642 
922.000000  923.000000  0.958624 
923.000000  924.000000  0.958606 
924.000000  925.000000  0.958589 
925.000000  926.000000  0.958571 
926.000000  927.000000  0.958553 
927.000000  928.000000  0.958536 
928.000000  929.000000  0.958518 
929.000000  930.000000  0.958501 
930.000000  931.000000  0.958483 
931.000000  932.000000  0.958466 
932.000000  933.000000  0.958449 
933.000000  934.000000  0.958432 
934.000000  935.000000  0.958415 
