17.000000  18.000000  0.986771 
18.000000  19.000000  0.987831 
19.000000  20.000000  0.988748 
20.000000  21.000000  0.989544 
21.000000  22.000000  0.990238 
22.000000  23.000000  0.990842 
23.000000  24.000000  0.991354 
24.000000  25.000000  0.991819 
25.000000  26.000000  0.992251 
26.000000  27.000000  0.992653 
27.000000  28.000000  0.993034 
28.000000  29.000000  0.993419 
29.000000  30.000000  0.993793 
30.000000  31.000000  0.994154 
31.000000  32.000000  0.994502 
32.000000  33.000000  0.994836 
33.000000  34.000000  0.995155 
34.000000  35.000000  0.995462 
35.000000  36.000000  0.995758 
36.000000  37.000000  0.996042 
37.000000  38.000000  0.996314 
38.000000  39.000000  0.996573 
39.000000  40.000000  0.996820 
40.000000  41.000000  0.997055 
41.000000  42.000000  0.997278 
42.000000  43.000000  0.997487 
43.000000  44.000000  0.997681 
44.000000  45.000000  0.997861 
45.000000  46.000000  0.998025 
46.000000  47.000000  0.998175 
47.000000  48.000000  0.998310 
48.000000  49.000000  0.998430 
49.000000  50.000000  0.998536 
50.000000  51.000000  0.998627 
51.000000  52.000000  0.998704 
52.000000  53.000000  0.998768 
53.000000  54.000000  0.998819 
54.000000  55.000000  0.998858 
55.000000  56.000000  0.998884 
56.000000  57.000000  0.998900 
57.000000  58.000000  0.998904 
58.000000  59.000000  0.998899 
59.000000  60.000000  0.998884 
60.000000  61.000000  0.998861 
61.000000  62.000000  0.998830 
62.000000  63.000000  0.998792 
63.000000  64.000000  0.998747 
64.000000  65.000000  0.998696 
65.000000  66.000000  0.998640 
66.000000  67.000000  0.998580 
67.000000  68.000000  0.998515 
68.000000  69.000000  0.998447 
69.000000  70.000000  0.998377 
70.000000  71.000000  0.998303 
71.000000  72.000000  0.998226 
72.000000  73.000000  0.998148 
73.000000  74.000000  0.998069 
74.000000  75.000000  0.997989 
75.000000  76.000000  0.997909 
76.000000  77.000000  0.997829 
77.000000  78.000000  0.997748 
78.000000  79.000000  0.997668 
79.000000  80.000000  0.997589 
80.000000  81.000000  0.997510 
81.000000  82.000000  0.997432 
82.000000  83.000000  0.997355 
83.000000  84.000000  0.997279 
84.000000  85.000000  0.997204 
85.000000  86.000000  0.997129 
86.000000  87.000000  0.997057 
87.000000  88.000000  0.996986 
88.000000  89.000000  0.996917 
89.000000  90.000000  0.996849 
90.000000  91.000000  0.996782 
91.000000  92.000000  0.996717 
92.000000  93.000000  0.996653 
93.000000  94.000000  0.996590 
94.000000  95.000000  0.996529 
95.000000  96.000000  0.996469 
96.000000  97.000000  0.996410 
97.000000  98.000000  0.996352 
98.000000  99.000000  0.996296 
99.000000  100.000000  0.996240 
100.000000  101.000000  0.996186 
101.000000  102.000000  0.996132 
102.000000  103.000000  0.996080 
103.000000  104.000000  0.996028 
104.000000  105.000000  0.995978 
105.000000  106.000000  0.995928 
106.000000  107.000000  0.995879 
107.000000  108.000000  0.995831 
108.000000  109.000000  0.995784 
109.000000  110.000000  0.995738 
110.000000  111.000000  0.995692 
111.000000  112.000000  0.995647 
112.000000  113.000000  0.995603 
113.000000  114.000000  0.995559 
114.000000  115.000000  0.995517 
115.000000  116.000000  0.995475 
116.000000  117.000000  0.995433 
117.000000  118.000000  0.995393 
118.000000  119.000000  0.995353 
119.000000  120.000000  0.995314 
120.000000  121.000000  0.995275 
121.000000  122.000000  0.995238 
122.000000  123.000000  0.995201 
123.000000  124.000000  0.995164 
124.000000  125.000000  0.995129 
125.000000  126.000000  0.995094 
126.000000  127.000000  0.995060 
127.000000  128.000000  0.995027 
128.000000  129.000000  0.994994 
129.000000  130.000000  0.994962 
130.000000  131.000000  0.994931 
131.000000  132.000000  0.994901 
132.000000  133.000000  0.994872 
133.000000  134.000000  0.994843 
134.000000  135.000000  0.994815 
135.000000  136.000000  0.994788 
136.000000  137.000000  0.994762 
137.000000  138.000000  0.994736 
138.000000  139.000000  0.994711 
139.000000  140.000000  0.994687 
140.000000  141.000000  0.994664 
141.000000  142.000000  0.994642 
142.000000  143.000000  0.994620 
143.000000  144.000000  0.994599 
144.000000  145.000000  0.994579 
145.000000  146.000000  0.994560 
146.000000  147.000000  0.994541 
147.000000  148.000000  0.994524 
148.000000  149.000000  0.994507 
149.000000  150.000000  0.994490 
150.000000  151.000000  0.994475 
151.000000  152.000000  0.994460 
152.000000  153.000000  0.994446 
153.000000  154.000000  0.994432 
154.000000  155.000000  0.994419 
155.000000  156.000000  0.994407 
156.000000  157.000000  0.994396 
157.000000  158.000000  0.994385 
158.000000  159.000000  0.994374 
159.000000  160.000000  0.994364 
160.000000  161.000000  0.994355 
161.000000  162.000000  0.994347 
162.000000  163.000000  0.994338 
163.000000  164.000000  0.994331 
164.000000  165.000000  0.994324 
165.000000  166.000000  0.994317 
166.000000  167.000000  0.994311 
167.000000  168.000000  0.994305 
168.000000  169.000000  0.994299 
169.000000  170.000000  0.994294 
170.000000  171.000000  0.994290 
171.000000  172.000000  0.994285 
172.000000  173.000000  0.994281 
173.000000  174.000000  0.994278 
174.000000  175.000000  0.994274 
175.000000  176.000000  0.994271 
176.000000  177.000000  0.994268 
177.000000  178.000000  0.994266 
178.000000  179.000000  0.994263 
179.000000  180.000000  0.994261 
180.000000  181.000000  0.994259 
181.000000  182.000000  0.994257 
182.000000  183.000000  0.994255 
183.000000  184.000000  0.994254 
184.000000  185.000000  0.994252 
185.000000  186.000000  0.994251 
186.000000  187.000000  0.994250 
187.000000  188.000000  0.994249 
188.000000  189.000000  0.994248 
189.000000  190.000000  0.994247 
190.000000  191.000000  0.994246 
191.000000  192.000000  0.994245 
192.000000  193.000000  0.994244 
193.000000  194.000000  0.994243 
194.000000  195.000000  0.994242 
195.000000  196.000000  0.994241 
196.000000  197.000000  0.994240 
197.000000  198.000000  0.994239 
198.000000  199.000000  0.994238 
199.000000  200.000000  0.994237 
200.000000  201.000000  0.994235 
201.000000  202.000000  0.994234 
202.000000  203.000000  0.994233 
203.000000  204.000000  0.994231 
204.000000  205.000000  0.994230 
205.000000  206.000000  0.994228 
206.000000  207.000000  0.994226 
207.000000  208.000000  0.994224 
208.000000  209.000000  0.994222 
209.000000  210.000000  0.994220 
210.000000  211.000000  0.994218 
211.000000  212.000000  0.994216 
212.000000  213.000000  0.994213 
213.000000  214.000000  0.994211 
214.000000  215.000000  0.994208 
215.000000  216.000000  0.994205 
216.000000  217.000000  0.994202 
217.000000  218.000000  0.994199 
218.000000  219.000000  0.994196 
219.000000  220.000000  0.994192 
220.000000  221.000000  0.994189 
221.000000  222.000000  0.994185 
222.000000  223.000000  0.994181 
223.000000  224.000000  0.994177 
224.000000  225.000000  0.994173 
225.000000  226.000000  0.994168 
226.000000  227.000000  0.994164 
227.000000  228.000000  0.994159 
228.000000  229.000000  0.994155 
229.000000  230.000000  0.994150 
230.000000  231.000000  0.994145 
231.000000  232.000000  0.994140 
232.000000  233.000000  0.994134 
233.000000  234.000000  0.994129 
234.000000  235.000000  0.994124 
235.000000  236.000000  0.994118 
236.000000  237.000000  0.994112 
237.000000  238.000000  0.994106 
238.000000  239.000000  0.994100 
239.000000  240.000000  0.994094 
240.000000  241.000000  0.994088 
241.000000  242.000000  0.994082 
242.000000  243.000000  0.994076 
243.000000  244.000000  0.994069 
244.000000  245.000000  0.994063 
245.000000  246.000000  0.994056 
246.000000  247.000000  0.994050 
247.000000  248.000000  0.994043 
248.000000  249.000000  0.994037 
249.000000  250.000000  0.994030 
250.000000  251.000000  0.994023 
251.000000  252.000000  0.994016 
252.000000  253.000000  0.994009 
253.000000  254.000000  0.994003 
254.000000  255.000000  0.993996 
255.000000  256.000000  0.993989 
256.000000  257.000000  0.993982 
257.000000  258.000000  0.993975 
258.000000  259.000000  0.993968 
259.000000  260.000000  0.993961 
260.000000  261.000000  0.993955 
261.000000  262.000000  0.993948 
262.000000  263.000000  0.993941 
263.000000  264.000000  0.993934 
264.000000  265.000000  0.993928 
265.000000  266.000000  0.993921 
266.000000  267.000000  0.993915 
267.000000  268.000000  0.993908 
268.000000  269.000000  0.993902 
269.000000  270.000000  0.993896 
270.000000  271.000000  0.993889 
271.000000  272.000000  0.993883 
272.000000  273.000000  0.993877 
273.000000  274.000000  0.993872 
274.000000  275.000000  0.993866 
275.000000  276.000000  0.993860 
276.000000  277.000000  0.993855 
277.000000  278.000000  0.993850 
278.000000  279.000000  0.993844 
279.000000  280.000000  0.993839 
280.000000  281.000000  0.993835 
281.000000  282.000000  0.993830 
282.000000  283.000000  0.993825 
283.000000  284.000000  0.993821 
284.000000  285.000000  0.993817 
285.000000  286.000000  0.993813 
286.000000  287.000000  0.993809 
287.000000  288.000000  0.993806 
288.000000  289.000000  0.993803 
289.000000  290.000000  0.993799 
290.000000  291.000000  0.993797 
291.000000  292.000000  0.993794 
292.000000  293.000000  0.993791 
293.000000  294.000000  0.993789 
294.000000  295.000000  0.993787 
295.000000  296.000000  0.993786 
296.000000  297.000000  0.993784 
297.000000  298.000000  0.993783 
298.000000  299.000000  0.993782 
299.000000  300.000000  0.993781 
300.000000  301.000000  0.993781 
301.000000  302.000000  0.993781 
302.000000  303.000000  0.993781 
303.000000  304.000000  0.993781 
304.000000  305.000000  0.993782 
305.000000  306.000000  0.993782 
306.000000  307.000000  0.993784 
307.000000  308.000000  0.993785 
308.000000  309.000000  0.993787 
309.000000  310.000000  0.993789 
310.000000  311.000000  0.993791 
311.000000  312.000000  0.993794 
312.000000  313.000000  0.993797 
313.000000  314.000000  0.993800 
314.000000  315.000000  0.993803 
315.000000  316.000000  0.993807 
316.000000  317.000000  0.993811 
317.000000  318.000000  0.993815 
318.000000  319.000000  0.993820 
319.000000  320.000000  0.993825 
320.000000  321.000000  0.993830 
321.000000  322.000000  0.993836 
322.000000  323.000000  0.993841 
323.000000  324.000000  0.993847 
324.000000  325.000000  0.993854 
325.000000  326.000000  0.993860 
326.000000  327.000000  0.993867 
327.000000  328.000000  0.993874 
328.000000  329.000000  0.993882 
329.000000  330.000000  0.993890 
330.000000  331.000000  0.993898 
331.000000  332.000000  0.993906 
332.000000  333.000000  0.993914 
333.000000  334.000000  0.993923 
334.000000  335.000000  0.993932 
335.000000  336.000000  0.993942 
336.000000  337.000000  0.993951 
337.000000  338.000000  0.993961 
338.000000  339.000000  0.993971 
339.000000  340.000000  0.993981 
340.000000  341.000000  0.993992 
341.000000  342.000000  0.994003 
342.000000  343.000000  0.994014 
343.000000  344.000000  0.994025 
344.000000  345.000000  0.994036 
345.000000  346.000000  0.994048 
346.000000  347.000000  0.994060 
347.000000  348.000000  0.994072 
348.000000  349.000000  0.994084 
349.000000  350.000000  0.994097 
350.000000  351.000000  0.994109 
351.000000  352.000000  0.994122 
352.000000  353.000000  0.994135 
353.000000  354.000000  0.994148 
354.000000  355.000000  0.994161 
355.000000  356.000000  0.994175 
356.000000  357.000000  0.994188 
357.000000  358.000000  0.994202 
358.000000  359.000000  0.994216 
359.000000  360.000000  0.994230 
360.000000  361.000000  0.994244 
361.000000  362.000000  0.994258 
362.000000  363.000000  0.994273 
363.000000  364.000000  0.994287 
364.000000  365.000000  0.994301 
365.000000  366.000000  0.994316 
366.000000  367.000000  0.994331 
367.000000  368.000000  0.994345 
368.000000  369.000000  0.994360 
369.000000  370.000000  0.994375 
370.000000  371.000000  0.994390 
371.000000  372.000000  0.994405 
372.000000  373.000000  0.994420 
373.000000  374.000000  0.994435 
374.000000  375.000000  0.994449 
375.000000  376.000000  0.994464 
376.000000  377.000000  0.994479 
377.000000  378.000000  0.994494 
378.000000  379.000000  0.994509 
379.000000  380.000000  0.994524 
380.000000  381.000000  0.994539 
381.000000  382.000000  0.994554 
382.000000  383.000000  0.994568 
383.000000  384.000000  0.994583 
384.000000  385.000000  0.994598 
385.000000  386.000000  0.994612 
386.000000  387.000000  0.994626 
387.000000  388.000000  0.994641 
388.000000  389.000000  0.994655 
389.000000  390.000000  0.994669 
390.000000  391.000000  0.994683 
391.000000  392.000000  0.994697 
392.000000  393.000000  0.994711 
393.000000  394.000000  0.994724 
394.000000  395.000000  0.994738 
395.000000  396.000000  0.994751 
396.000000  397.000000  0.994764 
397.000000  398.000000  0.994777 
398.000000  399.000000  0.994790 
399.000000  400.000000  0.994802 
400.000000  401.000000  0.994815 
401.000000  402.000000  0.994827 
402.000000  403.000000  0.994839 
403.000000  404.000000  0.994851 
404.000000  405.000000  0.994862 
405.000000  406.000000  0.994873 
406.000000  407.000000  0.994885 
407.000000  408.000000  0.994895 
408.000000  409.000000  0.994906 
409.000000  410.000000  0.994916 
410.000000  411.000000  0.994926 
411.000000  412.000000  0.994936 
412.000000  413.000000  0.994946 
413.000000  414.000000  0.994955 
414.000000  415.000000  0.994964 
415.000000  416.000000  0.994972 
416.000000  417.000000  0.994981 
417.000000  418.000000  0.994989 
418.000000  419.000000  0.994997 
419.000000  420.000000  0.995004 
420.000000  421.000000  0.995011 
421.000000  422.000000  0.995018 
422.000000  423.000000  0.995024 
423.000000  424.000000  0.995031 
424.000000  425.000000  0.995036 
425.000000  426.000000  0.995042 
426.000000  427.000000  0.995047 
427.000000  428.000000  0.995052 
428.000000  429.000000  0.995056 
429.000000  430.000000  0.995060 
430.000000  431.000000  0.995064 
431.000000  432.000000  0.995067 
432.000000  433.000000  0.995070 
433.000000  434.000000  0.995073 
434.000000  435.000000  0.995075 
435.000000  436.000000  0.995077 
436.000000  437.000000  0.995078 
437.000000  438.000000  0.995080 
438.000000  439.000000  0.995080 
439.000000  440.000000  0.995081 
440.000000  441.000000  0.995081 
441.000000  442.000000  0.995080 
442.000000  443.000000  0.995079 
443.000000  444.000000  0.995078 
444.000000  445.000000  0.995077 
445.000000  446.000000  0.995075 
446.000000  447.000000  0.995072 
447.000000  448.000000  0.995069 
448.000000  449.000000  0.995066 
449.000000  450.000000  0.995063 
450.000000  451.000000  0.995059 
451.000000  452.000000  0.995054 
452.000000  453.000000  0.995050 
453.000000  454.000000  0.995044 
454.000000  455.000000  0.995039 
455.000000  456.000000  0.995033 
456.000000  457.000000  0.995027 
457.000000  458.000000  0.995020 
458.000000  459.000000  0.995013 
459.000000  460.000000  0.995005 
460.000000  461.000000  0.994997 
461.000000  462.000000  0.994989 
462.000000  463.000000  0.994980 
463.000000  464.000000  0.994971 
464.000000  465.000000  0.994961 
465.000000  466.000000  0.994952 
466.000000  467.000000  0.994941 
467.000000  468.000000  0.994931 
468.000000  469.000000  0.994919 
469.000000  470.000000  0.994908 
470.000000  471.000000  0.994896 
471.000000  472.000000  0.994884 
472.000000  473.000000  0.994871 
473.000000  474.000000  0.994858 
474.000000  475.000000  0.994845 
475.000000  476.000000  0.994831 
476.000000  477.000000  0.994817 
477.000000  478.000000  0.994803 
478.000000  479.000000  0.994788 
479.000000  480.000000  0.994773 
480.000000  481.000000  0.994757 
481.000000  482.000000  0.994741 
482.000000  483.000000  0.994725 
483.000000  484.000000  0.994708 
484.000000  485.000000  0.994691 
485.000000  486.000000  0.994674 
486.000000  487.000000  0.994656 
487.000000  488.000000  0.994638 
488.000000  489.000000  0.994620 
489.000000  490.000000  0.994601 
490.000000  491.000000  0.994582 
491.000000  492.000000  0.994563 
492.000000  493.000000  0.994543 
493.000000  494.000000  0.994523 
494.000000  495.000000  0.994503 
495.000000  496.000000  0.994483 
496.000000  497.000000  0.994462 
497.000000  498.000000  0.994441 
498.000000  499.000000  0.994419 
499.000000  500.000000  0.994397 
500.000000  501.000000  0.994375 
501.000000  502.000000  0.994353 
502.000000  503.000000  0.994330 
503.000000  504.000000  0.994307 
504.000000  505.000000  0.994284 
505.000000  506.000000  0.994261 
506.000000  507.000000  0.994237 
507.000000  508.000000  0.994213 
508.000000  509.000000  0.994188 
509.000000  510.000000  0.994164 
510.000000  511.000000  0.994139 
511.000000  512.000000  0.994114 
512.000000  513.000000  0.994089 
513.000000  514.000000  0.994063 
514.000000  515.000000  0.994038 
515.000000  516.000000  0.994012 
516.000000  517.000000  0.993985 
517.000000  518.000000  0.993959 
518.000000  519.000000  0.993932 
519.000000  520.000000  0.993905 
520.000000  521.000000  0.993878 
521.000000  522.000000  0.993851 
522.000000  523.000000  0.993823 
523.000000  524.000000  0.993796 
524.000000  525.000000  0.993768 
525.000000  526.000000  0.993740 
526.000000  527.000000  0.993711 
527.000000  528.000000  0.993683 
528.000000  529.000000  0.993654 
529.000000  530.000000  0.993625 
530.000000  531.000000  0.993596 
531.000000  532.000000  0.993567 
532.000000  533.000000  0.993538 
533.000000  534.000000  0.993508 
534.000000  535.000000  0.993479 
535.000000  536.000000  0.993449 
536.000000  537.000000  0.993419 
537.000000  538.000000  0.993389 
538.000000  539.000000  0.993359 
539.000000  540.000000  0.993328 
540.000000  541.000000  0.993298 
541.000000  542.000000  0.993267 
542.000000  543.000000  0.993236 
543.000000  544.000000  0.993206 
544.000000  545.000000  0.993175 
545.000000  546.000000  0.993143 
546.000000  547.000000  0.993112 
547.000000  548.000000  0.993081 
548.000000  549.000000  0.993049 
549.000000  550.000000  0.993018 
550.000000  551.000000  0.992986 
551.000000  552.000000  0.992954 
552.000000  553.000000  0.992923 
553.000000  554.000000  0.992891 
554.000000  555.000000  0.992859 
555.000000  556.000000  0.992827 
556.000000  557.000000  0.992794 
557.000000  558.000000  0.992762 
558.000000  559.000000  0.992730 
559.000000  560.000000  0.992697 
560.000000  561.000000  0.992665 
561.000000  562.000000  0.992633 
562.000000  563.000000  0.992600 
563.000000  564.000000  0.992567 
564.000000  565.000000  0.992535 
565.000000  566.000000  0.992502 
566.000000  567.000000  0.992469 
567.000000  568.000000  0.992436 
568.000000  569.000000  0.992404 
569.000000  570.000000  0.992371 
570.000000  571.000000  0.992338 
571.000000  572.000000  0.992305 
572.000000  573.000000  0.992272 
573.000000  574.000000  0.992239 
574.000000  575.000000  0.992206 
575.000000  576.000000  0.992173 
576.000000  577.000000  0.992140 
577.000000  578.000000  0.992106 
578.000000  579.000000  0.992073 
579.000000  580.000000  0.992040 
580.000000  581.000000  0.992007 
581.000000  582.000000  0.991974 
582.000000  583.000000  0.991941 
583.000000  584.000000  0.991908 
584.000000  585.000000  0.991875 
585.000000  586.000000  0.991841 
586.000000  587.000000  0.991808 
587.000000  588.000000  0.991775 
588.000000  589.000000  0.991742 
589.000000  590.000000  0.991709 
590.000000  591.000000  0.991676 
591.000000  592.000000  0.991643 
592.000000  593.000000  0.991610 
593.000000  594.000000  0.991577 
594.000000  595.000000  0.991544 
595.000000  596.000000  0.991511 
596.000000  597.000000  0.991478 
597.000000  598.000000  0.991445 
598.000000  599.000000  0.991412 
599.000000  600.000000  0.991379 
600.000000  601.000000  0.991346 
601.000000  602.000000  0.991313 
602.000000  603.000000  0.991281 
603.000000  604.000000  0.991248 
604.000000  605.000000  0.991215 
605.000000  606.000000  0.991182 
606.000000  607.000000  0.991150 
607.000000  608.000000  0.991117 
608.000000  609.000000  0.991085 
609.000000  610.000000  0.991052 
610.000000  611.000000  0.991020 
611.000000  612.000000  0.990987 
612.000000  613.000000  0.990955 
613.000000  614.000000  0.990923 
614.000000  615.000000  0.990891 
615.000000  616.000000  0.990858 
616.000000  617.000000  0.990826 
617.000000  618.000000  0.990794 
618.000000  619.000000  0.990762 
619.000000  620.000000  0.990730 
620.000000  621.000000  0.990699 
621.000000  622.000000  0.990667 
622.000000  623.000000  0.990635 
623.000000  624.000000  0.990603 
624.000000  625.000000  0.990572 
625.000000  626.000000  0.990540 
626.000000  627.000000  0.990509 
627.000000  628.000000  0.990477 
628.000000  629.000000  0.990446 
629.000000  630.000000  0.990415 
630.000000  631.000000  0.990384 
631.000000  632.000000  0.990352 
632.000000  633.000000  0.990321 
633.000000  634.000000  0.990291 
634.000000  635.000000  0.990260 
635.000000  636.000000  0.990229 
636.000000  637.000000  0.990198 
637.000000  638.000000  0.990167 
638.000000  639.000000  0.990137 
639.000000  640.000000  0.990106 
640.000000  641.000000  0.990076 
641.000000  642.000000  0.990046 
642.000000  643.000000  0.990015 
643.000000  644.000000  0.989985 
644.000000  645.000000  0.989955 
645.000000  646.000000  0.989925 
646.000000  647.000000  0.989895 
647.000000  648.000000  0.989866 
648.000000  649.000000  0.989836 
649.000000  650.000000  0.989806 
650.000000  651.000000  0.989777 
651.000000  652.000000  0.989747 
652.000000  653.000000  0.989718 
653.000000  654.000000  0.989689 
654.000000  655.000000  0.989659 
655.000000  656.000000  0.989630 
656.000000  657.000000  0.989601 
657.000000  658.000000  0.989572 
658.000000  659.000000  0.989544 
659.000000  660.000000  0.989515 
660.000000  661.000000  0.989486 
661.000000  662.000000  0.989458 
662.000000  663.000000  0.989429 
663.000000  664.000000  0.989401 
664.000000  665.000000  0.989373 
665.000000  666.000000  0.989344 
666.000000  667.000000  0.989316 
667.000000  668.000000  0.989288 
668.000000  669.000000  0.989260 
669.000000  670.000000  0.989233 
670.000000  671.000000  0.989205 
671.000000  672.000000  0.989177 
672.000000  673.000000  0.989150 
673.000000  674.000000  0.989122 
674.000000  675.000000  0.989095 
675.000000  676.000000  0.989068 
676.000000  677.000000  0.989041 
677.000000  678.000000  0.989014 
678.000000  679.000000  0.988987 
679.000000  680.000000  0.988960 
680.000000  681.000000  0.988933 
681.000000  682.000000  0.988907 
682.000000  683.000000  0.988880 
683.000000  684.000000  0.988854 
684.000000  685.000000  0.988827 
685.000000  686.000000  0.988801 
686.000000  687.000000  0.988775 
687.000000  688.000000  0.988749 
688.000000  689.000000  0.988723 
689.000000  690.000000  0.988697 
690.000000  691.000000  0.988672 
691.000000  692.000000  0.988646 
692.000000  693.000000  0.988620 
693.000000  694.000000  0.988595 
694.000000  695.000000  0.988570 
695.000000  696.000000  0.988544 
696.000000  697.000000  0.988519 
697.000000  698.000000  0.988494 
698.000000  699.000000  0.988469 
699.000000  700.000000  0.988444 
700.000000  701.000000  0.988420 
701.000000  702.000000  0.988395 
702.000000  703.000000  0.988370 
703.000000  704.000000  0.988346 
704.000000  705.000000  0.988322 
705.000000  706.000000  0.988297 
706.000000  707.000000  0.988273 
707.000000  708.000000  0.988249 
708.000000  709.000000  0.988225 
709.000000  710.000000  0.988201 
710.000000  711.000000  0.988178 
711.000000  712.000000  0.988154 
712.000000  713.000000  0.988130 
713.000000  714.000000  0.988107 
714.000000  715.000000  0.988083 
715.000000  716.000000  0.988060 
716.000000  717.000000  0.988037 
717.000000  718.000000  0.988014 
718.000000  719.000000  0.987991 
719.000000  720.000000  0.987968 
720.000000  721.000000  0.987945 
721.000000  722.000000  0.987923 
722.000000  723.000000  0.987900 
723.000000  724.000000  0.987878 
724.000000  725.000000  0.987855 
725.000000  726.000000  0.987833 
726.000000  727.000000  0.987811 
727.000000  728.000000  0.987789 
728.000000  729.000000  0.987767 
729.000000  730.000000  0.987745 
730.000000  731.000000  0.987723 
731.000000  732.000000  0.987701 
732.000000  733.000000  0.987679 
733.000000  734.000000  0.987658 
734.000000  735.000000  0.987636 
735.000000  736.000000  0.987615 
736.000000  737.000000  0.987594 
737.000000  738.000000  0.987573 
738.000000  739.000000  0.987552 
739.000000  740.000000  0.987531 
740.000000  741.000000  0.987510 
741.000000  742.000000  0.987489 
742.000000  743.000000  0.987468 
743.000000  744.000000  0.987448 
744.000000  745.000000  0.987427 
745.000000  746.000000  0.987407 
746.000000  747.000000  0.987387 
747.000000  748.000000  0.987366 
748.000000  749.000000  0.987346 
749.000000  750.000000  0.987326 
750.000000  751.000000  0.987306 
751.000000  752.000000  0.987286 
752.000000  753.000000  0.987267 
753.000000  754.000000  0.987247 
754.000000  755.000000  0.987227 
755.000000  756.000000  0.987208 
756.000000  757.000000  0.987188 
757.000000  758.000000  0.987169 
758.000000  759.000000  0.987150 
759.000000  760.000000  0.987131 
760.000000  761.000000  0.987112 
761.000000  762.000000  0.987093 
762.000000  763.000000  0.987074 
763.000000  764.000000  0.987055 
764.000000  765.000000  0.987036 
765.000000  766.000000  0.987018 
766.000000  767.000000  0.986999 
767.000000  768.000000  0.986981 
768.000000  769.000000  0.986962 
769.000000  770.000000  0.986944 
770.000000  771.000000  0.986926 
771.000000  772.000000  0.986908 
772.000000  773.000000  0.986890 
773.000000  774.000000  0.986872 
774.000000  775.000000  0.986854 
775.000000  776.000000  0.986836 
776.000000  777.000000  0.986818 
777.000000  778.000000  0.986801 
778.000000  779.000000  0.986783 
779.000000  780.000000  0.986766 
780.000000  781.000000  0.986749 
781.000000  782.000000  0.986731 
782.000000  783.000000  0.986714 
783.000000  784.000000  0.986697 
784.000000  785.000000  0.986680 
785.000000  786.000000  0.986663 
786.000000  787.000000  0.986646 
787.000000  788.000000  0.986629 
788.000000  789.000000  0.986613 
789.000000  790.000000  0.986596 
790.000000  791.000000  0.986580 
791.000000  792.000000  0.986563 
792.000000  793.000000  0.986547 
793.000000  794.000000  0.986531 
794.000000  795.000000  0.986514 
795.000000  796.000000  0.986498 
796.000000  797.000000  0.986482 
797.000000  798.000000  0.986466 
798.000000  799.000000  0.986450 
799.000000  800.000000  0.986434 
