17.000000  18.000000  -0.000000 
18.000000  19.000000  -0.000000 
19.000000  20.000000  -0.000000 
20.000000  21.000000  -0.000000 
21.000000  22.000000  -0.000000 
22.000000  23.000000  -0.000000 
23.000000  24.000000  -0.000000 
24.000000  25.000000  -0.000000 
25.000000  26.000000  -0.000000 
26.000000  27.000000  -0.000000 
27.000000  28.000000  -0.000000 
28.000000  29.000000  -0.000000 
29.000000  30.000000  -0.000000 
30.000000  31.000000  -0.000000 
31.000000  32.000000  -0.000000 
32.000000  33.000000  -0.000000 
33.000000  34.000000  -0.000000 
34.000000  35.000000  -0.000000 
35.000000  36.000000  -0.000000 
36.000000  37.000000  -0.000000 
37.000000  38.000000  -0.000000 
38.000000  39.000000  -0.000000 
39.000000  40.000000  -0.000000 
40.000000  41.000000  -0.000000 
41.000000  42.000000  -0.000000 
42.000000  43.000000  -0.000000 
43.000000  44.000000  -0.000000 
44.000000  45.000000  -0.000000 
45.000000  46.000000  -0.000000 
46.000000  47.000000  -0.000000 
47.000000  48.000000  -0.000000 
48.000000  49.000000  -0.000000 
49.000000  50.000000  -0.000000 
50.000000  51.000000  -0.000000 
51.000000  52.000000  -0.000000 
52.000000  53.000000  -0.000000 
53.000000  54.000000  -0.000000 
54.000000  55.000000  -0.000000 
55.000000  56.000000  -0.000000 
56.000000  57.000000  -0.000000 
57.000000  58.000000  -0.000000 
58.000000  59.000000  -0.000000 
59.000000  60.000000  -0.000000 
60.000000  61.000000  -0.000000 
61.000000  62.000000  -0.000000 
62.000000  63.000000  -0.000000 
63.000000  64.000000  -0.000000 
64.000000  65.000000  -0.000000 
65.000000  66.000000  -0.000000 
66.000000  67.000000  -0.000000 
67.000000  68.000000  -0.000000 
68.000000  69.000000  -0.000000 
69.000000  70.000000  -0.000000 
70.000000  71.000000  -0.000000 
71.000000  72.000000  -0.000000 
72.000000  73.000000  -0.000000 
73.000000  74.000000  -0.000000 
74.000000  75.000000  -0.000000 
75.000000  76.000000  -0.000000 
76.000000  77.000000  -0.000000 
77.000000  78.000000  -0.000000 
78.000000  79.000000  -0.000000 
79.000000  80.000000  -0.000000 
80.000000  81.000000  -0.000000 
81.000000  82.000000  -0.000000 
82.000000  83.000000  -0.000000 
83.000000  84.000000  -0.000000 
84.000000  85.000000  -0.000000 
85.000000  86.000000  -0.000000 
86.000000  87.000000  -0.000000 
87.000000  88.000000  -0.000000 
88.000000  89.000000  -0.000000 
89.000000  90.000000  -0.000000 
90.000000  91.000000  -0.000000 
91.000000  92.000000  -0.000000 
92.000000  93.000000  -0.000000 
93.000000  94.000000  -0.000000 
94.000000  95.000000  -0.000000 
95.000000  96.000000  -0.000000 
96.000000  97.000000  -0.000000 
97.000000  98.000000  -0.000000 
98.000000  99.000000  -0.000000 
99.000000  100.000000  -0.000000 
100.000000  101.000000  -0.000000 
101.000000  102.000000  -0.000000 
102.000000  103.000000  -0.000000 
103.000000  104.000000  -0.000000 
104.000000  105.000000  -0.000000 
105.000000  106.000000  -0.000000 
106.000000  107.000000  -0.000000 
107.000000  108.000000  -0.000000 
108.000000  109.000000  -0.000000 
109.000000  110.000000  -0.000000 
110.000000  111.000000  -0.000000 
111.000000  112.000000  -0.000000 
112.000000  113.000000  -0.000000 
113.000000  114.000000  -0.000000 
114.000000  115.000000  -0.000000 
115.000000  116.000000  -0.000000 
116.000000  117.000000  -0.000000 
117.000000  118.000000  -0.000000 
118.000000  119.000000  -0.000000 
119.000000  120.000000  -0.000000 
120.000000  121.000000  -0.000000 
121.000000  122.000000  -0.000000 
122.000000  123.000000  -0.000000 
123.000000  124.000000  -0.000000 
124.000000  125.000000  -0.000000 
125.000000  126.000000  -0.000000 
126.000000  127.000000  -0.000000 
127.000000  128.000000  -0.000000 
128.000000  129.000000  -0.000000 
129.000000  130.000000  -0.000000 
130.000000  131.000000  -0.000000 
131.000000  132.000000  -0.000000 
132.000000  133.000000  -0.000000 
133.000000  134.000000  -0.000000 
134.000000  135.000000  -0.000000 
135.000000  136.000000  -0.000000 
136.000000  137.000000  -0.000000 
137.000000  138.000000  -0.000000 
138.000000  139.000000  -0.000000 
139.000000  140.000000  -0.000000 
140.000000  141.000000  -0.000000 
141.000000  142.000000  -0.000000 
142.000000  143.000000  -0.000000 
143.000000  144.000000  -0.000000 
144.000000  145.000000  -0.000000 
145.000000  146.000000  -0.000000 
146.000000  147.000000  -0.000000 
147.000000  148.000000  -0.000000 
148.000000  149.000000  -0.000000 
149.000000  150.000000  -0.000000 
150.000000  151.000000  -0.000000 
151.000000  152.000000  -0.000000 
152.000000  153.000000  -0.000000 
153.000000  154.000000  -0.000000 
154.000000  155.000000  -0.000000 
155.000000  156.000000  -0.000000 
156.000000  157.000000  -0.000000 
157.000000  158.000000  -0.000000 
158.000000  159.000000  -0.000000 
159.000000  160.000000  -0.000000 
160.000000  161.000000  -0.000000 
161.000000  162.000000  -0.000000 
162.000000  163.000000  -0.000000 
163.000000  164.000000  -0.000000 
164.000000  165.000000  -0.000000 
165.000000  166.000000  -0.000000 
166.000000  167.000000  -0.000000 
167.000000  168.000000  -0.000000 
168.000000  169.000000  -0.000000 
169.000000  170.000000  -0.000000 
170.000000  171.000000  -0.000000 
171.000000  172.000000  -0.000000 
172.000000  173.000000  -0.000000 
173.000000  174.000000  -0.000000 
174.000000  175.000000  -0.000000 
175.000000  176.000000  -0.000000 
176.000000  177.000000  -0.000000 
177.000000  178.000000  -0.000000 
178.000000  179.000000  -0.000000 
179.000000  180.000000  -0.000000 
180.000000  181.000000  -0.000000 
181.000000  182.000000  -0.000000 
182.000000  183.000000  -0.000000 
183.000000  184.000000  -0.000000 
184.000000  185.000000  -0.000000 
185.000000  186.000000  -0.000000 
186.000000  187.000000  -0.000000 
187.000000  188.000000  -0.000000 
188.000000  189.000000  -0.000000 
189.000000  190.000000  -0.000000 
190.000000  191.000000  -0.000000 
191.000000  192.000000  -0.000000 
192.000000  193.000000  -0.000000 
193.000000  194.000000  -0.000000 
194.000000  195.000000  -0.000000 
195.000000  196.000000  -0.000000 
196.000000  197.000000  -0.000000 
197.000000  198.000000  -0.000000 
198.000000  199.000000  -0.000000 
199.000000  200.000000  -0.000000 
200.000000  201.000000  -0.000000 
201.000000  202.000000  -0.000000 
202.000000  203.000000  -0.000000 
203.000000  204.000000  -0.000000 
204.000000  205.000000  -0.000000 
205.000000  206.000000  -0.000000 
206.000000  207.000000  -0.000000 
207.000000  208.000000  -0.000000 
208.000000  209.000000  -0.000000 
209.000000  210.000000  -0.000000 
210.000000  211.000000  -0.000000 
211.000000  212.000000  -0.000000 
212.000000  213.000000  -0.000000 
213.000000  214.000000  -0.000000 
214.000000  215.000000  -0.000000 
215.000000  216.000000  -0.000000 
216.000000  217.000000  -0.000000 
217.000000  218.000000  -0.000000 
218.000000  219.000000  -0.000000 
219.000000  220.000000  -0.000000 
220.000000  221.000000  -0.000000 
221.000000  222.000000  -0.000000 
222.000000  223.000000  -0.000000 
223.000000  224.000000  -0.000000 
224.000000  225.000000  -0.000000 
225.000000  226.000000  -0.000000 
226.000000  227.000000  -0.000000 
227.000000  228.000000  -0.000000 
228.000000  229.000000  -0.000000 
229.000000  230.000000  -0.000000 
230.000000  231.000000  -0.000000 
231.000000  232.000000  -0.000000 
232.000000  233.000000  -0.000001 
233.000000  234.000000  -0.000001 
234.000000  235.000000  -0.000001 
235.000000  236.000000  -0.000001 
236.000000  237.000000  -0.000001 
237.000000  238.000000  -0.000001 
238.000000  239.000000  -0.000001 
239.000000  240.000000  -0.000001 
240.000000  241.000000  -0.000001 
241.000000  242.000000  -0.000001 
242.000000  243.000000  -0.000001 
243.000000  244.000000  -0.000001 
244.000000  245.000000  -0.000001 
245.000000  246.000000  -0.000001 
246.000000  247.000000  -0.000001 
247.000000  248.000000  -0.000001 
248.000000  249.000000  -0.000002 
249.000000  250.000000  -0.000002 
250.000000  251.000000  -0.000002 
251.000000  252.000000  -0.000002 
252.000000  253.000000  -0.000002 
253.000000  254.000000  -0.000002 
254.000000  255.000000  -0.000002 
255.000000  256.000000  -0.000002 
256.000000  257.000000  -0.000003 
257.000000  258.000000  -0.000003 
258.000000  259.000000  -0.000003 
259.000000  260.000000  -0.000003 
260.000000  261.000000  -0.000003 
261.000000  262.000000  -0.000003 
262.000000  263.000000  -0.000003 
263.000000  264.000000  -0.000004 
264.000000  265.000000  -0.000004 
265.000000  266.000000  -0.000004 
266.000000  267.000000  -0.000004 
267.000000  268.000000  -0.000004 
268.000000  269.000000  -0.000004 
269.000000  270.000000  -0.000005 
270.000000  271.000000  -0.000005 
271.000000  272.000000  -0.000005 
272.000000  273.000000  -0.000005 
273.000000  274.000000  -0.000005 
274.000000  275.000000  -0.000006 
275.000000  276.000000  -0.000006 
276.000000  277.000000  -0.000006 
277.000000  278.000000  -0.000006 
278.000000  279.000000  -0.000006 
279.000000  280.000000  -0.000007 
280.000000  281.000000  -0.000007 
281.000000  282.000000  -0.000007 
282.000000  283.000000  -0.000007 
283.000000  284.000000  -0.000008 
284.000000  285.000000  -0.000008 
285.000000  286.000000  -0.000008 
286.000000  287.000000  -0.000008 
287.000000  288.000000  -0.000008 
288.000000  289.000000  -0.000009 
289.000000  290.000000  -0.000009 
290.000000  291.000000  -0.000009 
291.000000  292.000000  -0.000009 
292.000000  293.000000  -0.000009 
293.000000  294.000000  -0.000009 
294.000000  295.000000  -0.000009 
295.000000  296.000000  -0.000010 
296.000000  297.000000  -0.000010 
297.000000  298.000000  -0.000010 
298.000000  299.000000  -0.000010 
299.000000  300.000000  -0.000010 
300.000000  301.000000  -0.000010 
301.000000  302.000000  -0.000010 
302.000000  303.000000  -0.000010 
303.000000  304.000000  -0.000010 
304.000000  305.000000  -0.000010 
305.000000  306.000000  -0.000010 
306.000000  307.000000  -0.000010 
307.000000  308.000000  -0.000010 
308.000000  309.000000  -0.000010 
309.000000  310.000000  -0.000010 
310.000000  311.000000  -0.000009 
311.000000  312.000000  -0.000009 
312.000000  313.000000  -0.000009 
313.000000  314.000000  -0.000009 
314.000000  315.000000  -0.000008 
315.000000  316.000000  -0.000008 
316.000000  317.000000  -0.000008 
317.000000  318.000000  -0.000007 
318.000000  319.000000  -0.000007 
319.000000  320.000000  -0.000006 
320.000000  321.000000  -0.000006 
321.000000  322.000000  -0.000005 
322.000000  323.000000  -0.000004 
323.000000  324.000000  -0.000003 
324.000000  325.000000  -0.000003 
325.000000  326.000000  -0.000002 
326.000000  327.000000  -0.000001 
327.000000  328.000000  0.000000 
328.000000  329.000000  0.000001 
329.000000  330.000000  0.000002 
330.000000  331.000000  0.000003 
331.000000  332.000000  0.000005 
332.000000  333.000000  0.000006 
333.000000  334.000000  0.000007 
334.000000  335.000000  0.000009 
335.000000  336.000000  0.000010 
336.000000  337.000000  0.000012 
337.000000  338.000000  0.000014 
338.000000  339.000000  0.000016 
339.000000  340.000000  0.000018 
340.000000  341.000000  0.000020 
341.000000  342.000000  0.000022 
342.000000  343.000000  0.000024 
343.000000  344.000000  0.000026 
344.000000  345.000000  0.000029 
345.000000  346.000000  0.000031 
346.000000  347.000000  0.000034 
347.000000  348.000000  0.000036 
348.000000  349.000000  0.000039 
349.000000  350.000000  0.000042 
350.000000  351.000000  0.000045 
351.000000  352.000000  0.000049 
352.000000  353.000000  0.000052 
353.000000  354.000000  0.000055 
354.000000  355.000000  0.000059 
355.000000  356.000000  0.000063 
356.000000  357.000000  0.000067 
357.000000  358.000000  0.000071 
358.000000  359.000000  0.000075 
359.000000  360.000000  0.000079 
360.000000  361.000000  0.000083 
361.000000  362.000000  0.000088 
362.000000  363.000000  0.000093 
363.000000  364.000000  0.000098 
364.000000  365.000000  0.000103 
365.000000  366.000000  0.000108 
366.000000  367.000000  0.000113 
367.000000  368.000000  0.000119 
368.000000  369.000000  0.000124 
369.000000  370.000000  0.000130 
370.000000  371.000000  0.000136 
371.000000  372.000000  0.000143 
372.000000  373.000000  0.000149 
373.000000  374.000000  0.000156 
374.000000  375.000000  0.000162 
375.000000  376.000000  0.000169 
376.000000  377.000000  0.000176 
377.000000  378.000000  0.000184 
378.000000  379.000000  0.000191 
379.000000  380.000000  0.000199 
380.000000  381.000000  0.000207 
381.000000  382.000000  0.000215 
382.000000  383.000000  0.000223 
383.000000  384.000000  0.000232 
384.000000  385.000000  0.000241 
385.000000  386.000000  0.000250 
386.000000  387.000000  0.000259 
387.000000  388.000000  0.000268 
388.000000  389.000000  0.000278 
389.000000  390.000000  0.000287 
390.000000  391.000000  0.000297 
391.000000  392.000000  0.000308 
392.000000  393.000000  0.000318 
393.000000  394.000000  0.000329 
394.000000  395.000000  0.000340 
395.000000  396.000000  0.000351 
396.000000  397.000000  0.000362 
397.000000  398.000000  0.000374 
398.000000  399.000000  0.000386 
399.000000  400.000000  0.000398 
400.000000  401.000000  0.000410 
401.000000  402.000000  0.000422 
402.000000  403.000000  0.000435 
403.000000  404.000000  0.000448 
404.000000  405.000000  0.000461 
405.000000  406.000000  0.000475 
406.000000  407.000000  0.000489 
407.000000  408.000000  0.000503 
408.000000  409.000000  0.000517 
409.000000  410.000000  0.000531 
410.000000  411.000000  0.000546 
411.000000  412.000000  0.000561 
412.000000  413.000000  0.000576 
413.000000  414.000000  0.000592 
414.000000  415.000000  0.000607 
415.000000  416.000000  0.000623 
416.000000  417.000000  0.000639 
417.000000  418.000000  0.000656 
418.000000  419.000000  0.000672 
419.000000  420.000000  0.000689 
420.000000  421.000000  0.000707 
421.000000  422.000000  0.000724 
422.000000  423.000000  0.000742 
423.000000  424.000000  0.000760 
424.000000  425.000000  0.000778 
425.000000  426.000000  0.000796 
426.000000  427.000000  0.000815 
427.000000  428.000000  0.000834 
428.000000  429.000000  0.000853 
429.000000  430.000000  0.000872 
430.000000  431.000000  0.000892 
431.000000  432.000000  0.000912 
432.000000  433.000000  0.000932 
433.000000  434.000000  0.000952 
434.000000  435.000000  0.000973 
435.000000  436.000000  0.000993 
436.000000  437.000000  0.001015 
437.000000  438.000000  0.001036 
438.000000  439.000000  0.001057 
439.000000  440.000000  0.001079 
440.000000  441.000000  0.001101 
441.000000  442.000000  0.001123 
442.000000  443.000000  0.001146 
443.000000  444.000000  0.001169 
444.000000  445.000000  0.001191 
445.000000  446.000000  0.001215 
446.000000  447.000000  0.001238 
447.000000  448.000000  0.001262 
448.000000  449.000000  0.001285 
449.000000  450.000000  0.001309 
450.000000  451.000000  0.001334 
451.000000  452.000000  0.001358 
452.000000  453.000000  0.001383 
453.000000  454.000000  0.001408 
454.000000  455.000000  0.001433 
455.000000  456.000000  0.001458 
456.000000  457.000000  0.001484 
457.000000  458.000000  0.001509 
458.000000  459.000000  0.001535 
459.000000  460.000000  0.001561 
460.000000  461.000000  0.001587 
461.000000  462.000000  0.001614 
462.000000  463.000000  0.001641 
463.000000  464.000000  0.001667 
464.000000  465.000000  0.001695 
465.000000  466.000000  0.001722 
466.000000  467.000000  0.001749 
467.000000  468.000000  0.001777 
468.000000  469.000000  0.001804 
469.000000  470.000000  0.001832 
470.000000  471.000000  0.001861 
471.000000  472.000000  0.001889 
472.000000  473.000000  0.001917 
473.000000  474.000000  0.001946 
474.000000  475.000000  0.001975 
475.000000  476.000000  0.002003 
476.000000  477.000000  0.002032 
477.000000  478.000000  0.002062 
478.000000  479.000000  0.002091 
479.000000  480.000000  0.002120 
480.000000  481.000000  0.002150 
481.000000  482.000000  0.002180 
482.000000  483.000000  0.002210 
483.000000  484.000000  0.002240 
484.000000  485.000000  0.002270 
485.000000  486.000000  0.002300 
486.000000  487.000000  0.002331 
487.000000  488.000000  0.002361 
488.000000  489.000000  0.002392 
489.000000  490.000000  0.002423 
490.000000  491.000000  0.002453 
491.000000  492.000000  0.002484 
492.000000  493.000000  0.002516 
493.000000  494.000000  0.002547 
494.000000  495.000000  0.002578 
495.000000  496.000000  0.002609 
496.000000  497.000000  0.002641 
497.000000  498.000000  0.002672 
498.000000  499.000000  0.002704 
499.000000  500.000000  0.002736 
500.000000  501.000000  0.002768 
501.000000  502.000000  0.002799 
502.000000  503.000000  0.002831 
503.000000  504.000000  0.002864 
504.000000  505.000000  0.002896 
505.000000  506.000000  0.002928 
506.000000  507.000000  0.002960 
507.000000  508.000000  0.002992 
508.000000  509.000000  0.003025 
509.000000  510.000000  0.003057 
510.000000  511.000000  0.003090 
511.000000  512.000000  0.003122 
512.000000  513.000000  0.003155 
513.000000  514.000000  0.003187 
514.000000  515.000000  0.003220 
515.000000  516.000000  0.003253 
516.000000  517.000000  0.003285 
517.000000  518.000000  0.003318 
518.000000  519.000000  0.003351 
519.000000  520.000000  0.003384 
520.000000  521.000000  0.003417 
521.000000  522.000000  0.003450 
522.000000  523.000000  0.003483 
523.000000  524.000000  0.003515 
524.000000  525.000000  0.003548 
525.000000  526.000000  0.003581 
526.000000  527.000000  0.003614 
527.000000  528.000000  0.003647 
528.000000  529.000000  0.003680 
529.000000  530.000000  0.003713 
530.000000  531.000000  0.003746 
531.000000  532.000000  0.003779 
532.000000  533.000000  0.003812 
533.000000  534.000000  0.003845 
534.000000  535.000000  0.003878 
535.000000  536.000000  0.003911 
536.000000  537.000000  0.003944 
537.000000  538.000000  0.003977 
538.000000  539.000000  0.004010 
539.000000  540.000000  0.004043 
540.000000  541.000000  0.004076 
541.000000  542.000000  0.004109 
542.000000  543.000000  0.004141 
543.000000  544.000000  0.004174 
544.000000  545.000000  0.004207 
545.000000  546.000000  0.004240 
546.000000  547.000000  0.004272 
547.000000  548.000000  0.004305 
548.000000  549.000000  0.004338 
549.000000  550.000000  0.004370 
550.000000  551.000000  0.004403 
551.000000  552.000000  0.004435 
552.000000  553.000000  0.004468 
553.000000  554.000000  0.004500 
554.000000  555.000000  0.004533 
555.000000  556.000000  0.004565 
556.000000  557.000000  0.004597 
557.000000  558.000000  0.004630 
558.000000  559.000000  0.004662 
559.000000  560.000000  0.004694 
560.000000  561.000000  0.004726 
561.000000  562.000000  0.004758 
562.000000  563.000000  0.004790 
563.000000  564.000000  0.004822 
564.000000  565.000000  0.004854 
565.000000  566.000000  0.004886 
566.000000  567.000000  0.004917 
567.000000  568.000000  0.004949 
568.000000  569.000000  0.004981 
569.000000  570.000000  0.005012 
570.000000  571.000000  0.005044 
571.000000  572.000000  0.005075 
572.000000  573.000000  0.005106 
573.000000  574.000000  0.005138 
574.000000  575.000000  0.005169 
575.000000  576.000000  0.005200 
576.000000  577.000000  0.005231 
577.000000  578.000000  0.005262 
578.000000  579.000000  0.005293 
579.000000  580.000000  0.005323 
580.000000  581.000000  0.005354 
581.000000  582.000000  0.005385 
582.000000  583.000000  0.005415 
583.000000  584.000000  0.005446 
584.000000  585.000000  0.005476 
585.000000  586.000000  0.005506 
586.000000  587.000000  0.005537 
587.000000  588.000000  0.005567 
588.000000  589.000000  0.005597 
589.000000  590.000000  0.005627 
590.000000  591.000000  0.005657 
591.000000  592.000000  0.005686 
592.000000  593.000000  0.005716 
593.000000  594.000000  0.005746 
594.000000  595.000000  0.005775 
595.000000  596.000000  0.005805 
596.000000  597.000000  0.005834 
597.000000  598.000000  0.005863 
598.000000  599.000000  0.005892 
599.000000  600.000000  0.005921 
600.000000  601.000000  0.005950 
601.000000  602.000000  0.005979 
602.000000  603.000000  0.006008 
603.000000  604.000000  0.006036 
604.000000  605.000000  0.006065 
605.000000  606.000000  0.006093 
606.000000  607.000000  0.006122 
607.000000  608.000000  0.006150 
608.000000  609.000000  0.006178 
609.000000  610.000000  0.006206 
610.000000  611.000000  0.006234 
611.000000  612.000000  0.006262 
612.000000  613.000000  0.006290 
613.000000  614.000000  0.006317 
614.000000  615.000000  0.006345 
615.000000  616.000000  0.006372 
616.000000  617.000000  0.006400 
617.000000  618.000000  0.006427 
618.000000  619.000000  0.006454 
619.000000  620.000000  0.006481 
620.000000  621.000000  0.006508 
621.000000  622.000000  0.006535 
622.000000  623.000000  0.006562 
623.000000  624.000000  0.006588 
624.000000  625.000000  0.006615 
625.000000  626.000000  0.006641 
626.000000  627.000000  0.006668 
627.000000  628.000000  0.006694 
628.000000  629.000000  0.006720 
629.000000  630.000000  0.006746 
630.000000  631.000000  0.006772 
631.000000  632.000000  0.006798 
632.000000  633.000000  0.006823 
633.000000  634.000000  0.006849 
634.000000  635.000000  0.006874 
635.000000  636.000000  0.006900 
636.000000  637.000000  0.006925 
637.000000  638.000000  0.006950 
638.000000  639.000000  0.006975 
639.000000  640.000000  0.007000 
640.000000  641.000000  0.007025 
641.000000  642.000000  0.007050 
642.000000  643.000000  0.007074 
643.000000  644.000000  0.007099 
644.000000  645.000000  0.007123 
645.000000  646.000000  0.007148 
646.000000  647.000000  0.007172 
647.000000  648.000000  0.007196 
648.000000  649.000000  0.007220 
649.000000  650.000000  0.007244 
650.000000  651.000000  0.007268 
651.000000  652.000000  0.007291 
652.000000  653.000000  0.007315 
653.000000  654.000000  0.007339 
654.000000  655.000000  0.007362 
655.000000  656.000000  0.007385 
656.000000  657.000000  0.007408 
657.000000  658.000000  0.007431 
658.000000  659.000000  0.007454 
659.000000  660.000000  0.007477 
660.000000  661.000000  0.007500 
661.000000  662.000000  0.007523 
662.000000  663.000000  0.007545 
663.000000  664.000000  0.007568 
664.000000  665.000000  0.007590 
665.000000  666.000000  0.007612 
666.000000  667.000000  0.007635 
667.000000  668.000000  0.007657 
668.000000  669.000000  0.007679 
669.000000  670.000000  0.007700 
670.000000  671.000000  0.007722 
671.000000  672.000000  0.007744 
672.000000  673.000000  0.007765 
673.000000  674.000000  0.007787 
674.000000  675.000000  0.007808 
675.000000  676.000000  0.007829 
676.000000  677.000000  0.007850 
677.000000  678.000000  0.007872 
678.000000  679.000000  0.007892 
679.000000  680.000000  0.007913 
680.000000  681.000000  0.007934 
681.000000  682.000000  0.007955 
682.000000  683.000000  0.007975 
683.000000  684.000000  0.007996 
684.000000  685.000000  0.008016 
685.000000  686.000000  0.008036 
686.000000  687.000000  0.008056 
687.000000  688.000000  0.008076 
688.000000  689.000000  0.008096 
689.000000  690.000000  0.008116 
690.000000  691.000000  0.008136 
691.000000  692.000000  0.008156 
692.000000  693.000000  0.008175 
693.000000  694.000000  0.008195 
694.000000  695.000000  0.008214 
695.000000  696.000000  0.008233 
696.000000  697.000000  0.008253 
697.000000  698.000000  0.008272 
698.000000  699.000000  0.008291 
699.000000  700.000000  0.008310 
700.000000  701.000000  0.008328 
701.000000  702.000000  0.008347 
702.000000  703.000000  0.008366 
703.000000  704.000000  0.008384 
704.000000  705.000000  0.008403 
705.000000  706.000000  0.008421 
706.000000  707.000000  0.008439 
707.000000  708.000000  0.008458 
708.000000  709.000000  0.008476 
709.000000  710.000000  0.008494 
710.000000  711.000000  0.008512 
711.000000  712.000000  0.008529 
712.000000  713.000000  0.008547 
713.000000  714.000000  0.008565 
714.000000  715.000000  0.008582 
715.000000  716.000000  0.008600 
716.000000  717.000000  0.008617 
717.000000  718.000000  0.008634 
718.000000  719.000000  0.008652 
719.000000  720.000000  0.008669 
720.000000  721.000000  0.008686 
721.000000  722.000000  0.008703 
722.000000  723.000000  0.008719 
723.000000  724.000000  0.008736 
724.000000  725.000000  0.008753 
725.000000  726.000000  0.008770 
726.000000  727.000000  0.008786 
727.000000  728.000000  0.008802 
728.000000  729.000000  0.008819 
729.000000  730.000000  0.008835 
730.000000  731.000000  0.008851 
731.000000  732.000000  0.008867 
732.000000  733.000000  0.008883 
733.000000  734.000000  0.008899 
734.000000  735.000000  0.008915 
735.000000  736.000000  0.008931 
736.000000  737.000000  0.008946 
737.000000  738.000000  0.008962 
738.000000  739.000000  0.008978 
739.000000  740.000000  0.008993 
740.000000  741.000000  0.009008 
741.000000  742.000000  0.009024 
742.000000  743.000000  0.009039 
743.000000  744.000000  0.009054 
744.000000  745.000000  0.009069 
745.000000  746.000000  0.009084 
746.000000  747.000000  0.009099 
747.000000  748.000000  0.009113 
748.000000  749.000000  0.009128 
749.000000  750.000000  0.009143 
750.000000  751.000000  0.009157 
751.000000  752.000000  0.009172 
752.000000  753.000000  0.009186 
753.000000  754.000000  0.009201 
754.000000  755.000000  0.009215 
755.000000  756.000000  0.009229 
756.000000  757.000000  0.009243 
757.000000  758.000000  0.009257 
758.000000  759.000000  0.009271 
759.000000  760.000000  0.009285 
760.000000  761.000000  0.009299 
761.000000  762.000000  0.009313 
762.000000  763.000000  0.009326 
763.000000  764.000000  0.009340 
764.000000  765.000000  0.009353 
765.000000  766.000000  0.009367 
766.000000  767.000000  0.009380 
767.000000  768.000000  0.009393 
768.000000  769.000000  0.009407 
769.000000  770.000000  0.009420 
770.000000  771.000000  0.009433 
771.000000  772.000000  0.009446 
772.000000  773.000000  0.009459 
773.000000  774.000000  0.009472 
774.000000  775.000000  0.009485 
775.000000  776.000000  0.009497 
776.000000  777.000000  0.009510 
777.000000  778.000000  0.009523 
778.000000  779.000000  0.009535 
779.000000  780.000000  0.009548 
780.000000  781.000000  0.009560 
781.000000  782.000000  0.009572 
782.000000  783.000000  0.009585 
783.000000  784.000000  0.009597 
784.000000  785.000000  0.009609 
785.000000  786.000000  0.009621 
786.000000  787.000000  0.009633 
787.000000  788.000000  0.009645 
788.000000  789.000000  0.009657 
789.000000  790.000000  0.009669 
790.000000  791.000000  0.009680 
791.000000  792.000000  0.009692 
792.000000  793.000000  0.009704 
793.000000  794.000000  0.009715 
794.000000  795.000000  0.009727 
795.000000  796.000000  0.009738 
796.000000  797.000000  0.009750 
797.000000  798.000000  0.009761 
798.000000  799.000000  0.009772 
799.000000  800.000000  0.009783 
