17.000000  18.000000  0.003120 
18.000000  19.000000  0.003125 
19.000000  20.000000  0.003149 
20.000000  21.000000  0.003188 
21.000000  22.000000  0.003237 
22.000000  23.000000  0.003297 
23.000000  24.000000  0.003373 
24.000000  25.000000  0.003446 
25.000000  26.000000  0.003513 
26.000000  27.000000  0.003574 
27.000000  28.000000  0.003626 
28.000000  29.000000  0.003655 
29.000000  30.000000  0.003679 
30.000000  31.000000  0.003700 
31.000000  32.000000  0.003718 
32.000000  33.000000  0.003736 
33.000000  34.000000  0.003762 
34.000000  35.000000  0.003786 
35.000000  36.000000  0.003808 
36.000000  37.000000  0.003826 
37.000000  38.000000  0.003842 
38.000000  39.000000  0.003854 
39.000000  40.000000  0.003864 
40.000000  41.000000  0.003868 
41.000000  42.000000  0.003866 
42.000000  43.000000  0.003862 
43.000000  44.000000  0.003855 
44.000000  45.000000  0.003846 
45.000000  46.000000  0.003834 
46.000000  47.000000  0.003821 
47.000000  48.000000  0.003805 
48.000000  49.000000  0.003786 
49.000000  50.000000  0.003766 
50.000000  51.000000  0.003744 
51.000000  52.000000  0.003720 
52.000000  53.000000  0.003695 
53.000000  54.000000  0.003669 
54.000000  55.000000  0.003641 
55.000000  56.000000  0.003612 
56.000000  57.000000  0.003581 
57.000000  58.000000  0.003550 
58.000000  59.000000  0.003517 
59.000000  60.000000  0.003483 
60.000000  61.000000  0.003449 
61.000000  62.000000  0.003413 
62.000000  63.000000  0.003377 
63.000000  64.000000  0.003340 
64.000000  65.000000  0.003303 
65.000000  66.000000  0.003266 
66.000000  67.000000  0.003228 
67.000000  68.000000  0.003190 
68.000000  69.000000  0.003151 
69.000000  70.000000  0.003113 
70.000000  71.000000  0.003075 
71.000000  72.000000  0.003036 
72.000000  73.000000  0.002998 
73.000000  74.000000  0.002960 
74.000000  75.000000  0.002923 
75.000000  76.000000  0.002885 
76.000000  77.000000  0.002848 
77.000000  78.000000  0.002811 
78.000000  79.000000  0.002775 
79.000000  80.000000  0.002739 
80.000000  81.000000  0.002703 
81.000000  82.000000  0.002668 
82.000000  83.000000  0.002634 
83.000000  84.000000  0.002600 
84.000000  85.000000  0.002566 
85.000000  86.000000  0.002531 
86.000000  87.000000  0.002498 
87.000000  88.000000  0.002467 
88.000000  89.000000  0.002436 
89.000000  90.000000  0.002405 
90.000000  91.000000  0.002375 
91.000000  92.000000  0.002345 
92.000000  93.000000  0.002316 
93.000000  94.000000  0.002288 
94.000000  95.000000  0.002260 
95.000000  96.000000  0.002233 
96.000000  97.000000  0.002206 
97.000000  98.000000  0.002180 
98.000000  99.000000  0.002154 
99.000000  100.000000  0.002129 
100.000000  101.000000  0.002104 
101.000000  102.000000  0.002080 
102.000000  103.000000  0.002056 
103.000000  104.000000  0.002032 
104.000000  105.000000  0.002009 
105.000000  106.000000  0.001986 
106.000000  107.000000  0.001964 
107.000000  108.000000  0.001942 
108.000000  109.000000  0.001921 
109.000000  110.000000  0.001900 
110.000000  111.000000  0.001879 
111.000000  112.000000  0.001858 
112.000000  113.000000  0.001838 
113.000000  114.000000  0.001818 
114.000000  115.000000  0.001799 
115.000000  116.000000  0.001780 
116.000000  117.000000  0.001761 
117.000000  118.000000  0.001742 
118.000000  119.000000  0.001723 
119.000000  120.000000  0.001705 
120.000000  121.000000  0.001687 
121.000000  122.000000  0.001669 
122.000000  123.000000  0.001652 
123.000000  124.000000  0.001634 
124.000000  125.000000  0.001617 
125.000000  126.000000  0.001600 
126.000000  127.000000  0.001583 
127.000000  128.000000  0.001566 
128.000000  129.000000  0.001550 
129.000000  130.000000  0.001533 
130.000000  131.000000  0.001517 
131.000000  132.000000  0.001501 
132.000000  133.000000  0.001485 
133.000000  134.000000  0.001469 
134.000000  135.000000  0.001453 
135.000000  136.000000  0.001438 
136.000000  137.000000  0.001422 
137.000000  138.000000  0.001407 
138.000000  139.000000  0.001392 
139.000000  140.000000  0.001376 
140.000000  141.000000  0.001361 
141.000000  142.000000  0.001346 
142.000000  143.000000  0.001331 
143.000000  144.000000  0.001317 
144.000000  145.000000  0.001302 
145.000000  146.000000  0.001287 
146.000000  147.000000  0.001273 
147.000000  148.000000  0.001259 
148.000000  149.000000  0.001244 
149.000000  150.000000  0.001230 
150.000000  151.000000  0.001216 
151.000000  152.000000  0.001202 
152.000000  153.000000  0.001188 
153.000000  154.000000  0.001174 
154.000000  155.000000  0.001161 
155.000000  156.000000  0.001147 
156.000000  157.000000  0.001134 
157.000000  158.000000  0.001120 
158.000000  159.000000  0.001107 
159.000000  160.000000  0.001094 
160.000000  161.000000  0.001081 
161.000000  162.000000  0.001068 
162.000000  163.000000  0.001055 
163.000000  164.000000  0.001042 
164.000000  165.000000  0.001029 
165.000000  166.000000  0.001017 
166.000000  167.000000  0.001004 
167.000000  168.000000  0.000992 
168.000000  169.000000  0.000979 
169.000000  170.000000  0.000967 
170.000000  171.000000  0.000955 
171.000000  172.000000  0.000943 
172.000000  173.000000  0.000931 
173.000000  174.000000  0.000919 
174.000000  175.000000  0.000908 
175.000000  176.000000  0.000896 
176.000000  177.000000  0.000885 
177.000000  178.000000  0.000873 
178.000000  179.000000  0.000862 
179.000000  180.000000  0.000851 
180.000000  181.000000  0.000840 
181.000000  182.000000  0.000829 
182.000000  183.000000  0.000818 
183.000000  184.000000  0.000808 
184.000000  185.000000  0.000797 
185.000000  186.000000  0.000787 
186.000000  187.000000  0.000776 
187.000000  188.000000  0.000766 
188.000000  189.000000  0.000756 
189.000000  190.000000  0.000746 
190.000000  191.000000  0.000736 
191.000000  192.000000  0.000726 
192.000000  193.000000  0.000717 
193.000000  194.000000  0.000707 
194.000000  195.000000  0.000698 
195.000000  196.000000  0.000689 
196.000000  197.000000  0.000679 
197.000000  198.000000  0.000670 
198.000000  199.000000  0.000661 
199.000000  200.000000  0.000652 
200.000000  201.000000  0.000644 
201.000000  202.000000  0.000635 
202.000000  203.000000  0.000626 
203.000000  204.000000  0.000618 
204.000000  205.000000  0.000610 
205.000000  206.000000  0.000601 
206.000000  207.000000  0.000593 
207.000000  208.000000  0.000585 
208.000000  209.000000  0.000577 
209.000000  210.000000  0.000570 
210.000000  211.000000  0.000562 
211.000000  212.000000  0.000554 
212.000000  213.000000  0.000547 
213.000000  214.000000  0.000539 
214.000000  215.000000  0.000532 
215.000000  216.000000  0.000525 
216.000000  217.000000  0.000518 
217.000000  218.000000  0.000511 
218.000000  219.000000  0.000504 
219.000000  220.000000  0.000497 
220.000000  221.000000  0.000490 
221.000000  222.000000  0.000483 
222.000000  223.000000  0.000477 
223.000000  224.000000  0.000471 
224.000000  225.000000  0.000464 
225.000000  226.000000  0.000458 
226.000000  227.000000  0.000452 
227.000000  228.000000  0.000446 
228.000000  229.000000  0.000440 
229.000000  230.000000  0.000434 
230.000000  231.000000  0.000428 
231.000000  232.000000  0.000422 
232.000000  233.000000  0.000416 
233.000000  234.000000  0.000411 
234.000000  235.000000  0.000405 
235.000000  236.000000  0.000400 
236.000000  237.000000  0.000394 
237.000000  238.000000  0.000389 
238.000000  239.000000  0.000384 
239.000000  240.000000  0.000379 
240.000000  241.000000  0.000374 
241.000000  242.000000  0.000369 
242.000000  243.000000  0.000364 
243.000000  244.000000  0.000359 
244.000000  245.000000  0.000354 
245.000000  246.000000  0.000350 
246.000000  247.000000  0.000345 
247.000000  248.000000  0.000340 
248.000000  249.000000  0.000336 
249.000000  250.000000  0.000332 
250.000000  251.000000  0.000327 
251.000000  252.000000  0.000323 
252.000000  253.000000  0.000319 
253.000000  254.000000  0.000314 
254.000000  255.000000  0.000310 
255.000000  256.000000  0.000306 
256.000000  257.000000  0.000302 
257.000000  258.000000  0.000298 
258.000000  259.000000  0.000295 
259.000000  260.000000  0.000291 
260.000000  261.000000  0.000287 
261.000000  262.000000  0.000283 
262.000000  263.000000  0.000280 
263.000000  264.000000  0.000276 
264.000000  265.000000  0.000273 
265.000000  266.000000  0.000269 
266.000000  267.000000  0.000266 
267.000000  268.000000  0.000262 
268.000000  269.000000  0.000259 
269.000000  270.000000  0.000256 
270.000000  271.000000  0.000252 
271.000000  272.000000  0.000249 
272.000000  273.000000  0.000246 
273.000000  274.000000  0.000243 
274.000000  275.000000  0.000240 
275.000000  276.000000  0.000237 
276.000000  277.000000  0.000234 
277.000000  278.000000  0.000231 
278.000000  279.000000  0.000228 
279.000000  280.000000  0.000225 
280.000000  281.000000  0.000222 
281.000000  282.000000  0.000220 
282.000000  283.000000  0.000217 
283.000000  284.000000  0.000214 
284.000000  285.000000  0.000212 
285.000000  286.000000  0.000209 
286.000000  287.000000  0.000207 
287.000000  288.000000  0.000204 
288.000000  289.000000  0.000202 
289.000000  290.000000  0.000199 
290.000000  291.000000  0.000197 
291.000000  292.000000  0.000194 
292.000000  293.000000  0.000192 
293.000000  294.000000  0.000190 
294.000000  295.000000  0.000187 
295.000000  296.000000  0.000185 
296.000000  297.000000  0.000183 
297.000000  298.000000  0.000181 
298.000000  299.000000  0.000179 
299.000000  300.000000  0.000177 
300.000000  301.000000  0.000174 
301.000000  302.000000  0.000172 
302.000000  303.000000  0.000170 
303.000000  304.000000  0.000168 
304.000000  305.000000  0.000166 
305.000000  306.000000  0.000165 
306.000000  307.000000  0.000163 
307.000000  308.000000  0.000161 
308.000000  309.000000  0.000159 
309.000000  310.000000  0.000157 
310.000000  311.000000  0.000155 
311.000000  312.000000  0.000153 
312.000000  313.000000  0.000152 
313.000000  314.000000  0.000150 
314.000000  315.000000  0.000148 
315.000000  316.000000  0.000147 
316.000000  317.000000  0.000145 
317.000000  318.000000  0.000143 
318.000000  319.000000  0.000142 
319.000000  320.000000  0.000140 
320.000000  321.000000  0.000139 
321.000000  322.000000  0.000137 
322.000000  323.000000  0.000135 
323.000000  324.000000  0.000134 
324.000000  325.000000  0.000133 
325.000000  326.000000  0.000131 
326.000000  327.000000  0.000130 
327.000000  328.000000  0.000128 
328.000000  329.000000  0.000127 
329.000000  330.000000  0.000125 
330.000000  331.000000  0.000124 
331.000000  332.000000  0.000123 
332.000000  333.000000  0.000121 
333.000000  334.000000  0.000120 
334.000000  335.000000  0.000119 
335.000000  336.000000  0.000118 
336.000000  337.000000  0.000116 
337.000000  338.000000  0.000115 
338.000000  339.000000  0.000114 
339.000000  340.000000  0.000113 
340.000000  341.000000  0.000111 
341.000000  342.000000  0.000110 
342.000000  343.000000  0.000109 
343.000000  344.000000  0.000108 
344.000000  345.000000  0.000107 
345.000000  346.000000  0.000106 
346.000000  347.000000  0.000105 
347.000000  348.000000  0.000104 
348.000000  349.000000  0.000102 
349.000000  350.000000  0.000101 
350.000000  351.000000  0.000100 
351.000000  352.000000  0.000099 
352.000000  353.000000  0.000098 
353.000000  354.000000  0.000097 
354.000000  355.000000  0.000096 
355.000000  356.000000  0.000095 
356.000000  357.000000  0.000094 
357.000000  358.000000  0.000093 
358.000000  359.000000  0.000093 
359.000000  360.000000  0.000092 
360.000000  361.000000  0.000091 
361.000000  362.000000  0.000090 
362.000000  363.000000  0.000089 
363.000000  364.000000  0.000088 
364.000000  365.000000  0.000087 
365.000000  366.000000  0.000086 
366.000000  367.000000  0.000085 
367.000000  368.000000  0.000085 
368.000000  369.000000  0.000084 
369.000000  370.000000  0.000083 
370.000000  371.000000  0.000082 
371.000000  372.000000  0.000081 
372.000000  373.000000  0.000081 
373.000000  374.000000  0.000080 
374.000000  375.000000  0.000079 
375.000000  376.000000  0.000078 
376.000000  377.000000  0.000078 
377.000000  378.000000  0.000077 
378.000000  379.000000  0.000076 
379.000000  380.000000  0.000075 
380.000000  381.000000  0.000075 
381.000000  382.000000  0.000074 
382.000000  383.000000  0.000073 
383.000000  384.000000  0.000073 
384.000000  385.000000  0.000072 
385.000000  386.000000  0.000071 
386.000000  387.000000  0.000071 
387.000000  388.000000  0.000070 
388.000000  389.000000  0.000069 
389.000000  390.000000  0.000069 
390.000000  391.000000  0.000068 
391.000000  392.000000  0.000068 
392.000000  393.000000  0.000067 
393.000000  394.000000  0.000066 
394.000000  395.000000  0.000066 
395.000000  396.000000  0.000065 
396.000000  397.000000  0.000065 
397.000000  398.000000  0.000064 
398.000000  399.000000  0.000063 
399.000000  400.000000  0.000063 
400.000000  401.000000  0.000062 
401.000000  402.000000  0.000062 
402.000000  403.000000  0.000061 
403.000000  404.000000  0.000061 
404.000000  405.000000  0.000060 
405.000000  406.000000  0.000060 
406.000000  407.000000  0.000059 
407.000000  408.000000  0.000059 
408.000000  409.000000  0.000058 
409.000000  410.000000  0.000058 
410.000000  411.000000  0.000057 
411.000000  412.000000  0.000057 
412.000000  413.000000  0.000056 
413.000000  414.000000  0.000056 
414.000000  415.000000  0.000055 
415.000000  416.000000  0.000055 
416.000000  417.000000  0.000054 
417.000000  418.000000  0.000054 
418.000000  419.000000  0.000053 
419.000000  420.000000  0.000053 
420.000000  421.000000  0.000052 
421.000000  422.000000  0.000052 
422.000000  423.000000  0.000052 
423.000000  424.000000  0.000051 
424.000000  425.000000  0.000051 
425.000000  426.000000  0.000050 
426.000000  427.000000  0.000050 
427.000000  428.000000  0.000050 
428.000000  429.000000  0.000049 
429.000000  430.000000  0.000049 
430.000000  431.000000  0.000048 
431.000000  432.000000  0.000048 
432.000000  433.000000  0.000048 
433.000000  434.000000  0.000047 
434.000000  435.000000  0.000047 
435.000000  436.000000  0.000047 
436.000000  437.000000  0.000046 
437.000000  438.000000  0.000046 
438.000000  439.000000  0.000045 
439.000000  440.000000  0.000045 
440.000000  441.000000  0.000045 
441.000000  442.000000  0.000044 
442.000000  443.000000  0.000044 
443.000000  444.000000  0.000044 
444.000000  445.000000  0.000043 
445.000000  446.000000  0.000043 
446.000000  447.000000  0.000043 
447.000000  448.000000  0.000042 
448.000000  449.000000  0.000042 
449.000000  450.000000  0.000042 
450.000000  451.000000  0.000041 
451.000000  452.000000  0.000041 
452.000000  453.000000  0.000041 
453.000000  454.000000  0.000041 
454.000000  455.000000  0.000040 
455.000000  456.000000  0.000040 
456.000000  457.000000  0.000040 
457.000000  458.000000  0.000039 
458.000000  459.000000  0.000039 
459.000000  460.000000  0.000039 
460.000000  461.000000  0.000039 
461.000000  462.000000  0.000038 
462.000000  463.000000  0.000038 
463.000000  464.000000  0.000038 
464.000000  465.000000  0.000037 
465.000000  466.000000  0.000037 
466.000000  467.000000  0.000037 
467.000000  468.000000  0.000037 
468.000000  469.000000  0.000036 
469.000000  470.000000  0.000036 
470.000000  471.000000  0.000036 
471.000000  472.000000  0.000036 
472.000000  473.000000  0.000035 
473.000000  474.000000  0.000035 
474.000000  475.000000  0.000035 
475.000000  476.000000  0.000035 
476.000000  477.000000  0.000034 
477.000000  478.000000  0.000034 
478.000000  479.000000  0.000034 
479.000000  480.000000  0.000034 
480.000000  481.000000  0.000034 
481.000000  482.000000  0.000033 
482.000000  483.000000  0.000033 
483.000000  484.000000  0.000033 
484.000000  485.000000  0.000033 
485.000000  486.000000  0.000032 
486.000000  487.000000  0.000032 
487.000000  488.000000  0.000032 
488.000000  489.000000  0.000032 
489.000000  490.000000  0.000032 
490.000000  491.000000  0.000031 
491.000000  492.000000  0.000031 
492.000000  493.000000  0.000031 
493.000000  494.000000  0.000031 
494.000000  495.000000  0.000031 
495.000000  496.000000  0.000030 
496.000000  497.000000  0.000030 
497.000000  498.000000  0.000030 
498.000000  499.000000  0.000030 
499.000000  500.000000  0.000030 
500.000000  501.000000  0.000030 
501.000000  502.000000  0.000029 
502.000000  503.000000  0.000029 
503.000000  504.000000  0.000029 
504.000000  505.000000  0.000029 
505.000000  506.000000  0.000029 
506.000000  507.000000  0.000028 
507.000000  508.000000  0.000028 
508.000000  509.000000  0.000028 
509.000000  510.000000  0.000028 
510.000000  511.000000  0.000028 
511.000000  512.000000  0.000028 
512.000000  513.000000  0.000028 
513.000000  514.000000  0.000027 
514.000000  515.000000  0.000027 
515.000000  516.000000  0.000027 
516.000000  517.000000  0.000027 
517.000000  518.000000  0.000027 
518.000000  519.000000  0.000027 
519.000000  520.000000  0.000026 
520.000000  521.000000  0.000026 
521.000000  522.000000  0.000026 
522.000000  523.000000  0.000026 
523.000000  524.000000  0.000026 
524.000000  525.000000  0.000026 
525.000000  526.000000  0.000026 
526.000000  527.000000  0.000025 
527.000000  528.000000  0.000025 
528.000000  529.000000  0.000025 
529.000000  530.000000  0.000025 
530.000000  531.000000  0.000025 
531.000000  532.000000  0.000025 
532.000000  533.000000  0.000025 
533.000000  534.000000  0.000025 
534.000000  535.000000  0.000024 
535.000000  536.000000  0.000024 
536.000000  537.000000  0.000024 
537.000000  538.000000  0.000024 
538.000000  539.000000  0.000024 
539.000000  540.000000  0.000024 
540.000000  541.000000  0.000024 
541.000000  542.000000  0.000024 
542.000000  543.000000  0.000023 
543.000000  544.000000  0.000023 
544.000000  545.000000  0.000023 
545.000000  546.000000  0.000023 
546.000000  547.000000  0.000023 
547.000000  548.000000  0.000023 
548.000000  549.000000  0.000023 
549.000000  550.000000  0.000023 
550.000000  551.000000  0.000023 
551.000000  552.000000  0.000022 
552.000000  553.000000  0.000022 
553.000000  554.000000  0.000022 
554.000000  555.000000  0.000022 
555.000000  556.000000  0.000022 
556.000000  557.000000  0.000022 
557.000000  558.000000  0.000022 
558.000000  559.000000  0.000022 
559.000000  560.000000  0.000022 
560.000000  561.000000  0.000022 
561.000000  562.000000  0.000022 
562.000000  563.000000  0.000021 
563.000000  564.000000  0.000021 
564.000000  565.000000  0.000021 
565.000000  566.000000  0.000021 
566.000000  567.000000  0.000021 
567.000000  568.000000  0.000021 
568.000000  569.000000  0.000021 
569.000000  570.000000  0.000021 
570.000000  571.000000  0.000021 
571.000000  572.000000  0.000021 
572.000000  573.000000  0.000021 
573.000000  574.000000  0.000020 
574.000000  575.000000  0.000020 
575.000000  576.000000  0.000020 
576.000000  577.000000  0.000020 
577.000000  578.000000  0.000020 
578.000000  579.000000  0.000020 
579.000000  580.000000  0.000020 
580.000000  581.000000  0.000020 
581.000000  582.000000  0.000020 
582.000000  583.000000  0.000020 
583.000000  584.000000  0.000020 
584.000000  585.000000  0.000020 
585.000000  586.000000  0.000020 
586.000000  587.000000  0.000019 
587.000000  588.000000  0.000019 
588.000000  589.000000  0.000019 
589.000000  590.000000  0.000019 
590.000000  591.000000  0.000019 
591.000000  592.000000  0.000019 
592.000000  593.000000  0.000019 
593.000000  594.000000  0.000019 
594.000000  595.000000  0.000019 
595.000000  596.000000  0.000019 
596.000000  597.000000  0.000019 
597.000000  598.000000  0.000019 
598.000000  599.000000  0.000019 
599.000000  600.000000  0.000019 
600.000000  601.000000  0.000019 
601.000000  602.000000  0.000018 
602.000000  603.000000  0.000018 
603.000000  604.000000  0.000018 
604.000000  605.000000  0.000018 
605.000000  606.000000  0.000018 
606.000000  607.000000  0.000018 
607.000000  608.000000  0.000018 
608.000000  609.000000  0.000018 
609.000000  610.000000  0.000018 
610.000000  611.000000  0.000018 
611.000000  612.000000  0.000018 
612.000000  613.000000  0.000018 
613.000000  614.000000  0.000018 
614.000000  615.000000  0.000018 
615.000000  616.000000  0.000018 
616.000000  617.000000  0.000018 
617.000000  618.000000  0.000018 
618.000000  619.000000  0.000018 
619.000000  620.000000  0.000017 
620.000000  621.000000  0.000017 
621.000000  622.000000  0.000017 
622.000000  623.000000  0.000017 
623.000000  624.000000  0.000017 
624.000000  625.000000  0.000017 
625.000000  626.000000  0.000017 
626.000000  627.000000  0.000017 
627.000000  628.000000  0.000017 
628.000000  629.000000  0.000017 
629.000000  630.000000  0.000017 
630.000000  631.000000  0.000017 
631.000000  632.000000  0.000017 
632.000000  633.000000  0.000017 
633.000000  634.000000  0.000017 
634.000000  635.000000  0.000017 
635.000000  636.000000  0.000017 
636.000000  637.000000  0.000017 
637.000000  638.000000  0.000017 
638.000000  639.000000  0.000017 
639.000000  640.000000  0.000017 
640.000000  641.000000  0.000017 
641.000000  642.000000  0.000017 
642.000000  643.000000  0.000016 
643.000000  644.000000  0.000016 
644.000000  645.000000  0.000016 
645.000000  646.000000  0.000016 
646.000000  647.000000  0.000016 
647.000000  648.000000  0.000016 
648.000000  649.000000  0.000016 
649.000000  650.000000  0.000016 
650.000000  651.000000  0.000016 
651.000000  652.000000  0.000016 
652.000000  653.000000  0.000016 
653.000000  654.000000  0.000016 
654.000000  655.000000  0.000016 
655.000000  656.000000  0.000016 
656.000000  657.000000  0.000016 
657.000000  658.000000  0.000016 
658.000000  659.000000  0.000016 
659.000000  660.000000  0.000016 
660.000000  661.000000  0.000016 
661.000000  662.000000  0.000016 
662.000000  663.000000  0.000016 
663.000000  664.000000  0.000016 
664.000000  665.000000  0.000016 
665.000000  666.000000  0.000016 
666.000000  667.000000  0.000016 
667.000000  668.000000  0.000016 
668.000000  669.000000  0.000016 
669.000000  670.000000  0.000016 
670.000000  671.000000  0.000016 
671.000000  672.000000  0.000016 
672.000000  673.000000  0.000016 
673.000000  674.000000  0.000016 
674.000000  675.000000  0.000015 
675.000000  676.000000  0.000015 
676.000000  677.000000  0.000015 
677.000000  678.000000  0.000015 
678.000000  679.000000  0.000015 
679.000000  680.000000  0.000015 
680.000000  681.000000  0.000015 
681.000000  682.000000  0.000015 
682.000000  683.000000  0.000015 
683.000000  684.000000  0.000015 
684.000000  685.000000  0.000015 
685.000000  686.000000  0.000015 
686.000000  687.000000  0.000015 
687.000000  688.000000  0.000015 
688.000000  689.000000  0.000015 
689.000000  690.000000  0.000015 
690.000000  691.000000  0.000015 
691.000000  692.000000  0.000015 
692.000000  693.000000  0.000015 
693.000000  694.000000  0.000015 
694.000000  695.000000  0.000015 
695.000000  696.000000  0.000015 
696.000000  697.000000  0.000015 
697.000000  698.000000  0.000015 
698.000000  699.000000  0.000015 
699.000000  700.000000  0.000015 
700.000000  701.000000  0.000015 
701.000000  702.000000  0.000015 
702.000000  703.000000  0.000015 
703.000000  704.000000  0.000015 
704.000000  705.000000  0.000015 
705.000000  706.000000  0.000015 
706.000000  707.000000  0.000015 
707.000000  708.000000  0.000015 
708.000000  709.000000  0.000015 
709.000000  710.000000  0.000015 
710.000000  711.000000  0.000015 
711.000000  712.000000  0.000015 
712.000000  713.000000  0.000015 
713.000000  714.000000  0.000015 
714.000000  715.000000  0.000015 
715.000000  716.000000  0.000015 
716.000000  717.000000  0.000015 
717.000000  718.000000  0.000015 
718.000000  719.000000  0.000015 
719.000000  720.000000  0.000015 
720.000000  721.000000  0.000015 
721.000000  722.000000  0.000015 
722.000000  723.000000  0.000015 
723.000000  724.000000  0.000015 
724.000000  725.000000  0.000015 
725.000000  726.000000  0.000015 
726.000000  727.000000  0.000015 
727.000000  728.000000  0.000015 
728.000000  729.000000  0.000015 
729.000000  730.000000  0.000015 
730.000000  731.000000  0.000015 
731.000000  732.000000  0.000014 
732.000000  733.000000  0.000014 
733.000000  734.000000  0.000014 
734.000000  735.000000  0.000014 
735.000000  736.000000  0.000014 
736.000000  737.000000  0.000014 
737.000000  738.000000  0.000014 
738.000000  739.000000  0.000014 
739.000000  740.000000  0.000014 
740.000000  741.000000  0.000014 
741.000000  742.000000  0.000014 
742.000000  743.000000  0.000014 
743.000000  744.000000  0.000014 
744.000000  745.000000  0.000014 
745.000000  746.000000  0.000014 
746.000000  747.000000  0.000014 
747.000000  748.000000  0.000014 
748.000000  749.000000  0.000014 
749.000000  750.000000  0.000014 
750.000000  751.000000  0.000014 
751.000000  752.000000  0.000014 
752.000000  753.000000  0.000014 
753.000000  754.000000  0.000014 
754.000000  755.000000  0.000014 
755.000000  756.000000  0.000014 
756.000000  757.000000  0.000014 
757.000000  758.000000  0.000014 
758.000000  759.000000  0.000014 
759.000000  760.000000  0.000014 
760.000000  761.000000  0.000014 
761.000000  762.000000  0.000014 
762.000000  763.000000  0.000014 
763.000000  764.000000  0.000014 
764.000000  765.000000  0.000014 
765.000000  766.000000  0.000014 
766.000000  767.000000  0.000014 
767.000000  768.000000  0.000014 
768.000000  769.000000  0.000014 
769.000000  770.000000  0.000014 
770.000000  771.000000  0.000014 
771.000000  772.000000  0.000014 
772.000000  773.000000  0.000014 
773.000000  774.000000  0.000014 
774.000000  775.000000  0.000014 
775.000000  776.000000  0.000014 
776.000000  777.000000  0.000014 
777.000000  778.000000  0.000014 
778.000000  779.000000  0.000014 
779.000000  780.000000  0.000014 
780.000000  781.000000  0.000014 
781.000000  782.000000  0.000014 
782.000000  783.000000  0.000014 
783.000000  784.000000  0.000014 
784.000000  785.000000  0.000014 
785.000000  786.000000  0.000014 
786.000000  787.000000  0.000014 
787.000000  788.000000  0.000014 
788.000000  789.000000  0.000014 
789.000000  790.000000  0.000014 
790.000000  791.000000  0.000014 
791.000000  792.000000  0.000014 
792.000000  793.000000  0.000014 
793.000000  794.000000  0.000014 
794.000000  795.000000  0.000014 
795.000000  796.000000  0.000014 
796.000000  797.000000  0.000014 
797.000000  798.000000  0.000014 
798.000000  799.000000  0.000014 
799.000000  800.000000  0.000014 
