17.000000  18.000000  0.000000 
18.000000  19.000000  0.000000 
19.000000  20.000000  0.000000 
20.000000  21.000000  0.000000 
21.000000  22.000000  0.000000 
22.000000  23.000000  0.000000 
23.000000  24.000000  0.000000 
24.000000  25.000000  0.000000 
25.000000  26.000000  0.000000 
26.000000  27.000000  0.000000 
27.000000  28.000000  0.000000 
28.000000  29.000000  0.000000 
29.000000  30.000000  0.000000 
30.000000  31.000000  0.000000 
31.000000  32.000000  0.000001 
32.000000  33.000000  0.000001 
33.000000  34.000000  0.000002 
34.000000  35.000000  0.000002 
35.000000  36.000000  0.000003 
36.000000  37.000000  0.000004 
37.000000  38.000000  0.000006 
38.000000  39.000000  0.000008 
39.000000  40.000000  0.000010 
40.000000  41.000000  0.000013 
41.000000  42.000000  0.000016 
42.000000  43.000000  0.000020 
43.000000  44.000000  0.000025 
44.000000  45.000000  0.000030 
45.000000  46.000000  0.000036 
46.000000  47.000000  0.000043 
47.000000  48.000000  0.000050 
48.000000  49.000000  0.000059 
49.000000  50.000000  0.000068 
50.000000  51.000000  0.000079 
51.000000  52.000000  0.000090 
52.000000  53.000000  0.000102 
53.000000  54.000000  0.000115 
54.000000  55.000000  0.000129 
55.000000  56.000000  0.000143 
56.000000  57.000000  0.000158 
57.000000  58.000000  0.000174 
58.000000  59.000000  0.000191 
59.000000  60.000000  0.000208 
60.000000  61.000000  0.000226 
61.000000  62.000000  0.000245 
62.000000  63.000000  0.000264 
63.000000  64.000000  0.000283 
64.000000  65.000000  0.000303 
65.000000  66.000000  0.000324 
66.000000  67.000000  0.000344 
67.000000  68.000000  0.000365 
68.000000  69.000000  0.000386 
69.000000  70.000000  0.000407 
70.000000  71.000000  0.000428 
71.000000  72.000000  0.000450 
72.000000  73.000000  0.000471 
73.000000  74.000000  0.000492 
74.000000  75.000000  0.000514 
75.000000  76.000000  0.000535 
76.000000  77.000000  0.000556 
77.000000  78.000000  0.000577 
78.000000  79.000000  0.000598 
79.000000  80.000000  0.000618 
80.000000  81.000000  0.000639 
81.000000  82.000000  0.000659 
82.000000  83.000000  0.000679 
83.000000  84.000000  0.000699 
84.000000  85.000000  0.000718 
85.000000  86.000000  0.000739 
86.000000  87.000000  0.000758 
87.000000  88.000000  0.000777 
88.000000  89.000000  0.000795 
89.000000  90.000000  0.000813 
90.000000  91.000000  0.000831 
91.000000  92.000000  0.000848 
92.000000  93.000000  0.000865 
93.000000  94.000000  0.000882 
94.000000  95.000000  0.000899 
95.000000  96.000000  0.000915 
96.000000  97.000000  0.000931 
97.000000  98.000000  0.000947 
98.000000  99.000000  0.000962 
99.000000  100.000000  0.000978 
100.000000  101.000000  0.000993 
101.000000  102.000000  0.001007 
102.000000  103.000000  0.001022 
103.000000  104.000000  0.001036 
104.000000  105.000000  0.001050 
105.000000  106.000000  0.001064 
106.000000  107.000000  0.001077 
107.000000  108.000000  0.001090 
108.000000  109.000000  0.001104 
109.000000  110.000000  0.001117 
110.000000  111.000000  0.001129 
111.000000  112.000000  0.001142 
112.000000  113.000000  0.001154 
113.000000  114.000000  0.001167 
114.000000  115.000000  0.001179 
115.000000  116.000000  0.001191 
116.000000  117.000000  0.001202 
117.000000  118.000000  0.001214 
118.000000  119.000000  0.001226 
119.000000  120.000000  0.001237 
120.000000  121.000000  0.001248 
121.000000  122.000000  0.001259 
122.000000  123.000000  0.001270 
123.000000  124.000000  0.001281 
124.000000  125.000000  0.001292 
125.000000  126.000000  0.001303 
126.000000  127.000000  0.001314 
127.000000  128.000000  0.001324 
128.000000  129.000000  0.001335 
129.000000  130.000000  0.001345 
130.000000  131.000000  0.001355 
131.000000  132.000000  0.001366 
132.000000  133.000000  0.001376 
133.000000  134.000000  0.001386 
134.000000  135.000000  0.001396 
135.000000  136.000000  0.001406 
136.000000  137.000000  0.001416 
137.000000  138.000000  0.001426 
138.000000  139.000000  0.001435 
139.000000  140.000000  0.001445 
140.000000  141.000000  0.001455 
141.000000  142.000000  0.001464 
142.000000  143.000000  0.001474 
143.000000  144.000000  0.001483 
144.000000  145.000000  0.001493 
145.000000  146.000000  0.001502 
146.000000  147.000000  0.001511 
147.000000  148.000000  0.001521 
148.000000  149.000000  0.001530 
149.000000  150.000000  0.001539 
150.000000  151.000000  0.001548 
151.000000  152.000000  0.001557 
152.000000  153.000000  0.001566 
153.000000  154.000000  0.001574 
154.000000  155.000000  0.001583 
155.000000  156.000000  0.001592 
156.000000  157.000000  0.001600 
157.000000  158.000000  0.001609 
158.000000  159.000000  0.001618 
159.000000  160.000000  0.001626 
160.000000  161.000000  0.001634 
161.000000  162.000000  0.001643 
162.000000  163.000000  0.001651 
163.000000  164.000000  0.001659 
164.000000  165.000000  0.001667 
165.000000  166.000000  0.001675 
166.000000  167.000000  0.001683 
167.000000  168.000000  0.001691 
168.000000  169.000000  0.001699 
169.000000  170.000000  0.001706 
170.000000  171.000000  0.001714 
171.000000  172.000000  0.001721 
172.000000  173.000000  0.001729 
173.000000  174.000000  0.001736 
174.000000  175.000000  0.001744 
175.000000  176.000000  0.001751 
176.000000  177.000000  0.001758 
177.000000  178.000000  0.001765 
178.000000  179.000000  0.001772 
179.000000  180.000000  0.001779 
180.000000  181.000000  0.001786 
181.000000  182.000000  0.001793 
182.000000  183.000000  0.001800 
183.000000  184.000000  0.001806 
184.000000  185.000000  0.001813 
185.000000  186.000000  0.001819 
186.000000  187.000000  0.001826 
187.000000  188.000000  0.001832 
188.000000  189.000000  0.001838 
189.000000  190.000000  0.001844 
190.000000  191.000000  0.001850 
191.000000  192.000000  0.001856 
192.000000  193.000000  0.001862 
193.000000  194.000000  0.001868 
194.000000  195.000000  0.001874 
195.000000  196.000000  0.001880 
196.000000  197.000000  0.001885 
197.000000  198.000000  0.001891 
198.000000  199.000000  0.001896 
199.000000  200.000000  0.001902 
200.000000  201.000000  0.001907 
201.000000  202.000000  0.001913 
202.000000  203.000000  0.001918 
203.000000  204.000000  0.001923 
204.000000  205.000000  0.001928 
205.000000  206.000000  0.001933 
206.000000  207.000000  0.001938 
207.000000  208.000000  0.001943 
208.000000  209.000000  0.001947 
209.000000  210.000000  0.001952 
210.000000  211.000000  0.001957 
211.000000  212.000000  0.001961 
212.000000  213.000000  0.001966 
213.000000  214.000000  0.001970 
214.000000  215.000000  0.001975 
215.000000  216.000000  0.001979 
216.000000  217.000000  0.001983 
217.000000  218.000000  0.001988 
218.000000  219.000000  0.001992 
219.000000  220.000000  0.001996 
220.000000  221.000000  0.002000 
221.000000  222.000000  0.002004 
222.000000  223.000000  0.002008 
223.000000  224.000000  0.002012 
224.000000  225.000000  0.002015 
225.000000  226.000000  0.002019 
226.000000  227.000000  0.002023 
227.000000  228.000000  0.002026 
228.000000  229.000000  0.002030 
229.000000  230.000000  0.002033 
230.000000  231.000000  0.002037 
231.000000  232.000000  0.002040 
232.000000  233.000000  0.002044 
233.000000  234.000000  0.002047 
234.000000  235.000000  0.002050 
235.000000  236.000000  0.002053 
236.000000  237.000000  0.002057 
237.000000  238.000000  0.002060 
238.000000  239.000000  0.002063 
239.000000  240.000000  0.002066 
240.000000  241.000000  0.002069 
241.000000  242.000000  0.002072 
242.000000  243.000000  0.002075 
243.000000  244.000000  0.002077 
244.000000  245.000000  0.002080 
245.000000  246.000000  0.002083 
246.000000  247.000000  0.002086 
247.000000  248.000000  0.002088 
248.000000  249.000000  0.002091 
249.000000  250.000000  0.002093 
250.000000  251.000000  0.002096 
251.000000  252.000000  0.002099 
252.000000  253.000000  0.002101 
253.000000  254.000000  0.002103 
254.000000  255.000000  0.002106 
255.000000  256.000000  0.002108 
256.000000  257.000000  0.002110 
257.000000  258.000000  0.002113 
258.000000  259.000000  0.002115 
259.000000  260.000000  0.002117 
260.000000  261.000000  0.002119 
261.000000  262.000000  0.002122 
262.000000  263.000000  0.002124 
263.000000  264.000000  0.002126 
264.000000  265.000000  0.002128 
265.000000  266.000000  0.002130 
266.000000  267.000000  0.002132 
267.000000  268.000000  0.002134 
268.000000  269.000000  0.002136 
269.000000  270.000000  0.002138 
270.000000  271.000000  0.002139 
271.000000  272.000000  0.002141 
272.000000  273.000000  0.002143 
273.000000  274.000000  0.002145 
274.000000  275.000000  0.002147 
275.000000  276.000000  0.002148 
276.000000  277.000000  0.002150 
277.000000  278.000000  0.002152 
278.000000  279.000000  0.002153 
279.000000  280.000000  0.002155 
280.000000  281.000000  0.002157 
281.000000  282.000000  0.002158 
282.000000  283.000000  0.002160 
283.000000  284.000000  0.002161 
284.000000  285.000000  0.002163 
285.000000  286.000000  0.002164 
286.000000  287.000000  0.002166 
287.000000  288.000000  0.002167 
288.000000  289.000000  0.002169 
289.000000  290.000000  0.002170 
290.000000  291.000000  0.002171 
291.000000  292.000000  0.002173 
292.000000  293.000000  0.002174 
293.000000  294.000000  0.002175 
294.000000  295.000000  0.002177 
295.000000  296.000000  0.002178 
296.000000  297.000000  0.002179 
297.000000  298.000000  0.002180 
298.000000  299.000000  0.002182 
299.000000  300.000000  0.002183 
300.000000  301.000000  0.002184 
301.000000  302.000000  0.002185 
302.000000  303.000000  0.002186 
303.000000  304.000000  0.002188 
304.000000  305.000000  0.002189 
305.000000  306.000000  0.002190 
306.000000  307.000000  0.002191 
307.000000  308.000000  0.002192 
308.000000  309.000000  0.002193 
309.000000  310.000000  0.002194 
310.000000  311.000000  0.002195 
311.000000  312.000000  0.002196 
312.000000  313.000000  0.002197 
313.000000  314.000000  0.002198 
314.000000  315.000000  0.002199 
315.000000  316.000000  0.002200 
316.000000  317.000000  0.002201 
317.000000  318.000000  0.002202 
318.000000  319.000000  0.002203 
319.000000  320.000000  0.002204 
320.000000  321.000000  0.002205 
321.000000  322.000000  0.002205 
322.000000  323.000000  0.002206 
323.000000  324.000000  0.002207 
324.000000  325.000000  0.002208 
325.000000  326.000000  0.002209 
326.000000  327.000000  0.002210 
327.000000  328.000000  0.002210 
328.000000  329.000000  0.002211 
329.000000  330.000000  0.002212 
330.000000  331.000000  0.002213 
331.000000  332.000000  0.002213 
332.000000  333.000000  0.002214 
333.000000  334.000000  0.002215 
334.000000  335.000000  0.002216 
335.000000  336.000000  0.002216 
336.000000  337.000000  0.002217 
337.000000  338.000000  0.002218 
338.000000  339.000000  0.002219 
339.000000  340.000000  0.002219 
340.000000  341.000000  0.002220 
341.000000  342.000000  0.002221 
342.000000  343.000000  0.002221 
343.000000  344.000000  0.002222 
344.000000  345.000000  0.002222 
345.000000  346.000000  0.002223 
346.000000  347.000000  0.002224 
347.000000  348.000000  0.002224 
348.000000  349.000000  0.002225 
349.000000  350.000000  0.002226 
350.000000  351.000000  0.002226 
351.000000  352.000000  0.002227 
352.000000  353.000000  0.002227 
353.000000  354.000000  0.002228 
354.000000  355.000000  0.002228 
355.000000  356.000000  0.002229 
356.000000  357.000000  0.002229 
357.000000  358.000000  0.002230 
358.000000  359.000000  0.002231 
359.000000  360.000000  0.002231 
360.000000  361.000000  0.002232 
361.000000  362.000000  0.002232 
362.000000  363.000000  0.002233 
363.000000  364.000000  0.002233 
364.000000  365.000000  0.002234 
365.000000  366.000000  0.002234 
366.000000  367.000000  0.002235 
367.000000  368.000000  0.002235 
368.000000  369.000000  0.002235 
369.000000  370.000000  0.002236 
370.000000  371.000000  0.002236 
371.000000  372.000000  0.002237 
372.000000  373.000000  0.002237 
373.000000  374.000000  0.002238 
374.000000  375.000000  0.002238 
375.000000  376.000000  0.002239 
376.000000  377.000000  0.002239 
377.000000  378.000000  0.002239 
378.000000  379.000000  0.002240 
379.000000  380.000000  0.002240 
380.000000  381.000000  0.002241 
381.000000  382.000000  0.002241 
382.000000  383.000000  0.002241 
383.000000  384.000000  0.002242 
384.000000  385.000000  0.002242 
385.000000  386.000000  0.002242 
386.000000  387.000000  0.002243 
387.000000  388.000000  0.002243 
388.000000  389.000000  0.002244 
389.000000  390.000000  0.002244 
390.000000  391.000000  0.002244 
391.000000  392.000000  0.002245 
392.000000  393.000000  0.002245 
393.000000  394.000000  0.002245 
394.000000  395.000000  0.002246 
395.000000  396.000000  0.002246 
396.000000  397.000000  0.002246 
397.000000  398.000000  0.002247 
398.000000  399.000000  0.002247 
399.000000  400.000000  0.002247 
400.000000  401.000000  0.002248 
401.000000  402.000000  0.002248 
402.000000  403.000000  0.002248 
403.000000  404.000000  0.002248 
404.000000  405.000000  0.002249 
405.000000  406.000000  0.002249 
406.000000  407.000000  0.002249 
407.000000  408.000000  0.002250 
408.000000  409.000000  0.002250 
409.000000  410.000000  0.002250 
410.000000  411.000000  0.002250 
411.000000  412.000000  0.002251 
412.000000  413.000000  0.002251 
413.000000  414.000000  0.002251 
414.000000  415.000000  0.002252 
415.000000  416.000000  0.002252 
416.000000  417.000000  0.002252 
417.000000  418.000000  0.002252 
418.000000  419.000000  0.002253 
419.000000  420.000000  0.002253 
420.000000  421.000000  0.002253 
421.000000  422.000000  0.002253 
422.000000  423.000000  0.002254 
423.000000  424.000000  0.002254 
424.000000  425.000000  0.002254 
425.000000  426.000000  0.002254 
426.000000  427.000000  0.002255 
427.000000  428.000000  0.002255 
428.000000  429.000000  0.002255 
429.000000  430.000000  0.002255 
430.000000  431.000000  0.002255 
431.000000  432.000000  0.002256 
432.000000  433.000000  0.002256 
433.000000  434.000000  0.002256 
434.000000  435.000000  0.002256 
435.000000  436.000000  0.002256 
436.000000  437.000000  0.002257 
437.000000  438.000000  0.002257 
438.000000  439.000000  0.002257 
439.000000  440.000000  0.002257 
440.000000  441.000000  0.002257 
441.000000  442.000000  0.002258 
442.000000  443.000000  0.002258 
443.000000  444.000000  0.002258 
444.000000  445.000000  0.002258 
445.000000  446.000000  0.002258 
446.000000  447.000000  0.002259 
447.000000  448.000000  0.002259 
448.000000  449.000000  0.002259 
449.000000  450.000000  0.002259 
450.000000  451.000000  0.002259 
451.000000  452.000000  0.002259 
452.000000  453.000000  0.002260 
453.000000  454.000000  0.002260 
454.000000  455.000000  0.002260 
455.000000  456.000000  0.002260 
456.000000  457.000000  0.002260 
457.000000  458.000000  0.002260 
458.000000  459.000000  0.002261 
459.000000  460.000000  0.002261 
460.000000  461.000000  0.002261 
461.000000  462.000000  0.002261 
462.000000  463.000000  0.002261 
463.000000  464.000000  0.002261 
464.000000  465.000000  0.002262 
465.000000  466.000000  0.002262 
466.000000  467.000000  0.002262 
467.000000  468.000000  0.002262 
468.000000  469.000000  0.002262 
469.000000  470.000000  0.002262 
470.000000  471.000000  0.002262 
471.000000  472.000000  0.002263 
472.000000  473.000000  0.002263 
473.000000  474.000000  0.002263 
474.000000  475.000000  0.002263 
475.000000  476.000000  0.002263 
476.000000  477.000000  0.002263 
477.000000  478.000000  0.002263 
478.000000  479.000000  0.002263 
479.000000  480.000000  0.002264 
480.000000  481.000000  0.002264 
481.000000  482.000000  0.002264 
482.000000  483.000000  0.002264 
483.000000  484.000000  0.002264 
484.000000  485.000000  0.002264 
485.000000  486.000000  0.002264 
486.000000  487.000000  0.002264 
487.000000  488.000000  0.002265 
488.000000  489.000000  0.002265 
489.000000  490.000000  0.002265 
490.000000  491.000000  0.002265 
491.000000  492.000000  0.002265 
492.000000  493.000000  0.002265 
493.000000  494.000000  0.002265 
494.000000  495.000000  0.002265 
495.000000  496.000000  0.002265 
496.000000  497.000000  0.002266 
497.000000  498.000000  0.002266 
498.000000  499.000000  0.002266 
499.000000  500.000000  0.002266 
500.000000  501.000000  0.002266 
501.000000  502.000000  0.002266 
502.000000  503.000000  0.002266 
503.000000  504.000000  0.002266 
504.000000  505.000000  0.002266 
505.000000  506.000000  0.002266 
506.000000  507.000000  0.002267 
507.000000  508.000000  0.002267 
508.000000  509.000000  0.002267 
509.000000  510.000000  0.002267 
510.000000  511.000000  0.002267 
511.000000  512.000000  0.002267 
512.000000  513.000000  0.002267 
513.000000  514.000000  0.002267 
514.000000  515.000000  0.002267 
515.000000  516.000000  0.002267 
516.000000  517.000000  0.002267 
517.000000  518.000000  0.002268 
518.000000  519.000000  0.002268 
519.000000  520.000000  0.002268 
520.000000  521.000000  0.002268 
521.000000  522.000000  0.002268 
522.000000  523.000000  0.002268 
523.000000  524.000000  0.002268 
524.000000  525.000000  0.002268 
525.000000  526.000000  0.002268 
526.000000  527.000000  0.002268 
527.000000  528.000000  0.002268 
528.000000  529.000000  0.002268 
529.000000  530.000000  0.002269 
530.000000  531.000000  0.002269 
531.000000  532.000000  0.002269 
532.000000  533.000000  0.002269 
533.000000  534.000000  0.002269 
534.000000  535.000000  0.002269 
535.000000  536.000000  0.002269 
536.000000  537.000000  0.002269 
537.000000  538.000000  0.002269 
538.000000  539.000000  0.002269 
539.000000  540.000000  0.002269 
540.000000  541.000000  0.002269 
541.000000  542.000000  0.002269 
542.000000  543.000000  0.002269 
543.000000  544.000000  0.002269 
544.000000  545.000000  0.002270 
545.000000  546.000000  0.002270 
546.000000  547.000000  0.002270 
547.000000  548.000000  0.002270 
548.000000  549.000000  0.002270 
549.000000  550.000000  0.002270 
550.000000  551.000000  0.002270 
551.000000  552.000000  0.002270 
552.000000  553.000000  0.002270 
553.000000  554.000000  0.002270 
554.000000  555.000000  0.002270 
555.000000  556.000000  0.002270 
556.000000  557.000000  0.002270 
557.000000  558.000000  0.002270 
558.000000  559.000000  0.002270 
559.000000  560.000000  0.002270 
560.000000  561.000000  0.002270 
561.000000  562.000000  0.002271 
562.000000  563.000000  0.002271 
563.000000  564.000000  0.002271 
564.000000  565.000000  0.002271 
565.000000  566.000000  0.002271 
566.000000  567.000000  0.002271 
567.000000  568.000000  0.002271 
568.000000  569.000000  0.002271 
569.000000  570.000000  0.002271 
570.000000  571.000000  0.002271 
571.000000  572.000000  0.002271 
572.000000  573.000000  0.002271 
573.000000  574.000000  0.002271 
574.000000  575.000000  0.002271 
575.000000  576.000000  0.002271 
576.000000  577.000000  0.002271 
577.000000  578.000000  0.002271 
578.000000  579.000000  0.002271 
579.000000  580.000000  0.002271 
580.000000  581.000000  0.002271 
581.000000  582.000000  0.002271 
582.000000  583.000000  0.002272 
583.000000  584.000000  0.002272 
584.000000  585.000000  0.002272 
585.000000  586.000000  0.002272 
586.000000  587.000000  0.002272 
587.000000  588.000000  0.002272 
588.000000  589.000000  0.002272 
589.000000  590.000000  0.002272 
590.000000  591.000000  0.002272 
591.000000  592.000000  0.002272 
592.000000  593.000000  0.002272 
593.000000  594.000000  0.002272 
594.000000  595.000000  0.002272 
595.000000  596.000000  0.002272 
596.000000  597.000000  0.002272 
597.000000  598.000000  0.002272 
598.000000  599.000000  0.002272 
599.000000  600.000000  0.002272 
600.000000  601.000000  0.002272 
601.000000  602.000000  0.002272 
602.000000  603.000000  0.002272 
603.000000  604.000000  0.002272 
604.000000  605.000000  0.002272 
605.000000  606.000000  0.002272 
606.000000  607.000000  0.002272 
607.000000  608.000000  0.002272 
608.000000  609.000000  0.002272 
609.000000  610.000000  0.002272 
610.000000  611.000000  0.002273 
611.000000  612.000000  0.002273 
612.000000  613.000000  0.002273 
613.000000  614.000000  0.002273 
614.000000  615.000000  0.002273 
615.000000  616.000000  0.002273 
616.000000  617.000000  0.002273 
617.000000  618.000000  0.002273 
618.000000  619.000000  0.002273 
619.000000  620.000000  0.002273 
620.000000  621.000000  0.002273 
621.000000  622.000000  0.002273 
622.000000  623.000000  0.002273 
623.000000  624.000000  0.002273 
624.000000  625.000000  0.002273 
625.000000  626.000000  0.002273 
626.000000  627.000000  0.002273 
627.000000  628.000000  0.002273 
628.000000  629.000000  0.002273 
629.000000  630.000000  0.002273 
630.000000  631.000000  0.002273 
631.000000  632.000000  0.002273 
632.000000  633.000000  0.002273 
633.000000  634.000000  0.002273 
634.000000  635.000000  0.002273 
635.000000  636.000000  0.002273 
636.000000  637.000000  0.002273 
637.000000  638.000000  0.002273 
638.000000  639.000000  0.002273 
639.000000  640.000000  0.002273 
640.000000  641.000000  0.002273 
641.000000  642.000000  0.002273 
642.000000  643.000000  0.002273 
643.000000  644.000000  0.002273 
644.000000  645.000000  0.002273 
645.000000  646.000000  0.002273 
646.000000  647.000000  0.002273 
647.000000  648.000000  0.002273 
648.000000  649.000000  0.002273 
649.000000  650.000000  0.002273 
650.000000  651.000000  0.002274 
651.000000  652.000000  0.002274 
652.000000  653.000000  0.002274 
653.000000  654.000000  0.002274 
654.000000  655.000000  0.002274 
655.000000  656.000000  0.002274 
656.000000  657.000000  0.002274 
657.000000  658.000000  0.002274 
658.000000  659.000000  0.002274 
659.000000  660.000000  0.002274 
660.000000  661.000000  0.002274 
661.000000  662.000000  0.002274 
662.000000  663.000000  0.002274 
663.000000  664.000000  0.002274 
664.000000  665.000000  0.002274 
665.000000  666.000000  0.002274 
666.000000  667.000000  0.002274 
667.000000  668.000000  0.002274 
668.000000  669.000000  0.002274 
669.000000  670.000000  0.002274 
670.000000  671.000000  0.002274 
671.000000  672.000000  0.002274 
672.000000  673.000000  0.002274 
673.000000  674.000000  0.002274 
674.000000  675.000000  0.002274 
675.000000  676.000000  0.002274 
676.000000  677.000000  0.002274 
677.000000  678.000000  0.002274 
678.000000  679.000000  0.002274 
679.000000  680.000000  0.002274 
680.000000  681.000000  0.002274 
681.000000  682.000000  0.002274 
682.000000  683.000000  0.002274 
683.000000  684.000000  0.002274 
684.000000  685.000000  0.002274 
685.000000  686.000000  0.002274 
686.000000  687.000000  0.002274 
687.000000  688.000000  0.002274 
688.000000  689.000000  0.002274 
689.000000  690.000000  0.002274 
690.000000  691.000000  0.002274 
691.000000  692.000000  0.002274 
692.000000  693.000000  0.002274 
693.000000  694.000000  0.002274 
694.000000  695.000000  0.002274 
695.000000  696.000000  0.002274 
696.000000  697.000000  0.002274 
697.000000  698.000000  0.002274 
698.000000  699.000000  0.002274 
699.000000  700.000000  0.002274 
700.000000  701.000000  0.002274 
701.000000  702.000000  0.002274 
702.000000  703.000000  0.002274 
703.000000  704.000000  0.002274 
704.000000  705.000000  0.002274 
705.000000  706.000000  0.002274 
706.000000  707.000000  0.002274 
707.000000  708.000000  0.002274 
708.000000  709.000000  0.002274 
709.000000  710.000000  0.002274 
710.000000  711.000000  0.002274 
711.000000  712.000000  0.002274 
712.000000  713.000000  0.002274 
713.000000  714.000000  0.002274 
714.000000  715.000000  0.002274 
715.000000  716.000000  0.002274 
716.000000  717.000000  0.002274 
717.000000  718.000000  0.002274 
718.000000  719.000000  0.002274 
719.000000  720.000000  0.002274 
720.000000  721.000000  0.002274 
721.000000  722.000000  0.002274 
722.000000  723.000000  0.002274 
723.000000  724.000000  0.002274 
724.000000  725.000000  0.002274 
725.000000  726.000000  0.002274 
726.000000  727.000000  0.002274 
727.000000  728.000000  0.002274 
728.000000  729.000000  0.002274 
729.000000  730.000000  0.002274 
730.000000  731.000000  0.002274 
731.000000  732.000000  0.002274 
732.000000  733.000000  0.002274 
733.000000  734.000000  0.002274 
734.000000  735.000000  0.002274 
735.000000  736.000000  0.002274 
736.000000  737.000000  0.002274 
737.000000  738.000000  0.002274 
738.000000  739.000000  0.002274 
739.000000  740.000000  0.002274 
740.000000  741.000000  0.002274 
741.000000  742.000000  0.002275 
742.000000  743.000000  0.002275 
743.000000  744.000000  0.002275 
744.000000  745.000000  0.002275 
745.000000  746.000000  0.002275 
746.000000  747.000000  0.002275 
747.000000  748.000000  0.002275 
748.000000  749.000000  0.002275 
749.000000  750.000000  0.002275 
750.000000  751.000000  0.002275 
751.000000  752.000000  0.002275 
752.000000  753.000000  0.002275 
753.000000  754.000000  0.002275 
754.000000  755.000000  0.002275 
755.000000  756.000000  0.002275 
756.000000  757.000000  0.002275 
757.000000  758.000000  0.002275 
758.000000  759.000000  0.002275 
759.000000  760.000000  0.002275 
760.000000  761.000000  0.002275 
761.000000  762.000000  0.002275 
762.000000  763.000000  0.002275 
763.000000  764.000000  0.002275 
764.000000  765.000000  0.002275 
765.000000  766.000000  0.002275 
766.000000  767.000000  0.002275 
767.000000  768.000000  0.002275 
768.000000  769.000000  0.002275 
769.000000  770.000000  0.002275 
770.000000  771.000000  0.002275 
771.000000  772.000000  0.002275 
772.000000  773.000000  0.002275 
773.000000  774.000000  0.002275 
774.000000  775.000000  0.002275 
775.000000  776.000000  0.002275 
776.000000  777.000000  0.002275 
777.000000  778.000000  0.002275 
778.000000  779.000000  0.002275 
779.000000  780.000000  0.002275 
780.000000  781.000000  0.002275 
781.000000  782.000000  0.002275 
782.000000  783.000000  0.002275 
783.000000  784.000000  0.002275 
784.000000  785.000000  0.002275 
785.000000  786.000000  0.002275 
786.000000  787.000000  0.002275 
787.000000  788.000000  0.002275 
788.000000  789.000000  0.002275 
789.000000  790.000000  0.002275 
790.000000  791.000000  0.002275 
791.000000  792.000000  0.002275 
792.000000  793.000000  0.002275 
793.000000  794.000000  0.002275 
794.000000  795.000000  0.002275 
795.000000  796.000000  0.002275 
796.000000  797.000000  0.002275 
797.000000  798.000000  0.002275 
798.000000  799.000000  0.002275 
799.000000  800.000000  0.002275 
