17.000000  18.000000  -0.000000 
18.000000  19.000000  -0.000000 
19.000000  20.000000  -0.000000 
20.000000  21.000000  -0.000000 
21.000000  22.000000  -0.000000 
22.000000  23.000000  -0.000000 
23.000000  24.000000  -0.000000 
24.000000  25.000000  -0.000000 
25.000000  26.000000  -0.000000 
26.000000  27.000000  -0.000000 
27.000000  28.000000  -0.000000 
28.000000  29.000000  -0.000000 
29.000000  30.000000  -0.000000 
30.000000  31.000000  -0.000000 
31.000000  32.000000  -0.000000 
32.000000  33.000000  -0.000000 
33.000000  34.000000  -0.000000 
34.000000  35.000000  -0.000000 
35.000000  36.000000  -0.000001 
36.000000  37.000000  -0.000001 
37.000000  38.000000  -0.000001 
38.000000  39.000000  -0.000001 
39.000000  40.000000  -0.000002 
40.000000  41.000000  -0.000002 
41.000000  42.000000  -0.000003 
42.000000  43.000000  -0.000003 
43.000000  44.000000  -0.000004 
44.000000  45.000000  -0.000004 
45.000000  46.000000  -0.000005 
46.000000  47.000000  -0.000005 
47.000000  48.000000  -0.000005 
48.000000  49.000000  -0.000006 
49.000000  50.000000  -0.000006 
50.000000  51.000000  -0.000006 
51.000000  52.000000  -0.000006 
52.000000  53.000000  -0.000006 
53.000000  54.000000  -0.000005 
54.000000  55.000000  -0.000004 
55.000000  56.000000  -0.000003 
56.000000  57.000000  -0.000002 
57.000000  58.000000  -0.000000 
58.000000  59.000000  0.000002 
59.000000  60.000000  0.000004 
60.000000  61.000000  0.000007 
61.000000  62.000000  0.000010 
62.000000  63.000000  0.000014 
63.000000  64.000000  0.000018 
64.000000  65.000000  0.000023 
65.000000  66.000000  0.000028 
66.000000  67.000000  0.000033 
67.000000  68.000000  0.000039 
68.000000  69.000000  0.000045 
69.000000  70.000000  0.000052 
70.000000  71.000000  0.000059 
71.000000  72.000000  0.000067 
72.000000  73.000000  0.000075 
73.000000  74.000000  0.000083 
74.000000  75.000000  0.000092 
75.000000  76.000000  0.000101 
76.000000  77.000000  0.000110 
77.000000  78.000000  0.000120 
78.000000  79.000000  0.000130 
79.000000  80.000000  0.000140 
80.000000  81.000000  0.000150 
81.000000  82.000000  0.000160 
82.000000  83.000000  0.000170 
83.000000  84.000000  0.000181 
84.000000  85.000000  0.000191 
85.000000  86.000000  0.000201 
86.000000  87.000000  0.000212 
87.000000  88.000000  0.000222 
88.000000  89.000000  0.000233 
89.000000  90.000000  0.000243 
90.000000  91.000000  0.000254 
91.000000  92.000000  0.000264 
92.000000  93.000000  0.000274 
93.000000  94.000000  0.000284 
94.000000  95.000000  0.000293 
95.000000  96.000000  0.000303 
96.000000  97.000000  0.000312 
97.000000  98.000000  0.000321 
98.000000  99.000000  0.000329 
99.000000  100.000000  0.000338 
100.000000  101.000000  0.000346 
101.000000  102.000000  0.000353 
102.000000  103.000000  0.000361 
103.000000  104.000000  0.000368 
104.000000  105.000000  0.000374 
105.000000  106.000000  0.000381 
106.000000  107.000000  0.000387 
107.000000  108.000000  0.000392 
108.000000  109.000000  0.000398 
109.000000  110.000000  0.000403 
110.000000  111.000000  0.000407 
111.000000  112.000000  0.000412 
112.000000  113.000000  0.000415 
113.000000  114.000000  0.000419 
114.000000  115.000000  0.000422 
115.000000  116.000000  0.000425 
116.000000  117.000000  0.000428 
117.000000  118.000000  0.000430 
118.000000  119.000000  0.000432 
119.000000  120.000000  0.000433 
120.000000  121.000000  0.000434 
121.000000  122.000000  0.000435 
122.000000  123.000000  0.000436 
123.000000  124.000000  0.000436 
124.000000  125.000000  0.000437 
125.000000  126.000000  0.000436 
126.000000  127.000000  0.000436 
127.000000  128.000000  0.000435 
128.000000  129.000000  0.000434 
129.000000  130.000000  0.000433 
130.000000  131.000000  0.000432 
131.000000  132.000000  0.000430 
132.000000  133.000000  0.000428 
133.000000  134.000000  0.000426 
134.000000  135.000000  0.000424 
135.000000  136.000000  0.000422 
136.000000  137.000000  0.000419 
137.000000  138.000000  0.000417 
138.000000  139.000000  0.000414 
139.000000  140.000000  0.000411 
140.000000  141.000000  0.000408 
141.000000  142.000000  0.000404 
142.000000  143.000000  0.000401 
143.000000  144.000000  0.000398 
144.000000  145.000000  0.000394 
145.000000  146.000000  0.000390 
146.000000  147.000000  0.000387 
147.000000  148.000000  0.000383 
148.000000  149.000000  0.000379 
149.000000  150.000000  0.000375 
150.000000  151.000000  0.000371 
151.000000  152.000000  0.000367 
152.000000  153.000000  0.000363 
153.000000  154.000000  0.000359 
154.000000  155.000000  0.000355 
155.000000  156.000000  0.000350 
156.000000  157.000000  0.000346 
157.000000  158.000000  0.000342 
158.000000  159.000000  0.000338 
159.000000  160.000000  0.000333 
160.000000  161.000000  0.000329 
161.000000  162.000000  0.000325 
162.000000  163.000000  0.000320 
163.000000  164.000000  0.000316 
164.000000  165.000000  0.000312 
165.000000  166.000000  0.000308 
166.000000  167.000000  0.000303 
167.000000  168.000000  0.000299 
168.000000  169.000000  0.000295 
169.000000  170.000000  0.000291 
170.000000  171.000000  0.000287 
171.000000  172.000000  0.000283 
172.000000  173.000000  0.000278 
173.000000  174.000000  0.000274 
174.000000  175.000000  0.000270 
175.000000  176.000000  0.000266 
176.000000  177.000000  0.000262 
177.000000  178.000000  0.000258 
178.000000  179.000000  0.000254 
179.000000  180.000000  0.000251 
180.000000  181.000000  0.000247 
181.000000  182.000000  0.000243 
182.000000  183.000000  0.000239 
183.000000  184.000000  0.000236 
184.000000  185.000000  0.000232 
185.000000  186.000000  0.000228 
186.000000  187.000000  0.000225 
187.000000  188.000000  0.000221 
188.000000  189.000000  0.000218 
189.000000  190.000000  0.000214 
190.000000  191.000000  0.000211 
191.000000  192.000000  0.000208 
192.000000  193.000000  0.000204 
193.000000  194.000000  0.000201 
194.000000  195.000000  0.000198 
195.000000  196.000000  0.000195 
196.000000  197.000000  0.000192 
197.000000  198.000000  0.000189 
198.000000  199.000000  0.000186 
199.000000  200.000000  0.000183 
200.000000  201.000000  0.000180 
201.000000  202.000000  0.000177 
202.000000  203.000000  0.000174 
203.000000  204.000000  0.000171 
204.000000  205.000000  0.000168 
205.000000  206.000000  0.000166 
206.000000  207.000000  0.000163 
207.000000  208.000000  0.000160 
208.000000  209.000000  0.000158 
209.000000  210.000000  0.000155 
210.000000  211.000000  0.000153 
211.000000  212.000000  0.000150 
212.000000  213.000000  0.000148 
213.000000  214.000000  0.000146 
214.000000  215.000000  0.000143 
215.000000  216.000000  0.000141 
216.000000  217.000000  0.000139 
217.000000  218.000000  0.000137 
218.000000  219.000000  0.000134 
219.000000  220.000000  0.000132 
220.000000  221.000000  0.000130 
221.000000  222.000000  0.000128 
222.000000  223.000000  0.000126 
223.000000  224.000000  0.000124 
224.000000  225.000000  0.000122 
225.000000  226.000000  0.000120 
226.000000  227.000000  0.000118 
227.000000  228.000000  0.000116 
228.000000  229.000000  0.000115 
229.000000  230.000000  0.000113 
230.000000  231.000000  0.000111 
231.000000  232.000000  0.000109 
232.000000  233.000000  0.000108 
233.000000  234.000000  0.000106 
234.000000  235.000000  0.000104 
235.000000  236.000000  0.000103 
236.000000  237.000000  0.000101 
237.000000  238.000000  0.000099 
238.000000  239.000000  0.000098 
239.000000  240.000000  0.000096 
240.000000  241.000000  0.000095 
241.000000  242.000000  0.000093 
242.000000  243.000000  0.000092 
243.000000  244.000000  0.000091 
244.000000  245.000000  0.000089 
245.000000  246.000000  0.000088 
246.000000  247.000000  0.000087 
247.000000  248.000000  0.000085 
248.000000  249.000000  0.000084 
249.000000  250.000000  0.000083 
250.000000  251.000000  0.000081 
251.000000  252.000000  0.000080 
252.000000  253.000000  0.000079 
253.000000  254.000000  0.000078 
254.000000  255.000000  0.000077 
255.000000  256.000000  0.000076 
256.000000  257.000000  0.000074 
257.000000  258.000000  0.000073 
258.000000  259.000000  0.000072 
259.000000  260.000000  0.000071 
260.000000  261.000000  0.000070 
261.000000  262.000000  0.000069 
262.000000  263.000000  0.000068 
263.000000  264.000000  0.000067 
264.000000  265.000000  0.000066 
265.000000  266.000000  0.000065 
266.000000  267.000000  0.000064 
267.000000  268.000000  0.000063 
268.000000  269.000000  0.000063 
269.000000  270.000000  0.000062 
270.000000  271.000000  0.000061 
271.000000  272.000000  0.000060 
272.000000  273.000000  0.000059 
273.000000  274.000000  0.000058 
274.000000  275.000000  0.000057 
275.000000  276.000000  0.000057 
276.000000  277.000000  0.000056 
277.000000  278.000000  0.000055 
278.000000  279.000000  0.000054 
279.000000  280.000000  0.000054 
280.000000  281.000000  0.000053 
281.000000  282.000000  0.000052 
282.000000  283.000000  0.000051 
283.000000  284.000000  0.000051 
284.000000  285.000000  0.000050 
285.000000  286.000000  0.000049 
286.000000  287.000000  0.000049 
287.000000  288.000000  0.000048 
288.000000  289.000000  0.000047 
289.000000  290.000000  0.000047 
290.000000  291.000000  0.000046 
291.000000  292.000000  0.000046 
292.000000  293.000000  0.000045 
293.000000  294.000000  0.000044 
294.000000  295.000000  0.000044 
295.000000  296.000000  0.000043 
296.000000  297.000000  0.000043 
297.000000  298.000000  0.000042 
298.000000  299.000000  0.000042 
299.000000  300.000000  0.000041 
300.000000  301.000000  0.000040 
301.000000  302.000000  0.000040 
302.000000  303.000000  0.000039 
303.000000  304.000000  0.000039 
304.000000  305.000000  0.000038 
305.000000  306.000000  0.000038 
306.000000  307.000000  0.000037 
307.000000  308.000000  0.000037 
308.000000  309.000000  0.000037 
309.000000  310.000000  0.000036 
310.000000  311.000000  0.000036 
311.000000  312.000000  0.000035 
312.000000  313.000000  0.000035 
313.000000  314.000000  0.000034 
314.000000  315.000000  0.000034 
315.000000  316.000000  0.000033 
316.000000  317.000000  0.000033 
317.000000  318.000000  0.000033 
318.000000  319.000000  0.000032 
319.000000  320.000000  0.000032 
320.000000  321.000000  0.000032 
321.000000  322.000000  0.000031 
322.000000  323.000000  0.000031 
323.000000  324.000000  0.000030 
324.000000  325.000000  0.000030 
325.000000  326.000000  0.000030 
326.000000  327.000000  0.000029 
327.000000  328.000000  0.000029 
328.000000  329.000000  0.000029 
329.000000  330.000000  0.000028 
330.000000  331.000000  0.000028 
331.000000  332.000000  0.000028 
332.000000  333.000000  0.000027 
333.000000  334.000000  0.000027 
334.000000  335.000000  0.000027 
335.000000  336.000000  0.000026 
336.000000  337.000000  0.000026 
337.000000  338.000000  0.000026 
338.000000  339.000000  0.000026 
339.000000  340.000000  0.000025 
340.000000  341.000000  0.000025 
341.000000  342.000000  0.000025 
342.000000  343.000000  0.000024 
343.000000  344.000000  0.000024 
344.000000  345.000000  0.000024 
345.000000  346.000000  0.000024 
346.000000  347.000000  0.000023 
347.000000  348.000000  0.000023 
348.000000  349.000000  0.000023 
349.000000  350.000000  0.000023 
350.000000  351.000000  0.000022 
351.000000  352.000000  0.000022 
352.000000  353.000000  0.000022 
353.000000  354.000000  0.000022 
354.000000  355.000000  0.000021 
355.000000  356.000000  0.000021 
356.000000  357.000000  0.000021 
357.000000  358.000000  0.000021 
358.000000  359.000000  0.000020 
359.000000  360.000000  0.000020 
360.000000  361.000000  0.000020 
361.000000  362.000000  0.000020 
362.000000  363.000000  0.000020 
363.000000  364.000000  0.000019 
364.000000  365.000000  0.000019 
365.000000  366.000000  0.000019 
366.000000  367.000000  0.000019 
367.000000  368.000000  0.000019 
368.000000  369.000000  0.000018 
369.000000  370.000000  0.000018 
370.000000  371.000000  0.000018 
371.000000  372.000000  0.000018 
372.000000  373.000000  0.000018 
373.000000  374.000000  0.000018 
374.000000  375.000000  0.000017 
375.000000  376.000000  0.000017 
376.000000  377.000000  0.000017 
377.000000  378.000000  0.000017 
378.000000  379.000000  0.000017 
379.000000  380.000000  0.000017 
380.000000  381.000000  0.000016 
381.000000  382.000000  0.000016 
382.000000  383.000000  0.000016 
383.000000  384.000000  0.000016 
384.000000  385.000000  0.000016 
385.000000  386.000000  0.000016 
386.000000  387.000000  0.000015 
387.000000  388.000000  0.000015 
388.000000  389.000000  0.000015 
389.000000  390.000000  0.000015 
390.000000  391.000000  0.000015 
391.000000  392.000000  0.000015 
392.000000  393.000000  0.000015 
393.000000  394.000000  0.000014 
394.000000  395.000000  0.000014 
395.000000  396.000000  0.000014 
396.000000  397.000000  0.000014 
397.000000  398.000000  0.000014 
398.000000  399.000000  0.000014 
399.000000  400.000000  0.000014 
400.000000  401.000000  0.000014 
401.000000  402.000000  0.000013 
402.000000  403.000000  0.000013 
403.000000  404.000000  0.000013 
404.000000  405.000000  0.000013 
405.000000  406.000000  0.000013 
406.000000  407.000000  0.000013 
407.000000  408.000000  0.000013 
408.000000  409.000000  0.000013 
409.000000  410.000000  0.000012 
410.000000  411.000000  0.000012 
411.000000  412.000000  0.000012 
412.000000  413.000000  0.000012 
413.000000  414.000000  0.000012 
414.000000  415.000000  0.000012 
415.000000  416.000000  0.000012 
416.000000  417.000000  0.000012 
417.000000  418.000000  0.000012 
418.000000  419.000000  0.000012 
419.000000  420.000000  0.000011 
420.000000  421.000000  0.000011 
421.000000  422.000000  0.000011 
422.000000  423.000000  0.000011 
423.000000  424.000000  0.000011 
424.000000  425.000000  0.000011 
425.000000  426.000000  0.000011 
426.000000  427.000000  0.000011 
427.000000  428.000000  0.000011 
428.000000  429.000000  0.000011 
429.000000  430.000000  0.000010 
430.000000  431.000000  0.000010 
431.000000  432.000000  0.000010 
432.000000  433.000000  0.000010 
433.000000  434.000000  0.000010 
434.000000  435.000000  0.000010 
435.000000  436.000000  0.000010 
436.000000  437.000000  0.000010 
437.000000  438.000000  0.000010 
438.000000  439.000000  0.000010 
439.000000  440.000000  0.000010 
440.000000  441.000000  0.000010 
441.000000  442.000000  0.000009 
442.000000  443.000000  0.000009 
443.000000  444.000000  0.000009 
444.000000  445.000000  0.000009 
445.000000  446.000000  0.000009 
446.000000  447.000000  0.000009 
447.000000  448.000000  0.000009 
448.000000  449.000000  0.000009 
449.000000  450.000000  0.000009 
450.000000  451.000000  0.000009 
451.000000  452.000000  0.000009 
452.000000  453.000000  0.000009 
453.000000  454.000000  0.000009 
454.000000  455.000000  0.000009 
455.000000  456.000000  0.000009 
456.000000  457.000000  0.000008 
457.000000  458.000000  0.000008 
458.000000  459.000000  0.000008 
459.000000  460.000000  0.000008 
460.000000  461.000000  0.000008 
461.000000  462.000000  0.000008 
462.000000  463.000000  0.000008 
463.000000  464.000000  0.000008 
464.000000  465.000000  0.000008 
465.000000  466.000000  0.000008 
466.000000  467.000000  0.000008 
467.000000  468.000000  0.000008 
468.000000  469.000000  0.000008 
469.000000  470.000000  0.000008 
470.000000  471.000000  0.000008 
471.000000  472.000000  0.000008 
472.000000  473.000000  0.000008 
473.000000  474.000000  0.000007 
474.000000  475.000000  0.000007 
475.000000  476.000000  0.000007 
476.000000  477.000000  0.000007 
477.000000  478.000000  0.000007 
478.000000  479.000000  0.000007 
479.000000  480.000000  0.000007 
480.000000  481.000000  0.000007 
481.000000  482.000000  0.000007 
482.000000  483.000000  0.000007 
483.000000  484.000000  0.000007 
484.000000  485.000000  0.000007 
485.000000  486.000000  0.000007 
486.000000  487.000000  0.000007 
487.000000  488.000000  0.000007 
488.000000  489.000000  0.000007 
489.000000  490.000000  0.000007 
490.000000  491.000000  0.000007 
491.000000  492.000000  0.000007 
492.000000  493.000000  0.000007 
493.000000  494.000000  0.000007 
494.000000  495.000000  0.000006 
495.000000  496.000000  0.000006 
496.000000  497.000000  0.000006 
497.000000  498.000000  0.000006 
498.000000  499.000000  0.000006 
499.000000  500.000000  0.000006 
500.000000  501.000000  0.000006 
501.000000  502.000000  0.000006 
502.000000  503.000000  0.000006 
503.000000  504.000000  0.000006 
504.000000  505.000000  0.000006 
505.000000  506.000000  0.000006 
506.000000  507.000000  0.000006 
507.000000  508.000000  0.000006 
508.000000  509.000000  0.000006 
509.000000  510.000000  0.000006 
510.000000  511.000000  0.000006 
511.000000  512.000000  0.000006 
512.000000  513.000000  0.000006 
513.000000  514.000000  0.000006 
514.000000  515.000000  0.000006 
515.000000  516.000000  0.000006 
516.000000  517.000000  0.000006 
517.000000  518.000000  0.000006 
518.000000  519.000000  0.000006 
519.000000  520.000000  0.000006 
520.000000  521.000000  0.000006 
521.000000  522.000000  0.000005 
522.000000  523.000000  0.000005 
523.000000  524.000000  0.000005 
524.000000  525.000000  0.000005 
525.000000  526.000000  0.000005 
526.000000  527.000000  0.000005 
527.000000  528.000000  0.000005 
528.000000  529.000000  0.000005 
529.000000  530.000000  0.000005 
530.000000  531.000000  0.000005 
531.000000  532.000000  0.000005 
532.000000  533.000000  0.000005 
533.000000  534.000000  0.000005 
534.000000  535.000000  0.000005 
535.000000  536.000000  0.000005 
536.000000  537.000000  0.000005 
537.000000  538.000000  0.000005 
538.000000  539.000000  0.000005 
539.000000  540.000000  0.000005 
540.000000  541.000000  0.000005 
541.000000  542.000000  0.000005 
542.000000  543.000000  0.000005 
543.000000  544.000000  0.000005 
544.000000  545.000000  0.000005 
545.000000  546.000000  0.000005 
546.000000  547.000000  0.000005 
547.000000  548.000000  0.000005 
548.000000  549.000000  0.000005 
549.000000  550.000000  0.000005 
550.000000  551.000000  0.000005 
551.000000  552.000000  0.000005 
552.000000  553.000000  0.000005 
553.000000  554.000000  0.000005 
554.000000  555.000000  0.000005 
555.000000  556.000000  0.000005 
556.000000  557.000000  0.000005 
557.000000  558.000000  0.000005 
558.000000  559.000000  0.000005 
559.000000  560.000000  0.000004 
560.000000  561.000000  0.000004 
561.000000  562.000000  0.000004 
562.000000  563.000000  0.000004 
563.000000  564.000000  0.000004 
564.000000  565.000000  0.000004 
565.000000  566.000000  0.000004 
566.000000  567.000000  0.000004 
567.000000  568.000000  0.000004 
568.000000  569.000000  0.000004 
569.000000  570.000000  0.000004 
570.000000  571.000000  0.000004 
571.000000  572.000000  0.000004 
572.000000  573.000000  0.000004 
573.000000  574.000000  0.000004 
574.000000  575.000000  0.000004 
575.000000  576.000000  0.000004 
576.000000  577.000000  0.000004 
577.000000  578.000000  0.000004 
578.000000  579.000000  0.000004 
579.000000  580.000000  0.000004 
580.000000  581.000000  0.000004 
581.000000  582.000000  0.000004 
582.000000  583.000000  0.000004 
583.000000  584.000000  0.000004 
584.000000  585.000000  0.000004 
585.000000  586.000000  0.000004 
586.000000  587.000000  0.000004 
587.000000  588.000000  0.000004 
588.000000  589.000000  0.000004 
589.000000  590.000000  0.000004 
590.000000  591.000000  0.000004 
591.000000  592.000000  0.000004 
592.000000  593.000000  0.000004 
593.000000  594.000000  0.000004 
594.000000  595.000000  0.000004 
595.000000  596.000000  0.000004 
596.000000  597.000000  0.000004 
597.000000  598.000000  0.000004 
598.000000  599.000000  0.000004 
599.000000  600.000000  0.000004 
600.000000  601.000000  0.000004 
601.000000  602.000000  0.000004 
602.000000  603.000000  0.000004 
603.000000  604.000000  0.000004 
604.000000  605.000000  0.000004 
605.000000  606.000000  0.000004 
606.000000  607.000000  0.000004 
607.000000  608.000000  0.000004 
608.000000  609.000000  0.000004 
609.000000  610.000000  0.000004 
610.000000  611.000000  0.000004 
611.000000  612.000000  0.000004 
612.000000  613.000000  0.000004 
613.000000  614.000000  0.000004 
614.000000  615.000000  0.000004 
615.000000  616.000000  0.000004 
616.000000  617.000000  0.000004 
617.000000  618.000000  0.000004 
618.000000  619.000000  0.000004 
619.000000  620.000000  0.000004 
620.000000  621.000000  0.000004 
621.000000  622.000000  0.000004 
622.000000  623.000000  0.000004 
623.000000  624.000000  0.000004 
624.000000  625.000000  0.000004 
625.000000  626.000000  0.000004 
626.000000  627.000000  0.000003 
627.000000  628.000000  0.000003 
628.000000  629.000000  0.000003 
629.000000  630.000000  0.000003 
630.000000  631.000000  0.000003 
631.000000  632.000000  0.000003 
632.000000  633.000000  0.000003 
633.000000  634.000000  0.000003 
634.000000  635.000000  0.000003 
635.000000  636.000000  0.000003 
636.000000  637.000000  0.000003 
637.000000  638.000000  0.000003 
638.000000  639.000000  0.000003 
639.000000  640.000000  0.000003 
640.000000  641.000000  0.000003 
641.000000  642.000000  0.000003 
642.000000  643.000000  0.000003 
643.000000  644.000000  0.000003 
644.000000  645.000000  0.000003 
645.000000  646.000000  0.000003 
646.000000  647.000000  0.000003 
647.000000  648.000000  0.000003 
648.000000  649.000000  0.000003 
649.000000  650.000000  0.000003 
650.000000  651.000000  0.000003 
651.000000  652.000000  0.000003 
652.000000  653.000000  0.000003 
653.000000  654.000000  0.000003 
654.000000  655.000000  0.000003 
655.000000  656.000000  0.000003 
656.000000  657.000000  0.000003 
657.000000  658.000000  0.000003 
658.000000  659.000000  0.000003 
659.000000  660.000000  0.000003 
660.000000  661.000000  0.000003 
661.000000  662.000000  0.000003 
662.000000  663.000000  0.000003 
663.000000  664.000000  0.000003 
664.000000  665.000000  0.000003 
665.000000  666.000000  0.000003 
666.000000  667.000000  0.000003 
667.000000  668.000000  0.000003 
668.000000  669.000000  0.000003 
669.000000  670.000000  0.000003 
670.000000  671.000000  0.000003 
671.000000  672.000000  0.000003 
672.000000  673.000000  0.000003 
673.000000  674.000000  0.000003 
674.000000  675.000000  0.000003 
675.000000  676.000000  0.000003 
676.000000  677.000000  0.000003 
677.000000  678.000000  0.000003 
678.000000  679.000000  0.000003 
679.000000  680.000000  0.000003 
680.000000  681.000000  0.000003 
681.000000  682.000000  0.000003 
682.000000  683.000000  0.000003 
683.000000  684.000000  0.000003 
684.000000  685.000000  0.000003 
685.000000  686.000000  0.000003 
686.000000  687.000000  0.000003 
687.000000  688.000000  0.000003 
688.000000  689.000000  0.000003 
689.000000  690.000000  0.000003 
690.000000  691.000000  0.000003 
691.000000  692.000000  0.000003 
692.000000  693.000000  0.000003 
693.000000  694.000000  0.000003 
694.000000  695.000000  0.000003 
695.000000  696.000000  0.000003 
696.000000  697.000000  0.000003 
697.000000  698.000000  0.000003 
698.000000  699.000000  0.000003 
699.000000  700.000000  0.000003 
700.000000  701.000000  0.000003 
701.000000  702.000000  0.000003 
702.000000  703.000000  0.000003 
703.000000  704.000000  0.000003 
704.000000  705.000000  0.000003 
705.000000  706.000000  0.000003 
706.000000  707.000000  0.000003 
707.000000  708.000000  0.000003 
708.000000  709.000000  0.000003 
709.000000  710.000000  0.000003 
710.000000  711.000000  0.000003 
711.000000  712.000000  0.000003 
712.000000  713.000000  0.000003 
713.000000  714.000000  0.000003 
714.000000  715.000000  0.000003 
715.000000  716.000000  0.000003 
716.000000  717.000000  0.000003 
717.000000  718.000000  0.000003 
718.000000  719.000000  0.000003 
719.000000  720.000000  0.000003 
720.000000  721.000000  0.000003 
721.000000  722.000000  0.000003 
722.000000  723.000000  0.000003 
723.000000  724.000000  0.000003 
724.000000  725.000000  0.000003 
725.000000  726.000000  0.000003 
726.000000  727.000000  0.000003 
727.000000  728.000000  0.000003 
728.000000  729.000000  0.000003 
729.000000  730.000000  0.000003 
730.000000  731.000000  0.000003 
731.000000  732.000000  0.000003 
732.000000  733.000000  0.000003 
733.000000  734.000000  0.000003 
734.000000  735.000000  0.000003 
735.000000  736.000000  0.000003 
736.000000  737.000000  0.000003 
737.000000  738.000000  0.000003 
738.000000  739.000000  0.000003 
739.000000  740.000000  0.000003 
740.000000  741.000000  0.000003 
741.000000  742.000000  0.000003 
742.000000  743.000000  0.000003 
743.000000  744.000000  0.000003 
744.000000  745.000000  0.000003 
745.000000  746.000000  0.000003 
746.000000  747.000000  0.000003 
747.000000  748.000000  0.000003 
748.000000  749.000000  0.000003 
749.000000  750.000000  0.000003 
750.000000  751.000000  0.000003 
751.000000  752.000000  0.000003 
752.000000  753.000000  0.000003 
753.000000  754.000000  0.000003 
754.000000  755.000000  0.000003 
755.000000  756.000000  0.000003 
756.000000  757.000000  0.000003 
757.000000  758.000000  0.000003 
758.000000  759.000000  0.000003 
759.000000  760.000000  0.000003 
760.000000  761.000000  0.000003 
761.000000  762.000000  0.000003 
762.000000  763.000000  0.000003 
763.000000  764.000000  0.000003 
764.000000  765.000000  0.000003 
765.000000  766.000000  0.000003 
766.000000  767.000000  0.000003 
767.000000  768.000000  0.000003 
768.000000  769.000000  0.000003 
769.000000  770.000000  0.000003 
770.000000  771.000000  0.000003 
771.000000  772.000000  0.000003 
772.000000  773.000000  0.000003 
773.000000  774.000000  0.000003 
774.000000  775.000000  0.000003 
775.000000  776.000000  0.000003 
776.000000  777.000000  0.000003 
777.000000  778.000000  0.000003 
778.000000  779.000000  0.000003 
779.000000  780.000000  0.000003 
780.000000  781.000000  0.000003 
781.000000  782.000000  0.000003 
782.000000  783.000000  0.000003 
783.000000  784.000000  0.000003 
784.000000  785.000000  0.000003 
785.000000  786.000000  0.000003 
786.000000  787.000000  0.000003 
787.000000  788.000000  0.000003 
788.000000  789.000000  0.000003 
789.000000  790.000000  0.000003 
790.000000  791.000000  0.000003 
791.000000  792.000000  0.000003 
792.000000  793.000000  0.000003 
793.000000  794.000000  0.000003 
794.000000  795.000000  0.000003 
795.000000  796.000000  0.000003 
796.000000  797.000000  0.000003 
797.000000  798.000000  0.000003 
798.000000  799.000000  0.000003 
799.000000  800.000000  0.000003 
