17.000000  18.000000  0.000000 
18.000000  19.000000  0.000000 
19.000000  20.000000  0.000000 
20.000000  21.000000  0.000000 
21.000000  22.000000  0.000000 
22.000000  23.000000  0.000000 
23.000000  24.000000  0.000000 
24.000000  25.000000  0.000000 
25.000000  26.000000  0.000000 
26.000000  27.000000  0.000000 
27.000000  28.000000  0.000000 
28.000000  29.000000  0.000000 
29.000000  30.000000  0.000000 
30.000000  31.000000  0.000000 
31.000000  32.000000  0.000000 
32.000000  33.000000  0.000001 
33.000000  34.000000  0.000001 
34.000000  35.000000  0.000001 
35.000000  36.000000  0.000002 
36.000000  37.000000  0.000003 
37.000000  38.000000  0.000004 
38.000000  39.000000  0.000005 
39.000000  40.000000  0.000007 
40.000000  41.000000  0.000009 
41.000000  42.000000  0.000011 
42.000000  43.000000  0.000014 
43.000000  44.000000  0.000017 
44.000000  45.000000  0.000020 
45.000000  46.000000  0.000025 
46.000000  47.000000  0.000029 
47.000000  48.000000  0.000035 
48.000000  49.000000  0.000041 
49.000000  50.000000  0.000047 
50.000000  51.000000  0.000054 
51.000000  52.000000  0.000062 
52.000000  53.000000  0.000070 
53.000000  54.000000  0.000079 
54.000000  55.000000  0.000089 
55.000000  56.000000  0.000099 
56.000000  57.000000  0.000110 
57.000000  58.000000  0.000121 
58.000000  59.000000  0.000133 
59.000000  60.000000  0.000145 
60.000000  61.000000  0.000158 
61.000000  62.000000  0.000171 
62.000000  63.000000  0.000184 
63.000000  64.000000  0.000198 
64.000000  65.000000  0.000213 
65.000000  66.000000  0.000227 
66.000000  67.000000  0.000242 
67.000000  68.000000  0.000257 
68.000000  69.000000  0.000272 
69.000000  70.000000  0.000287 
70.000000  71.000000  0.000303 
71.000000  72.000000  0.000319 
72.000000  73.000000  0.000334 
73.000000  74.000000  0.000350 
74.000000  75.000000  0.000366 
75.000000  76.000000  0.000382 
76.000000  77.000000  0.000398 
77.000000  78.000000  0.000413 
78.000000  79.000000  0.000429 
79.000000  80.000000  0.000445 
80.000000  81.000000  0.000461 
81.000000  82.000000  0.000476 
82.000000  83.000000  0.000492 
83.000000  84.000000  0.000507 
84.000000  85.000000  0.000522 
85.000000  86.000000  0.000539 
86.000000  87.000000  0.000554 
87.000000  88.000000  0.000568 
88.000000  89.000000  0.000583 
89.000000  90.000000  0.000598 
90.000000  91.000000  0.000612 
91.000000  92.000000  0.000627 
92.000000  93.000000  0.000641 
93.000000  94.000000  0.000655 
94.000000  95.000000  0.000669 
95.000000  96.000000  0.000683 
96.000000  97.000000  0.000696 
97.000000  98.000000  0.000710 
98.000000  99.000000  0.000723 
99.000000  100.000000  0.000736 
100.000000  101.000000  0.000749 
101.000000  102.000000  0.000762 
102.000000  103.000000  0.000775 
103.000000  104.000000  0.000788 
104.000000  105.000000  0.000801 
105.000000  106.000000  0.000813 
106.000000  107.000000  0.000826 
107.000000  108.000000  0.000838 
108.000000  109.000000  0.000850 
109.000000  110.000000  0.000862 
110.000000  111.000000  0.000874 
111.000000  112.000000  0.000886 
112.000000  113.000000  0.000898 
113.000000  114.000000  0.000910 
114.000000  115.000000  0.000922 
115.000000  116.000000  0.000933 
116.000000  117.000000  0.000945 
117.000000  118.000000  0.000956 
118.000000  119.000000  0.000968 
119.000000  120.000000  0.000979 
120.000000  121.000000  0.000990 
121.000000  122.000000  0.001001 
122.000000  123.000000  0.001013 
123.000000  124.000000  0.001024 
124.000000  125.000000  0.001035 
125.000000  126.000000  0.001046 
126.000000  127.000000  0.001057 
127.000000  128.000000  0.001068 
128.000000  129.000000  0.001078 
129.000000  130.000000  0.001089 
130.000000  131.000000  0.001100 
131.000000  132.000000  0.001111 
132.000000  133.000000  0.001121 
133.000000  134.000000  0.001132 
134.000000  135.000000  0.001142 
135.000000  136.000000  0.001153 
136.000000  137.000000  0.001163 
137.000000  138.000000  0.001174 
138.000000  139.000000  0.001184 
139.000000  140.000000  0.001195 
140.000000  141.000000  0.001205 
141.000000  142.000000  0.001215 
142.000000  143.000000  0.001226 
143.000000  144.000000  0.001236 
144.000000  145.000000  0.001246 
145.000000  146.000000  0.001256 
146.000000  147.000000  0.001266 
147.000000  148.000000  0.001276 
148.000000  149.000000  0.001286 
149.000000  150.000000  0.001296 
150.000000  151.000000  0.001306 
151.000000  152.000000  0.001316 
152.000000  153.000000  0.001326 
153.000000  154.000000  0.001336 
154.000000  155.000000  0.001345 
155.000000  156.000000  0.001355 
156.000000  157.000000  0.001365 
157.000000  158.000000  0.001374 
158.000000  159.000000  0.001384 
159.000000  160.000000  0.001393 
160.000000  161.000000  0.001403 
161.000000  162.000000  0.001412 
162.000000  163.000000  0.001421 
163.000000  164.000000  0.001431 
164.000000  165.000000  0.001440 
165.000000  166.000000  0.001449 
166.000000  167.000000  0.001458 
167.000000  168.000000  0.001467 
168.000000  169.000000  0.001476 
169.000000  170.000000  0.001485 
170.000000  171.000000  0.001494 
171.000000  172.000000  0.001503 
172.000000  173.000000  0.001512 
173.000000  174.000000  0.001520 
174.000000  175.000000  0.001529 
175.000000  176.000000  0.001538 
176.000000  177.000000  0.001546 
177.000000  178.000000  0.001555 
178.000000  179.000000  0.001563 
179.000000  180.000000  0.001571 
180.000000  181.000000  0.001580 
181.000000  182.000000  0.001588 
182.000000  183.000000  0.001596 
183.000000  184.000000  0.001604 
184.000000  185.000000  0.001612 
185.000000  186.000000  0.001620 
186.000000  187.000000  0.001628 
187.000000  188.000000  0.001635 
188.000000  189.000000  0.001643 
189.000000  190.000000  0.001651 
190.000000  191.000000  0.001658 
191.000000  192.000000  0.001666 
192.000000  193.000000  0.001673 
193.000000  194.000000  0.001680 
194.000000  195.000000  0.001688 
195.000000  196.000000  0.001695 
196.000000  197.000000  0.001702 
197.000000  198.000000  0.001709 
198.000000  199.000000  0.001716 
199.000000  200.000000  0.001723 
200.000000  201.000000  0.001729 
201.000000  202.000000  0.001736 
202.000000  203.000000  0.001743 
203.000000  204.000000  0.001749 
204.000000  205.000000  0.001756 
205.000000  206.000000  0.001762 
206.000000  207.000000  0.001769 
207.000000  208.000000  0.001775 
208.000000  209.000000  0.001781 
209.000000  210.000000  0.001787 
210.000000  211.000000  0.001793 
211.000000  212.000000  0.001799 
212.000000  213.000000  0.001805 
213.000000  214.000000  0.001811 
214.000000  215.000000  0.001816 
215.000000  216.000000  0.001822 
216.000000  217.000000  0.001828 
217.000000  218.000000  0.001833 
218.000000  219.000000  0.001838 
219.000000  220.000000  0.001844 
220.000000  221.000000  0.001849 
221.000000  222.000000  0.001854 
222.000000  223.000000  0.001859 
223.000000  224.000000  0.001864 
224.000000  225.000000  0.001869 
225.000000  226.000000  0.001874 
226.000000  227.000000  0.001879 
227.000000  228.000000  0.001884 
228.000000  229.000000  0.001889 
229.000000  230.000000  0.001893 
230.000000  231.000000  0.001898 
231.000000  232.000000  0.001902 
232.000000  233.000000  0.001907 
233.000000  234.000000  0.001911 
234.000000  235.000000  0.001915 
235.000000  236.000000  0.001920 
236.000000  237.000000  0.001924 
237.000000  238.000000  0.001928 
238.000000  239.000000  0.001932 
239.000000  240.000000  0.001936 
240.000000  241.000000  0.001940 
241.000000  242.000000  0.001944 
242.000000  243.000000  0.001948 
243.000000  244.000000  0.001951 
244.000000  245.000000  0.001955 
245.000000  246.000000  0.001959 
246.000000  247.000000  0.001962 
247.000000  248.000000  0.001966 
248.000000  249.000000  0.001969 
249.000000  250.000000  0.001973 
250.000000  251.000000  0.001976 
251.000000  252.000000  0.001980 
252.000000  253.000000  0.001983 
253.000000  254.000000  0.001986 
254.000000  255.000000  0.001989 
255.000000  256.000000  0.001993 
256.000000  257.000000  0.001996 
257.000000  258.000000  0.001999 
258.000000  259.000000  0.002002 
259.000000  260.000000  0.002005 
260.000000  261.000000  0.002008 
261.000000  262.000000  0.002011 
262.000000  263.000000  0.002013 
263.000000  264.000000  0.002016 
264.000000  265.000000  0.002019 
265.000000  266.000000  0.002022 
266.000000  267.000000  0.002025 
267.000000  268.000000  0.002027 
268.000000  269.000000  0.002030 
269.000000  270.000000  0.002033 
270.000000  271.000000  0.002035 
271.000000  272.000000  0.002038 
272.000000  273.000000  0.002040 
273.000000  274.000000  0.002043 
274.000000  275.000000  0.002045 
275.000000  276.000000  0.002048 
276.000000  277.000000  0.002050 
277.000000  278.000000  0.002052 
278.000000  279.000000  0.002055 
279.000000  280.000000  0.002057 
280.000000  281.000000  0.002060 
281.000000  282.000000  0.002062 
282.000000  283.000000  0.002064 
283.000000  284.000000  0.002066 
284.000000  285.000000  0.002069 
285.000000  286.000000  0.002071 
286.000000  287.000000  0.002073 
287.000000  288.000000  0.002075 
288.000000  289.000000  0.002077 
289.000000  290.000000  0.002079 
290.000000  291.000000  0.002081 
291.000000  292.000000  0.002084 
292.000000  293.000000  0.002086 
293.000000  294.000000  0.002088 
294.000000  295.000000  0.002090 
295.000000  296.000000  0.002092 
296.000000  297.000000  0.002094 
297.000000  298.000000  0.002096 
298.000000  299.000000  0.002098 
299.000000  300.000000  0.002100 
300.000000  301.000000  0.002102 
301.000000  302.000000  0.002104 
302.000000  303.000000  0.002106 
303.000000  304.000000  0.002107 
304.000000  305.000000  0.002109 
305.000000  306.000000  0.002111 
306.000000  307.000000  0.002113 
307.000000  308.000000  0.002115 
308.000000  309.000000  0.002117 
309.000000  310.000000  0.002119 
310.000000  311.000000  0.002121 
311.000000  312.000000  0.002122 
312.000000  313.000000  0.002124 
313.000000  314.000000  0.002126 
314.000000  315.000000  0.002128 
315.000000  316.000000  0.002130 
316.000000  317.000000  0.002132 
317.000000  318.000000  0.002133 
318.000000  319.000000  0.002135 
319.000000  320.000000  0.002137 
320.000000  321.000000  0.002139 
321.000000  322.000000  0.002141 
322.000000  323.000000  0.002142 
323.000000  324.000000  0.002144 
324.000000  325.000000  0.002146 
325.000000  326.000000  0.002148 
326.000000  327.000000  0.002149 
327.000000  328.000000  0.002151 
328.000000  329.000000  0.002153 
329.000000  330.000000  0.002154 
330.000000  331.000000  0.002156 
331.000000  332.000000  0.002158 
332.000000  333.000000  0.002160 
333.000000  334.000000  0.002161 
334.000000  335.000000  0.002163 
335.000000  336.000000  0.002165 
336.000000  337.000000  0.002166 
337.000000  338.000000  0.002168 
338.000000  339.000000  0.002170 
339.000000  340.000000  0.002172 
340.000000  341.000000  0.002173 
341.000000  342.000000  0.002175 
342.000000  343.000000  0.002177 
343.000000  344.000000  0.002178 
344.000000  345.000000  0.002180 
345.000000  346.000000  0.002182 
346.000000  347.000000  0.002183 
347.000000  348.000000  0.002185 
348.000000  349.000000  0.002187 
349.000000  350.000000  0.002188 
350.000000  351.000000  0.002190 
351.000000  352.000000  0.002192 
352.000000  353.000000  0.002193 
353.000000  354.000000  0.002195 
354.000000  355.000000  0.002197 
355.000000  356.000000  0.002198 
356.000000  357.000000  0.002200 
357.000000  358.000000  0.002201 
358.000000  359.000000  0.002203 
359.000000  360.000000  0.002205 
360.000000  361.000000  0.002206 
361.000000  362.000000  0.002208 
362.000000  363.000000  0.002210 
363.000000  364.000000  0.002211 
364.000000  365.000000  0.002213 
365.000000  366.000000  0.002214 
366.000000  367.000000  0.002216 
367.000000  368.000000  0.002218 
368.000000  369.000000  0.002219 
369.000000  370.000000  0.002221 
370.000000  371.000000  0.002222 
371.000000  372.000000  0.002224 
372.000000  373.000000  0.002225 
373.000000  374.000000  0.002227 
374.000000  375.000000  0.002229 
375.000000  376.000000  0.002230 
376.000000  377.000000  0.002232 
377.000000  378.000000  0.002233 
378.000000  379.000000  0.002235 
379.000000  380.000000  0.002236 
380.000000  381.000000  0.002238 
381.000000  382.000000  0.002239 
382.000000  383.000000  0.002241 
383.000000  384.000000  0.002242 
384.000000  385.000000  0.002244 
385.000000  386.000000  0.002245 
386.000000  387.000000  0.002247 
387.000000  388.000000  0.002248 
388.000000  389.000000  0.002250 
389.000000  390.000000  0.002251 
390.000000  391.000000  0.002253 
391.000000  392.000000  0.002254 
392.000000  393.000000  0.002256 
393.000000  394.000000  0.002257 
394.000000  395.000000  0.002259 
395.000000  396.000000  0.002260 
396.000000  397.000000  0.002262 
397.000000  398.000000  0.002263 
398.000000  399.000000  0.002264 
399.000000  400.000000  0.002266 
400.000000  401.000000  0.002267 
401.000000  402.000000  0.002269 
402.000000  403.000000  0.002270 
403.000000  404.000000  0.002271 
404.000000  405.000000  0.002273 
405.000000  406.000000  0.002274 
406.000000  407.000000  0.002276 
407.000000  408.000000  0.002277 
408.000000  409.000000  0.002278 
409.000000  410.000000  0.002280 
410.000000  411.000000  0.002281 
411.000000  412.000000  0.002282 
412.000000  413.000000  0.002284 
413.000000  414.000000  0.002285 
414.000000  415.000000  0.002286 
415.000000  416.000000  0.002288 
416.000000  417.000000  0.002289 
417.000000  418.000000  0.002290 
418.000000  419.000000  0.002291 
419.000000  420.000000  0.002293 
420.000000  421.000000  0.002294 
421.000000  422.000000  0.002295 
422.000000  423.000000  0.002296 
423.000000  424.000000  0.002298 
424.000000  425.000000  0.002299 
425.000000  426.000000  0.002300 
426.000000  427.000000  0.002301 
427.000000  428.000000  0.002302 
428.000000  429.000000  0.002304 
429.000000  430.000000  0.002305 
430.000000  431.000000  0.002306 
431.000000  432.000000  0.002307 
432.000000  433.000000  0.002308 
433.000000  434.000000  0.002309 
434.000000  435.000000  0.002310 
435.000000  436.000000  0.002312 
436.000000  437.000000  0.002313 
437.000000  438.000000  0.002314 
438.000000  439.000000  0.002315 
439.000000  440.000000  0.002316 
440.000000  441.000000  0.002317 
441.000000  442.000000  0.002318 
442.000000  443.000000  0.002319 
443.000000  444.000000  0.002320 
444.000000  445.000000  0.002321 
445.000000  446.000000  0.002322 
446.000000  447.000000  0.002323 
447.000000  448.000000  0.002324 
448.000000  449.000000  0.002325 
449.000000  450.000000  0.002326 
450.000000  451.000000  0.002327 
451.000000  452.000000  0.002328 
452.000000  453.000000  0.002329 
453.000000  454.000000  0.002330 
454.000000  455.000000  0.002331 
455.000000  456.000000  0.002332 
456.000000  457.000000  0.002332 
457.000000  458.000000  0.002333 
458.000000  459.000000  0.002334 
459.000000  460.000000  0.002335 
460.000000  461.000000  0.002336 
461.000000  462.000000  0.002337 
462.000000  463.000000  0.002338 
463.000000  464.000000  0.002338 
464.000000  465.000000  0.002339 
465.000000  466.000000  0.002340 
466.000000  467.000000  0.002341 
467.000000  468.000000  0.002342 
468.000000  469.000000  0.002342 
469.000000  470.000000  0.002343 
470.000000  471.000000  0.002344 
471.000000  472.000000  0.002345 
472.000000  473.000000  0.002345 
473.000000  474.000000  0.002346 
474.000000  475.000000  0.002347 
475.000000  476.000000  0.002348 
476.000000  477.000000  0.002348 
477.000000  478.000000  0.002349 
478.000000  479.000000  0.002350 
479.000000  480.000000  0.002350 
480.000000  481.000000  0.002351 
481.000000  482.000000  0.002352 
482.000000  483.000000  0.002352 
483.000000  484.000000  0.002353 
484.000000  485.000000  0.002353 
485.000000  486.000000  0.002354 
486.000000  487.000000  0.002355 
487.000000  488.000000  0.002355 
488.000000  489.000000  0.002356 
489.000000  490.000000  0.002356 
490.000000  491.000000  0.002357 
491.000000  492.000000  0.002357 
492.000000  493.000000  0.002358 
493.000000  494.000000  0.002358 
494.000000  495.000000  0.002359 
495.000000  496.000000  0.002360 
496.000000  497.000000  0.002360 
497.000000  498.000000  0.002361 
498.000000  499.000000  0.002361 
499.000000  500.000000  0.002361 
500.000000  501.000000  0.002362 
501.000000  502.000000  0.002362 
502.000000  503.000000  0.002363 
503.000000  504.000000  0.002363 
504.000000  505.000000  0.002364 
505.000000  506.000000  0.002364 
506.000000  507.000000  0.002365 
507.000000  508.000000  0.002365 
508.000000  509.000000  0.002365 
509.000000  510.000000  0.002366 
510.000000  511.000000  0.002366 
511.000000  512.000000  0.002367 
512.000000  513.000000  0.002367 
513.000000  514.000000  0.002367 
514.000000  515.000000  0.002368 
515.000000  516.000000  0.002368 
516.000000  517.000000  0.002368 
517.000000  518.000000  0.002369 
518.000000  519.000000  0.002369 
519.000000  520.000000  0.002369 
520.000000  521.000000  0.002370 
521.000000  522.000000  0.002370 
522.000000  523.000000  0.002370 
523.000000  524.000000  0.002371 
524.000000  525.000000  0.002371 
525.000000  526.000000  0.002371 
526.000000  527.000000  0.002371 
527.000000  528.000000  0.002372 
528.000000  529.000000  0.002372 
529.000000  530.000000  0.002372 
530.000000  531.000000  0.002372 
531.000000  532.000000  0.002373 
532.000000  533.000000  0.002373 
533.000000  534.000000  0.002373 
534.000000  535.000000  0.002373 
535.000000  536.000000  0.002373 
536.000000  537.000000  0.002374 
537.000000  538.000000  0.002374 
538.000000  539.000000  0.002374 
539.000000  540.000000  0.002374 
540.000000  541.000000  0.002374 
541.000000  542.000000  0.002375 
542.000000  543.000000  0.002375 
543.000000  544.000000  0.002375 
544.000000  545.000000  0.002375 
545.000000  546.000000  0.002375 
546.000000  547.000000  0.002375 
547.000000  548.000000  0.002375 
548.000000  549.000000  0.002376 
549.000000  550.000000  0.002376 
550.000000  551.000000  0.002376 
551.000000  552.000000  0.002376 
552.000000  553.000000  0.002376 
553.000000  554.000000  0.002376 
554.000000  555.000000  0.002376 
555.000000  556.000000  0.002376 
556.000000  557.000000  0.002377 
557.000000  558.000000  0.002377 
558.000000  559.000000  0.002377 
559.000000  560.000000  0.002377 
560.000000  561.000000  0.002377 
561.000000  562.000000  0.002377 
562.000000  563.000000  0.002377 
563.000000  564.000000  0.002377 
564.000000  565.000000  0.002377 
565.000000  566.000000  0.002377 
566.000000  567.000000  0.002377 
567.000000  568.000000  0.002377 
568.000000  569.000000  0.002377 
569.000000  570.000000  0.002377 
570.000000  571.000000  0.002377 
571.000000  572.000000  0.002377 
572.000000  573.000000  0.002377 
573.000000  574.000000  0.002377 
574.000000  575.000000  0.002377 
575.000000  576.000000  0.002377 
576.000000  577.000000  0.002377 
577.000000  578.000000  0.002377 
578.000000  579.000000  0.002377 
579.000000  580.000000  0.002377 
580.000000  581.000000  0.002377 
581.000000  582.000000  0.002377 
582.000000  583.000000  0.002377 
583.000000  584.000000  0.002377 
584.000000  585.000000  0.002377 
585.000000  586.000000  0.002377 
586.000000  587.000000  0.002377 
587.000000  588.000000  0.002377 
588.000000  589.000000  0.002377 
589.000000  590.000000  0.002377 
590.000000  591.000000  0.002377 
591.000000  592.000000  0.002377 
592.000000  593.000000  0.002377 
593.000000  594.000000  0.002377 
594.000000  595.000000  0.002377 
595.000000  596.000000  0.002377 
596.000000  597.000000  0.002377 
597.000000  598.000000  0.002377 
598.000000  599.000000  0.002377 
599.000000  600.000000  0.002377 
600.000000  601.000000  0.002377 
601.000000  602.000000  0.002377 
602.000000  603.000000  0.002377 
603.000000  604.000000  0.002377 
604.000000  605.000000  0.002377 
605.000000  606.000000  0.002376 
606.000000  607.000000  0.002376 
607.000000  608.000000  0.002376 
608.000000  609.000000  0.002376 
609.000000  610.000000  0.002376 
610.000000  611.000000  0.002376 
611.000000  612.000000  0.002376 
612.000000  613.000000  0.002376 
613.000000  614.000000  0.002376 
614.000000  615.000000  0.002376 
615.000000  616.000000  0.002376 
616.000000  617.000000  0.002376 
617.000000  618.000000  0.002375 
618.000000  619.000000  0.002375 
619.000000  620.000000  0.002375 
620.000000  621.000000  0.002375 
621.000000  622.000000  0.002375 
622.000000  623.000000  0.002375 
623.000000  624.000000  0.002375 
624.000000  625.000000  0.002375 
625.000000  626.000000  0.002375 
626.000000  627.000000  0.002374 
627.000000  628.000000  0.002374 
628.000000  629.000000  0.002374 
629.000000  630.000000  0.002374 
630.000000  631.000000  0.002374 
631.000000  632.000000  0.002374 
632.000000  633.000000  0.002374 
633.000000  634.000000  0.002374 
634.000000  635.000000  0.002374 
635.000000  636.000000  0.002373 
636.000000  637.000000  0.002373 
637.000000  638.000000  0.002373 
638.000000  639.000000  0.002373 
639.000000  640.000000  0.002373 
640.000000  641.000000  0.002373 
641.000000  642.000000  0.002373 
642.000000  643.000000  0.002373 
643.000000  644.000000  0.002372 
644.000000  645.000000  0.002372 
645.000000  646.000000  0.002372 
646.000000  647.000000  0.002372 
647.000000  648.000000  0.002372 
648.000000  649.000000  0.002372 
649.000000  650.000000  0.002372 
650.000000  651.000000  0.002371 
651.000000  652.000000  0.002371 
652.000000  653.000000  0.002371 
653.000000  654.000000  0.002371 
654.000000  655.000000  0.002371 
655.000000  656.000000  0.002371 
656.000000  657.000000  0.002371 
657.000000  658.000000  0.002371 
658.000000  659.000000  0.002370 
659.000000  660.000000  0.002370 
660.000000  661.000000  0.002370 
661.000000  662.000000  0.002370 
662.000000  663.000000  0.002370 
663.000000  664.000000  0.002370 
664.000000  665.000000  0.002370 
665.000000  666.000000  0.002369 
666.000000  667.000000  0.002369 
667.000000  668.000000  0.002369 
668.000000  669.000000  0.002369 
669.000000  670.000000  0.002369 
670.000000  671.000000  0.002369 
671.000000  672.000000  0.002368 
672.000000  673.000000  0.002368 
673.000000  674.000000  0.002368 
674.000000  675.000000  0.002368 
675.000000  676.000000  0.002368 
676.000000  677.000000  0.002368 
677.000000  678.000000  0.002368 
678.000000  679.000000  0.002367 
679.000000  680.000000  0.002367 
680.000000  681.000000  0.002367 
681.000000  682.000000  0.002367 
682.000000  683.000000  0.002367 
683.000000  684.000000  0.002367 
684.000000  685.000000  0.002367 
685.000000  686.000000  0.002366 
686.000000  687.000000  0.002366 
687.000000  688.000000  0.002366 
688.000000  689.000000  0.002366 
689.000000  690.000000  0.002366 
690.000000  691.000000  0.002366 
691.000000  692.000000  0.002365 
692.000000  693.000000  0.002365 
693.000000  694.000000  0.002365 
694.000000  695.000000  0.002365 
695.000000  696.000000  0.002365 
696.000000  697.000000  0.002365 
697.000000  698.000000  0.002365 
698.000000  699.000000  0.002364 
699.000000  700.000000  0.002364 
700.000000  701.000000  0.002364 
701.000000  702.000000  0.002364 
702.000000  703.000000  0.002364 
703.000000  704.000000  0.002364 
704.000000  705.000000  0.002363 
705.000000  706.000000  0.002363 
706.000000  707.000000  0.002363 
707.000000  708.000000  0.002363 
708.000000  709.000000  0.002363 
709.000000  710.000000  0.002363 
710.000000  711.000000  0.002362 
711.000000  712.000000  0.002362 
712.000000  713.000000  0.002362 
713.000000  714.000000  0.002362 
714.000000  715.000000  0.002362 
715.000000  716.000000  0.002362 
716.000000  717.000000  0.002362 
717.000000  718.000000  0.002361 
718.000000  719.000000  0.002361 
719.000000  720.000000  0.002361 
720.000000  721.000000  0.002361 
721.000000  722.000000  0.002361 
722.000000  723.000000  0.002361 
723.000000  724.000000  0.002360 
724.000000  725.000000  0.002360 
725.000000  726.000000  0.002360 
726.000000  727.000000  0.002360 
727.000000  728.000000  0.002360 
728.000000  729.000000  0.002360 
729.000000  730.000000  0.002360 
730.000000  731.000000  0.002359 
731.000000  732.000000  0.002359 
732.000000  733.000000  0.002359 
733.000000  734.000000  0.002359 
734.000000  735.000000  0.002359 
735.000000  736.000000  0.002359 
736.000000  737.000000  0.002359 
737.000000  738.000000  0.002358 
738.000000  739.000000  0.002358 
739.000000  740.000000  0.002358 
740.000000  741.000000  0.002358 
741.000000  742.000000  0.002358 
742.000000  743.000000  0.002358 
743.000000  744.000000  0.002357 
744.000000  745.000000  0.002357 
745.000000  746.000000  0.002357 
746.000000  747.000000  0.002357 
747.000000  748.000000  0.002357 
748.000000  749.000000  0.002357 
749.000000  750.000000  0.002357 
750.000000  751.000000  0.002356 
751.000000  752.000000  0.002356 
752.000000  753.000000  0.002356 
753.000000  754.000000  0.002356 
754.000000  755.000000  0.002356 
755.000000  756.000000  0.002356 
756.000000  757.000000  0.002356 
757.000000  758.000000  0.002355 
758.000000  759.000000  0.002355 
759.000000  760.000000  0.002355 
760.000000  761.000000  0.002355 
761.000000  762.000000  0.002355 
762.000000  763.000000  0.002355 
763.000000  764.000000  0.002354 
764.000000  765.000000  0.002354 
765.000000  766.000000  0.002354 
766.000000  767.000000  0.002354 
767.000000  768.000000  0.002354 
768.000000  769.000000  0.002354 
769.000000  770.000000  0.002354 
770.000000  771.000000  0.002353 
771.000000  772.000000  0.002353 
772.000000  773.000000  0.002353 
773.000000  774.000000  0.002353 
774.000000  775.000000  0.002353 
775.000000  776.000000  0.002353 
776.000000  777.000000  0.002353 
777.000000  778.000000  0.002353 
778.000000  779.000000  0.002352 
779.000000  780.000000  0.002352 
780.000000  781.000000  0.002352 
781.000000  782.000000  0.002352 
782.000000  783.000000  0.002352 
783.000000  784.000000  0.002352 
784.000000  785.000000  0.002352 
785.000000  786.000000  0.002351 
786.000000  787.000000  0.002351 
787.000000  788.000000  0.002351 
788.000000  789.000000  0.002351 
789.000000  790.000000  0.002351 
790.000000  791.000000  0.002351 
791.000000  792.000000  0.002351 
792.000000  793.000000  0.002350 
793.000000  794.000000  0.002350 
794.000000  795.000000  0.002350 
795.000000  796.000000  0.002350 
796.000000  797.000000  0.002350 
797.000000  798.000000  0.002350 
798.000000  799.000000  0.002350 
799.000000  800.000000  0.002350 
