17.000000  18.000000  0.000000 
18.000000  19.000000  0.000000 
19.000000  20.000000  0.000000 
20.000000  21.000000  0.000000 
21.000000  22.000000  0.000000 
22.000000  23.000000  0.000000 
23.000000  24.000000  0.000000 
24.000000  25.000000  0.000000 
25.000000  26.000000  0.000000 
26.000000  27.000000  0.000000 
27.000000  28.000000  0.000000 
28.000000  29.000000  0.000000 
29.000000  30.000000  0.000001 
30.000000  31.000000  0.000001 
31.000000  32.000000  0.000001 
32.000000  33.000000  0.000002 
33.000000  34.000000  0.000003 
34.000000  35.000000  0.000004 
35.000000  36.000000  0.000006 
36.000000  37.000000  0.000008 
37.000000  38.000000  0.000011 
38.000000  39.000000  0.000014 
39.000000  40.000000  0.000018 
40.000000  41.000000  0.000024 
41.000000  42.000000  0.000030 
42.000000  43.000000  0.000037 
43.000000  44.000000  0.000046 
44.000000  45.000000  0.000056 
45.000000  46.000000  0.000068 
46.000000  47.000000  0.000081 
47.000000  48.000000  0.000096 
48.000000  49.000000  0.000112 
49.000000  50.000000  0.000131 
50.000000  51.000000  0.000151 
51.000000  52.000000  0.000172 
52.000000  53.000000  0.000196 
53.000000  54.000000  0.000221 
54.000000  55.000000  0.000249 
55.000000  56.000000  0.000278 
56.000000  57.000000  0.000308 
57.000000  58.000000  0.000340 
58.000000  59.000000  0.000374 
59.000000  60.000000  0.000409 
60.000000  61.000000  0.000446 
61.000000  62.000000  0.000484 
62.000000  63.000000  0.000523 
63.000000  64.000000  0.000563 
64.000000  65.000000  0.000605 
65.000000  66.000000  0.000647 
66.000000  67.000000  0.000690 
67.000000  68.000000  0.000734 
68.000000  69.000000  0.000779 
69.000000  70.000000  0.000824 
70.000000  71.000000  0.000870 
71.000000  72.000000  0.000916 
72.000000  73.000000  0.000962 
73.000000  74.000000  0.001009 
74.000000  75.000000  0.001055 
75.000000  76.000000  0.001102 
76.000000  77.000000  0.001149 
77.000000  78.000000  0.001196 
78.000000  79.000000  0.001243 
79.000000  80.000000  0.001290 
80.000000  81.000000  0.001336 
81.000000  82.000000  0.001382 
82.000000  83.000000  0.001428 
83.000000  84.000000  0.001474 
84.000000  85.000000  0.001519 
85.000000  86.000000  0.001567 
86.000000  87.000000  0.001611 
87.000000  88.000000  0.001655 
88.000000  89.000000  0.001698 
89.000000  90.000000  0.001741 
90.000000  91.000000  0.001784 
91.000000  92.000000  0.001826 
92.000000  93.000000  0.001867 
93.000000  94.000000  0.001908 
94.000000  95.000000  0.001948 
95.000000  96.000000  0.001988 
96.000000  97.000000  0.002028 
97.000000  98.000000  0.002066 
98.000000  99.000000  0.002104 
99.000000  100.000000  0.002142 
100.000000  101.000000  0.002179 
101.000000  102.000000  0.002216 
102.000000  103.000000  0.002252 
103.000000  104.000000  0.002287 
104.000000  105.000000  0.002322 
105.000000  106.000000  0.002356 
106.000000  107.000000  0.002390 
107.000000  108.000000  0.002424 
108.000000  109.000000  0.002456 
109.000000  110.000000  0.002489 
110.000000  111.000000  0.002521 
111.000000  112.000000  0.002552 
112.000000  113.000000  0.002583 
113.000000  114.000000  0.002614 
114.000000  115.000000  0.002644 
115.000000  116.000000  0.002674 
116.000000  117.000000  0.002703 
117.000000  118.000000  0.002732 
118.000000  119.000000  0.002760 
119.000000  120.000000  0.002789 
120.000000  121.000000  0.002816 
121.000000  122.000000  0.002844 
122.000000  123.000000  0.002871 
123.000000  124.000000  0.002898 
124.000000  125.000000  0.002924 
125.000000  126.000000  0.002950 
126.000000  127.000000  0.002976 
127.000000  128.000000  0.003001 
128.000000  129.000000  0.003026 
129.000000  130.000000  0.003051 
130.000000  131.000000  0.003076 
131.000000  132.000000  0.003100 
132.000000  133.000000  0.003124 
133.000000  134.000000  0.003148 
134.000000  135.000000  0.003172 
135.000000  136.000000  0.003195 
136.000000  137.000000  0.003219 
137.000000  138.000000  0.003241 
138.000000  139.000000  0.003264 
139.000000  140.000000  0.003287 
140.000000  141.000000  0.003309 
141.000000  142.000000  0.003331 
142.000000  143.000000  0.003353 
143.000000  144.000000  0.003375 
144.000000  145.000000  0.003396 
145.000000  146.000000  0.003418 
146.000000  147.000000  0.003439 
147.000000  148.000000  0.003460 
148.000000  149.000000  0.003481 
149.000000  150.000000  0.003502 
150.000000  151.000000  0.003522 
151.000000  152.000000  0.003543 
152.000000  153.000000  0.003563 
153.000000  154.000000  0.003583 
154.000000  155.000000  0.003603 
155.000000  156.000000  0.003623 
156.000000  157.000000  0.003643 
157.000000  158.000000  0.003663 
158.000000  159.000000  0.003682 
159.000000  160.000000  0.003701 
160.000000  161.000000  0.003721 
161.000000  162.000000  0.003740 
162.000000  163.000000  0.003759 
163.000000  164.000000  0.003777 
164.000000  165.000000  0.003796 
165.000000  166.000000  0.003815 
166.000000  167.000000  0.003833 
167.000000  168.000000  0.003851 
168.000000  169.000000  0.003870 
169.000000  170.000000  0.003888 
170.000000  171.000000  0.003906 
171.000000  172.000000  0.003923 
172.000000  173.000000  0.003941 
173.000000  174.000000  0.003959 
174.000000  175.000000  0.003976 
175.000000  176.000000  0.003993 
176.000000  177.000000  0.004011 
177.000000  178.000000  0.004028 
178.000000  179.000000  0.004044 
179.000000  180.000000  0.004061 
180.000000  181.000000  0.004078 
181.000000  182.000000  0.004094 
182.000000  183.000000  0.004111 
183.000000  184.000000  0.004127 
184.000000  185.000000  0.004143 
185.000000  186.000000  0.004159 
186.000000  187.000000  0.004175 
187.000000  188.000000  0.004191 
188.000000  189.000000  0.004206 
189.000000  190.000000  0.004222 
190.000000  191.000000  0.004237 
191.000000  192.000000  0.004252 
192.000000  193.000000  0.004267 
193.000000  194.000000  0.004282 
194.000000  195.000000  0.004296 
195.000000  196.000000  0.004311 
196.000000  197.000000  0.004325 
197.000000  198.000000  0.004339 
198.000000  199.000000  0.004354 
199.000000  200.000000  0.004367 
200.000000  201.000000  0.004381 
201.000000  202.000000  0.004395 
202.000000  203.000000  0.004408 
203.000000  204.000000  0.004421 
204.000000  205.000000  0.004435 
205.000000  206.000000  0.004448 
206.000000  207.000000  0.004460 
207.000000  208.000000  0.004473 
208.000000  209.000000  0.004485 
209.000000  210.000000  0.004498 
210.000000  211.000000  0.004510 
211.000000  212.000000  0.004522 
212.000000  213.000000  0.004534 
213.000000  214.000000  0.004545 
214.000000  215.000000  0.004557 
215.000000  216.000000  0.004568 
216.000000  217.000000  0.004579 
217.000000  218.000000  0.004590 
218.000000  219.000000  0.004601 
219.000000  220.000000  0.004612 
220.000000  221.000000  0.004622 
221.000000  222.000000  0.004632 
222.000000  223.000000  0.004643 
223.000000  224.000000  0.004653 
224.000000  225.000000  0.004663 
225.000000  226.000000  0.004672 
226.000000  227.000000  0.004682 
227.000000  228.000000  0.004691 
228.000000  229.000000  0.004700 
229.000000  230.000000  0.004709 
230.000000  231.000000  0.004718 
231.000000  232.000000  0.004727 
232.000000  233.000000  0.004736 
233.000000  234.000000  0.004744 
234.000000  235.000000  0.004753 
235.000000  236.000000  0.004761 
236.000000  237.000000  0.004769 
237.000000  238.000000  0.004777 
238.000000  239.000000  0.004784 
239.000000  240.000000  0.004792 
240.000000  241.000000  0.004799 
241.000000  242.000000  0.004807 
242.000000  243.000000  0.004814 
243.000000  244.000000  0.004821 
244.000000  245.000000  0.004828 
245.000000  246.000000  0.004835 
246.000000  247.000000  0.004841 
247.000000  248.000000  0.004848 
248.000000  249.000000  0.004854 
249.000000  250.000000  0.004860 
250.000000  251.000000  0.004867 
251.000000  252.000000  0.004873 
252.000000  253.000000  0.004878 
253.000000  254.000000  0.004884 
254.000000  255.000000  0.004890 
255.000000  256.000000  0.004896 
256.000000  257.000000  0.004901 
257.000000  258.000000  0.004906 
258.000000  259.000000  0.004912 
259.000000  260.000000  0.004917 
260.000000  261.000000  0.004922 
261.000000  262.000000  0.004927 
262.000000  263.000000  0.004931 
263.000000  264.000000  0.004936 
264.000000  265.000000  0.004941 
265.000000  266.000000  0.004945 
266.000000  267.000000  0.004950 
267.000000  268.000000  0.004954 
268.000000  269.000000  0.004958 
269.000000  270.000000  0.004962 
270.000000  271.000000  0.004967 
271.000000  272.000000  0.004971 
272.000000  273.000000  0.004975 
273.000000  274.000000  0.004978 
274.000000  275.000000  0.004982 
275.000000  276.000000  0.004986 
276.000000  277.000000  0.004989 
277.000000  278.000000  0.004993 
278.000000  279.000000  0.004996 
279.000000  280.000000  0.005000 
280.000000  281.000000  0.005003 
281.000000  282.000000  0.005007 
282.000000  283.000000  0.005010 
283.000000  284.000000  0.005013 
284.000000  285.000000  0.005016 
285.000000  286.000000  0.005019 
286.000000  287.000000  0.005022 
287.000000  288.000000  0.005025 
288.000000  289.000000  0.005028 
289.000000  290.000000  0.005031 
290.000000  291.000000  0.005033 
291.000000  292.000000  0.005036 
292.000000  293.000000  0.005039 
293.000000  294.000000  0.005041 
294.000000  295.000000  0.005044 
295.000000  296.000000  0.005046 
296.000000  297.000000  0.005049 
297.000000  298.000000  0.005051 
298.000000  299.000000  0.005054 
299.000000  300.000000  0.005056 
300.000000  301.000000  0.005058 
301.000000  302.000000  0.005061 
302.000000  303.000000  0.005063 
303.000000  304.000000  0.005065 
304.000000  305.000000  0.005067 
305.000000  306.000000  0.005070 
306.000000  307.000000  0.005072 
307.000000  308.000000  0.005074 
308.000000  309.000000  0.005076 
309.000000  310.000000  0.005078 
310.000000  311.000000  0.005080 
311.000000  312.000000  0.005082 
312.000000  313.000000  0.005084 
313.000000  314.000000  0.005086 
314.000000  315.000000  0.005088 
315.000000  316.000000  0.005090 
316.000000  317.000000  0.005091 
317.000000  318.000000  0.005093 
318.000000  319.000000  0.005095 
319.000000  320.000000  0.005097 
320.000000  321.000000  0.005099 
321.000000  322.000000  0.005100 
322.000000  323.000000  0.005102 
323.000000  324.000000  0.005104 
324.000000  325.000000  0.005106 
325.000000  326.000000  0.005107 
326.000000  327.000000  0.005109 
327.000000  328.000000  0.005111 
328.000000  329.000000  0.005112 
329.000000  330.000000  0.005114 
330.000000  331.000000  0.005116 
331.000000  332.000000  0.005117 
332.000000  333.000000  0.005119 
333.000000  334.000000  0.005120 
334.000000  335.000000  0.005122 
335.000000  336.000000  0.005123 
336.000000  337.000000  0.005125 
337.000000  338.000000  0.005127 
338.000000  339.000000  0.005128 
339.000000  340.000000  0.005130 
340.000000  341.000000  0.005131 
341.000000  342.000000  0.005133 
342.000000  343.000000  0.005134 
343.000000  344.000000  0.005136 
344.000000  345.000000  0.005137 
345.000000  346.000000  0.005139 
346.000000  347.000000  0.005140 
347.000000  348.000000  0.005142 
348.000000  349.000000  0.005143 
349.000000  350.000000  0.005144 
350.000000  351.000000  0.005146 
351.000000  352.000000  0.005147 
352.000000  353.000000  0.005149 
353.000000  354.000000  0.005150 
354.000000  355.000000  0.005152 
355.000000  356.000000  0.005153 
356.000000  357.000000  0.005154 
357.000000  358.000000  0.005156 
358.000000  359.000000  0.005157 
359.000000  360.000000  0.005159 
360.000000  361.000000  0.005160 
361.000000  362.000000  0.005161 
362.000000  363.000000  0.005163 
363.000000  364.000000  0.005164 
364.000000  365.000000  0.005165 
365.000000  366.000000  0.005167 
366.000000  367.000000  0.005168 
367.000000  368.000000  0.005169 
368.000000  369.000000  0.005171 
369.000000  370.000000  0.005172 
370.000000  371.000000  0.005173 
371.000000  372.000000  0.005175 
372.000000  373.000000  0.005176 
373.000000  374.000000  0.005177 
374.000000  375.000000  0.005179 
375.000000  376.000000  0.005180 
376.000000  377.000000  0.005181 
377.000000  378.000000  0.005183 
378.000000  379.000000  0.005184 
379.000000  380.000000  0.005185 
380.000000  381.000000  0.005187 
381.000000  382.000000  0.005188 
382.000000  383.000000  0.005189 
383.000000  384.000000  0.005190 
384.000000  385.000000  0.005192 
385.000000  386.000000  0.005193 
386.000000  387.000000  0.005194 
387.000000  388.000000  0.005195 
388.000000  389.000000  0.005197 
389.000000  390.000000  0.005198 
390.000000  391.000000  0.005199 
391.000000  392.000000  0.005200 
392.000000  393.000000  0.005202 
393.000000  394.000000  0.005203 
394.000000  395.000000  0.005204 
395.000000  396.000000  0.005205 
396.000000  397.000000  0.005206 
397.000000  398.000000  0.005208 
398.000000  399.000000  0.005209 
399.000000  400.000000  0.005210 
400.000000  401.000000  0.005211 
401.000000  402.000000  0.005212 
402.000000  403.000000  0.005214 
403.000000  404.000000  0.005215 
404.000000  405.000000  0.005216 
405.000000  406.000000  0.005217 
406.000000  407.000000  0.005218 
407.000000  408.000000  0.005219 
408.000000  409.000000  0.005220 
409.000000  410.000000  0.005222 
410.000000  411.000000  0.005223 
411.000000  412.000000  0.005224 
412.000000  413.000000  0.005225 
413.000000  414.000000  0.005226 
414.000000  415.000000  0.005227 
415.000000  416.000000  0.005228 
416.000000  417.000000  0.005229 
417.000000  418.000000  0.005230 
418.000000  419.000000  0.005231 
419.000000  420.000000  0.005232 
420.000000  421.000000  0.005233 
421.000000  422.000000  0.005235 
422.000000  423.000000  0.005236 
423.000000  424.000000  0.005237 
424.000000  425.000000  0.005238 
425.000000  426.000000  0.005239 
426.000000  427.000000  0.005240 
427.000000  428.000000  0.005241 
428.000000  429.000000  0.005242 
429.000000  430.000000  0.005243 
430.000000  431.000000  0.005243 
431.000000  432.000000  0.005244 
432.000000  433.000000  0.005245 
433.000000  434.000000  0.005246 
434.000000  435.000000  0.005247 
435.000000  436.000000  0.005248 
436.000000  437.000000  0.005249 
437.000000  438.000000  0.005250 
438.000000  439.000000  0.005251 
439.000000  440.000000  0.005252 
440.000000  441.000000  0.005253 
441.000000  442.000000  0.005254 
442.000000  443.000000  0.005254 
443.000000  444.000000  0.005255 
444.000000  445.000000  0.005256 
445.000000  446.000000  0.005257 
446.000000  447.000000  0.005258 
447.000000  448.000000  0.005259 
448.000000  449.000000  0.005259 
449.000000  450.000000  0.005260 
450.000000  451.000000  0.005261 
451.000000  452.000000  0.005262 
452.000000  453.000000  0.005262 
453.000000  454.000000  0.005263 
454.000000  455.000000  0.005264 
455.000000  456.000000  0.005265 
456.000000  457.000000  0.005265 
457.000000  458.000000  0.005266 
458.000000  459.000000  0.005267 
459.000000  460.000000  0.005268 
460.000000  461.000000  0.005268 
461.000000  462.000000  0.005269 
462.000000  463.000000  0.005270 
463.000000  464.000000  0.005270 
464.000000  465.000000  0.005271 
465.000000  466.000000  0.005272 
466.000000  467.000000  0.005272 
467.000000  468.000000  0.005273 
468.000000  469.000000  0.005273 
469.000000  470.000000  0.005274 
470.000000  471.000000  0.005275 
471.000000  472.000000  0.005275 
472.000000  473.000000  0.005276 
473.000000  474.000000  0.005276 
474.000000  475.000000  0.005277 
475.000000  476.000000  0.005277 
476.000000  477.000000  0.005278 
477.000000  478.000000  0.005279 
478.000000  479.000000  0.005279 
479.000000  480.000000  0.005280 
480.000000  481.000000  0.005280 
481.000000  482.000000  0.005281 
482.000000  483.000000  0.005281 
483.000000  484.000000  0.005282 
484.000000  485.000000  0.005282 
485.000000  486.000000  0.005283 
486.000000  487.000000  0.005283 
487.000000  488.000000  0.005283 
488.000000  489.000000  0.005284 
489.000000  490.000000  0.005284 
490.000000  491.000000  0.005285 
491.000000  492.000000  0.005285 
492.000000  493.000000  0.005286 
493.000000  494.000000  0.005286 
494.000000  495.000000  0.005286 
495.000000  496.000000  0.005287 
496.000000  497.000000  0.005287 
497.000000  498.000000  0.005287 
498.000000  499.000000  0.005288 
499.000000  500.000000  0.005288 
500.000000  501.000000  0.005288 
501.000000  502.000000  0.005289 
502.000000  503.000000  0.005289 
503.000000  504.000000  0.005289 
504.000000  505.000000  0.005290 
505.000000  506.000000  0.005290 
506.000000  507.000000  0.005290 
507.000000  508.000000  0.005291 
508.000000  509.000000  0.005291 
509.000000  510.000000  0.005291 
510.000000  511.000000  0.005291 
511.000000  512.000000  0.005292 
512.000000  513.000000  0.005292 
513.000000  514.000000  0.005292 
514.000000  515.000000  0.005292 
515.000000  516.000000  0.005293 
516.000000  517.000000  0.005293 
517.000000  518.000000  0.005293 
518.000000  519.000000  0.005293 
519.000000  520.000000  0.005293 
520.000000  521.000000  0.005294 
521.000000  522.000000  0.005294 
522.000000  523.000000  0.005294 
523.000000  524.000000  0.005294 
524.000000  525.000000  0.005294 
525.000000  526.000000  0.005294 
526.000000  527.000000  0.005295 
527.000000  528.000000  0.005295 
528.000000  529.000000  0.005295 
529.000000  530.000000  0.005295 
530.000000  531.000000  0.005295 
531.000000  532.000000  0.005295 
532.000000  533.000000  0.005295 
533.000000  534.000000  0.005295 
534.000000  535.000000  0.005296 
535.000000  536.000000  0.005296 
536.000000  537.000000  0.005296 
537.000000  538.000000  0.005296 
538.000000  539.000000  0.005296 
539.000000  540.000000  0.005296 
540.000000  541.000000  0.005296 
541.000000  542.000000  0.005296 
542.000000  543.000000  0.005296 
543.000000  544.000000  0.005296 
544.000000  545.000000  0.005296 
545.000000  546.000000  0.005296 
546.000000  547.000000  0.005296 
547.000000  548.000000  0.005296 
548.000000  549.000000  0.005296 
549.000000  550.000000  0.005296 
550.000000  551.000000  0.005296 
551.000000  552.000000  0.005296 
552.000000  553.000000  0.005296 
553.000000  554.000000  0.005296 
554.000000  555.000000  0.005296 
555.000000  556.000000  0.005296 
556.000000  557.000000  0.005296 
557.000000  558.000000  0.005296 
558.000000  559.000000  0.005296 
559.000000  560.000000  0.005296 
560.000000  561.000000  0.005296 
561.000000  562.000000  0.005296 
562.000000  563.000000  0.005296 
563.000000  564.000000  0.005296 
564.000000  565.000000  0.005296 
565.000000  566.000000  0.005296 
566.000000  567.000000  0.005296 
567.000000  568.000000  0.005296 
568.000000  569.000000  0.005296 
569.000000  570.000000  0.005296 
570.000000  571.000000  0.005296 
571.000000  572.000000  0.005296 
572.000000  573.000000  0.005296 
573.000000  574.000000  0.005296 
574.000000  575.000000  0.005296 
575.000000  576.000000  0.005295 
576.000000  577.000000  0.005295 
577.000000  578.000000  0.005295 
578.000000  579.000000  0.005295 
579.000000  580.000000  0.005295 
580.000000  581.000000  0.005295 
581.000000  582.000000  0.005295 
582.000000  583.000000  0.005295 
583.000000  584.000000  0.005295 
584.000000  585.000000  0.005295 
585.000000  586.000000  0.005294 
586.000000  587.000000  0.005294 
587.000000  588.000000  0.005294 
588.000000  589.000000  0.005294 
589.000000  590.000000  0.005294 
590.000000  591.000000  0.005294 
591.000000  592.000000  0.005294 
592.000000  593.000000  0.005294 
593.000000  594.000000  0.005294 
594.000000  595.000000  0.005293 
595.000000  596.000000  0.005293 
596.000000  597.000000  0.005293 
597.000000  598.000000  0.005293 
598.000000  599.000000  0.005293 
599.000000  600.000000  0.005293 
600.000000  601.000000  0.005293 
601.000000  602.000000  0.005292 
602.000000  603.000000  0.005292 
603.000000  604.000000  0.005292 
604.000000  605.000000  0.005292 
605.000000  606.000000  0.005292 
606.000000  607.000000  0.005292 
607.000000  608.000000  0.005291 
608.000000  609.000000  0.005291 
609.000000  610.000000  0.005291 
610.000000  611.000000  0.005291 
611.000000  612.000000  0.005291 
612.000000  613.000000  0.005291 
613.000000  614.000000  0.005290 
614.000000  615.000000  0.005290 
615.000000  616.000000  0.005290 
616.000000  617.000000  0.005290 
617.000000  618.000000  0.005290 
618.000000  619.000000  0.005290 
619.000000  620.000000  0.005289 
620.000000  621.000000  0.005289 
621.000000  622.000000  0.005289 
622.000000  623.000000  0.005289 
623.000000  624.000000  0.005289 
624.000000  625.000000  0.005289 
625.000000  626.000000  0.005288 
626.000000  627.000000  0.005288 
627.000000  628.000000  0.005288 
628.000000  629.000000  0.005288 
629.000000  630.000000  0.005288 
630.000000  631.000000  0.005287 
631.000000  632.000000  0.005287 
632.000000  633.000000  0.005287 
633.000000  634.000000  0.005287 
634.000000  635.000000  0.005287 
635.000000  636.000000  0.005286 
636.000000  637.000000  0.005286 
637.000000  638.000000  0.005286 
638.000000  639.000000  0.005286 
639.000000  640.000000  0.005286 
640.000000  641.000000  0.005285 
641.000000  642.000000  0.005285 
642.000000  643.000000  0.005285 
643.000000  644.000000  0.005285 
644.000000  645.000000  0.005285 
645.000000  646.000000  0.005284 
646.000000  647.000000  0.005284 
647.000000  648.000000  0.005284 
648.000000  649.000000  0.005284 
649.000000  650.000000  0.005284 
650.000000  651.000000  0.005283 
651.000000  652.000000  0.005283 
652.000000  653.000000  0.005283 
653.000000  654.000000  0.005283 
654.000000  655.000000  0.005283 
655.000000  656.000000  0.005282 
656.000000  657.000000  0.005282 
657.000000  658.000000  0.005282 
658.000000  659.000000  0.005282 
659.000000  660.000000  0.005282 
660.000000  661.000000  0.005281 
661.000000  662.000000  0.005281 
662.000000  663.000000  0.005281 
663.000000  664.000000  0.005281 
664.000000  665.000000  0.005280 
665.000000  666.000000  0.005280 
666.000000  667.000000  0.005280 
667.000000  668.000000  0.005280 
668.000000  669.000000  0.005280 
669.000000  670.000000  0.005279 
670.000000  671.000000  0.005279 
671.000000  672.000000  0.005279 
672.000000  673.000000  0.005279 
673.000000  674.000000  0.005279 
674.000000  675.000000  0.005278 
675.000000  676.000000  0.005278 
676.000000  677.000000  0.005278 
677.000000  678.000000  0.005278 
678.000000  679.000000  0.005278 
679.000000  680.000000  0.005277 
680.000000  681.000000  0.005277 
681.000000  682.000000  0.005277 
682.000000  683.000000  0.005277 
683.000000  684.000000  0.005276 
684.000000  685.000000  0.005276 
685.000000  686.000000  0.005276 
686.000000  687.000000  0.005276 
687.000000  688.000000  0.005276 
688.000000  689.000000  0.005275 
689.000000  690.000000  0.005275 
690.000000  691.000000  0.005275 
691.000000  692.000000  0.005275 
692.000000  693.000000  0.005275 
693.000000  694.000000  0.005274 
694.000000  695.000000  0.005274 
695.000000  696.000000  0.005274 
696.000000  697.000000  0.005274 
697.000000  698.000000  0.005274 
698.000000  699.000000  0.005273 
699.000000  700.000000  0.005273 
700.000000  701.000000  0.005273 
701.000000  702.000000  0.005273 
702.000000  703.000000  0.005272 
703.000000  704.000000  0.005272 
704.000000  705.000000  0.005272 
705.000000  706.000000  0.005272 
706.000000  707.000000  0.005272 
707.000000  708.000000  0.005271 
708.000000  709.000000  0.005271 
709.000000  710.000000  0.005271 
710.000000  711.000000  0.005271 
711.000000  712.000000  0.005271 
712.000000  713.000000  0.005270 
713.000000  714.000000  0.005270 
714.000000  715.000000  0.005270 
715.000000  716.000000  0.005270 
716.000000  717.000000  0.005270 
717.000000  718.000000  0.005269 
718.000000  719.000000  0.005269 
719.000000  720.000000  0.005269 
720.000000  721.000000  0.005269 
721.000000  722.000000  0.005269 
722.000000  723.000000  0.005268 
723.000000  724.000000  0.005268 
724.000000  725.000000  0.005268 
725.000000  726.000000  0.005268 
726.000000  727.000000  0.005268 
727.000000  728.000000  0.005267 
728.000000  729.000000  0.005267 
729.000000  730.000000  0.005267 
730.000000  731.000000  0.005267 
731.000000  732.000000  0.005267 
732.000000  733.000000  0.005266 
733.000000  734.000000  0.005266 
734.000000  735.000000  0.005266 
735.000000  736.000000  0.005266 
736.000000  737.000000  0.005266 
737.000000  738.000000  0.005265 
738.000000  739.000000  0.005265 
739.000000  740.000000  0.005265 
740.000000  741.000000  0.005265 
741.000000  742.000000  0.005265 
742.000000  743.000000  0.005264 
743.000000  744.000000  0.005264 
744.000000  745.000000  0.005264 
745.000000  746.000000  0.005264 
746.000000  747.000000  0.005264 
747.000000  748.000000  0.005263 
748.000000  749.000000  0.005263 
749.000000  750.000000  0.005263 
750.000000  751.000000  0.005263 
751.000000  752.000000  0.005263 
752.000000  753.000000  0.005262 
753.000000  754.000000  0.005262 
754.000000  755.000000  0.005262 
755.000000  756.000000  0.005262 
756.000000  757.000000  0.005262 
757.000000  758.000000  0.005261 
758.000000  759.000000  0.005261 
759.000000  760.000000  0.005261 
760.000000  761.000000  0.005261 
761.000000  762.000000  0.005261 
762.000000  763.000000  0.005261 
763.000000  764.000000  0.005260 
764.000000  765.000000  0.005260 
765.000000  766.000000  0.005260 
766.000000  767.000000  0.005260 
767.000000  768.000000  0.005260 
768.000000  769.000000  0.005259 
769.000000  770.000000  0.005259 
770.000000  771.000000  0.005259 
771.000000  772.000000  0.005259 
772.000000  773.000000  0.005259 
773.000000  774.000000  0.005258 
774.000000  775.000000  0.005258 
775.000000  776.000000  0.005258 
776.000000  777.000000  0.005258 
777.000000  778.000000  0.005258 
778.000000  779.000000  0.005258 
779.000000  780.000000  0.005257 
780.000000  781.000000  0.005257 
781.000000  782.000000  0.005257 
782.000000  783.000000  0.005257 
783.000000  784.000000  0.005257 
784.000000  785.000000  0.005257 
785.000000  786.000000  0.005256 
786.000000  787.000000  0.005256 
787.000000  788.000000  0.005256 
788.000000  789.000000  0.005256 
789.000000  790.000000  0.005256 
790.000000  791.000000  0.005255 
791.000000  792.000000  0.005255 
792.000000  793.000000  0.005255 
793.000000  794.000000  0.005255 
794.000000  795.000000  0.005255 
795.000000  796.000000  0.005255 
796.000000  797.000000  0.005254 
797.000000  798.000000  0.005254 
798.000000  799.000000  0.005254 
799.000000  800.000000  0.005254 
