17.000000  18.000000  0.017478 
18.000000  19.000000  0.017269 
19.000000  20.000000  0.017045 
20.000000  21.000000  0.016808 
21.000000  22.000000  0.016560 
22.000000  23.000000  0.016304 
23.000000  24.000000  0.016042 
24.000000  25.000000  0.015776 
25.000000  26.000000  0.015507 
26.000000  27.000000  0.015238 
27.000000  28.000000  0.014972 
28.000000  29.000000  0.014711 
29.000000  30.000000  0.014453 
30.000000  31.000000  0.014196 
31.000000  32.000000  0.013944 
32.000000  33.000000  0.013693 
33.000000  34.000000  0.013437 
34.000000  35.000000  0.013188 
35.000000  36.000000  0.012948 
36.000000  37.000000  0.012716 
37.000000  38.000000  0.012493 
38.000000  39.000000  0.012277 
39.000000  40.000000  0.012068 
40.000000  41.000000  0.011872 
41.000000  42.000000  0.011688 
42.000000  43.000000  0.011508 
43.000000  44.000000  0.011333 
44.000000  45.000000  0.011162 
45.000000  46.000000  0.010994 
46.000000  47.000000  0.010829 
47.000000  48.000000  0.010666 
48.000000  49.000000  0.010505 
49.000000  50.000000  0.010345 
50.000000  51.000000  0.010187 
51.000000  52.000000  0.010030 
52.000000  53.000000  0.009873 
53.000000  54.000000  0.009715 
54.000000  55.000000  0.009558 
55.000000  56.000000  0.009400 
56.000000  57.000000  0.009243 
57.000000  58.000000  0.009087 
58.000000  59.000000  0.008930 
59.000000  60.000000  0.008774 
60.000000  61.000000  0.008619 
61.000000  62.000000  0.008464 
62.000000  63.000000  0.008310 
63.000000  64.000000  0.008157 
64.000000  65.000000  0.008005 
65.000000  66.000000  0.007854 
66.000000  67.000000  0.007704 
67.000000  68.000000  0.007555 
68.000000  69.000000  0.007408 
69.000000  70.000000  0.007262 
70.000000  71.000000  0.007118 
71.000000  72.000000  0.006976 
72.000000  73.000000  0.006836 
73.000000  74.000000  0.006697 
74.000000  75.000000  0.006561 
75.000000  76.000000  0.006427 
76.000000  77.000000  0.006295 
77.000000  78.000000  0.006166 
78.000000  79.000000  0.006038 
79.000000  80.000000  0.005914 
80.000000  81.000000  0.005792 
81.000000  82.000000  0.005672 
82.000000  83.000000  0.005555 
83.000000  84.000000  0.005440 
84.000000  85.000000  0.005328 
85.000000  86.000000  0.005214 
86.000000  87.000000  0.005107 
87.000000  88.000000  0.005003 
88.000000  89.000000  0.004901 
89.000000  90.000000  0.004801 
90.000000  91.000000  0.004704 
91.000000  92.000000  0.004610 
92.000000  93.000000  0.004518 
93.000000  94.000000  0.004428 
94.000000  95.000000  0.004340 
95.000000  96.000000  0.004255 
96.000000  97.000000  0.004172 
97.000000  98.000000  0.004091 
98.000000  99.000000  0.004012 
99.000000  100.000000  0.003935 
100.000000  101.000000  0.003861 
101.000000  102.000000  0.003788 
102.000000  103.000000  0.003717 
103.000000  104.000000  0.003648 
104.000000  105.000000  0.003581 
105.000000  106.000000  0.003516 
106.000000  107.000000  0.003452 
107.000000  108.000000  0.003390 
108.000000  109.000000  0.003330 
109.000000  110.000000  0.003271 
110.000000  111.000000  0.003214 
111.000000  112.000000  0.003158 
112.000000  113.000000  0.003103 
113.000000  114.000000  0.003050 
114.000000  115.000000  0.002998 
115.000000  116.000000  0.002948 
116.000000  117.000000  0.002899 
117.000000  118.000000  0.002851 
118.000000  119.000000  0.002804 
119.000000  120.000000  0.002758 
120.000000  121.000000  0.002714 
121.000000  122.000000  0.002670 
122.000000  123.000000  0.002627 
123.000000  124.000000  0.002586 
124.000000  125.000000  0.002545 
125.000000  126.000000  0.002505 
126.000000  127.000000  0.002466 
127.000000  128.000000  0.002428 
128.000000  129.000000  0.002391 
129.000000  130.000000  0.002354 
130.000000  131.000000  0.002318 
131.000000  132.000000  0.002283 
132.000000  133.000000  0.002249 
133.000000  134.000000  0.002215 
134.000000  135.000000  0.002182 
135.000000  136.000000  0.002150 
136.000000  137.000000  0.002118 
137.000000  138.000000  0.002087 
138.000000  139.000000  0.002056 
139.000000  140.000000  0.002026 
140.000000  141.000000  0.001996 
141.000000  142.000000  0.001967 
142.000000  143.000000  0.001939 
143.000000  144.000000  0.001911 
144.000000  145.000000  0.001883 
145.000000  146.000000  0.001856 
146.000000  147.000000  0.001829 
147.000000  148.000000  0.001803 
148.000000  149.000000  0.001777 
149.000000  150.000000  0.001752 
150.000000  151.000000  0.001727 
151.000000  152.000000  0.001702 
152.000000  153.000000  0.001678 
153.000000  154.000000  0.001654 
154.000000  155.000000  0.001631 
155.000000  156.000000  0.001608 
156.000000  157.000000  0.001585 
157.000000  158.000000  0.001562 
158.000000  159.000000  0.001540 
159.000000  160.000000  0.001518 
160.000000  161.000000  0.001497 
161.000000  162.000000  0.001476 
162.000000  163.000000  0.001455 
163.000000  164.000000  0.001434 
164.000000  165.000000  0.001414 
165.000000  166.000000  0.001394 
166.000000  167.000000  0.001375 
167.000000  168.000000  0.001355 
168.000000  169.000000  0.001336 
169.000000  170.000000  0.001317 
170.000000  171.000000  0.001299 
171.000000  172.000000  0.001280 
172.000000  173.000000  0.001262 
173.000000  174.000000  0.001244 
174.000000  175.000000  0.001227 
175.000000  176.000000  0.001210 
176.000000  177.000000  0.001192 
177.000000  178.000000  0.001176 
178.000000  179.000000  0.001159 
179.000000  180.000000  0.001143 
180.000000  181.000000  0.001127 
181.000000  182.000000  0.001111 
182.000000  183.000000  0.001095 
183.000000  184.000000  0.001080 
184.000000  185.000000  0.001064 
185.000000  186.000000  0.001049 
186.000000  187.000000  0.001035 
187.000000  188.000000  0.001020 
188.000000  189.000000  0.001006 
189.000000  190.000000  0.000991 
190.000000  191.000000  0.000977 
191.000000  192.000000  0.000964 
192.000000  193.000000  0.000950 
193.000000  194.000000  0.000937 
194.000000  195.000000  0.000924 
195.000000  196.000000  0.000911 
196.000000  197.000000  0.000898 
197.000000  198.000000  0.000885 
198.000000  199.000000  0.000873 
199.000000  200.000000  0.000860 
200.000000  201.000000  0.000848 
201.000000  202.000000  0.000836 
202.000000  203.000000  0.000825 
203.000000  204.000000  0.000813 
204.000000  205.000000  0.000802 
205.000000  206.000000  0.000791 
206.000000  207.000000  0.000780 
207.000000  208.000000  0.000769 
208.000000  209.000000  0.000758 
209.000000  210.000000  0.000747 
210.000000  211.000000  0.000737 
211.000000  212.000000  0.000727 
212.000000  213.000000  0.000717 
213.000000  214.000000  0.000707 
214.000000  215.000000  0.000697 
215.000000  216.000000  0.000687 
216.000000  217.000000  0.000678 
217.000000  218.000000  0.000668 
218.000000  219.000000  0.000659 
219.000000  220.000000  0.000650 
220.000000  221.000000  0.000641 
221.000000  222.000000  0.000632 
222.000000  223.000000  0.000624 
223.000000  224.000000  0.000615 
224.000000  225.000000  0.000607 
225.000000  226.000000  0.000598 
226.000000  227.000000  0.000590 
227.000000  228.000000  0.000582 
228.000000  229.000000  0.000574 
229.000000  230.000000  0.000567 
230.000000  231.000000  0.000559 
231.000000  232.000000  0.000551 
232.000000  233.000000  0.000544 
233.000000  234.000000  0.000537 
234.000000  235.000000  0.000529 
235.000000  236.000000  0.000522 
236.000000  237.000000  0.000515 
237.000000  238.000000  0.000508 
238.000000  239.000000  0.000502 
239.000000  240.000000  0.000495 
240.000000  241.000000  0.000488 
241.000000  242.000000  0.000482 
242.000000  243.000000  0.000475 
243.000000  244.000000  0.000469 
244.000000  245.000000  0.000463 
245.000000  246.000000  0.000457 
246.000000  247.000000  0.000451 
247.000000  248.000000  0.000445 
248.000000  249.000000  0.000439 
249.000000  250.000000  0.000433 
250.000000  251.000000  0.000428 
251.000000  252.000000  0.000422 
252.000000  253.000000  0.000417 
253.000000  254.000000  0.000411 
254.000000  255.000000  0.000406 
255.000000  256.000000  0.000401 
256.000000  257.000000  0.000396 
257.000000  258.000000  0.000390 
258.000000  259.000000  0.000385 
259.000000  260.000000  0.000381 
260.000000  261.000000  0.000376 
261.000000  262.000000  0.000371 
262.000000  263.000000  0.000366 
263.000000  264.000000  0.000362 
264.000000  265.000000  0.000357 
265.000000  266.000000  0.000353 
266.000000  267.000000  0.000348 
267.000000  268.000000  0.000344 
268.000000  269.000000  0.000340 
269.000000  270.000000  0.000335 
270.000000  271.000000  0.000331 
271.000000  272.000000  0.000327 
272.000000  273.000000  0.000323 
273.000000  274.000000  0.000319 
274.000000  275.000000  0.000315 
275.000000  276.000000  0.000311 
276.000000  277.000000  0.000307 
277.000000  278.000000  0.000304 
278.000000  279.000000  0.000300 
279.000000  280.000000  0.000296 
280.000000  281.000000  0.000293 
281.000000  282.000000  0.000289 
282.000000  283.000000  0.000286 
283.000000  284.000000  0.000282 
284.000000  285.000000  0.000279 
285.000000  286.000000  0.000276 
286.000000  287.000000  0.000272 
287.000000  288.000000  0.000269 
288.000000  289.000000  0.000266 
289.000000  290.000000  0.000263 
290.000000  291.000000  0.000260 
291.000000  292.000000  0.000257 
292.000000  293.000000  0.000254 
293.000000  294.000000  0.000251 
294.000000  295.000000  0.000248 
295.000000  296.000000  0.000245 
296.000000  297.000000  0.000242 
297.000000  298.000000  0.000239 
298.000000  299.000000  0.000237 
299.000000  300.000000  0.000234 
300.000000  301.000000  0.000231 
301.000000  302.000000  0.000229 
302.000000  303.000000  0.000226 
303.000000  304.000000  0.000224 
304.000000  305.000000  0.000221 
305.000000  306.000000  0.000219 
306.000000  307.000000  0.000216 
307.000000  308.000000  0.000214 
308.000000  309.000000  0.000211 
309.000000  310.000000  0.000209 
310.000000  311.000000  0.000207 
311.000000  312.000000  0.000204 
312.000000  313.000000  0.000202 
313.000000  314.000000  0.000200 
314.000000  315.000000  0.000198 
315.000000  316.000000  0.000196 
316.000000  317.000000  0.000193 
317.000000  318.000000  0.000191 
318.000000  319.000000  0.000189 
319.000000  320.000000  0.000187 
320.000000  321.000000  0.000185 
321.000000  322.000000  0.000183 
322.000000  323.000000  0.000181 
323.000000  324.000000  0.000179 
324.000000  325.000000  0.000177 
325.000000  326.000000  0.000176 
326.000000  327.000000  0.000174 
327.000000  328.000000  0.000172 
328.000000  329.000000  0.000170 
329.000000  330.000000  0.000168 
330.000000  331.000000  0.000167 
331.000000  332.000000  0.000165 
332.000000  333.000000  0.000163 
333.000000  334.000000  0.000161 
334.000000  335.000000  0.000160 
335.000000  336.000000  0.000158 
336.000000  337.000000  0.000157 
337.000000  338.000000  0.000155 
338.000000  339.000000  0.000153 
339.000000  340.000000  0.000152 
340.000000  341.000000  0.000150 
341.000000  342.000000  0.000149 
342.000000  343.000000  0.000147 
343.000000  344.000000  0.000146 
344.000000  345.000000  0.000144 
345.000000  346.000000  0.000143 
346.000000  347.000000  0.000142 
347.000000  348.000000  0.000140 
348.000000  349.000000  0.000139 
349.000000  350.000000  0.000137 
350.000000  351.000000  0.000136 
351.000000  352.000000  0.000135 
352.000000  353.000000  0.000133 
353.000000  354.000000  0.000132 
354.000000  355.000000  0.000131 
355.000000  356.000000  0.000130 
356.000000  357.000000  0.000128 
357.000000  358.000000  0.000127 
358.000000  359.000000  0.000126 
359.000000  360.000000  0.000125 
360.000000  361.000000  0.000124 
361.000000  362.000000  0.000122 
362.000000  363.000000  0.000121 
363.000000  364.000000  0.000120 
364.000000  365.000000  0.000119 
365.000000  366.000000  0.000118 
366.000000  367.000000  0.000117 
367.000000  368.000000  0.000116 
368.000000  369.000000  0.000115 
369.000000  370.000000  0.000114 
370.000000  371.000000  0.000113 
371.000000  372.000000  0.000112 
372.000000  373.000000  0.000111 
373.000000  374.000000  0.000110 
374.000000  375.000000  0.000109 
375.000000  376.000000  0.000108 
376.000000  377.000000  0.000107 
377.000000  378.000000  0.000106 
378.000000  379.000000  0.000105 
379.000000  380.000000  0.000104 
380.000000  381.000000  0.000103 
381.000000  382.000000  0.000102 
382.000000  383.000000  0.000101 
383.000000  384.000000  0.000100 
384.000000  385.000000  0.000099 
385.000000  386.000000  0.000099 
386.000000  387.000000  0.000098 
387.000000  388.000000  0.000097 
388.000000  389.000000  0.000096 
389.000000  390.000000  0.000095 
390.000000  391.000000  0.000094 
391.000000  392.000000  0.000094 
392.000000  393.000000  0.000093 
393.000000  394.000000  0.000092 
394.000000  395.000000  0.000091 
395.000000  396.000000  0.000090 
396.000000  397.000000  0.000090 
397.000000  398.000000  0.000089 
398.000000  399.000000  0.000088 
399.000000  400.000000  0.000087 
400.000000  401.000000  0.000087 
401.000000  402.000000  0.000086 
402.000000  403.000000  0.000085 
403.000000  404.000000  0.000085 
404.000000  405.000000  0.000084 
405.000000  406.000000  0.000083 
406.000000  407.000000  0.000083 
407.000000  408.000000  0.000082 
408.000000  409.000000  0.000081 
409.000000  410.000000  0.000081 
410.000000  411.000000  0.000080 
411.000000  412.000000  0.000079 
412.000000  413.000000  0.000079 
413.000000  414.000000  0.000078 
414.000000  415.000000  0.000077 
415.000000  416.000000  0.000077 
416.000000  417.000000  0.000076 
417.000000  418.000000  0.000076 
418.000000  419.000000  0.000075 
419.000000  420.000000  0.000074 
420.000000  421.000000  0.000074 
421.000000  422.000000  0.000073 
422.000000  423.000000  0.000073 
423.000000  424.000000  0.000072 
424.000000  425.000000  0.000072 
425.000000  426.000000  0.000071 
426.000000  427.000000  0.000071 
427.000000  428.000000  0.000070 
428.000000  429.000000  0.000069 
429.000000  430.000000  0.000069 
430.000000  431.000000  0.000068 
431.000000  432.000000  0.000068 
432.000000  433.000000  0.000067 
433.000000  434.000000  0.000067 
434.000000  435.000000  0.000066 
435.000000  436.000000  0.000066 
436.000000  437.000000  0.000065 
437.000000  438.000000  0.000065 
438.000000  439.000000  0.000065 
439.000000  440.000000  0.000064 
440.000000  441.000000  0.000064 
441.000000  442.000000  0.000063 
442.000000  443.000000  0.000063 
443.000000  444.000000  0.000062 
444.000000  445.000000  0.000062 
445.000000  446.000000  0.000061 
446.000000  447.000000  0.000061 
447.000000  448.000000  0.000061 
448.000000  449.000000  0.000060 
449.000000  450.000000  0.000060 
450.000000  451.000000  0.000059 
451.000000  452.000000  0.000059 
452.000000  453.000000  0.000058 
453.000000  454.000000  0.000058 
454.000000  455.000000  0.000058 
455.000000  456.000000  0.000057 
456.000000  457.000000  0.000057 
457.000000  458.000000  0.000057 
458.000000  459.000000  0.000056 
459.000000  460.000000  0.000056 
460.000000  461.000000  0.000055 
461.000000  462.000000  0.000055 
462.000000  463.000000  0.000055 
463.000000  464.000000  0.000054 
464.000000  465.000000  0.000054 
465.000000  466.000000  0.000054 
466.000000  467.000000  0.000053 
467.000000  468.000000  0.000053 
468.000000  469.000000  0.000053 
469.000000  470.000000  0.000052 
470.000000  471.000000  0.000052 
471.000000  472.000000  0.000052 
472.000000  473.000000  0.000051 
473.000000  474.000000  0.000051 
474.000000  475.000000  0.000051 
475.000000  476.000000  0.000050 
476.000000  477.000000  0.000050 
477.000000  478.000000  0.000050 
478.000000  479.000000  0.000049 
479.000000  480.000000  0.000049 
480.000000  481.000000  0.000049 
481.000000  482.000000  0.000048 
482.000000  483.000000  0.000048 
483.000000  484.000000  0.000048 
484.000000  485.000000  0.000048 
485.000000  486.000000  0.000047 
486.000000  487.000000  0.000047 
487.000000  488.000000  0.000047 
488.000000  489.000000  0.000046 
489.000000  490.000000  0.000046 
490.000000  491.000000  0.000046 
491.000000  492.000000  0.000046 
492.000000  493.000000  0.000045 
493.000000  494.000000  0.000045 
494.000000  495.000000  0.000045 
495.000000  496.000000  0.000045 
496.000000  497.000000  0.000044 
497.000000  498.000000  0.000044 
498.000000  499.000000  0.000044 
499.000000  500.000000  0.000044 
500.000000  501.000000  0.000043 
501.000000  502.000000  0.000043 
502.000000  503.000000  0.000043 
503.000000  504.000000  0.000043 
504.000000  505.000000  0.000042 
505.000000  506.000000  0.000042 
506.000000  507.000000  0.000042 
507.000000  508.000000  0.000042 
508.000000  509.000000  0.000042 
509.000000  510.000000  0.000041 
510.000000  511.000000  0.000041 
511.000000  512.000000  0.000041 
512.000000  513.000000  0.000041 
513.000000  514.000000  0.000040 
514.000000  515.000000  0.000040 
515.000000  516.000000  0.000040 
516.000000  517.000000  0.000040 
517.000000  518.000000  0.000040 
518.000000  519.000000  0.000039 
519.000000  520.000000  0.000039 
520.000000  521.000000  0.000039 
521.000000  522.000000  0.000039 
522.000000  523.000000  0.000039 
523.000000  524.000000  0.000038 
524.000000  525.000000  0.000038 
525.000000  526.000000  0.000038 
526.000000  527.000000  0.000038 
527.000000  528.000000  0.000038 
528.000000  529.000000  0.000038 
529.000000  530.000000  0.000037 
530.000000  531.000000  0.000037 
531.000000  532.000000  0.000037 
532.000000  533.000000  0.000037 
533.000000  534.000000  0.000037 
534.000000  535.000000  0.000037 
535.000000  536.000000  0.000036 
536.000000  537.000000  0.000036 
537.000000  538.000000  0.000036 
538.000000  539.000000  0.000036 
539.000000  540.000000  0.000036 
540.000000  541.000000  0.000036 
541.000000  542.000000  0.000035 
542.000000  543.000000  0.000035 
543.000000  544.000000  0.000035 
544.000000  545.000000  0.000035 
545.000000  546.000000  0.000035 
546.000000  547.000000  0.000035 
547.000000  548.000000  0.000034 
548.000000  549.000000  0.000034 
549.000000  550.000000  0.000034 
550.000000  551.000000  0.000034 
551.000000  552.000000  0.000034 
552.000000  553.000000  0.000034 
553.000000  554.000000  0.000034 
554.000000  555.000000  0.000033 
555.000000  556.000000  0.000033 
556.000000  557.000000  0.000033 
557.000000  558.000000  0.000033 
558.000000  559.000000  0.000033 
559.000000  560.000000  0.000033 
560.000000  561.000000  0.000033 
561.000000  562.000000  0.000033 
562.000000  563.000000  0.000032 
563.000000  564.000000  0.000032 
564.000000  565.000000  0.000032 
565.000000  566.000000  0.000032 
566.000000  567.000000  0.000032 
567.000000  568.000000  0.000032 
568.000000  569.000000  0.000032 
569.000000  570.000000  0.000032 
570.000000  571.000000  0.000032 
571.000000  572.000000  0.000031 
572.000000  573.000000  0.000031 
573.000000  574.000000  0.000031 
574.000000  575.000000  0.000031 
575.000000  576.000000  0.000031 
576.000000  577.000000  0.000031 
577.000000  578.000000  0.000031 
578.000000  579.000000  0.000031 
579.000000  580.000000  0.000031 
580.000000  581.000000  0.000030 
581.000000  582.000000  0.000030 
582.000000  583.000000  0.000030 
583.000000  584.000000  0.000030 
584.000000  585.000000  0.000030 
585.000000  586.000000  0.000030 
586.000000  587.000000  0.000030 
587.000000  588.000000  0.000030 
588.000000  589.000000  0.000030 
589.000000  590.000000  0.000030 
590.000000  591.000000  0.000029 
591.000000  592.000000  0.000029 
592.000000  593.000000  0.000029 
593.000000  594.000000  0.000029 
594.000000  595.000000  0.000029 
595.000000  596.000000  0.000029 
596.000000  597.000000  0.000029 
597.000000  598.000000  0.000029 
598.000000  599.000000  0.000029 
599.000000  600.000000  0.000029 
600.000000  601.000000  0.000029 
601.000000  602.000000  0.000029 
602.000000  603.000000  0.000028 
603.000000  604.000000  0.000028 
604.000000  605.000000  0.000028 
605.000000  606.000000  0.000028 
606.000000  607.000000  0.000028 
607.000000  608.000000  0.000028 
608.000000  609.000000  0.000028 
609.000000  610.000000  0.000028 
610.000000  611.000000  0.000028 
611.000000  612.000000  0.000028 
612.000000  613.000000  0.000028 
613.000000  614.000000  0.000028 
614.000000  615.000000  0.000028 
615.000000  616.000000  0.000027 
616.000000  617.000000  0.000027 
617.000000  618.000000  0.000027 
618.000000  619.000000  0.000027 
619.000000  620.000000  0.000027 
620.000000  621.000000  0.000027 
621.000000  622.000000  0.000027 
622.000000  623.000000  0.000027 
623.000000  624.000000  0.000027 
624.000000  625.000000  0.000027 
625.000000  626.000000  0.000027 
626.000000  627.000000  0.000027 
627.000000  628.000000  0.000027 
628.000000  629.000000  0.000027 
629.000000  630.000000  0.000027 
630.000000  631.000000  0.000027 
631.000000  632.000000  0.000026 
632.000000  633.000000  0.000026 
633.000000  634.000000  0.000026 
634.000000  635.000000  0.000026 
635.000000  636.000000  0.000026 
636.000000  637.000000  0.000026 
637.000000  638.000000  0.000026 
638.000000  639.000000  0.000026 
639.000000  640.000000  0.000026 
640.000000  641.000000  0.000026 
641.000000  642.000000  0.000026 
642.000000  643.000000  0.000026 
643.000000  644.000000  0.000026 
644.000000  645.000000  0.000026 
645.000000  646.000000  0.000026 
646.000000  647.000000  0.000026 
647.000000  648.000000  0.000026 
648.000000  649.000000  0.000026 
649.000000  650.000000  0.000026 
650.000000  651.000000  0.000026 
651.000000  652.000000  0.000026 
652.000000  653.000000  0.000025 
653.000000  654.000000  0.000025 
654.000000  655.000000  0.000025 
655.000000  656.000000  0.000025 
656.000000  657.000000  0.000025 
657.000000  658.000000  0.000025 
658.000000  659.000000  0.000025 
659.000000  660.000000  0.000025 
660.000000  661.000000  0.000025 
661.000000  662.000000  0.000025 
662.000000  663.000000  0.000025 
663.000000  664.000000  0.000025 
664.000000  665.000000  0.000025 
665.000000  666.000000  0.000025 
666.000000  667.000000  0.000025 
667.000000  668.000000  0.000025 
668.000000  669.000000  0.000025 
669.000000  670.000000  0.000025 
670.000000  671.000000  0.000025 
671.000000  672.000000  0.000025 
672.000000  673.000000  0.000025 
673.000000  674.000000  0.000025 
674.000000  675.000000  0.000025 
675.000000  676.000000  0.000025 
676.000000  677.000000  0.000025 
677.000000  678.000000  0.000025 
678.000000  679.000000  0.000025 
679.000000  680.000000  0.000025 
680.000000  681.000000  0.000024 
681.000000  682.000000  0.000024 
682.000000  683.000000  0.000024 
683.000000  684.000000  0.000024 
684.000000  685.000000  0.000024 
685.000000  686.000000  0.000024 
686.000000  687.000000  0.000024 
687.000000  688.000000  0.000024 
688.000000  689.000000  0.000024 
689.000000  690.000000  0.000024 
690.000000  691.000000  0.000024 
691.000000  692.000000  0.000024 
692.000000  693.000000  0.000024 
693.000000  694.000000  0.000024 
694.000000  695.000000  0.000024 
695.000000  696.000000  0.000024 
696.000000  697.000000  0.000024 
697.000000  698.000000  0.000024 
698.000000  699.000000  0.000024 
699.000000  700.000000  0.000024 
700.000000  701.000000  0.000024 
701.000000  702.000000  0.000024 
702.000000  703.000000  0.000024 
703.000000  704.000000  0.000024 
704.000000  705.000000  0.000024 
705.000000  706.000000  0.000024 
706.000000  707.000000  0.000024 
707.000000  708.000000  0.000024 
708.000000  709.000000  0.000024 
709.000000  710.000000  0.000024 
710.000000  711.000000  0.000024 
711.000000  712.000000  0.000024 
712.000000  713.000000  0.000024 
713.000000  714.000000  0.000024 
714.000000  715.000000  0.000024 
715.000000  716.000000  0.000024 
716.000000  717.000000  0.000024 
717.000000  718.000000  0.000024 
718.000000  719.000000  0.000024 
719.000000  720.000000  0.000024 
720.000000  721.000000  0.000024 
721.000000  722.000000  0.000024 
722.000000  723.000000  0.000024 
723.000000  724.000000  0.000024 
724.000000  725.000000  0.000024 
725.000000  726.000000  0.000024 
726.000000  727.000000  0.000024 
727.000000  728.000000  0.000024 
728.000000  729.000000  0.000024 
729.000000  730.000000  0.000024 
730.000000  731.000000  0.000024 
731.000000  732.000000  0.000024 
732.000000  733.000000  0.000024 
733.000000  734.000000  0.000024 
734.000000  735.000000  0.000024 
735.000000  736.000000  0.000024 
736.000000  737.000000  0.000024 
737.000000  738.000000  0.000024 
738.000000  739.000000  0.000024 
739.000000  740.000000  0.000024 
740.000000  741.000000  0.000024 
741.000000  742.000000  0.000024 
742.000000  743.000000  0.000024 
743.000000  744.000000  0.000024 
744.000000  745.000000  0.000024 
745.000000  746.000000  0.000024 
746.000000  747.000000  0.000024 
747.000000  748.000000  0.000024 
748.000000  749.000000  0.000024 
749.000000  750.000000  0.000024 
750.000000  751.000000  0.000024 
751.000000  752.000000  0.000024 
752.000000  753.000000  0.000024 
753.000000  754.000000  0.000024 
754.000000  755.000000  0.000023 
755.000000  756.000000  0.000023 
756.000000  757.000000  0.000023 
757.000000  758.000000  0.000023 
758.000000  759.000000  0.000023 
759.000000  760.000000  0.000023 
760.000000  761.000000  0.000023 
761.000000  762.000000  0.000023 
762.000000  763.000000  0.000024 
763.000000  764.000000  0.000024 
764.000000  765.000000  0.000024 
765.000000  766.000000  0.000024 
766.000000  767.000000  0.000024 
767.000000  768.000000  0.000024 
768.000000  769.000000  0.000024 
769.000000  770.000000  0.000024 
770.000000  771.000000  0.000024 
771.000000  772.000000  0.000024 
772.000000  773.000000  0.000024 
773.000000  774.000000  0.000024 
774.000000  775.000000  0.000024 
775.000000  776.000000  0.000024 
776.000000  777.000000  0.000024 
777.000000  778.000000  0.000024 
778.000000  779.000000  0.000024 
779.000000  780.000000  0.000024 
780.000000  781.000000  0.000024 
781.000000  782.000000  0.000024 
782.000000  783.000000  0.000024 
783.000000  784.000000  0.000024 
784.000000  785.000000  0.000024 
785.000000  786.000000  0.000024 
786.000000  787.000000  0.000024 
787.000000  788.000000  0.000024 
788.000000  789.000000  0.000024 
789.000000  790.000000  0.000024 
790.000000  791.000000  0.000024 
791.000000  792.000000  0.000024 
792.000000  793.000000  0.000024 
793.000000  794.000000  0.000024 
794.000000  795.000000  0.000024 
795.000000  796.000000  0.000024 
796.000000  797.000000  0.000024 
797.000000  798.000000  0.000024 
798.000000  799.000000  0.000024 
799.000000  800.000000  0.000024 
