17.000000  18.000000  0.000000 
18.000000  19.000000  0.000000 
19.000000  20.000000  0.000000 
20.000000  21.000000  0.000000 
21.000000  22.000000  0.000000 
22.000000  23.000000  0.000000 
23.000000  24.000000  0.000000 
24.000000  25.000000  0.000000 
25.000000  26.000000  0.000000 
26.000000  27.000000  0.000000 
27.000000  28.000000  0.000000 
28.000000  29.000000  0.000000 
29.000000  30.000000  0.000001 
30.000000  31.000000  0.000001 
31.000000  32.000000  0.000002 
32.000000  33.000000  0.000002 
33.000000  34.000000  0.000003 
34.000000  35.000000  0.000005 
35.000000  36.000000  0.000007 
36.000000  37.000000  0.000009 
37.000000  38.000000  0.000012 
38.000000  39.000000  0.000017 
39.000000  40.000000  0.000022 
40.000000  41.000000  0.000028 
41.000000  42.000000  0.000035 
42.000000  43.000000  0.000044 
43.000000  44.000000  0.000054 
44.000000  45.000000  0.000065 
45.000000  46.000000  0.000079 
46.000000  47.000000  0.000094 
47.000000  48.000000  0.000111 
48.000000  49.000000  0.000129 
49.000000  50.000000  0.000150 
50.000000  51.000000  0.000172 
51.000000  52.000000  0.000197 
52.000000  53.000000  0.000223 
53.000000  54.000000  0.000251 
54.000000  55.000000  0.000281 
55.000000  56.000000  0.000313 
56.000000  57.000000  0.000347 
57.000000  58.000000  0.000382 
58.000000  59.000000  0.000419 
59.000000  60.000000  0.000457 
60.000000  61.000000  0.000496 
61.000000  62.000000  0.000537 
62.000000  63.000000  0.000578 
63.000000  64.000000  0.000621 
64.000000  65.000000  0.000664 
65.000000  66.000000  0.000709 
66.000000  67.000000  0.000754 
67.000000  68.000000  0.000799 
68.000000  69.000000  0.000845 
69.000000  70.000000  0.000892 
70.000000  71.000000  0.000938 
71.000000  72.000000  0.000985 
72.000000  73.000000  0.001031 
73.000000  74.000000  0.001078 
74.000000  75.000000  0.001125 
75.000000  76.000000  0.001171 
76.000000  77.000000  0.001218 
77.000000  78.000000  0.001264 
78.000000  79.000000  0.001309 
79.000000  80.000000  0.001354 
80.000000  81.000000  0.001399 
81.000000  82.000000  0.001443 
82.000000  83.000000  0.001487 
83.000000  84.000000  0.001530 
84.000000  85.000000  0.001573 
85.000000  86.000000  0.001619 
86.000000  87.000000  0.001660 
87.000000  88.000000  0.001701 
88.000000  89.000000  0.001741 
89.000000  90.000000  0.001781 
90.000000  91.000000  0.001819 
91.000000  92.000000  0.001858 
92.000000  93.000000  0.001895 
93.000000  94.000000  0.001932 
94.000000  95.000000  0.001969 
95.000000  96.000000  0.002004 
96.000000  97.000000  0.002039 
97.000000  98.000000  0.002074 
98.000000  99.000000  0.002108 
99.000000  100.000000  0.002141 
100.000000  101.000000  0.002174 
101.000000  102.000000  0.002206 
102.000000  103.000000  0.002238 
103.000000  104.000000  0.002269 
104.000000  105.000000  0.002299 
105.000000  106.000000  0.002330 
106.000000  107.000000  0.002359 
107.000000  108.000000  0.002388 
108.000000  109.000000  0.002417 
109.000000  110.000000  0.002446 
110.000000  111.000000  0.002473 
111.000000  112.000000  0.002501 
112.000000  113.000000  0.002528 
113.000000  114.000000  0.002555 
114.000000  115.000000  0.002581 
115.000000  116.000000  0.002608 
116.000000  117.000000  0.002633 
117.000000  118.000000  0.002659 
118.000000  119.000000  0.002684 
119.000000  120.000000  0.002709 
120.000000  121.000000  0.002734 
121.000000  122.000000  0.002758 
122.000000  123.000000  0.002782 
123.000000  124.000000  0.002806 
124.000000  125.000000  0.002830 
125.000000  126.000000  0.002854 
126.000000  127.000000  0.002877 
127.000000  128.000000  0.002900 
128.000000  129.000000  0.002923 
129.000000  130.000000  0.002946 
130.000000  131.000000  0.002969 
131.000000  132.000000  0.002991 
132.000000  133.000000  0.003013 
133.000000  134.000000  0.003036 
134.000000  135.000000  0.003057 
135.000000  136.000000  0.003079 
136.000000  137.000000  0.003101 
137.000000  138.000000  0.003123 
138.000000  139.000000  0.003144 
139.000000  140.000000  0.003165 
140.000000  141.000000  0.003186 
141.000000  142.000000  0.003207 
142.000000  143.000000  0.003228 
143.000000  144.000000  0.003249 
144.000000  145.000000  0.003269 
145.000000  146.000000  0.003290 
146.000000  147.000000  0.003310 
147.000000  148.000000  0.003330 
148.000000  149.000000  0.003350 
149.000000  150.000000  0.003370 
150.000000  151.000000  0.003390 
151.000000  152.000000  0.003410 
152.000000  153.000000  0.003429 
153.000000  154.000000  0.003448 
154.000000  155.000000  0.003468 
155.000000  156.000000  0.003487 
156.000000  157.000000  0.003505 
157.000000  158.000000  0.003524 
158.000000  159.000000  0.003543 
159.000000  160.000000  0.003561 
160.000000  161.000000  0.003580 
161.000000  162.000000  0.003598 
162.000000  163.000000  0.003616 
163.000000  164.000000  0.003633 
164.000000  165.000000  0.003651 
165.000000  166.000000  0.003669 
166.000000  167.000000  0.003686 
167.000000  168.000000  0.003703 
168.000000  169.000000  0.003720 
169.000000  170.000000  0.003737 
170.000000  171.000000  0.003754 
171.000000  172.000000  0.003770 
172.000000  173.000000  0.003787 
173.000000  174.000000  0.003803 
174.000000  175.000000  0.003819 
175.000000  176.000000  0.003835 
176.000000  177.000000  0.003851 
177.000000  178.000000  0.003866 
178.000000  179.000000  0.003882 
179.000000  180.000000  0.003897 
180.000000  181.000000  0.003912 
181.000000  182.000000  0.003927 
182.000000  183.000000  0.003941 
183.000000  184.000000  0.003956 
184.000000  185.000000  0.003970 
185.000000  186.000000  0.003984 
186.000000  187.000000  0.003998 
187.000000  188.000000  0.004012 
188.000000  189.000000  0.004026 
189.000000  190.000000  0.004040 
190.000000  191.000000  0.004053 
191.000000  192.000000  0.004066 
192.000000  193.000000  0.004079 
193.000000  194.000000  0.004092 
194.000000  195.000000  0.004105 
195.000000  196.000000  0.004117 
196.000000  197.000000  0.004129 
197.000000  198.000000  0.004142 
198.000000  199.000000  0.004154 
199.000000  200.000000  0.004166 
200.000000  201.000000  0.004177 
201.000000  202.000000  0.004189 
202.000000  203.000000  0.004200 
203.000000  204.000000  0.004211 
204.000000  205.000000  0.004223 
205.000000  206.000000  0.004234 
206.000000  207.000000  0.004244 
207.000000  208.000000  0.004255 
208.000000  209.000000  0.004265 
209.000000  210.000000  0.004276 
210.000000  211.000000  0.004286 
211.000000  212.000000  0.004296 
212.000000  213.000000  0.004306 
213.000000  214.000000  0.004316 
214.000000  215.000000  0.004325 
215.000000  216.000000  0.004335 
216.000000  217.000000  0.004344 
217.000000  218.000000  0.004353 
218.000000  219.000000  0.004362 
219.000000  220.000000  0.004371 
220.000000  221.000000  0.004380 
221.000000  222.000000  0.004389 
222.000000  223.000000  0.004397 
223.000000  224.000000  0.004406 
224.000000  225.000000  0.004414 
225.000000  226.000000  0.004422 
226.000000  227.000000  0.004430 
227.000000  228.000000  0.004438 
228.000000  229.000000  0.004446 
229.000000  230.000000  0.004454 
230.000000  231.000000  0.004461 
231.000000  232.000000  0.004469 
232.000000  233.000000  0.004476 
233.000000  234.000000  0.004483 
234.000000  235.000000  0.004490 
235.000000  236.000000  0.004497 
236.000000  237.000000  0.004504 
237.000000  238.000000  0.004511 
238.000000  239.000000  0.004518 
239.000000  240.000000  0.004524 
240.000000  241.000000  0.004531 
241.000000  242.000000  0.004537 
242.000000  243.000000  0.004544 
243.000000  244.000000  0.004550 
244.000000  245.000000  0.004556 
245.000000  246.000000  0.004562 
246.000000  247.000000  0.004568 
247.000000  248.000000  0.004574 
248.000000  249.000000  0.004579 
249.000000  250.000000  0.004585 
250.000000  251.000000  0.004591 
251.000000  252.000000  0.004596 
252.000000  253.000000  0.004602 
253.000000  254.000000  0.004607 
254.000000  255.000000  0.004612 
255.000000  256.000000  0.004617 
256.000000  257.000000  0.004622 
257.000000  258.000000  0.004627 
258.000000  259.000000  0.004632 
259.000000  260.000000  0.004637 
260.000000  261.000000  0.004642 
261.000000  262.000000  0.004647 
262.000000  263.000000  0.004651 
263.000000  264.000000  0.004656 
264.000000  265.000000  0.004660 
265.000000  266.000000  0.004665 
266.000000  267.000000  0.004669 
267.000000  268.000000  0.004673 
268.000000  269.000000  0.004678 
269.000000  270.000000  0.004682 
270.000000  271.000000  0.004686 
271.000000  272.000000  0.004690 
272.000000  273.000000  0.004694 
273.000000  274.000000  0.004698 
274.000000  275.000000  0.004702 
275.000000  276.000000  0.004705 
276.000000  277.000000  0.004709 
277.000000  278.000000  0.004713 
278.000000  279.000000  0.004716 
279.000000  280.000000  0.004720 
280.000000  281.000000  0.004723 
281.000000  282.000000  0.004727 
282.000000  283.000000  0.004730 
283.000000  284.000000  0.004734 
284.000000  285.000000  0.004737 
285.000000  286.000000  0.004740 
286.000000  287.000000  0.004743 
287.000000  288.000000  0.004747 
288.000000  289.000000  0.004750 
289.000000  290.000000  0.004753 
290.000000  291.000000  0.004756 
291.000000  292.000000  0.004759 
292.000000  293.000000  0.004762 
293.000000  294.000000  0.004765 
294.000000  295.000000  0.004767 
295.000000  296.000000  0.004770 
296.000000  297.000000  0.004773 
297.000000  298.000000  0.004776 
298.000000  299.000000  0.004778 
299.000000  300.000000  0.004781 
300.000000  301.000000  0.004784 
301.000000  302.000000  0.004786 
302.000000  303.000000  0.004789 
303.000000  304.000000  0.004791 
304.000000  305.000000  0.004794 
305.000000  306.000000  0.004796 
306.000000  307.000000  0.004798 
307.000000  308.000000  0.004801 
308.000000  309.000000  0.004803 
309.000000  310.000000  0.004805 
310.000000  311.000000  0.004808 
311.000000  312.000000  0.004810 
312.000000  313.000000  0.004812 
313.000000  314.000000  0.004814 
314.000000  315.000000  0.004816 
315.000000  316.000000  0.004818 
316.000000  317.000000  0.004820 
317.000000  318.000000  0.004822 
318.000000  319.000000  0.004824 
319.000000  320.000000  0.004826 
320.000000  321.000000  0.004828 
321.000000  322.000000  0.004830 
322.000000  323.000000  0.004832 
323.000000  324.000000  0.004834 
324.000000  325.000000  0.004836 
325.000000  326.000000  0.004838 
326.000000  327.000000  0.004839 
327.000000  328.000000  0.004841 
328.000000  329.000000  0.004843 
329.000000  330.000000  0.004845 
330.000000  331.000000  0.004846 
331.000000  332.000000  0.004848 
332.000000  333.000000  0.004850 
333.000000  334.000000  0.004851 
334.000000  335.000000  0.004853 
335.000000  336.000000  0.004854 
336.000000  337.000000  0.004856 
337.000000  338.000000  0.004858 
338.000000  339.000000  0.004859 
339.000000  340.000000  0.004861 
340.000000  341.000000  0.004862 
341.000000  342.000000  0.004863 
342.000000  343.000000  0.004865 
343.000000  344.000000  0.004866 
344.000000  345.000000  0.004868 
345.000000  346.000000  0.004869 
346.000000  347.000000  0.004870 
347.000000  348.000000  0.004872 
348.000000  349.000000  0.004873 
349.000000  350.000000  0.004874 
350.000000  351.000000  0.004876 
351.000000  352.000000  0.004877 
352.000000  353.000000  0.004878 
353.000000  354.000000  0.004879 
354.000000  355.000000  0.004881 
355.000000  356.000000  0.004882 
356.000000  357.000000  0.004883 
357.000000  358.000000  0.004884 
358.000000  359.000000  0.004885 
359.000000  360.000000  0.004887 
360.000000  361.000000  0.004888 
361.000000  362.000000  0.004889 
362.000000  363.000000  0.004890 
363.000000  364.000000  0.004891 
364.000000  365.000000  0.004892 
365.000000  366.000000  0.004893 
366.000000  367.000000  0.004894 
367.000000  368.000000  0.004895 
368.000000  369.000000  0.004896 
369.000000  370.000000  0.004897 
370.000000  371.000000  0.004898 
371.000000  372.000000  0.004899 
372.000000  373.000000  0.004900 
373.000000  374.000000  0.004901 
374.000000  375.000000  0.004902 
375.000000  376.000000  0.004903 
376.000000  377.000000  0.004904 
377.000000  378.000000  0.004905 
378.000000  379.000000  0.004906 
379.000000  380.000000  0.004906 
380.000000  381.000000  0.004907 
381.000000  382.000000  0.004908 
382.000000  383.000000  0.004909 
383.000000  384.000000  0.004910 
384.000000  385.000000  0.004911 
385.000000  386.000000  0.004912 
386.000000  387.000000  0.004912 
387.000000  388.000000  0.004913 
388.000000  389.000000  0.004914 
389.000000  390.000000  0.004915 
390.000000  391.000000  0.004915 
391.000000  392.000000  0.004916 
392.000000  393.000000  0.004917 
393.000000  394.000000  0.004918 
394.000000  395.000000  0.004918 
395.000000  396.000000  0.004919 
396.000000  397.000000  0.004920 
397.000000  398.000000  0.004921 
398.000000  399.000000  0.004921 
399.000000  400.000000  0.004922 
400.000000  401.000000  0.004923 
401.000000  402.000000  0.004923 
402.000000  403.000000  0.004924 
403.000000  404.000000  0.004925 
404.000000  405.000000  0.004925 
405.000000  406.000000  0.004926 
406.000000  407.000000  0.004927 
407.000000  408.000000  0.004927 
408.000000  409.000000  0.004928 
409.000000  410.000000  0.004928 
410.000000  411.000000  0.004929 
411.000000  412.000000  0.004930 
412.000000  413.000000  0.004930 
413.000000  414.000000  0.004931 
414.000000  415.000000  0.004931 
415.000000  416.000000  0.004932 
416.000000  417.000000  0.004933 
417.000000  418.000000  0.004933 
418.000000  419.000000  0.004934 
419.000000  420.000000  0.004934 
420.000000  421.000000  0.004935 
421.000000  422.000000  0.004935 
422.000000  423.000000  0.004936 
423.000000  424.000000  0.004936 
424.000000  425.000000  0.004937 
425.000000  426.000000  0.004937 
426.000000  427.000000  0.004938 
427.000000  428.000000  0.004938 
428.000000  429.000000  0.004939 
429.000000  430.000000  0.004939 
430.000000  431.000000  0.004940 
431.000000  432.000000  0.004940 
432.000000  433.000000  0.004941 
433.000000  434.000000  0.004941 
434.000000  435.000000  0.004942 
435.000000  436.000000  0.004942 
436.000000  437.000000  0.004943 
437.000000  438.000000  0.004943 
438.000000  439.000000  0.004943 
439.000000  440.000000  0.004944 
440.000000  441.000000  0.004944 
441.000000  442.000000  0.004945 
442.000000  443.000000  0.004945 
443.000000  444.000000  0.004946 
444.000000  445.000000  0.004946 
445.000000  446.000000  0.004946 
446.000000  447.000000  0.004947 
447.000000  448.000000  0.004947 
448.000000  449.000000  0.004948 
449.000000  450.000000  0.004948 
450.000000  451.000000  0.004948 
451.000000  452.000000  0.004949 
452.000000  453.000000  0.004949 
453.000000  454.000000  0.004950 
454.000000  455.000000  0.004950 
455.000000  456.000000  0.004950 
456.000000  457.000000  0.004951 
457.000000  458.000000  0.004951 
458.000000  459.000000  0.004951 
459.000000  460.000000  0.004952 
460.000000  461.000000  0.004952 
461.000000  462.000000  0.004952 
462.000000  463.000000  0.004953 
463.000000  464.000000  0.004953 
464.000000  465.000000  0.004953 
465.000000  466.000000  0.004954 
466.000000  467.000000  0.004954 
467.000000  468.000000  0.004954 
468.000000  469.000000  0.004955 
469.000000  470.000000  0.004955 
470.000000  471.000000  0.004955 
471.000000  472.000000  0.004956 
472.000000  473.000000  0.004956 
473.000000  474.000000  0.004956 
474.000000  475.000000  0.004956 
475.000000  476.000000  0.004957 
476.000000  477.000000  0.004957 
477.000000  478.000000  0.004957 
478.000000  479.000000  0.004958 
479.000000  480.000000  0.004958 
480.000000  481.000000  0.004958 
481.000000  482.000000  0.004958 
482.000000  483.000000  0.004959 
483.000000  484.000000  0.004959 
484.000000  485.000000  0.004959 
485.000000  486.000000  0.004959 
486.000000  487.000000  0.004960 
487.000000  488.000000  0.004960 
488.000000  489.000000  0.004960 
489.000000  490.000000  0.004960 
490.000000  491.000000  0.004961 
491.000000  492.000000  0.004961 
492.000000  493.000000  0.004961 
493.000000  494.000000  0.004961 
494.000000  495.000000  0.004962 
495.000000  496.000000  0.004962 
496.000000  497.000000  0.004962 
497.000000  498.000000  0.004962 
498.000000  499.000000  0.004963 
499.000000  500.000000  0.004963 
500.000000  501.000000  0.004963 
501.000000  502.000000  0.004963 
502.000000  503.000000  0.004963 
503.000000  504.000000  0.004964 
504.000000  505.000000  0.004964 
505.000000  506.000000  0.004964 
506.000000  507.000000  0.004964 
507.000000  508.000000  0.004965 
508.000000  509.000000  0.004965 
509.000000  510.000000  0.004965 
510.000000  511.000000  0.004965 
511.000000  512.000000  0.004965 
512.000000  513.000000  0.004966 
513.000000  514.000000  0.004966 
514.000000  515.000000  0.004966 
515.000000  516.000000  0.004966 
516.000000  517.000000  0.004966 
517.000000  518.000000  0.004966 
518.000000  519.000000  0.004967 
519.000000  520.000000  0.004967 
520.000000  521.000000  0.004967 
521.000000  522.000000  0.004967 
522.000000  523.000000  0.004967 
523.000000  524.000000  0.004968 
524.000000  525.000000  0.004968 
525.000000  526.000000  0.004968 
526.000000  527.000000  0.004968 
527.000000  528.000000  0.004968 
528.000000  529.000000  0.004968 
529.000000  530.000000  0.004969 
530.000000  531.000000  0.004969 
531.000000  532.000000  0.004969 
532.000000  533.000000  0.004969 
533.000000  534.000000  0.004969 
534.000000  535.000000  0.004969 
535.000000  536.000000  0.004970 
536.000000  537.000000  0.004970 
537.000000  538.000000  0.004970 
538.000000  539.000000  0.004970 
539.000000  540.000000  0.004970 
540.000000  541.000000  0.004970 
541.000000  542.000000  0.004970 
542.000000  543.000000  0.004971 
543.000000  544.000000  0.004971 
544.000000  545.000000  0.004971 
545.000000  546.000000  0.004971 
546.000000  547.000000  0.004971 
547.000000  548.000000  0.004971 
548.000000  549.000000  0.004971 
549.000000  550.000000  0.004971 
550.000000  551.000000  0.004972 
551.000000  552.000000  0.004972 
552.000000  553.000000  0.004972 
553.000000  554.000000  0.004972 
554.000000  555.000000  0.004972 
555.000000  556.000000  0.004972 
556.000000  557.000000  0.004972 
557.000000  558.000000  0.004972 
558.000000  559.000000  0.004973 
559.000000  560.000000  0.004973 
560.000000  561.000000  0.004973 
561.000000  562.000000  0.004973 
562.000000  563.000000  0.004973 
563.000000  564.000000  0.004973 
564.000000  565.000000  0.004973 
565.000000  566.000000  0.004973 
566.000000  567.000000  0.004974 
567.000000  568.000000  0.004974 
568.000000  569.000000  0.004974 
569.000000  570.000000  0.004974 
570.000000  571.000000  0.004974 
571.000000  572.000000  0.004974 
572.000000  573.000000  0.004974 
573.000000  574.000000  0.004974 
574.000000  575.000000  0.004974 
575.000000  576.000000  0.004974 
576.000000  577.000000  0.004975 
577.000000  578.000000  0.004975 
578.000000  579.000000  0.004975 
579.000000  580.000000  0.004975 
580.000000  581.000000  0.004975 
581.000000  582.000000  0.004975 
582.000000  583.000000  0.004975 
583.000000  584.000000  0.004975 
584.000000  585.000000  0.004975 
585.000000  586.000000  0.004975 
586.000000  587.000000  0.004975 
587.000000  588.000000  0.004976 
588.000000  589.000000  0.004976 
589.000000  590.000000  0.004976 
590.000000  591.000000  0.004976 
591.000000  592.000000  0.004976 
592.000000  593.000000  0.004976 
593.000000  594.000000  0.004976 
594.000000  595.000000  0.004976 
595.000000  596.000000  0.004976 
596.000000  597.000000  0.004976 
597.000000  598.000000  0.004976 
598.000000  599.000000  0.004976 
599.000000  600.000000  0.004977 
600.000000  601.000000  0.004977 
601.000000  602.000000  0.004977 
602.000000  603.000000  0.004977 
603.000000  604.000000  0.004977 
604.000000  605.000000  0.004977 
605.000000  606.000000  0.004977 
606.000000  607.000000  0.004977 
607.000000  608.000000  0.004977 
608.000000  609.000000  0.004977 
609.000000  610.000000  0.004977 
610.000000  611.000000  0.004977 
611.000000  612.000000  0.004977 
612.000000  613.000000  0.004977 
613.000000  614.000000  0.004978 
614.000000  615.000000  0.004978 
615.000000  616.000000  0.004978 
616.000000  617.000000  0.004978 
617.000000  618.000000  0.004978 
618.000000  619.000000  0.004978 
619.000000  620.000000  0.004978 
620.000000  621.000000  0.004978 
621.000000  622.000000  0.004978 
622.000000  623.000000  0.004978 
623.000000  624.000000  0.004978 
624.000000  625.000000  0.004978 
625.000000  626.000000  0.004978 
626.000000  627.000000  0.004978 
627.000000  628.000000  0.004978 
628.000000  629.000000  0.004978 
629.000000  630.000000  0.004978 
630.000000  631.000000  0.004979 
631.000000  632.000000  0.004979 
632.000000  633.000000  0.004979 
633.000000  634.000000  0.004979 
634.000000  635.000000  0.004979 
635.000000  636.000000  0.004979 
636.000000  637.000000  0.004979 
637.000000  638.000000  0.004979 
638.000000  639.000000  0.004979 
639.000000  640.000000  0.004979 
640.000000  641.000000  0.004979 
641.000000  642.000000  0.004979 
642.000000  643.000000  0.004979 
643.000000  644.000000  0.004979 
644.000000  645.000000  0.004979 
645.000000  646.000000  0.004979 
646.000000  647.000000  0.004979 
647.000000  648.000000  0.004979 
648.000000  649.000000  0.004979 
649.000000  650.000000  0.004979 
650.000000  651.000000  0.004979 
651.000000  652.000000  0.004980 
652.000000  653.000000  0.004980 
653.000000  654.000000  0.004980 
654.000000  655.000000  0.004980 
655.000000  656.000000  0.004980 
656.000000  657.000000  0.004980 
657.000000  658.000000  0.004980 
658.000000  659.000000  0.004980 
659.000000  660.000000  0.004980 
660.000000  661.000000  0.004980 
661.000000  662.000000  0.004980 
662.000000  663.000000  0.004980 
663.000000  664.000000  0.004980 
664.000000  665.000000  0.004980 
665.000000  666.000000  0.004980 
666.000000  667.000000  0.004980 
667.000000  668.000000  0.004980 
668.000000  669.000000  0.004980 
669.000000  670.000000  0.004980 
670.000000  671.000000  0.004980 
671.000000  672.000000  0.004980 
672.000000  673.000000  0.004980 
673.000000  674.000000  0.004980 
674.000000  675.000000  0.004980 
675.000000  676.000000  0.004980 
676.000000  677.000000  0.004980 
677.000000  678.000000  0.004980 
678.000000  679.000000  0.004980 
679.000000  680.000000  0.004981 
680.000000  681.000000  0.004981 
681.000000  682.000000  0.004981 
682.000000  683.000000  0.004981 
683.000000  684.000000  0.004981 
684.000000  685.000000  0.004981 
685.000000  686.000000  0.004981 
686.000000  687.000000  0.004981 
687.000000  688.000000  0.004981 
688.000000  689.000000  0.004981 
689.000000  690.000000  0.004981 
690.000000  691.000000  0.004981 
691.000000  692.000000  0.004981 
692.000000  693.000000  0.004981 
693.000000  694.000000  0.004981 
694.000000  695.000000  0.004981 
695.000000  696.000000  0.004981 
696.000000  697.000000  0.004981 
697.000000  698.000000  0.004981 
698.000000  699.000000  0.004981 
699.000000  700.000000  0.004981 
700.000000  701.000000  0.004981 
701.000000  702.000000  0.004981 
702.000000  703.000000  0.004981 
703.000000  704.000000  0.004981 
704.000000  705.000000  0.004981 
705.000000  706.000000  0.004981 
706.000000  707.000000  0.004981 
707.000000  708.000000  0.004981 
708.000000  709.000000  0.004981 
709.000000  710.000000  0.004981 
710.000000  711.000000  0.004981 
711.000000  712.000000  0.004981 
712.000000  713.000000  0.004981 
713.000000  714.000000  0.004981 
714.000000  715.000000  0.004981 
715.000000  716.000000  0.004981 
716.000000  717.000000  0.004981 
717.000000  718.000000  0.004981 
718.000000  719.000000  0.004981 
719.000000  720.000000  0.004981 
720.000000  721.000000  0.004981 
721.000000  722.000000  0.004981 
722.000000  723.000000  0.004981 
723.000000  724.000000  0.004981 
724.000000  725.000000  0.004981 
725.000000  726.000000  0.004981 
726.000000  727.000000  0.004982 
727.000000  728.000000  0.004982 
728.000000  729.000000  0.004982 
729.000000  730.000000  0.004982 
730.000000  731.000000  0.004982 
731.000000  732.000000  0.004982 
732.000000  733.000000  0.004982 
733.000000  734.000000  0.004982 
734.000000  735.000000  0.004982 
735.000000  736.000000  0.004982 
736.000000  737.000000  0.004982 
737.000000  738.000000  0.004982 
738.000000  739.000000  0.004982 
739.000000  740.000000  0.004982 
740.000000  741.000000  0.004982 
741.000000  742.000000  0.004982 
742.000000  743.000000  0.004982 
743.000000  744.000000  0.004982 
744.000000  745.000000  0.004982 
745.000000  746.000000  0.004982 
746.000000  747.000000  0.004982 
747.000000  748.000000  0.004982 
748.000000  749.000000  0.004982 
749.000000  750.000000  0.004982 
750.000000  751.000000  0.004982 
751.000000  752.000000  0.004982 
752.000000  753.000000  0.004982 
753.000000  754.000000  0.004982 
754.000000  755.000000  0.004982 
755.000000  756.000000  0.004982 
756.000000  757.000000  0.004982 
757.000000  758.000000  0.004982 
758.000000  759.000000  0.004982 
759.000000  760.000000  0.004982 
760.000000  761.000000  0.004982 
761.000000  762.000000  0.004982 
762.000000  763.000000  0.004982 
763.000000  764.000000  0.004982 
764.000000  765.000000  0.004982 
765.000000  766.000000  0.004982 
766.000000  767.000000  0.004982 
767.000000  768.000000  0.004982 
768.000000  769.000000  0.004982 
769.000000  770.000000  0.004982 
770.000000  771.000000  0.004982 
771.000000  772.000000  0.004982 
772.000000  773.000000  0.004982 
773.000000  774.000000  0.004982 
774.000000  775.000000  0.004982 
775.000000  776.000000  0.004982 
776.000000  777.000000  0.004982 
777.000000  778.000000  0.004982 
778.000000  779.000000  0.004982 
779.000000  780.000000  0.004982 
780.000000  781.000000  0.004982 
781.000000  782.000000  0.004982 
782.000000  783.000000  0.004982 
783.000000  784.000000  0.004982 
784.000000  785.000000  0.004982 
785.000000  786.000000  0.004982 
786.000000  787.000000  0.004982 
787.000000  788.000000  0.004982 
788.000000  789.000000  0.004982 
789.000000  790.000000  0.004982 
790.000000  791.000000  0.004982 
791.000000  792.000000  0.004982 
792.000000  793.000000  0.004982 
793.000000  794.000000  0.004982 
794.000000  795.000000  0.004982 
795.000000  796.000000  0.004982 
796.000000  797.000000  0.004982 
797.000000  798.000000  0.004982 
798.000000  799.000000  0.004982 
799.000000  800.000000  0.004982 
