17.000000  18.000000  0.000000 
18.000000  19.000000  0.000000 
19.000000  20.000000  0.000000 
20.000000  21.000000  0.000000 
21.000000  22.000000  0.000000 
22.000000  23.000000  0.000000 
23.000000  24.000000  0.000000 
24.000000  25.000000  0.000000 
25.000000  26.000000  0.000000 
26.000000  27.000000  0.000000 
27.000000  28.000000  0.000000 
28.000000  29.000000  0.000000 
29.000000  30.000000  0.000000 
30.000000  31.000000  0.000000 
31.000000  32.000000  0.000000 
32.000000  33.000000  0.000000 
33.000000  34.000000  0.000000 
34.000000  35.000000  0.000001 
35.000000  36.000000  0.000001 
36.000000  37.000000  0.000001 
37.000000  38.000000  0.000001 
38.000000  39.000000  0.000002 
39.000000  40.000000  0.000002 
40.000000  41.000000  0.000003 
41.000000  42.000000  0.000004 
42.000000  43.000000  0.000005 
43.000000  44.000000  0.000006 
44.000000  45.000000  0.000007 
45.000000  46.000000  0.000008 
46.000000  47.000000  0.000010 
47.000000  48.000000  0.000012 
48.000000  49.000000  0.000014 
49.000000  50.000000  0.000016 
50.000000  51.000000  0.000018 
51.000000  52.000000  0.000021 
52.000000  53.000000  0.000024 
53.000000  54.000000  0.000027 
54.000000  55.000000  0.000030 
55.000000  56.000000  0.000033 
56.000000  57.000000  0.000037 
57.000000  58.000000  0.000041 
58.000000  59.000000  0.000044 
59.000000  60.000000  0.000048 
60.000000  61.000000  0.000053 
61.000000  62.000000  0.000057 
62.000000  63.000000  0.000061 
63.000000  64.000000  0.000066 
64.000000  65.000000  0.000071 
65.000000  66.000000  0.000075 
66.000000  67.000000  0.000080 
67.000000  68.000000  0.000085 
68.000000  69.000000  0.000090 
69.000000  70.000000  0.000095 
70.000000  71.000000  0.000100 
71.000000  72.000000  0.000104 
72.000000  73.000000  0.000109 
73.000000  74.000000  0.000114 
74.000000  75.000000  0.000119 
75.000000  76.000000  0.000124 
76.000000  77.000000  0.000129 
77.000000  78.000000  0.000134 
78.000000  79.000000  0.000139 
79.000000  80.000000  0.000144 
80.000000  81.000000  0.000148 
81.000000  82.000000  0.000153 
82.000000  83.000000  0.000158 
83.000000  84.000000  0.000162 
84.000000  85.000000  0.000167 
85.000000  86.000000  0.000172 
86.000000  87.000000  0.000176 
87.000000  88.000000  0.000181 
88.000000  89.000000  0.000185 
89.000000  90.000000  0.000189 
90.000000  91.000000  0.000193 
91.000000  92.000000  0.000197 
92.000000  93.000000  0.000201 
93.000000  94.000000  0.000205 
94.000000  95.000000  0.000209 
95.000000  96.000000  0.000213 
96.000000  97.000000  0.000216 
97.000000  98.000000  0.000220 
98.000000  99.000000  0.000224 
99.000000  100.000000  0.000227 
100.000000  101.000000  0.000231 
101.000000  102.000000  0.000234 
102.000000  103.000000  0.000237 
103.000000  104.000000  0.000241 
104.000000  105.000000  0.000244 
105.000000  106.000000  0.000247 
106.000000  107.000000  0.000250 
107.000000  108.000000  0.000253 
108.000000  109.000000  0.000257 
109.000000  110.000000  0.000260 
110.000000  111.000000  0.000262 
111.000000  112.000000  0.000265 
112.000000  113.000000  0.000268 
113.000000  114.000000  0.000271 
114.000000  115.000000  0.000274 
115.000000  116.000000  0.000277 
116.000000  117.000000  0.000279 
117.000000  118.000000  0.000282 
118.000000  119.000000  0.000285 
119.000000  120.000000  0.000287 
120.000000  121.000000  0.000290 
121.000000  122.000000  0.000293 
122.000000  123.000000  0.000295 
123.000000  124.000000  0.000298 
124.000000  125.000000  0.000300 
125.000000  126.000000  0.000303 
126.000000  127.000000  0.000305 
127.000000  128.000000  0.000308 
128.000000  129.000000  0.000310 
129.000000  130.000000  0.000313 
130.000000  131.000000  0.000315 
131.000000  132.000000  0.000317 
132.000000  133.000000  0.000320 
133.000000  134.000000  0.000322 
134.000000  135.000000  0.000324 
135.000000  136.000000  0.000327 
136.000000  137.000000  0.000329 
137.000000  138.000000  0.000331 
138.000000  139.000000  0.000334 
139.000000  140.000000  0.000336 
140.000000  141.000000  0.000338 
141.000000  142.000000  0.000340 
142.000000  143.000000  0.000343 
143.000000  144.000000  0.000345 
144.000000  145.000000  0.000347 
145.000000  146.000000  0.000349 
146.000000  147.000000  0.000351 
147.000000  148.000000  0.000353 
148.000000  149.000000  0.000356 
149.000000  150.000000  0.000358 
150.000000  151.000000  0.000360 
151.000000  152.000000  0.000362 
152.000000  153.000000  0.000364 
153.000000  154.000000  0.000366 
154.000000  155.000000  0.000368 
155.000000  156.000000  0.000370 
156.000000  157.000000  0.000372 
157.000000  158.000000  0.000374 
158.000000  159.000000  0.000376 
159.000000  160.000000  0.000378 
160.000000  161.000000  0.000380 
161.000000  162.000000  0.000382 
162.000000  163.000000  0.000384 
163.000000  164.000000  0.000386 
164.000000  165.000000  0.000387 
165.000000  166.000000  0.000389 
166.000000  167.000000  0.000391 
167.000000  168.000000  0.000393 
168.000000  169.000000  0.000395 
169.000000  170.000000  0.000397 
170.000000  171.000000  0.000398 
171.000000  172.000000  0.000400 
172.000000  173.000000  0.000402 
173.000000  174.000000  0.000404 
174.000000  175.000000  0.000405 
175.000000  176.000000  0.000407 
176.000000  177.000000  0.000409 
177.000000  178.000000  0.000410 
178.000000  179.000000  0.000412 
179.000000  180.000000  0.000414 
180.000000  181.000000  0.000415 
181.000000  182.000000  0.000417 
182.000000  183.000000  0.000418 
183.000000  184.000000  0.000420 
184.000000  185.000000  0.000421 
185.000000  186.000000  0.000423 
186.000000  187.000000  0.000424 
187.000000  188.000000  0.000426 
188.000000  189.000000  0.000427 
189.000000  190.000000  0.000429 
190.000000  191.000000  0.000430 
191.000000  192.000000  0.000431 
192.000000  193.000000  0.000433 
193.000000  194.000000  0.000434 
194.000000  195.000000  0.000436 
195.000000  196.000000  0.000437 
196.000000  197.000000  0.000438 
197.000000  198.000000  0.000439 
198.000000  199.000000  0.000441 
199.000000  200.000000  0.000442 
200.000000  201.000000  0.000443 
201.000000  202.000000  0.000445 
202.000000  203.000000  0.000446 
203.000000  204.000000  0.000447 
204.000000  205.000000  0.000448 
205.000000  206.000000  0.000449 
206.000000  207.000000  0.000450 
207.000000  208.000000  0.000452 
208.000000  209.000000  0.000453 
209.000000  210.000000  0.000454 
210.000000  211.000000  0.000455 
211.000000  212.000000  0.000456 
212.000000  213.000000  0.000457 
213.000000  214.000000  0.000458 
214.000000  215.000000  0.000459 
215.000000  216.000000  0.000460 
216.000000  217.000000  0.000461 
217.000000  218.000000  0.000462 
218.000000  219.000000  0.000463 
219.000000  220.000000  0.000464 
220.000000  221.000000  0.000465 
221.000000  222.000000  0.000466 
222.000000  223.000000  0.000467 
223.000000  224.000000  0.000468 
224.000000  225.000000  0.000468 
225.000000  226.000000  0.000469 
226.000000  227.000000  0.000470 
227.000000  228.000000  0.000471 
228.000000  229.000000  0.000472 
229.000000  230.000000  0.000473 
230.000000  231.000000  0.000473 
231.000000  232.000000  0.000474 
232.000000  233.000000  0.000475 
233.000000  234.000000  0.000476 
234.000000  235.000000  0.000477 
235.000000  236.000000  0.000477 
236.000000  237.000000  0.000478 
237.000000  238.000000  0.000479 
238.000000  239.000000  0.000479 
239.000000  240.000000  0.000480 
240.000000  241.000000  0.000481 
241.000000  242.000000  0.000481 
242.000000  243.000000  0.000482 
243.000000  244.000000  0.000483 
244.000000  245.000000  0.000483 
245.000000  246.000000  0.000484 
246.000000  247.000000  0.000485 
247.000000  248.000000  0.000485 
248.000000  249.000000  0.000486 
249.000000  250.000000  0.000487 
250.000000  251.000000  0.000487 
251.000000  252.000000  0.000488 
252.000000  253.000000  0.000488 
253.000000  254.000000  0.000489 
254.000000  255.000000  0.000489 
255.000000  256.000000  0.000490 
256.000000  257.000000  0.000491 
257.000000  258.000000  0.000491 
258.000000  259.000000  0.000492 
259.000000  260.000000  0.000492 
260.000000  261.000000  0.000493 
261.000000  262.000000  0.000493 
262.000000  263.000000  0.000494 
263.000000  264.000000  0.000494 
264.000000  265.000000  0.000495 
265.000000  266.000000  0.000495 
266.000000  267.000000  0.000495 
267.000000  268.000000  0.000496 
268.000000  269.000000  0.000496 
269.000000  270.000000  0.000497 
270.000000  271.000000  0.000497 
271.000000  272.000000  0.000498 
272.000000  273.000000  0.000498 
273.000000  274.000000  0.000499 
274.000000  275.000000  0.000499 
275.000000  276.000000  0.000499 
276.000000  277.000000  0.000500 
277.000000  278.000000  0.000500 
278.000000  279.000000  0.000500 
279.000000  280.000000  0.000501 
280.000000  281.000000  0.000501 
281.000000  282.000000  0.000502 
282.000000  283.000000  0.000502 
283.000000  284.000000  0.000502 
284.000000  285.000000  0.000503 
285.000000  286.000000  0.000503 
286.000000  287.000000  0.000503 
287.000000  288.000000  0.000504 
288.000000  289.000000  0.000504 
289.000000  290.000000  0.000504 
290.000000  291.000000  0.000505 
291.000000  292.000000  0.000505 
292.000000  293.000000  0.000505 
293.000000  294.000000  0.000506 
294.000000  295.000000  0.000506 
295.000000  296.000000  0.000506 
296.000000  297.000000  0.000506 
297.000000  298.000000  0.000507 
298.000000  299.000000  0.000507 
299.000000  300.000000  0.000507 
300.000000  301.000000  0.000508 
301.000000  302.000000  0.000508 
302.000000  303.000000  0.000508 
303.000000  304.000000  0.000508 
304.000000  305.000000  0.000509 
305.000000  306.000000  0.000509 
306.000000  307.000000  0.000509 
307.000000  308.000000  0.000509 
308.000000  309.000000  0.000510 
309.000000  310.000000  0.000510 
310.000000  311.000000  0.000510 
311.000000  312.000000  0.000510 
312.000000  313.000000  0.000511 
313.000000  314.000000  0.000511 
314.000000  315.000000  0.000511 
315.000000  316.000000  0.000511 
316.000000  317.000000  0.000512 
317.000000  318.000000  0.000512 
318.000000  319.000000  0.000512 
319.000000  320.000000  0.000512 
320.000000  321.000000  0.000512 
321.000000  322.000000  0.000513 
322.000000  323.000000  0.000513 
323.000000  324.000000  0.000513 
324.000000  325.000000  0.000513 
325.000000  326.000000  0.000513 
326.000000  327.000000  0.000514 
327.000000  328.000000  0.000514 
328.000000  329.000000  0.000514 
329.000000  330.000000  0.000514 
330.000000  331.000000  0.000514 
331.000000  332.000000  0.000514 
332.000000  333.000000  0.000515 
333.000000  334.000000  0.000515 
334.000000  335.000000  0.000515 
335.000000  336.000000  0.000515 
336.000000  337.000000  0.000515 
337.000000  338.000000  0.000515 
338.000000  339.000000  0.000516 
339.000000  340.000000  0.000516 
340.000000  341.000000  0.000516 
341.000000  342.000000  0.000516 
342.000000  343.000000  0.000516 
343.000000  344.000000  0.000516 
344.000000  345.000000  0.000517 
345.000000  346.000000  0.000517 
346.000000  347.000000  0.000517 
347.000000  348.000000  0.000517 
348.000000  349.000000  0.000517 
349.000000  350.000000  0.000517 
350.000000  351.000000  0.000517 
351.000000  352.000000  0.000518 
352.000000  353.000000  0.000518 
353.000000  354.000000  0.000518 
354.000000  355.000000  0.000518 
355.000000  356.000000  0.000518 
356.000000  357.000000  0.000518 
357.000000  358.000000  0.000518 
358.000000  359.000000  0.000518 
359.000000  360.000000  0.000519 
360.000000  361.000000  0.000519 
361.000000  362.000000  0.000519 
362.000000  363.000000  0.000519 
363.000000  364.000000  0.000519 
364.000000  365.000000  0.000519 
365.000000  366.000000  0.000519 
366.000000  367.000000  0.000519 
367.000000  368.000000  0.000519 
368.000000  369.000000  0.000520 
369.000000  370.000000  0.000520 
370.000000  371.000000  0.000520 
371.000000  372.000000  0.000520 
372.000000  373.000000  0.000520 
373.000000  374.000000  0.000520 
374.000000  375.000000  0.000520 
375.000000  376.000000  0.000520 
376.000000  377.000000  0.000520 
377.000000  378.000000  0.000520 
378.000000  379.000000  0.000521 
379.000000  380.000000  0.000521 
380.000000  381.000000  0.000521 
381.000000  382.000000  0.000521 
382.000000  383.000000  0.000521 
383.000000  384.000000  0.000521 
384.000000  385.000000  0.000521 
385.000000  386.000000  0.000521 
386.000000  387.000000  0.000521 
387.000000  388.000000  0.000521 
388.000000  389.000000  0.000521 
389.000000  390.000000  0.000522 
390.000000  391.000000  0.000522 
391.000000  392.000000  0.000522 
392.000000  393.000000  0.000522 
393.000000  394.000000  0.000522 
394.000000  395.000000  0.000522 
395.000000  396.000000  0.000522 
396.000000  397.000000  0.000522 
397.000000  398.000000  0.000522 
398.000000  399.000000  0.000522 
399.000000  400.000000  0.000522 
400.000000  401.000000  0.000522 
401.000000  402.000000  0.000522 
402.000000  403.000000  0.000523 
403.000000  404.000000  0.000523 
404.000000  405.000000  0.000523 
405.000000  406.000000  0.000523 
406.000000  407.000000  0.000523 
407.000000  408.000000  0.000523 
408.000000  409.000000  0.000523 
409.000000  410.000000  0.000523 
410.000000  411.000000  0.000523 
411.000000  412.000000  0.000523 
412.000000  413.000000  0.000523 
413.000000  414.000000  0.000523 
414.000000  415.000000  0.000523 
415.000000  416.000000  0.000523 
416.000000  417.000000  0.000523 
417.000000  418.000000  0.000523 
418.000000  419.000000  0.000524 
419.000000  420.000000  0.000524 
420.000000  421.000000  0.000524 
421.000000  422.000000  0.000524 
422.000000  423.000000  0.000524 
423.000000  424.000000  0.000524 
424.000000  425.000000  0.000524 
425.000000  426.000000  0.000524 
426.000000  427.000000  0.000524 
427.000000  428.000000  0.000524 
428.000000  429.000000  0.000524 
429.000000  430.000000  0.000524 
430.000000  431.000000  0.000524 
431.000000  432.000000  0.000524 
432.000000  433.000000  0.000524 
433.000000  434.000000  0.000524 
434.000000  435.000000  0.000524 
435.000000  436.000000  0.000524 
436.000000  437.000000  0.000524 
437.000000  438.000000  0.000525 
438.000000  439.000000  0.000525 
439.000000  440.000000  0.000525 
440.000000  441.000000  0.000525 
441.000000  442.000000  0.000525 
442.000000  443.000000  0.000525 
443.000000  444.000000  0.000525 
444.000000  445.000000  0.000525 
445.000000  446.000000  0.000525 
446.000000  447.000000  0.000525 
447.000000  448.000000  0.000525 
448.000000  449.000000  0.000525 
449.000000  450.000000  0.000525 
450.000000  451.000000  0.000525 
451.000000  452.000000  0.000525 
452.000000  453.000000  0.000525 
453.000000  454.000000  0.000525 
454.000000  455.000000  0.000525 
455.000000  456.000000  0.000525 
456.000000  457.000000  0.000525 
457.000000  458.000000  0.000525 
458.000000  459.000000  0.000525 
459.000000  460.000000  0.000525 
460.000000  461.000000  0.000525 
461.000000  462.000000  0.000526 
462.000000  463.000000  0.000526 
463.000000  464.000000  0.000526 
464.000000  465.000000  0.000526 
465.000000  466.000000  0.000526 
466.000000  467.000000  0.000526 
467.000000  468.000000  0.000526 
468.000000  469.000000  0.000526 
469.000000  470.000000  0.000526 
470.000000  471.000000  0.000526 
471.000000  472.000000  0.000526 
472.000000  473.000000  0.000526 
473.000000  474.000000  0.000526 
474.000000  475.000000  0.000526 
475.000000  476.000000  0.000526 
476.000000  477.000000  0.000526 
477.000000  478.000000  0.000526 
478.000000  479.000000  0.000526 
479.000000  480.000000  0.000526 
480.000000  481.000000  0.000526 
481.000000  482.000000  0.000526 
482.000000  483.000000  0.000526 
483.000000  484.000000  0.000526 
484.000000  485.000000  0.000526 
485.000000  486.000000  0.000526 
486.000000  487.000000  0.000526 
487.000000  488.000000  0.000526 
488.000000  489.000000  0.000526 
489.000000  490.000000  0.000526 
490.000000  491.000000  0.000526 
491.000000  492.000000  0.000526 
492.000000  493.000000  0.000526 
493.000000  494.000000  0.000526 
494.000000  495.000000  0.000527 
495.000000  496.000000  0.000527 
496.000000  497.000000  0.000527 
497.000000  498.000000  0.000527 
498.000000  499.000000  0.000527 
499.000000  500.000000  0.000527 
500.000000  501.000000  0.000527 
501.000000  502.000000  0.000527 
502.000000  503.000000  0.000527 
503.000000  504.000000  0.000527 
504.000000  505.000000  0.000527 
505.000000  506.000000  0.000527 
506.000000  507.000000  0.000527 
507.000000  508.000000  0.000527 
508.000000  509.000000  0.000527 
509.000000  510.000000  0.000527 
510.000000  511.000000  0.000527 
511.000000  512.000000  0.000527 
512.000000  513.000000  0.000527 
513.000000  514.000000  0.000527 
514.000000  515.000000  0.000527 
515.000000  516.000000  0.000527 
516.000000  517.000000  0.000527 
517.000000  518.000000  0.000527 
518.000000  519.000000  0.000527 
519.000000  520.000000  0.000527 
520.000000  521.000000  0.000527 
521.000000  522.000000  0.000527 
522.000000  523.000000  0.000527 
523.000000  524.000000  0.000527 
524.000000  525.000000  0.000527 
525.000000  526.000000  0.000527 
526.000000  527.000000  0.000527 
527.000000  528.000000  0.000527 
528.000000  529.000000  0.000527 
529.000000  530.000000  0.000527 
530.000000  531.000000  0.000527 
531.000000  532.000000  0.000527 
532.000000  533.000000  0.000527 
533.000000  534.000000  0.000527 
534.000000  535.000000  0.000527 
535.000000  536.000000  0.000527 
536.000000  537.000000  0.000527 
537.000000  538.000000  0.000527 
538.000000  539.000000  0.000527 
539.000000  540.000000  0.000527 
540.000000  541.000000  0.000527 
541.000000  542.000000  0.000527 
542.000000  543.000000  0.000527 
543.000000  544.000000  0.000527 
544.000000  545.000000  0.000527 
545.000000  546.000000  0.000527 
546.000000  547.000000  0.000528 
547.000000  548.000000  0.000528 
548.000000  549.000000  0.000528 
549.000000  550.000000  0.000528 
550.000000  551.000000  0.000528 
551.000000  552.000000  0.000528 
552.000000  553.000000  0.000528 
553.000000  554.000000  0.000528 
554.000000  555.000000  0.000528 
555.000000  556.000000  0.000528 
556.000000  557.000000  0.000528 
557.000000  558.000000  0.000528 
558.000000  559.000000  0.000528 
559.000000  560.000000  0.000528 
560.000000  561.000000  0.000528 
561.000000  562.000000  0.000528 
562.000000  563.000000  0.000528 
563.000000  564.000000  0.000528 
564.000000  565.000000  0.000528 
565.000000  566.000000  0.000528 
566.000000  567.000000  0.000528 
567.000000  568.000000  0.000528 
568.000000  569.000000  0.000528 
569.000000  570.000000  0.000528 
570.000000  571.000000  0.000528 
571.000000  572.000000  0.000528 
572.000000  573.000000  0.000528 
573.000000  574.000000  0.000528 
574.000000  575.000000  0.000528 
575.000000  576.000000  0.000528 
576.000000  577.000000  0.000528 
577.000000  578.000000  0.000528 
578.000000  579.000000  0.000528 
579.000000  580.000000  0.000528 
580.000000  581.000000  0.000528 
581.000000  582.000000  0.000528 
582.000000  583.000000  0.000528 
583.000000  584.000000  0.000528 
584.000000  585.000000  0.000528 
585.000000  586.000000  0.000528 
586.000000  587.000000  0.000528 
587.000000  588.000000  0.000528 
588.000000  589.000000  0.000528 
589.000000  590.000000  0.000528 
590.000000  591.000000  0.000528 
591.000000  592.000000  0.000528 
592.000000  593.000000  0.000528 
593.000000  594.000000  0.000528 
594.000000  595.000000  0.000528 
595.000000  596.000000  0.000528 
596.000000  597.000000  0.000528 
597.000000  598.000000  0.000528 
598.000000  599.000000  0.000528 
599.000000  600.000000  0.000528 
600.000000  601.000000  0.000528 
601.000000  602.000000  0.000528 
602.000000  603.000000  0.000528 
603.000000  604.000000  0.000528 
604.000000  605.000000  0.000528 
605.000000  606.000000  0.000528 
606.000000  607.000000  0.000528 
607.000000  608.000000  0.000528 
608.000000  609.000000  0.000528 
609.000000  610.000000  0.000528 
610.000000  611.000000  0.000528 
611.000000  612.000000  0.000528 
612.000000  613.000000  0.000528 
613.000000  614.000000  0.000528 
614.000000  615.000000  0.000528 
615.000000  616.000000  0.000528 
616.000000  617.000000  0.000528 
617.000000  618.000000  0.000528 
618.000000  619.000000  0.000528 
619.000000  620.000000  0.000528 
620.000000  621.000000  0.000528 
621.000000  622.000000  0.000528 
622.000000  623.000000  0.000528 
623.000000  624.000000  0.000528 
624.000000  625.000000  0.000528 
625.000000  626.000000  0.000528 
626.000000  627.000000  0.000528 
627.000000  628.000000  0.000528 
628.000000  629.000000  0.000528 
629.000000  630.000000  0.000528 
630.000000  631.000000  0.000528 
631.000000  632.000000  0.000528 
632.000000  633.000000  0.000528 
633.000000  634.000000  0.000528 
634.000000  635.000000  0.000528 
635.000000  636.000000  0.000528 
636.000000  637.000000  0.000528 
637.000000  638.000000  0.000528 
638.000000  639.000000  0.000528 
639.000000  640.000000  0.000528 
640.000000  641.000000  0.000528 
641.000000  642.000000  0.000528 
642.000000  643.000000  0.000528 
643.000000  644.000000  0.000528 
644.000000  645.000000  0.000528 
645.000000  646.000000  0.000528 
646.000000  647.000000  0.000528 
647.000000  648.000000  0.000528 
648.000000  649.000000  0.000528 
649.000000  650.000000  0.000528 
650.000000  651.000000  0.000528 
651.000000  652.000000  0.000528 
652.000000  653.000000  0.000528 
653.000000  654.000000  0.000528 
654.000000  655.000000  0.000528 
655.000000  656.000000  0.000528 
656.000000  657.000000  0.000528 
657.000000  658.000000  0.000528 
658.000000  659.000000  0.000528 
659.000000  660.000000  0.000528 
660.000000  661.000000  0.000528 
661.000000  662.000000  0.000528 
662.000000  663.000000  0.000528 
663.000000  664.000000  0.000528 
664.000000  665.000000  0.000528 
665.000000  666.000000  0.000528 
666.000000  667.000000  0.000528 
667.000000  668.000000  0.000528 
668.000000  669.000000  0.000528 
669.000000  670.000000  0.000528 
670.000000  671.000000  0.000528 
671.000000  672.000000  0.000528 
672.000000  673.000000  0.000528 
673.000000  674.000000  0.000528 
674.000000  675.000000  0.000528 
675.000000  676.000000  0.000529 
676.000000  677.000000  0.000529 
677.000000  678.000000  0.000529 
678.000000  679.000000  0.000529 
679.000000  680.000000  0.000529 
680.000000  681.000000  0.000529 
681.000000  682.000000  0.000529 
682.000000  683.000000  0.000529 
683.000000  684.000000  0.000529 
684.000000  685.000000  0.000529 
685.000000  686.000000  0.000529 
686.000000  687.000000  0.000529 
687.000000  688.000000  0.000529 
688.000000  689.000000  0.000529 
689.000000  690.000000  0.000529 
690.000000  691.000000  0.000529 
691.000000  692.000000  0.000529 
692.000000  693.000000  0.000529 
693.000000  694.000000  0.000529 
694.000000  695.000000  0.000529 
695.000000  696.000000  0.000529 
696.000000  697.000000  0.000529 
697.000000  698.000000  0.000529 
698.000000  699.000000  0.000529 
699.000000  700.000000  0.000529 
700.000000  701.000000  0.000529 
701.000000  702.000000  0.000529 
702.000000  703.000000  0.000529 
703.000000  704.000000  0.000529 
704.000000  705.000000  0.000529 
705.000000  706.000000  0.000529 
706.000000  707.000000  0.000529 
707.000000  708.000000  0.000529 
708.000000  709.000000  0.000529 
709.000000  710.000000  0.000529 
710.000000  711.000000  0.000529 
711.000000  712.000000  0.000529 
712.000000  713.000000  0.000529 
713.000000  714.000000  0.000529 
714.000000  715.000000  0.000529 
715.000000  716.000000  0.000529 
716.000000  717.000000  0.000529 
717.000000  718.000000  0.000529 
718.000000  719.000000  0.000529 
719.000000  720.000000  0.000529 
720.000000  721.000000  0.000529 
721.000000  722.000000  0.000529 
722.000000  723.000000  0.000529 
723.000000  724.000000  0.000529 
724.000000  725.000000  0.000529 
725.000000  726.000000  0.000529 
726.000000  727.000000  0.000529 
727.000000  728.000000  0.000529 
728.000000  729.000000  0.000529 
729.000000  730.000000  0.000529 
730.000000  731.000000  0.000529 
731.000000  732.000000  0.000529 
732.000000  733.000000  0.000529 
733.000000  734.000000  0.000529 
734.000000  735.000000  0.000529 
735.000000  736.000000  0.000529 
736.000000  737.000000  0.000529 
737.000000  738.000000  0.000529 
738.000000  739.000000  0.000529 
739.000000  740.000000  0.000529 
740.000000  741.000000  0.000529 
741.000000  742.000000  0.000529 
742.000000  743.000000  0.000529 
743.000000  744.000000  0.000529 
744.000000  745.000000  0.000529 
745.000000  746.000000  0.000529 
746.000000  747.000000  0.000529 
747.000000  748.000000  0.000529 
748.000000  749.000000  0.000529 
749.000000  750.000000  0.000529 
750.000000  751.000000  0.000529 
751.000000  752.000000  0.000529 
752.000000  753.000000  0.000529 
753.000000  754.000000  0.000529 
754.000000  755.000000  0.000529 
755.000000  756.000000  0.000529 
756.000000  757.000000  0.000529 
757.000000  758.000000  0.000529 
758.000000  759.000000  0.000529 
759.000000  760.000000  0.000529 
760.000000  761.000000  0.000529 
761.000000  762.000000  0.000529 
762.000000  763.000000  0.000529 
763.000000  764.000000  0.000529 
764.000000  765.000000  0.000529 
765.000000  766.000000  0.000529 
766.000000  767.000000  0.000529 
767.000000  768.000000  0.000529 
768.000000  769.000000  0.000529 
769.000000  770.000000  0.000529 
770.000000  771.000000  0.000529 
771.000000  772.000000  0.000529 
772.000000  773.000000  0.000529 
773.000000  774.000000  0.000529 
774.000000  775.000000  0.000529 
775.000000  776.000000  0.000529 
776.000000  777.000000  0.000529 
777.000000  778.000000  0.000529 
778.000000  779.000000  0.000529 
779.000000  780.000000  0.000529 
780.000000  781.000000  0.000529 
781.000000  782.000000  0.000529 
782.000000  783.000000  0.000529 
783.000000  784.000000  0.000529 
784.000000  785.000000  0.000529 
785.000000  786.000000  0.000529 
786.000000  787.000000  0.000529 
787.000000  788.000000  0.000529 
788.000000  789.000000  0.000529 
789.000000  790.000000  0.000529 
790.000000  791.000000  0.000529 
791.000000  792.000000  0.000529 
792.000000  793.000000  0.000529 
793.000000  794.000000  0.000529 
794.000000  795.000000  0.000529 
795.000000  796.000000  0.000529 
796.000000  797.000000  0.000529 
797.000000  798.000000  0.000529 
798.000000  799.000000  0.000529 
799.000000  800.000000  0.000529 
