17.000000  18.000000  0.000000 
18.000000  19.000000  0.000000 
19.000000  20.000000  0.000000 
20.000000  21.000000  0.000000 
21.000000  22.000000  0.000000 
22.000000  23.000000  0.000000 
23.000000  24.000000  0.000000 
24.000000  25.000000  0.000000 
25.000000  26.000000  0.000000 
26.000000  27.000000  0.000000 
27.000000  28.000000  0.000000 
28.000000  29.000000  0.000000 
29.000000  30.000000  0.000000 
30.000000  31.000000  0.000001 
31.000000  32.000000  0.000001 
32.000000  33.000000  0.000001 
33.000000  34.000000  0.000002 
34.000000  35.000000  0.000003 
35.000000  36.000000  0.000004 
36.000000  37.000000  0.000006 
37.000000  38.000000  0.000007 
38.000000  39.000000  0.000010 
39.000000  40.000000  0.000013 
40.000000  41.000000  0.000017 
41.000000  42.000000  0.000021 
42.000000  43.000000  0.000026 
43.000000  44.000000  0.000032 
44.000000  45.000000  0.000039 
45.000000  46.000000  0.000048 
46.000000  47.000000  0.000057 
47.000000  48.000000  0.000067 
48.000000  49.000000  0.000079 
49.000000  50.000000  0.000091 
50.000000  51.000000  0.000105 
51.000000  52.000000  0.000120 
52.000000  53.000000  0.000137 
53.000000  54.000000  0.000154 
54.000000  55.000000  0.000173 
55.000000  56.000000  0.000193 
56.000000  57.000000  0.000214 
57.000000  58.000000  0.000236 
58.000000  59.000000  0.000260 
59.000000  60.000000  0.000284 
60.000000  61.000000  0.000309 
61.000000  62.000000  0.000335 
62.000000  63.000000  0.000361 
63.000000  64.000000  0.000389 
64.000000  65.000000  0.000417 
65.000000  66.000000  0.000446 
66.000000  67.000000  0.000475 
67.000000  68.000000  0.000505 
68.000000  69.000000  0.000535 
69.000000  70.000000  0.000565 
70.000000  71.000000  0.000596 
71.000000  72.000000  0.000627 
72.000000  73.000000  0.000658 
73.000000  74.000000  0.000689 
74.000000  75.000000  0.000720 
75.000000  76.000000  0.000752 
76.000000  77.000000  0.000783 
77.000000  78.000000  0.000814 
78.000000  79.000000  0.000845 
79.000000  80.000000  0.000876 
80.000000  81.000000  0.000906 
81.000000  82.000000  0.000937 
82.000000  83.000000  0.000967 
83.000000  84.000000  0.000997 
84.000000  85.000000  0.001026 
85.000000  86.000000  0.001058 
86.000000  87.000000  0.001087 
87.000000  88.000000  0.001115 
88.000000  89.000000  0.001144 
89.000000  90.000000  0.001171 
90.000000  91.000000  0.001199 
91.000000  92.000000  0.001226 
92.000000  93.000000  0.001253 
93.000000  94.000000  0.001279 
94.000000  95.000000  0.001305 
95.000000  96.000000  0.001330 
96.000000  97.000000  0.001356 
97.000000  98.000000  0.001380 
98.000000  99.000000  0.001405 
99.000000  100.000000  0.001429 
100.000000  101.000000  0.001452 
101.000000  102.000000  0.001475 
102.000000  103.000000  0.001498 
103.000000  104.000000  0.001521 
104.000000  105.000000  0.001543 
105.000000  106.000000  0.001564 
106.000000  107.000000  0.001586 
107.000000  108.000000  0.001607 
108.000000  109.000000  0.001627 
109.000000  110.000000  0.001648 
110.000000  111.000000  0.001668 
111.000000  112.000000  0.001687 
112.000000  113.000000  0.001707 
113.000000  114.000000  0.001726 
114.000000  115.000000  0.001744 
115.000000  116.000000  0.001763 
116.000000  117.000000  0.001781 
117.000000  118.000000  0.001799 
118.000000  119.000000  0.001817 
119.000000  120.000000  0.001834 
120.000000  121.000000  0.001851 
121.000000  122.000000  0.001868 
122.000000  123.000000  0.001885 
123.000000  124.000000  0.001901 
124.000000  125.000000  0.001918 
125.000000  126.000000  0.001934 
126.000000  127.000000  0.001950 
127.000000  128.000000  0.001965 
128.000000  129.000000  0.001981 
129.000000  130.000000  0.001996 
130.000000  131.000000  0.002011 
131.000000  132.000000  0.002026 
132.000000  133.000000  0.002041 
133.000000  134.000000  0.002055 
134.000000  135.000000  0.002070 
135.000000  136.000000  0.002084 
136.000000  137.000000  0.002098 
137.000000  138.000000  0.002112 
138.000000  139.000000  0.002126 
139.000000  140.000000  0.002140 
140.000000  141.000000  0.002153 
141.000000  142.000000  0.002167 
142.000000  143.000000  0.002180 
143.000000  144.000000  0.002193 
144.000000  145.000000  0.002206 
145.000000  146.000000  0.002219 
146.000000  147.000000  0.002232 
147.000000  148.000000  0.002244 
148.000000  149.000000  0.002257 
149.000000  150.000000  0.002270 
150.000000  151.000000  0.002282 
151.000000  152.000000  0.002294 
152.000000  153.000000  0.002306 
153.000000  154.000000  0.002318 
154.000000  155.000000  0.002330 
155.000000  156.000000  0.002342 
156.000000  157.000000  0.002354 
157.000000  158.000000  0.002366 
158.000000  159.000000  0.002377 
159.000000  160.000000  0.002389 
160.000000  161.000000  0.002400 
161.000000  162.000000  0.002411 
162.000000  163.000000  0.002423 
163.000000  164.000000  0.002434 
164.000000  165.000000  0.002445 
165.000000  166.000000  0.002456 
166.000000  167.000000  0.002467 
167.000000  168.000000  0.002477 
168.000000  169.000000  0.002488 
169.000000  170.000000  0.002499 
170.000000  171.000000  0.002509 
171.000000  172.000000  0.002519 
172.000000  173.000000  0.002530 
173.000000  174.000000  0.002540 
174.000000  175.000000  0.002550 
175.000000  176.000000  0.002560 
176.000000  177.000000  0.002570 
177.000000  178.000000  0.002580 
178.000000  179.000000  0.002590 
179.000000  180.000000  0.002599 
180.000000  181.000000  0.002609 
181.000000  182.000000  0.002618 
182.000000  183.000000  0.002628 
183.000000  184.000000  0.002637 
184.000000  185.000000  0.002646 
185.000000  186.000000  0.002655 
186.000000  187.000000  0.002664 
187.000000  188.000000  0.002673 
188.000000  189.000000  0.002682 
189.000000  190.000000  0.002691 
190.000000  191.000000  0.002699 
191.000000  192.000000  0.002708 
192.000000  193.000000  0.002716 
193.000000  194.000000  0.002725 
194.000000  195.000000  0.002733 
195.000000  196.000000  0.002741 
196.000000  197.000000  0.002749 
197.000000  198.000000  0.002757 
198.000000  199.000000  0.002765 
199.000000  200.000000  0.002772 
200.000000  201.000000  0.002780 
201.000000  202.000000  0.002788 
202.000000  203.000000  0.002795 
203.000000  204.000000  0.002802 
204.000000  205.000000  0.002810 
205.000000  206.000000  0.002817 
206.000000  207.000000  0.002824 
207.000000  208.000000  0.002831 
208.000000  209.000000  0.002837 
209.000000  210.000000  0.002844 
210.000000  211.000000  0.002851 
211.000000  212.000000  0.002857 
212.000000  213.000000  0.002863 
213.000000  214.000000  0.002870 
214.000000  215.000000  0.002876 
215.000000  216.000000  0.002882 
216.000000  217.000000  0.002888 
217.000000  218.000000  0.002894 
218.000000  219.000000  0.002900 
219.000000  220.000000  0.002905 
220.000000  221.000000  0.002911 
221.000000  222.000000  0.002917 
222.000000  223.000000  0.002922 
223.000000  224.000000  0.002927 
224.000000  225.000000  0.002933 
225.000000  226.000000  0.002938 
226.000000  227.000000  0.002943 
227.000000  228.000000  0.002948 
228.000000  229.000000  0.002953 
229.000000  230.000000  0.002957 
230.000000  231.000000  0.002962 
231.000000  232.000000  0.002967 
232.000000  233.000000  0.002971 
233.000000  234.000000  0.002976 
234.000000  235.000000  0.002980 
235.000000  236.000000  0.002984 
236.000000  237.000000  0.002988 
237.000000  238.000000  0.002993 
238.000000  239.000000  0.002997 
239.000000  240.000000  0.003001 
240.000000  241.000000  0.003005 
241.000000  242.000000  0.003008 
242.000000  243.000000  0.003012 
243.000000  244.000000  0.003016 
244.000000  245.000000  0.003019 
245.000000  246.000000  0.003023 
246.000000  247.000000  0.003026 
247.000000  248.000000  0.003030 
248.000000  249.000000  0.003033 
249.000000  250.000000  0.003037 
250.000000  251.000000  0.003040 
251.000000  252.000000  0.003043 
252.000000  253.000000  0.003046 
253.000000  254.000000  0.003049 
254.000000  255.000000  0.003052 
255.000000  256.000000  0.003055 
256.000000  257.000000  0.003058 
257.000000  258.000000  0.003061 
258.000000  259.000000  0.003064 
259.000000  260.000000  0.003066 
260.000000  261.000000  0.003069 
261.000000  262.000000  0.003072 
262.000000  263.000000  0.003074 
263.000000  264.000000  0.003077 
264.000000  265.000000  0.003079 
265.000000  266.000000  0.003082 
266.000000  267.000000  0.003084 
267.000000  268.000000  0.003087 
268.000000  269.000000  0.003089 
269.000000  270.000000  0.003092 
270.000000  271.000000  0.003094 
271.000000  272.000000  0.003096 
272.000000  273.000000  0.003098 
273.000000  274.000000  0.003101 
274.000000  275.000000  0.003103 
275.000000  276.000000  0.003105 
276.000000  277.000000  0.003107 
277.000000  278.000000  0.003109 
278.000000  279.000000  0.003111 
279.000000  280.000000  0.003113 
280.000000  281.000000  0.003115 
281.000000  282.000000  0.003117 
282.000000  283.000000  0.003119 
283.000000  284.000000  0.003121 
284.000000  285.000000  0.003123 
285.000000  286.000000  0.003125 
286.000000  287.000000  0.003127 
287.000000  288.000000  0.003129 
288.000000  289.000000  0.003131 
289.000000  290.000000  0.003133 
290.000000  291.000000  0.003134 
291.000000  292.000000  0.003136 
292.000000  293.000000  0.003138 
293.000000  294.000000  0.003140 
294.000000  295.000000  0.003142 
295.000000  296.000000  0.003143 
296.000000  297.000000  0.003145 
297.000000  298.000000  0.003147 
298.000000  299.000000  0.003149 
299.000000  300.000000  0.003150 
300.000000  301.000000  0.003152 
301.000000  302.000000  0.003154 
302.000000  303.000000  0.003155 
303.000000  304.000000  0.003157 
304.000000  305.000000  0.003159 
305.000000  306.000000  0.003160 
306.000000  307.000000  0.003162 
307.000000  308.000000  0.003164 
308.000000  309.000000  0.003165 
309.000000  310.000000  0.003167 
310.000000  311.000000  0.003169 
311.000000  312.000000  0.003170 
312.000000  313.000000  0.003172 
313.000000  314.000000  0.003174 
314.000000  315.000000  0.003175 
315.000000  316.000000  0.003177 
316.000000  317.000000  0.003178 
317.000000  318.000000  0.003180 
318.000000  319.000000  0.003182 
319.000000  320.000000  0.003183 
320.000000  321.000000  0.003185 
321.000000  322.000000  0.003187 
322.000000  323.000000  0.003188 
323.000000  324.000000  0.003190 
324.000000  325.000000  0.003191 
325.000000  326.000000  0.003193 
326.000000  327.000000  0.003194 
327.000000  328.000000  0.003196 
328.000000  329.000000  0.003198 
329.000000  330.000000  0.003199 
330.000000  331.000000  0.003201 
331.000000  332.000000  0.003202 
332.000000  333.000000  0.003204 
333.000000  334.000000  0.003206 
334.000000  335.000000  0.003207 
335.000000  336.000000  0.003209 
336.000000  337.000000  0.003210 
337.000000  338.000000  0.003212 
338.000000  339.000000  0.003214 
339.000000  340.000000  0.003215 
340.000000  341.000000  0.003217 
341.000000  342.000000  0.003218 
342.000000  343.000000  0.003220 
343.000000  344.000000  0.003221 
344.000000  345.000000  0.003223 
345.000000  346.000000  0.003225 
346.000000  347.000000  0.003226 
347.000000  348.000000  0.003228 
348.000000  349.000000  0.003229 
349.000000  350.000000  0.003231 
350.000000  351.000000  0.003232 
351.000000  352.000000  0.003234 
352.000000  353.000000  0.003235 
353.000000  354.000000  0.003237 
354.000000  355.000000  0.003239 
355.000000  356.000000  0.003240 
356.000000  357.000000  0.003242 
357.000000  358.000000  0.003243 
358.000000  359.000000  0.003245 
359.000000  360.000000  0.003246 
360.000000  361.000000  0.003248 
361.000000  362.000000  0.003249 
362.000000  363.000000  0.003251 
363.000000  364.000000  0.003252 
364.000000  365.000000  0.003254 
365.000000  366.000000  0.003255 
366.000000  367.000000  0.003257 
367.000000  368.000000  0.003258 
368.000000  369.000000  0.003260 
369.000000  370.000000  0.003262 
370.000000  371.000000  0.003263 
371.000000  372.000000  0.003264 
372.000000  373.000000  0.003266 
373.000000  374.000000  0.003267 
374.000000  375.000000  0.003269 
375.000000  376.000000  0.003270 
376.000000  377.000000  0.003272 
377.000000  378.000000  0.003273 
378.000000  379.000000  0.003275 
379.000000  380.000000  0.003276 
380.000000  381.000000  0.003278 
381.000000  382.000000  0.003279 
382.000000  383.000000  0.003281 
383.000000  384.000000  0.003282 
384.000000  385.000000  0.003283 
385.000000  386.000000  0.003285 
386.000000  387.000000  0.003286 
387.000000  388.000000  0.003288 
388.000000  389.000000  0.003289 
389.000000  390.000000  0.003290 
390.000000  391.000000  0.003292 
391.000000  392.000000  0.003293 
392.000000  393.000000  0.003295 
393.000000  394.000000  0.003296 
394.000000  395.000000  0.003297 
395.000000  396.000000  0.003299 
396.000000  397.000000  0.003300 
397.000000  398.000000  0.003301 
398.000000  399.000000  0.003303 
399.000000  400.000000  0.003304 
400.000000  401.000000  0.003305 
401.000000  402.000000  0.003306 
402.000000  403.000000  0.003308 
403.000000  404.000000  0.003309 
404.000000  405.000000  0.003310 
405.000000  406.000000  0.003311 
406.000000  407.000000  0.003313 
407.000000  408.000000  0.003314 
408.000000  409.000000  0.003315 
409.000000  410.000000  0.003316 
410.000000  411.000000  0.003318 
411.000000  412.000000  0.003319 
412.000000  413.000000  0.003320 
413.000000  414.000000  0.003321 
414.000000  415.000000  0.003322 
415.000000  416.000000  0.003323 
416.000000  417.000000  0.003324 
417.000000  418.000000  0.003326 
418.000000  419.000000  0.003327 
419.000000  420.000000  0.003328 
420.000000  421.000000  0.003329 
421.000000  422.000000  0.003330 
422.000000  423.000000  0.003331 
423.000000  424.000000  0.003332 
424.000000  425.000000  0.003333 
425.000000  426.000000  0.003334 
426.000000  427.000000  0.003335 
427.000000  428.000000  0.003336 
428.000000  429.000000  0.003337 
429.000000  430.000000  0.003338 
430.000000  431.000000  0.003339 
431.000000  432.000000  0.003340 
432.000000  433.000000  0.003341 
433.000000  434.000000  0.003342 
434.000000  435.000000  0.003343 
435.000000  436.000000  0.003344 
436.000000  437.000000  0.003345 
437.000000  438.000000  0.003346 
438.000000  439.000000  0.003347 
439.000000  440.000000  0.003348 
440.000000  441.000000  0.003348 
441.000000  442.000000  0.003349 
442.000000  443.000000  0.003350 
443.000000  444.000000  0.003351 
444.000000  445.000000  0.003352 
445.000000  446.000000  0.003353 
446.000000  447.000000  0.003353 
447.000000  448.000000  0.003354 
448.000000  449.000000  0.003355 
449.000000  450.000000  0.003356 
450.000000  451.000000  0.003356 
451.000000  452.000000  0.003357 
452.000000  453.000000  0.003358 
453.000000  454.000000  0.003358 
454.000000  455.000000  0.003359 
455.000000  456.000000  0.003360 
456.000000  457.000000  0.003361 
457.000000  458.000000  0.003361 
458.000000  459.000000  0.003362 
459.000000  460.000000  0.003362 
460.000000  461.000000  0.003363 
461.000000  462.000000  0.003364 
462.000000  463.000000  0.003364 
463.000000  464.000000  0.003365 
464.000000  465.000000  0.003365 
465.000000  466.000000  0.003366 
466.000000  467.000000  0.003367 
467.000000  468.000000  0.003367 
468.000000  469.000000  0.003368 
469.000000  470.000000  0.003368 
470.000000  471.000000  0.003369 
471.000000  472.000000  0.003369 
472.000000  473.000000  0.003370 
473.000000  474.000000  0.003370 
474.000000  475.000000  0.003371 
475.000000  476.000000  0.003371 
476.000000  477.000000  0.003372 
477.000000  478.000000  0.003372 
478.000000  479.000000  0.003372 
479.000000  480.000000  0.003373 
480.000000  481.000000  0.003373 
481.000000  482.000000  0.003374 
482.000000  483.000000  0.003374 
483.000000  484.000000  0.003374 
484.000000  485.000000  0.003375 
485.000000  486.000000  0.003375 
486.000000  487.000000  0.003375 
487.000000  488.000000  0.003376 
488.000000  489.000000  0.003376 
489.000000  490.000000  0.003376 
490.000000  491.000000  0.003377 
491.000000  492.000000  0.003377 
492.000000  493.000000  0.003377 
493.000000  494.000000  0.003377 
494.000000  495.000000  0.003378 
495.000000  496.000000  0.003378 
496.000000  497.000000  0.003378 
497.000000  498.000000  0.003378 
498.000000  499.000000  0.003379 
499.000000  500.000000  0.003379 
500.000000  501.000000  0.003379 
501.000000  502.000000  0.003379 
502.000000  503.000000  0.003379 
503.000000  504.000000  0.003380 
504.000000  505.000000  0.003380 
505.000000  506.000000  0.003380 
506.000000  507.000000  0.003380 
507.000000  508.000000  0.003380 
508.000000  509.000000  0.003380 
509.000000  510.000000  0.003381 
510.000000  511.000000  0.003381 
511.000000  512.000000  0.003381 
512.000000  513.000000  0.003381 
513.000000  514.000000  0.003381 
514.000000  515.000000  0.003381 
515.000000  516.000000  0.003381 
516.000000  517.000000  0.003381 
517.000000  518.000000  0.003381 
518.000000  519.000000  0.003381 
519.000000  520.000000  0.003381 
520.000000  521.000000  0.003381 
521.000000  522.000000  0.003381 
522.000000  523.000000  0.003382 
523.000000  524.000000  0.003382 
524.000000  525.000000  0.003382 
525.000000  526.000000  0.003382 
526.000000  527.000000  0.003382 
527.000000  528.000000  0.003382 
528.000000  529.000000  0.003382 
529.000000  530.000000  0.003382 
530.000000  531.000000  0.003382 
531.000000  532.000000  0.003381 
532.000000  533.000000  0.003381 
533.000000  534.000000  0.003381 
534.000000  535.000000  0.003381 
535.000000  536.000000  0.003381 
536.000000  537.000000  0.003381 
537.000000  538.000000  0.003381 
538.000000  539.000000  0.003381 
539.000000  540.000000  0.003381 
540.000000  541.000000  0.003381 
541.000000  542.000000  0.003381 
542.000000  543.000000  0.003381 
543.000000  544.000000  0.003381 
544.000000  545.000000  0.003381 
545.000000  546.000000  0.003380 
546.000000  547.000000  0.003380 
547.000000  548.000000  0.003380 
548.000000  549.000000  0.003380 
549.000000  550.000000  0.003380 
550.000000  551.000000  0.003380 
551.000000  552.000000  0.003380 
552.000000  553.000000  0.003380 
553.000000  554.000000  0.003379 
554.000000  555.000000  0.003379 
555.000000  556.000000  0.003379 
556.000000  557.000000  0.003379 
557.000000  558.000000  0.003379 
558.000000  559.000000  0.003379 
559.000000  560.000000  0.003379 
560.000000  561.000000  0.003378 
561.000000  562.000000  0.003378 
562.000000  563.000000  0.003378 
563.000000  564.000000  0.003378 
564.000000  565.000000  0.003378 
565.000000  566.000000  0.003377 
566.000000  567.000000  0.003377 
567.000000  568.000000  0.003377 
568.000000  569.000000  0.003377 
569.000000  570.000000  0.003377 
570.000000  571.000000  0.003376 
571.000000  572.000000  0.003376 
572.000000  573.000000  0.003376 
573.000000  574.000000  0.003376 
574.000000  575.000000  0.003376 
575.000000  576.000000  0.003375 
576.000000  577.000000  0.003375 
577.000000  578.000000  0.003375 
578.000000  579.000000  0.003375 
579.000000  580.000000  0.003374 
580.000000  581.000000  0.003374 
581.000000  582.000000  0.003374 
582.000000  583.000000  0.003374 
583.000000  584.000000  0.003374 
584.000000  585.000000  0.003373 
585.000000  586.000000  0.003373 
586.000000  587.000000  0.003373 
587.000000  588.000000  0.003373 
588.000000  589.000000  0.003372 
589.000000  590.000000  0.003372 
590.000000  591.000000  0.003372 
591.000000  592.000000  0.003371 
592.000000  593.000000  0.003371 
593.000000  594.000000  0.003371 
594.000000  595.000000  0.003371 
595.000000  596.000000  0.003370 
596.000000  597.000000  0.003370 
597.000000  598.000000  0.003370 
598.000000  599.000000  0.003370 
599.000000  600.000000  0.003369 
600.000000  601.000000  0.003369 
601.000000  602.000000  0.003369 
602.000000  603.000000  0.003369 
603.000000  604.000000  0.003368 
604.000000  605.000000  0.003368 
605.000000  606.000000  0.003368 
606.000000  607.000000  0.003367 
607.000000  608.000000  0.003367 
608.000000  609.000000  0.003367 
609.000000  610.000000  0.003367 
610.000000  611.000000  0.003366 
611.000000  612.000000  0.003366 
612.000000  613.000000  0.003366 
613.000000  614.000000  0.003365 
614.000000  615.000000  0.003365 
615.000000  616.000000  0.003365 
616.000000  617.000000  0.003365 
617.000000  618.000000  0.003364 
618.000000  619.000000  0.003364 
619.000000  620.000000  0.003364 
620.000000  621.000000  0.003363 
621.000000  622.000000  0.003363 
622.000000  623.000000  0.003363 
623.000000  624.000000  0.003362 
624.000000  625.000000  0.003362 
625.000000  626.000000  0.003362 
626.000000  627.000000  0.003362 
627.000000  628.000000  0.003361 
628.000000  629.000000  0.003361 
629.000000  630.000000  0.003361 
630.000000  631.000000  0.003360 
631.000000  632.000000  0.003360 
632.000000  633.000000  0.003360 
633.000000  634.000000  0.003360 
634.000000  635.000000  0.003359 
635.000000  636.000000  0.003359 
636.000000  637.000000  0.003359 
637.000000  638.000000  0.003358 
638.000000  639.000000  0.003358 
639.000000  640.000000  0.003358 
640.000000  641.000000  0.003357 
641.000000  642.000000  0.003357 
642.000000  643.000000  0.003357 
643.000000  644.000000  0.003356 
644.000000  645.000000  0.003356 
645.000000  646.000000  0.003356 
646.000000  647.000000  0.003356 
647.000000  648.000000  0.003355 
648.000000  649.000000  0.003355 
649.000000  650.000000  0.003355 
650.000000  651.000000  0.003354 
651.000000  652.000000  0.003354 
652.000000  653.000000  0.003354 
653.000000  654.000000  0.003353 
654.000000  655.000000  0.003353 
655.000000  656.000000  0.003353 
656.000000  657.000000  0.003353 
657.000000  658.000000  0.003352 
658.000000  659.000000  0.003352 
659.000000  660.000000  0.003352 
660.000000  661.000000  0.003351 
661.000000  662.000000  0.003351 
662.000000  663.000000  0.003351 
663.000000  664.000000  0.003350 
664.000000  665.000000  0.003350 
665.000000  666.000000  0.003350 
666.000000  667.000000  0.003350 
667.000000  668.000000  0.003349 
668.000000  669.000000  0.003349 
669.000000  670.000000  0.003349 
670.000000  671.000000  0.003348 
671.000000  672.000000  0.003348 
672.000000  673.000000  0.003348 
673.000000  674.000000  0.003347 
674.000000  675.000000  0.003347 
675.000000  676.000000  0.003347 
676.000000  677.000000  0.003347 
677.000000  678.000000  0.003346 
678.000000  679.000000  0.003346 
679.000000  680.000000  0.003346 
680.000000  681.000000  0.003345 
681.000000  682.000000  0.003345 
682.000000  683.000000  0.003345 
683.000000  684.000000  0.003344 
684.000000  685.000000  0.003344 
685.000000  686.000000  0.003344 
686.000000  687.000000  0.003344 
687.000000  688.000000  0.003343 
688.000000  689.000000  0.003343 
689.000000  690.000000  0.003343 
690.000000  691.000000  0.003342 
691.000000  692.000000  0.003342 
692.000000  693.000000  0.003342 
693.000000  694.000000  0.003342 
694.000000  695.000000  0.003341 
695.000000  696.000000  0.003341 
696.000000  697.000000  0.003341 
697.000000  698.000000  0.003340 
698.000000  699.000000  0.003340 
699.000000  700.000000  0.003340 
700.000000  701.000000  0.003340 
701.000000  702.000000  0.003339 
702.000000  703.000000  0.003339 
703.000000  704.000000  0.003339 
704.000000  705.000000  0.003338 
705.000000  706.000000  0.003338 
706.000000  707.000000  0.003338 
707.000000  708.000000  0.003338 
708.000000  709.000000  0.003337 
709.000000  710.000000  0.003337 
710.000000  711.000000  0.003337 
711.000000  712.000000  0.003337 
712.000000  713.000000  0.003336 
713.000000  714.000000  0.003336 
714.000000  715.000000  0.003336 
715.000000  716.000000  0.003335 
716.000000  717.000000  0.003335 
717.000000  718.000000  0.003335 
718.000000  719.000000  0.003335 
719.000000  720.000000  0.003334 
720.000000  721.000000  0.003334 
721.000000  722.000000  0.003334 
722.000000  723.000000  0.003334 
723.000000  724.000000  0.003333 
724.000000  725.000000  0.003333 
725.000000  726.000000  0.003333 
726.000000  727.000000  0.003333 
727.000000  728.000000  0.003332 
728.000000  729.000000  0.003332 
729.000000  730.000000  0.003332 
730.000000  731.000000  0.003331 
731.000000  732.000000  0.003331 
732.000000  733.000000  0.003331 
733.000000  734.000000  0.003331 
734.000000  735.000000  0.003330 
735.000000  736.000000  0.003330 
736.000000  737.000000  0.003330 
737.000000  738.000000  0.003330 
738.000000  739.000000  0.003329 
739.000000  740.000000  0.003329 
740.000000  741.000000  0.003329 
741.000000  742.000000  0.003329 
742.000000  743.000000  0.003328 
743.000000  744.000000  0.003328 
744.000000  745.000000  0.003328 
745.000000  746.000000  0.003328 
746.000000  747.000000  0.003327 
747.000000  748.000000  0.003327 
748.000000  749.000000  0.003327 
749.000000  750.000000  0.003327 
750.000000  751.000000  0.003326 
751.000000  752.000000  0.003326 
752.000000  753.000000  0.003326 
753.000000  754.000000  0.003326 
754.000000  755.000000  0.003325 
755.000000  756.000000  0.003325 
756.000000  757.000000  0.003325 
757.000000  758.000000  0.003325 
758.000000  759.000000  0.003324 
759.000000  760.000000  0.003324 
760.000000  761.000000  0.003324 
761.000000  762.000000  0.003324 
762.000000  763.000000  0.003324 
763.000000  764.000000  0.003323 
764.000000  765.000000  0.003323 
765.000000  766.000000  0.003323 
766.000000  767.000000  0.003323 
767.000000  768.000000  0.003322 
768.000000  769.000000  0.003322 
769.000000  770.000000  0.003322 
770.000000  771.000000  0.003322 
771.000000  772.000000  0.003321 
772.000000  773.000000  0.003321 
773.000000  774.000000  0.003321 
774.000000  775.000000  0.003321 
775.000000  776.000000  0.003321 
776.000000  777.000000  0.003320 
777.000000  778.000000  0.003320 
778.000000  779.000000  0.003320 
779.000000  780.000000  0.003320 
780.000000  781.000000  0.003319 
781.000000  782.000000  0.003319 
782.000000  783.000000  0.003319 
783.000000  784.000000  0.003319 
784.000000  785.000000  0.003319 
785.000000  786.000000  0.003318 
786.000000  787.000000  0.003318 
787.000000  788.000000  0.003318 
788.000000  789.000000  0.003318 
789.000000  790.000000  0.003318 
790.000000  791.000000  0.003317 
791.000000  792.000000  0.003317 
792.000000  793.000000  0.003317 
793.000000  794.000000  0.003317 
794.000000  795.000000  0.003316 
795.000000  796.000000  0.003316 
796.000000  797.000000  0.003316 
797.000000  798.000000  0.003316 
798.000000  799.000000  0.003316 
799.000000  800.000000  0.003315 
