17.000000  18.000000  0.990667 
18.000000  19.000000  0.990186 
19.000000  20.000000  0.989830 
20.000000  21.000000  0.989585 
21.000000  22.000000  0.989439 
22.000000  23.000000  0.989391 
23.000000  24.000000  0.989460 
24.000000  25.000000  0.989571 
25.000000  26.000000  0.989712 
26.000000  27.000000  0.989881 
27.000000  28.000000  0.990056 
28.000000  29.000000  0.990165 
29.000000  30.000000  0.990304 
30.000000  31.000000  0.990484 
31.000000  32.000000  0.990698 
32.000000  33.000000  0.990955 
33.000000  34.000000  0.991325 
34.000000  35.000000  0.991716 
35.000000  36.000000  0.992109 
36.000000  37.000000  0.992500 
37.000000  38.000000  0.992889 
38.000000  39.000000  0.993272 
39.000000  40.000000  0.993648 
40.000000  41.000000  0.993988 
41.000000  42.000000  0.994290 
42.000000  43.000000  0.994582 
43.000000  44.000000  0.994864 
44.000000  45.000000  0.995136 
45.000000  46.000000  0.995397 
46.000000  47.000000  0.995648 
47.000000  48.000000  0.995889 
48.000000  49.000000  0.996120 
49.000000  50.000000  0.996341 
50.000000  51.000000  0.996552 
51.000000  52.000000  0.996753 
52.000000  53.000000  0.996946 
53.000000  54.000000  0.997136 
54.000000  55.000000  0.997318 
55.000000  56.000000  0.997491 
56.000000  57.000000  0.997655 
57.000000  58.000000  0.997810 
58.000000  59.000000  0.997957 
59.000000  60.000000  0.998096 
60.000000  61.000000  0.998226 
61.000000  62.000000  0.998348 
62.000000  63.000000  0.998463 
63.000000  64.000000  0.998570 
64.000000  65.000000  0.998670 
65.000000  66.000000  0.998763 
66.000000  67.000000  0.998849 
67.000000  68.000000  0.998928 
68.000000  69.000000  0.999000 
69.000000  70.000000  0.999066 
70.000000  71.000000  0.999126 
71.000000  72.000000  0.999179 
72.000000  73.000000  0.999226 
73.000000  74.000000  0.999269 
74.000000  75.000000  0.999305 
75.000000  76.000000  0.999337 
76.000000  77.000000  0.999364 
77.000000  78.000000  0.999386 
78.000000  79.000000  0.999404 
79.000000  80.000000  0.999417 
80.000000  81.000000  0.999427 
81.000000  82.000000  0.999432 
82.000000  83.000000  0.999434 
83.000000  84.000000  0.999432 
84.000000  85.000000  0.999427 
85.000000  86.000000  0.999425 
86.000000  87.000000  0.999414 
87.000000  88.000000  0.999400 
88.000000  89.000000  0.999383 
89.000000  90.000000  0.999364 
90.000000  91.000000  0.999342 
91.000000  92.000000  0.999318 
92.000000  93.000000  0.999293 
93.000000  94.000000  0.999265 
94.000000  95.000000  0.999236 
95.000000  96.000000  0.999205 
96.000000  97.000000  0.999172 
97.000000  98.000000  0.999139 
98.000000  99.000000  0.999104 
99.000000  100.000000  0.999068 
100.000000  101.000000  0.999032 
101.000000  102.000000  0.998994 
102.000000  103.000000  0.998956 
103.000000  104.000000  0.998917 
104.000000  105.000000  0.998878 
105.000000  106.000000  0.998839 
106.000000  107.000000  0.998799 
107.000000  108.000000  0.998759 
108.000000  109.000000  0.998719 
109.000000  110.000000  0.998679 
110.000000  111.000000  0.998640 
111.000000  112.000000  0.998600 
112.000000  113.000000  0.998561 
113.000000  114.000000  0.998522 
114.000000  115.000000  0.998483 
115.000000  116.000000  0.998445 
116.000000  117.000000  0.998408 
117.000000  118.000000  0.998371 
118.000000  119.000000  0.998335 
119.000000  120.000000  0.998299 
120.000000  121.000000  0.998265 
121.000000  122.000000  0.998231 
122.000000  123.000000  0.998198 
123.000000  124.000000  0.998166 
124.000000  125.000000  0.998134 
125.000000  126.000000  0.998104 
126.000000  127.000000  0.998075 
127.000000  128.000000  0.998046 
128.000000  129.000000  0.998019 
129.000000  130.000000  0.997992 
130.000000  131.000000  0.997967 
131.000000  132.000000  0.997942 
132.000000  133.000000  0.997919 
133.000000  134.000000  0.997897 
134.000000  135.000000  0.997875 
135.000000  136.000000  0.997855 
136.000000  137.000000  0.997835 
137.000000  138.000000  0.997817 
138.000000  139.000000  0.997799 
139.000000  140.000000  0.997783 
140.000000  141.000000  0.997767 
141.000000  142.000000  0.997752 
142.000000  143.000000  0.997739 
143.000000  144.000000  0.997725 
144.000000  145.000000  0.997713 
145.000000  146.000000  0.997702 
146.000000  147.000000  0.997691 
147.000000  148.000000  0.997681 
148.000000  149.000000  0.997672 
149.000000  150.000000  0.997663 
150.000000  151.000000  0.997656 
151.000000  152.000000  0.997648 
152.000000  153.000000  0.997641 
153.000000  154.000000  0.997635 
154.000000  155.000000  0.997630 
155.000000  156.000000  0.997624 
156.000000  157.000000  0.997620 
157.000000  158.000000  0.997615 
158.000000  159.000000  0.997611 
159.000000  160.000000  0.997607 
160.000000  161.000000  0.997604 
161.000000  162.000000  0.997601 
162.000000  163.000000  0.997598 
163.000000  164.000000  0.997595 
164.000000  165.000000  0.997593 
165.000000  166.000000  0.997591 
166.000000  167.000000  0.997589 
167.000000  168.000000  0.997587 
168.000000  169.000000  0.997585 
169.000000  170.000000  0.997583 
170.000000  171.000000  0.997581 
171.000000  172.000000  0.997579 
172.000000  173.000000  0.997577 
173.000000  174.000000  0.997575 
174.000000  175.000000  0.997573 
175.000000  176.000000  0.997571 
176.000000  177.000000  0.997569 
177.000000  178.000000  0.997567 
178.000000  179.000000  0.997564 
179.000000  180.000000  0.997562 
180.000000  181.000000  0.997559 
181.000000  182.000000  0.997556 
182.000000  183.000000  0.997553 
183.000000  184.000000  0.997550 
184.000000  185.000000  0.997547 
185.000000  186.000000  0.997544 
186.000000  187.000000  0.997540 
187.000000  188.000000  0.997536 
188.000000  189.000000  0.997532 
189.000000  190.000000  0.997528 
190.000000  191.000000  0.997523 
191.000000  192.000000  0.997519 
192.000000  193.000000  0.997514 
193.000000  194.000000  0.997509 
194.000000  195.000000  0.997503 
195.000000  196.000000  0.997498 
196.000000  197.000000  0.997492 
197.000000  198.000000  0.997486 
198.000000  199.000000  0.997480 
199.000000  200.000000  0.997473 
200.000000  201.000000  0.997467 
201.000000  202.000000  0.997460 
202.000000  203.000000  0.997453 
203.000000  204.000000  0.997446 
204.000000  205.000000  0.997439 
205.000000  206.000000  0.997432 
206.000000  207.000000  0.997424 
207.000000  208.000000  0.997416 
208.000000  209.000000  0.997408 
209.000000  210.000000  0.997400 
210.000000  211.000000  0.997392 
211.000000  212.000000  0.997384 
212.000000  213.000000  0.997376 
213.000000  214.000000  0.997367 
214.000000  215.000000  0.997359 
215.000000  216.000000  0.997350 
216.000000  217.000000  0.997341 
217.000000  218.000000  0.997332 
218.000000  219.000000  0.997323 
219.000000  220.000000  0.997314 
220.000000  221.000000  0.997305 
221.000000  222.000000  0.997296 
222.000000  223.000000  0.997287 
223.000000  224.000000  0.997278 
224.000000  225.000000  0.997269 
225.000000  226.000000  0.997260 
226.000000  227.000000  0.997250 
227.000000  228.000000  0.997241 
228.000000  229.000000  0.997232 
229.000000  230.000000  0.997223 
230.000000  231.000000  0.997214 
231.000000  232.000000  0.997205 
232.000000  233.000000  0.997196 
233.000000  234.000000  0.997187 
234.000000  235.000000  0.997178 
235.000000  236.000000  0.997169 
236.000000  237.000000  0.997160 
237.000000  238.000000  0.997151 
238.000000  239.000000  0.997143 
239.000000  240.000000  0.997134 
240.000000  241.000000  0.997126 
241.000000  242.000000  0.997117 
242.000000  243.000000  0.997109 
243.000000  244.000000  0.997101 
244.000000  245.000000  0.997093 
245.000000  246.000000  0.997085 
246.000000  247.000000  0.997077 
247.000000  248.000000  0.997069 
248.000000  249.000000  0.997061 
249.000000  250.000000  0.997054 
250.000000  251.000000  0.997046 
251.000000  252.000000  0.997039 
252.000000  253.000000  0.997032 
253.000000  254.000000  0.997025 
254.000000  255.000000  0.997018 
255.000000  256.000000  0.997011 
256.000000  257.000000  0.997004 
257.000000  258.000000  0.996998 
258.000000  259.000000  0.996991 
259.000000  260.000000  0.996985 
260.000000  261.000000  0.996979 
261.000000  262.000000  0.996973 
262.000000  263.000000  0.996967 
263.000000  264.000000  0.996961 
264.000000  265.000000  0.996955 
265.000000  266.000000  0.996950 
266.000000  267.000000  0.996944 
267.000000  268.000000  0.996939 
268.000000  269.000000  0.996934 
269.000000  270.000000  0.996929 
270.000000  271.000000  0.996924 
271.000000  272.000000  0.996919 
272.000000  273.000000  0.996915 
273.000000  274.000000  0.996910 
274.000000  275.000000  0.996906 
275.000000  276.000000  0.996901 
276.000000  277.000000  0.996897 
277.000000  278.000000  0.996893 
278.000000  279.000000  0.996889 
279.000000  280.000000  0.996885 
280.000000  281.000000  0.996881 
281.000000  282.000000  0.996878 
282.000000  283.000000  0.996874 
283.000000  284.000000  0.996871 
284.000000  285.000000  0.996867 
285.000000  286.000000  0.996864 
286.000000  287.000000  0.996861 
287.000000  288.000000  0.996858 
288.000000  289.000000  0.996855 
289.000000  290.000000  0.996852 
290.000000  291.000000  0.996849 
291.000000  292.000000  0.996846 
292.000000  293.000000  0.996843 
293.000000  294.000000  0.996840 
294.000000  295.000000  0.996838 
295.000000  296.000000  0.996835 
296.000000  297.000000  0.996833 
297.000000  298.000000  0.996830 
298.000000  299.000000  0.996828 
299.000000  300.000000  0.996825 
300.000000  301.000000  0.996823 
301.000000  302.000000  0.996821 
302.000000  303.000000  0.996819 
303.000000  304.000000  0.996816 
304.000000  305.000000  0.996814 
305.000000  306.000000  0.996812 
306.000000  307.000000  0.996810 
307.000000  308.000000  0.996808 
308.000000  309.000000  0.996806 
309.000000  310.000000  0.996804 
310.000000  311.000000  0.996802 
311.000000  312.000000  0.996800 
312.000000  313.000000  0.996798 
313.000000  314.000000  0.996796 
314.000000  315.000000  0.996794 
315.000000  316.000000  0.996792 
316.000000  317.000000  0.996790 
317.000000  318.000000  0.996788 
318.000000  319.000000  0.996787 
319.000000  320.000000  0.996785 
320.000000  321.000000  0.996783 
321.000000  322.000000  0.996781 
322.000000  323.000000  0.996779 
323.000000  324.000000  0.996777 
324.000000  325.000000  0.996775 
325.000000  326.000000  0.996774 
326.000000  327.000000  0.996772 
327.000000  328.000000  0.996770 
328.000000  329.000000  0.996768 
329.000000  330.000000  0.996766 
330.000000  331.000000  0.996764 
331.000000  332.000000  0.996763 
332.000000  333.000000  0.996761 
333.000000  334.000000  0.996759 
334.000000  335.000000  0.996757 
335.000000  336.000000  0.996755 
336.000000  337.000000  0.996753 
337.000000  338.000000  0.996751 
338.000000  339.000000  0.996750 
339.000000  340.000000  0.996748 
340.000000  341.000000  0.996746 
341.000000  342.000000  0.996744 
342.000000  343.000000  0.996742 
343.000000  344.000000  0.996741 
344.000000  345.000000  0.996739 
345.000000  346.000000  0.996737 
346.000000  347.000000  0.996735 
347.000000  348.000000  0.996734 
348.000000  349.000000  0.996732 
349.000000  350.000000  0.996730 
350.000000  351.000000  0.996728 
351.000000  352.000000  0.996727 
352.000000  353.000000  0.996725 
353.000000  354.000000  0.996723 
354.000000  355.000000  0.996722 
355.000000  356.000000  0.996720 
356.000000  357.000000  0.996719 
357.000000  358.000000  0.996717 
358.000000  359.000000  0.996716 
359.000000  360.000000  0.996714 
360.000000  361.000000  0.996713 
361.000000  362.000000  0.996712 
362.000000  363.000000  0.996710 
363.000000  364.000000  0.996709 
364.000000  365.000000  0.996708 
365.000000  366.000000  0.996707 
366.000000  367.000000  0.996706 
367.000000  368.000000  0.996705 
368.000000  369.000000  0.996704 
369.000000  370.000000  0.996703 
370.000000  371.000000  0.996702 
371.000000  372.000000  0.996702 
372.000000  373.000000  0.996701 
373.000000  374.000000  0.996701 
374.000000  375.000000  0.996700 
375.000000  376.000000  0.996700 
376.000000  377.000000  0.996699 
377.000000  378.000000  0.996699 
378.000000  379.000000  0.996699 
379.000000  380.000000  0.996699 
380.000000  381.000000  0.996699 
381.000000  382.000000  0.996700 
382.000000  383.000000  0.996700 
383.000000  384.000000  0.996700 
384.000000  385.000000  0.996701 
385.000000  386.000000  0.996702 
386.000000  387.000000  0.996703 
387.000000  388.000000  0.996704 
388.000000  389.000000  0.996705 
389.000000  390.000000  0.996706 
390.000000  391.000000  0.996707 
391.000000  392.000000  0.996709 
392.000000  393.000000  0.996711 
393.000000  394.000000  0.996712 
394.000000  395.000000  0.996714 
395.000000  396.000000  0.996717 
396.000000  397.000000  0.996719 
397.000000  398.000000  0.996721 
398.000000  399.000000  0.996724 
399.000000  400.000000  0.996727 
400.000000  401.000000  0.996730 
401.000000  402.000000  0.996733 
402.000000  403.000000  0.996736 
403.000000  404.000000  0.996740 
404.000000  405.000000  0.996744 
405.000000  406.000000  0.996747 
406.000000  407.000000  0.996752 
407.000000  408.000000  0.996756 
408.000000  409.000000  0.996760 
409.000000  410.000000  0.996765 
410.000000  411.000000  0.996770 
411.000000  412.000000  0.996775 
412.000000  413.000000  0.996780 
413.000000  414.000000  0.996786 
414.000000  415.000000  0.996791 
415.000000  416.000000  0.996797 
416.000000  417.000000  0.996803 
417.000000  418.000000  0.996810 
418.000000  419.000000  0.996816 
419.000000  420.000000  0.996823 
420.000000  421.000000  0.996830 
421.000000  422.000000  0.996837 
422.000000  423.000000  0.996845 
423.000000  424.000000  0.996853 
424.000000  425.000000  0.996861 
425.000000  426.000000  0.996869 
426.000000  427.000000  0.996877 
427.000000  428.000000  0.996886 
428.000000  429.000000  0.996895 
429.000000  430.000000  0.996904 
430.000000  431.000000  0.996913 
431.000000  432.000000  0.996923 
432.000000  433.000000  0.996932 
433.000000  434.000000  0.996942 
434.000000  435.000000  0.996953 
435.000000  436.000000  0.996963 
436.000000  437.000000  0.996974 
437.000000  438.000000  0.996985 
438.000000  439.000000  0.996996 
439.000000  440.000000  0.997008 
440.000000  441.000000  0.997019 
441.000000  442.000000  0.997031 
442.000000  443.000000  0.997044 
443.000000  444.000000  0.997056 
444.000000  445.000000  0.997069 
445.000000  446.000000  0.997082 
446.000000  447.000000  0.997095 
447.000000  448.000000  0.997108 
448.000000  449.000000  0.997122 
449.000000  450.000000  0.997136 
450.000000  451.000000  0.997150 
451.000000  452.000000  0.997165 
452.000000  453.000000  0.997179 
453.000000  454.000000  0.997194 
454.000000  455.000000  0.997209 
455.000000  456.000000  0.997225 
456.000000  457.000000  0.997240 
457.000000  458.000000  0.997256 
458.000000  459.000000  0.997272 
459.000000  460.000000  0.997288 
460.000000  461.000000  0.997305 
461.000000  462.000000  0.997322 
462.000000  463.000000  0.997339 
463.000000  464.000000  0.997356 
464.000000  465.000000  0.997373 
465.000000  466.000000  0.997391 
466.000000  467.000000  0.997409 
467.000000  468.000000  0.997427 
468.000000  469.000000  0.997445 
469.000000  470.000000  0.997464 
470.000000  471.000000  0.997483 
471.000000  472.000000  0.997502 
472.000000  473.000000  0.997521 
473.000000  474.000000  0.997540 
474.000000  475.000000  0.997560 
475.000000  476.000000  0.997580 
476.000000  477.000000  0.997600 
477.000000  478.000000  0.997620 
478.000000  479.000000  0.997640 
479.000000  480.000000  0.997661 
480.000000  481.000000  0.997682 
481.000000  482.000000  0.997703 
482.000000  483.000000  0.997724 
483.000000  484.000000  0.997746 
484.000000  485.000000  0.997767 
485.000000  486.000000  0.997789 
486.000000  487.000000  0.997811 
487.000000  488.000000  0.997833 
488.000000  489.000000  0.997855 
489.000000  490.000000  0.997878 
490.000000  491.000000  0.997900 
491.000000  492.000000  0.997923 
492.000000  493.000000  0.997946 
493.000000  494.000000  0.997969 
494.000000  495.000000  0.997993 
495.000000  496.000000  0.998016 
496.000000  497.000000  0.998040 
497.000000  498.000000  0.998063 
498.000000  499.000000  0.998087 
499.000000  500.000000  0.998111 
500.000000  501.000000  0.998136 
501.000000  502.000000  0.998160 
502.000000  503.000000  0.998184 
503.000000  504.000000  0.998209 
504.000000  505.000000  0.998234 
505.000000  506.000000  0.998259 
506.000000  507.000000  0.998284 
507.000000  508.000000  0.998309 
508.000000  509.000000  0.998334 
509.000000  510.000000  0.998360 
510.000000  511.000000  0.998385 
511.000000  512.000000  0.998411 
512.000000  513.000000  0.998436 
513.000000  514.000000  0.998462 
514.000000  515.000000  0.998488 
515.000000  516.000000  0.998514 
516.000000  517.000000  0.998540 
517.000000  518.000000  0.998567 
518.000000  519.000000  0.998593 
519.000000  520.000000  0.998619 
520.000000  521.000000  0.998646 
521.000000  522.000000  0.998672 
522.000000  523.000000  0.998699 
523.000000  524.000000  0.998726 
524.000000  525.000000  0.998753 
525.000000  526.000000  0.998780 
526.000000  527.000000  0.998807 
527.000000  528.000000  0.998834 
528.000000  529.000000  0.998861 
529.000000  530.000000  0.998888 
530.000000  531.000000  0.998915 
531.000000  532.000000  0.998943 
532.000000  533.000000  0.998970 
533.000000  534.000000  0.998998 
534.000000  535.000000  0.999025 
535.000000  536.000000  0.999053 
536.000000  537.000000  0.999080 
537.000000  538.000000  0.999108 
538.000000  539.000000  0.999135 
539.000000  540.000000  0.999163 
540.000000  541.000000  0.999191 
541.000000  542.000000  0.999219 
542.000000  543.000000  0.999247 
543.000000  544.000000  0.999274 
544.000000  545.000000  0.999302 
545.000000  546.000000  0.999330 
546.000000  547.000000  0.999358 
547.000000  548.000000  0.999386 
548.000000  549.000000  0.999414 
549.000000  550.000000  0.999442 
550.000000  551.000000  0.999470 
551.000000  552.000000  0.999498 
552.000000  553.000000  0.999526 
553.000000  554.000000  0.999554 
554.000000  555.000000  0.999583 
555.000000  556.000000  0.999611 
556.000000  557.000000  0.999639 
557.000000  558.000000  0.999667 
558.000000  559.000000  0.999695 
559.000000  560.000000  0.999723 
560.000000  561.000000  0.999751 
561.000000  562.000000  0.999779 
562.000000  563.000000  0.999807 
563.000000  564.000000  0.999835 
564.000000  565.000000  0.999863 
565.000000  566.000000  0.999891 
566.000000  567.000000  0.999919 
567.000000  568.000000  0.999947 
568.000000  569.000000  0.999975 
569.000000  570.000000  1.000003 
570.000000  571.000000  1.000031 
571.000000  572.000000  1.000059 
572.000000  573.000000  1.000087 
573.000000  574.000000  1.000115 
574.000000  575.000000  1.000143 
575.000000  576.000000  1.000171 
576.000000  577.000000  1.000198 
577.000000  578.000000  1.000226 
578.000000  579.000000  1.000254 
579.000000  580.000000  1.000282 
580.000000  581.000000  1.000309 
581.000000  582.000000  1.000337 
582.000000  583.000000  1.000364 
583.000000  584.000000  1.000392 
584.000000  585.000000  1.000419 
585.000000  586.000000  1.000447 
586.000000  587.000000  1.000474 
587.000000  588.000000  1.000502 
588.000000  589.000000  1.000529 
589.000000  590.000000  1.000556 
590.000000  591.000000  1.000583 
591.000000  592.000000  1.000611 
592.000000  593.000000  1.000638 
593.000000  594.000000  1.000665 
594.000000  595.000000  1.000692 
595.000000  596.000000  1.000719 
596.000000  597.000000  1.000746 
597.000000  598.000000  1.000773 
598.000000  599.000000  1.000799 
599.000000  600.000000  1.000826 
600.000000  601.000000  1.000853 
601.000000  602.000000  1.000879 
602.000000  603.000000  1.000906 
603.000000  604.000000  1.000932 
604.000000  605.000000  1.000959 
605.000000  606.000000  1.000985 
606.000000  607.000000  1.001011 
607.000000  608.000000  1.001038 
608.000000  609.000000  1.001064 
609.000000  610.000000  1.001090 
610.000000  611.000000  1.001116 
611.000000  612.000000  1.001142 
612.000000  613.000000  1.001168 
613.000000  614.000000  1.001194 
614.000000  615.000000  1.001219 
615.000000  616.000000  1.001245 
616.000000  617.000000  1.001271 
617.000000  618.000000  1.001296 
618.000000  619.000000  1.001322 
619.000000  620.000000  1.001347 
620.000000  621.000000  1.001373 
621.000000  622.000000  1.001398 
622.000000  623.000000  1.001423 
623.000000  624.000000  1.001448 
624.000000  625.000000  1.001473 
625.000000  626.000000  1.001498 
626.000000  627.000000  1.001523 
627.000000  628.000000  1.001548 
628.000000  629.000000  1.001572 
629.000000  630.000000  1.001597 
630.000000  631.000000  1.001622 
631.000000  632.000000  1.001646 
632.000000  633.000000  1.001671 
633.000000  634.000000  1.001695 
634.000000  635.000000  1.001719 
635.000000  636.000000  1.001743 
636.000000  637.000000  1.001767 
637.000000  638.000000  1.001791 
638.000000  639.000000  1.001815 
639.000000  640.000000  1.001839 
640.000000  641.000000  1.001863 
641.000000  642.000000  1.001887 
642.000000  643.000000  1.001910 
643.000000  644.000000  1.001934 
644.000000  645.000000  1.001957 
645.000000  646.000000  1.001980 
646.000000  647.000000  1.002004 
647.000000  648.000000  1.002027 
648.000000  649.000000  1.002050 
649.000000  650.000000  1.002073 
650.000000  651.000000  1.002096 
651.000000  652.000000  1.002119 
652.000000  653.000000  1.002141 
653.000000  654.000000  1.002164 
654.000000  655.000000  1.002187 
655.000000  656.000000  1.002209 
656.000000  657.000000  1.002232 
657.000000  658.000000  1.002254 
658.000000  659.000000  1.002276 
659.000000  660.000000  1.002298 
660.000000  661.000000  1.002320 
661.000000  662.000000  1.002342 
662.000000  663.000000  1.002364 
663.000000  664.000000  1.002386 
664.000000  665.000000  1.002408 
665.000000  666.000000  1.002429 
666.000000  667.000000  1.002451 
667.000000  668.000000  1.002472 
668.000000  669.000000  1.002494 
669.000000  670.000000  1.002515 
670.000000  671.000000  1.002536 
671.000000  672.000000  1.002558 
672.000000  673.000000  1.002579 
673.000000  674.000000  1.002600 
674.000000  675.000000  1.002620 
675.000000  676.000000  1.002641 
676.000000  677.000000  1.002662 
677.000000  678.000000  1.002682 
678.000000  679.000000  1.002703 
679.000000  680.000000  1.002723 
680.000000  681.000000  1.002744 
681.000000  682.000000  1.002764 
682.000000  683.000000  1.002784 
683.000000  684.000000  1.002804 
684.000000  685.000000  1.002824 
685.000000  686.000000  1.002844 
686.000000  687.000000  1.002864 
687.000000  688.000000  1.002884 
688.000000  689.000000  1.002904 
689.000000  690.000000  1.002923 
690.000000  691.000000  1.002943 
691.000000  692.000000  1.002962 
692.000000  693.000000  1.002981 
693.000000  694.000000  1.003001 
694.000000  695.000000  1.003020 
695.000000  696.000000  1.003039 
696.000000  697.000000  1.003058 
697.000000  698.000000  1.003077 
698.000000  699.000000  1.003096 
699.000000  700.000000  1.003114 
700.000000  701.000000  1.003133 
701.000000  702.000000  1.003152 
702.000000  703.000000  1.003170 
703.000000  704.000000  1.003189 
704.000000  705.000000  1.003207 
705.000000  706.000000  1.003225 
706.000000  707.000000  1.003243 
707.000000  708.000000  1.003262 
708.000000  709.000000  1.003280 
709.000000  710.000000  1.003297 
710.000000  711.000000  1.003315 
711.000000  712.000000  1.003333 
712.000000  713.000000  1.003351 
713.000000  714.000000  1.003368 
714.000000  715.000000  1.003386 
715.000000  716.000000  1.003403 
716.000000  717.000000  1.003421 
717.000000  718.000000  1.003438 
718.000000  719.000000  1.003455 
719.000000  720.000000  1.003472 
720.000000  721.000000  1.003489 
721.000000  722.000000  1.003506 
722.000000  723.000000  1.003523 
723.000000  724.000000  1.003540 
724.000000  725.000000  1.003557 
725.000000  726.000000  1.003573 
726.000000  727.000000  1.003590 
727.000000  728.000000  1.003606 
728.000000  729.000000  1.003623 
729.000000  730.000000  1.003639 
730.000000  731.000000  1.003655 
731.000000  732.000000  1.003672 
732.000000  733.000000  1.003688 
733.000000  734.000000  1.003704 
734.000000  735.000000  1.003720 
735.000000  736.000000  1.003736 
736.000000  737.000000  1.003751 
737.000000  738.000000  1.003767 
738.000000  739.000000  1.003783 
739.000000  740.000000  1.003798 
740.000000  741.000000  1.003814 
741.000000  742.000000  1.003829 
742.000000  743.000000  1.003845 
743.000000  744.000000  1.003860 
744.000000  745.000000  1.003875 
745.000000  746.000000  1.003890 
746.000000  747.000000  1.003905 
747.000000  748.000000  1.003920 
748.000000  749.000000  1.003935 
749.000000  750.000000  1.003950 
750.000000  751.000000  1.003965 
751.000000  752.000000  1.003980 
752.000000  753.000000  1.003994 
753.000000  754.000000  1.004009 
754.000000  755.000000  1.004023 
755.000000  756.000000  1.004038 
756.000000  757.000000  1.004052 
757.000000  758.000000  1.004066 
758.000000  759.000000  1.004080 
759.000000  760.000000  1.004095 
760.000000  761.000000  1.004109 
761.000000  762.000000  1.004123 
762.000000  763.000000  1.004136 
763.000000  764.000000  1.004150 
764.000000  765.000000  1.004164 
765.000000  766.000000  1.004178 
766.000000  767.000000  1.004191 
767.000000  768.000000  1.004205 
768.000000  769.000000  1.004219 
769.000000  770.000000  1.004232 
770.000000  771.000000  1.004245 
771.000000  772.000000  1.004259 
772.000000  773.000000  1.004272 
773.000000  774.000000  1.004285 
774.000000  775.000000  1.004298 
775.000000  776.000000  1.004311 
776.000000  777.000000  1.004324 
777.000000  778.000000  1.004337 
778.000000  779.000000  1.004350 
779.000000  780.000000  1.004363 
780.000000  781.000000  1.004376 
781.000000  782.000000  1.004388 
782.000000  783.000000  1.004401 
783.000000  784.000000  1.004413 
784.000000  785.000000  1.004426 
785.000000  786.000000  1.004438 
786.000000  787.000000  1.004450 
787.000000  788.000000  1.004463 
788.000000  789.000000  1.004475 
789.000000  790.000000  1.004487 
790.000000  791.000000  1.004499 
791.000000  792.000000  1.004511 
792.000000  793.000000  1.004523 
793.000000  794.000000  1.004535 
794.000000  795.000000  1.004547 
795.000000  796.000000  1.004559 
796.000000  797.000000  1.004570 
797.000000  798.000000  1.004582 
798.000000  799.000000  1.004594 
799.000000  800.000000  1.004605 
