17.000000  18.000000  0.000000 
18.000000  19.000000  0.000000 
19.000000  20.000000  0.000000 
20.000000  21.000000  0.000000 
21.000000  22.000000  0.000000 
22.000000  23.000000  0.000000 
23.000000  24.000000  0.000000 
24.000000  25.000000  0.000000 
25.000000  26.000000  0.000000 
26.000000  27.000000  0.000000 
27.000000  28.000000  0.000000 
28.000000  29.000000  0.000000 
29.000000  30.000000  0.000001 
30.000000  31.000000  0.000001 
31.000000  32.000000  0.000001 
32.000000  33.000000  0.000002 
33.000000  34.000000  0.000003 
34.000000  35.000000  0.000005 
35.000000  36.000000  0.000006 
36.000000  37.000000  0.000009 
37.000000  38.000000  0.000012 
38.000000  39.000000  0.000016 
39.000000  40.000000  0.000021 
40.000000  41.000000  0.000027 
41.000000  42.000000  0.000034 
42.000000  43.000000  0.000042 
43.000000  44.000000  0.000052 
44.000000  45.000000  0.000064 
45.000000  46.000000  0.000077 
46.000000  47.000000  0.000092 
47.000000  48.000000  0.000109 
48.000000  49.000000  0.000128 
49.000000  50.000000  0.000148 
50.000000  51.000000  0.000171 
51.000000  52.000000  0.000196 
52.000000  53.000000  0.000223 
53.000000  54.000000  0.000251 
54.000000  55.000000  0.000282 
55.000000  56.000000  0.000315 
56.000000  57.000000  0.000350 
57.000000  58.000000  0.000386 
58.000000  59.000000  0.000424 
59.000000  60.000000  0.000464 
60.000000  61.000000  0.000505 
61.000000  62.000000  0.000548 
62.000000  63.000000  0.000592 
63.000000  64.000000  0.000638 
64.000000  65.000000  0.000684 
65.000000  66.000000  0.000732 
66.000000  67.000000  0.000780 
67.000000  68.000000  0.000830 
68.000000  69.000000  0.000880 
69.000000  70.000000  0.000930 
70.000000  71.000000  0.000981 
71.000000  72.000000  0.001033 
72.000000  73.000000  0.001085 
73.000000  74.000000  0.001136 
74.000000  75.000000  0.001188 
75.000000  76.000000  0.001241 
76.000000  77.000000  0.001293 
77.000000  78.000000  0.001345 
78.000000  79.000000  0.001396 
79.000000  80.000000  0.001448 
80.000000  81.000000  0.001499 
81.000000  82.000000  0.001550 
82.000000  83.000000  0.001600 
83.000000  84.000000  0.001650 
84.000000  85.000000  0.001700 
85.000000  86.000000  0.001752 
86.000000  87.000000  0.001800 
87.000000  88.000000  0.001848 
88.000000  89.000000  0.001895 
89.000000  90.000000  0.001941 
90.000000  91.000000  0.001987 
91.000000  92.000000  0.002032 
92.000000  93.000000  0.002077 
93.000000  94.000000  0.002121 
94.000000  95.000000  0.002164 
95.000000  96.000000  0.002206 
96.000000  97.000000  0.002248 
97.000000  98.000000  0.002289 
98.000000  99.000000  0.002329 
99.000000  100.000000  0.002369 
100.000000  101.000000  0.002408 
101.000000  102.000000  0.002446 
102.000000  103.000000  0.002483 
103.000000  104.000000  0.002520 
104.000000  105.000000  0.002556 
105.000000  106.000000  0.002592 
106.000000  107.000000  0.002626 
107.000000  108.000000  0.002660 
108.000000  109.000000  0.002694 
109.000000  110.000000  0.002727 
110.000000  111.000000  0.002759 
111.000000  112.000000  0.002791 
112.000000  113.000000  0.002822 
113.000000  114.000000  0.002852 
114.000000  115.000000  0.002882 
115.000000  116.000000  0.002911 
116.000000  117.000000  0.002940 
117.000000  118.000000  0.002969 
118.000000  119.000000  0.002996 
119.000000  120.000000  0.003024 
120.000000  121.000000  0.003051 
121.000000  122.000000  0.003077 
122.000000  123.000000  0.003103 
123.000000  124.000000  0.003129 
124.000000  125.000000  0.003154 
125.000000  126.000000  0.003178 
126.000000  127.000000  0.003203 
127.000000  128.000000  0.003227 
128.000000  129.000000  0.003250 
129.000000  130.000000  0.003274 
130.000000  131.000000  0.003296 
131.000000  132.000000  0.003319 
132.000000  133.000000  0.003341 
133.000000  134.000000  0.003363 
134.000000  135.000000  0.003385 
135.000000  136.000000  0.003406 
136.000000  137.000000  0.003427 
137.000000  138.000000  0.003448 
138.000000  139.000000  0.003469 
139.000000  140.000000  0.003489 
140.000000  141.000000  0.003510 
141.000000  142.000000  0.003530 
142.000000  143.000000  0.003549 
143.000000  144.000000  0.003569 
144.000000  145.000000  0.003588 
145.000000  146.000000  0.003608 
146.000000  147.000000  0.003627 
147.000000  148.000000  0.003645 
148.000000  149.000000  0.003664 
149.000000  150.000000  0.003683 
150.000000  151.000000  0.003701 
151.000000  152.000000  0.003719 
152.000000  153.000000  0.003737 
153.000000  154.000000  0.003755 
154.000000  155.000000  0.003773 
155.000000  156.000000  0.003791 
156.000000  157.000000  0.003809 
157.000000  158.000000  0.003826 
158.000000  159.000000  0.003844 
159.000000  160.000000  0.003861 
160.000000  161.000000  0.003878 
161.000000  162.000000  0.003895 
162.000000  163.000000  0.003912 
163.000000  164.000000  0.003929 
164.000000  165.000000  0.003946 
165.000000  166.000000  0.003962 
166.000000  167.000000  0.003979 
167.000000  168.000000  0.003996 
168.000000  169.000000  0.004012 
169.000000  170.000000  0.004028 
170.000000  171.000000  0.004044 
171.000000  172.000000  0.004061 
172.000000  173.000000  0.004077 
173.000000  174.000000  0.004093 
174.000000  175.000000  0.004108 
175.000000  176.000000  0.004124 
176.000000  177.000000  0.004140 
177.000000  178.000000  0.004155 
178.000000  179.000000  0.004171 
179.000000  180.000000  0.004186 
180.000000  181.000000  0.004201 
181.000000  182.000000  0.004217 
182.000000  183.000000  0.004232 
183.000000  184.000000  0.004247 
184.000000  185.000000  0.004261 
185.000000  186.000000  0.004276 
186.000000  187.000000  0.004291 
187.000000  188.000000  0.004305 
188.000000  189.000000  0.004320 
189.000000  190.000000  0.004334 
190.000000  191.000000  0.004348 
191.000000  192.000000  0.004362 
192.000000  193.000000  0.004376 
193.000000  194.000000  0.004390 
194.000000  195.000000  0.004404 
195.000000  196.000000  0.004417 
196.000000  197.000000  0.004431 
197.000000  198.000000  0.004444 
198.000000  199.000000  0.004457 
199.000000  200.000000  0.004471 
200.000000  201.000000  0.004484 
201.000000  202.000000  0.004496 
202.000000  203.000000  0.004509 
203.000000  204.000000  0.004522 
204.000000  205.000000  0.004534 
205.000000  206.000000  0.004546 
206.000000  207.000000  0.004558 
207.000000  208.000000  0.004570 
208.000000  209.000000  0.004582 
209.000000  210.000000  0.004594 
210.000000  211.000000  0.004606 
211.000000  212.000000  0.004617 
212.000000  213.000000  0.004628 
213.000000  214.000000  0.004639 
214.000000  215.000000  0.004650 
215.000000  216.000000  0.004661 
216.000000  217.000000  0.004672 
217.000000  218.000000  0.004683 
218.000000  219.000000  0.004693 
219.000000  220.000000  0.004703 
220.000000  221.000000  0.004713 
221.000000  222.000000  0.004723 
222.000000  223.000000  0.004733 
223.000000  224.000000  0.004743 
224.000000  225.000000  0.004752 
225.000000  226.000000  0.004762 
226.000000  227.000000  0.004771 
227.000000  228.000000  0.004780 
228.000000  229.000000  0.004789 
229.000000  230.000000  0.004798 
230.000000  231.000000  0.004807 
231.000000  232.000000  0.004815 
232.000000  233.000000  0.004824 
233.000000  234.000000  0.004832 
234.000000  235.000000  0.004840 
235.000000  236.000000  0.004848 
236.000000  237.000000  0.004856 
237.000000  238.000000  0.004863 
238.000000  239.000000  0.004871 
239.000000  240.000000  0.004878 
240.000000  241.000000  0.004886 
241.000000  242.000000  0.004893 
242.000000  243.000000  0.004900 
243.000000  244.000000  0.004907 
244.000000  245.000000  0.004914 
245.000000  246.000000  0.004920 
246.000000  247.000000  0.004927 
247.000000  248.000000  0.004933 
248.000000  249.000000  0.004940 
249.000000  250.000000  0.004946 
250.000000  251.000000  0.004952 
251.000000  252.000000  0.004958 
252.000000  253.000000  0.004964 
253.000000  254.000000  0.004969 
254.000000  255.000000  0.004975 
255.000000  256.000000  0.004981 
256.000000  257.000000  0.004986 
257.000000  258.000000  0.004991 
258.000000  259.000000  0.004997 
259.000000  260.000000  0.005002 
260.000000  261.000000  0.005007 
261.000000  262.000000  0.005011 
262.000000  263.000000  0.005016 
263.000000  264.000000  0.005021 
264.000000  265.000000  0.005026 
265.000000  266.000000  0.005030 
266.000000  267.000000  0.005035 
267.000000  268.000000  0.005039 
268.000000  269.000000  0.005043 
269.000000  270.000000  0.005047 
270.000000  271.000000  0.005051 
271.000000  272.000000  0.005055 
272.000000  273.000000  0.005059 
273.000000  274.000000  0.005063 
274.000000  275.000000  0.005067 
275.000000  276.000000  0.005071 
276.000000  277.000000  0.005074 
277.000000  278.000000  0.005078 
278.000000  279.000000  0.005081 
279.000000  280.000000  0.005085 
280.000000  281.000000  0.005088 
281.000000  282.000000  0.005091 
282.000000  283.000000  0.005094 
283.000000  284.000000  0.005098 
284.000000  285.000000  0.005101 
285.000000  286.000000  0.005104 
286.000000  287.000000  0.005107 
287.000000  288.000000  0.005110 
288.000000  289.000000  0.005112 
289.000000  290.000000  0.005115 
290.000000  291.000000  0.005118 
291.000000  292.000000  0.005121 
292.000000  293.000000  0.005123 
293.000000  294.000000  0.005126 
294.000000  295.000000  0.005128 
295.000000  296.000000  0.005131 
296.000000  297.000000  0.005133 
297.000000  298.000000  0.005136 
298.000000  299.000000  0.005138 
299.000000  300.000000  0.005140 
300.000000  301.000000  0.005143 
301.000000  302.000000  0.005145 
302.000000  303.000000  0.005147 
303.000000  304.000000  0.005149 
304.000000  305.000000  0.005152 
305.000000  306.000000  0.005154 
306.000000  307.000000  0.005156 
307.000000  308.000000  0.005158 
308.000000  309.000000  0.005160 
309.000000  310.000000  0.005162 
310.000000  311.000000  0.005164 
311.000000  312.000000  0.005165 
312.000000  313.000000  0.005167 
313.000000  314.000000  0.005169 
314.000000  315.000000  0.005171 
315.000000  316.000000  0.005173 
316.000000  317.000000  0.005175 
317.000000  318.000000  0.005176 
318.000000  319.000000  0.005178 
319.000000  320.000000  0.005180 
320.000000  321.000000  0.005181 
321.000000  322.000000  0.005183 
322.000000  323.000000  0.005185 
323.000000  324.000000  0.005186 
324.000000  325.000000  0.005188 
325.000000  326.000000  0.005189 
326.000000  327.000000  0.005191 
327.000000  328.000000  0.005192 
328.000000  329.000000  0.005194 
329.000000  330.000000  0.005195 
330.000000  331.000000  0.005197 
331.000000  332.000000  0.005198 
332.000000  333.000000  0.005200 
333.000000  334.000000  0.005201 
334.000000  335.000000  0.005203 
335.000000  336.000000  0.005204 
336.000000  337.000000  0.005205 
337.000000  338.000000  0.005207 
338.000000  339.000000  0.005208 
339.000000  340.000000  0.005209 
340.000000  341.000000  0.005211 
341.000000  342.000000  0.005212 
342.000000  343.000000  0.005213 
343.000000  344.000000  0.005215 
344.000000  345.000000  0.005216 
345.000000  346.000000  0.005217 
346.000000  347.000000  0.005218 
347.000000  348.000000  0.005220 
348.000000  349.000000  0.005221 
349.000000  350.000000  0.005222 
350.000000  351.000000  0.005223 
351.000000  352.000000  0.005224 
352.000000  353.000000  0.005225 
353.000000  354.000000  0.005227 
354.000000  355.000000  0.005228 
355.000000  356.000000  0.005229 
356.000000  357.000000  0.005230 
357.000000  358.000000  0.005231 
358.000000  359.000000  0.005232 
359.000000  360.000000  0.005233 
360.000000  361.000000  0.005234 
361.000000  362.000000  0.005236 
362.000000  363.000000  0.005237 
363.000000  364.000000  0.005238 
364.000000  365.000000  0.005239 
365.000000  366.000000  0.005240 
366.000000  367.000000  0.005241 
367.000000  368.000000  0.005242 
368.000000  369.000000  0.005243 
369.000000  370.000000  0.005244 
370.000000  371.000000  0.005245 
371.000000  372.000000  0.005246 
372.000000  373.000000  0.005247 
373.000000  374.000000  0.005248 
374.000000  375.000000  0.005249 
375.000000  376.000000  0.005250 
376.000000  377.000000  0.005251 
377.000000  378.000000  0.005252 
378.000000  379.000000  0.005253 
379.000000  380.000000  0.005253 
380.000000  381.000000  0.005254 
381.000000  382.000000  0.005255 
382.000000  383.000000  0.005256 
383.000000  384.000000  0.005257 
384.000000  385.000000  0.005258 
385.000000  386.000000  0.005259 
386.000000  387.000000  0.005260 
387.000000  388.000000  0.005261 
388.000000  389.000000  0.005261 
389.000000  390.000000  0.005262 
390.000000  391.000000  0.005263 
391.000000  392.000000  0.005264 
392.000000  393.000000  0.005265 
393.000000  394.000000  0.005266 
394.000000  395.000000  0.005266 
395.000000  396.000000  0.005267 
396.000000  397.000000  0.005268 
397.000000  398.000000  0.005269 
398.000000  399.000000  0.005269 
399.000000  400.000000  0.005270 
400.000000  401.000000  0.005271 
401.000000  402.000000  0.005272 
402.000000  403.000000  0.005272 
403.000000  404.000000  0.005273 
404.000000  405.000000  0.005274 
405.000000  406.000000  0.005274 
406.000000  407.000000  0.005275 
407.000000  408.000000  0.005276 
408.000000  409.000000  0.005277 
409.000000  410.000000  0.005277 
410.000000  411.000000  0.005278 
411.000000  412.000000  0.005278 
412.000000  413.000000  0.005279 
413.000000  414.000000  0.005280 
414.000000  415.000000  0.005280 
415.000000  416.000000  0.005281 
416.000000  417.000000  0.005282 
417.000000  418.000000  0.005282 
418.000000  419.000000  0.005283 
419.000000  420.000000  0.005283 
420.000000  421.000000  0.005284 
421.000000  422.000000  0.005284 
422.000000  423.000000  0.005285 
423.000000  424.000000  0.005285 
424.000000  425.000000  0.005286 
425.000000  426.000000  0.005286 
426.000000  427.000000  0.005287 
427.000000  428.000000  0.005287 
428.000000  429.000000  0.005288 
429.000000  430.000000  0.005288 
430.000000  431.000000  0.005289 
431.000000  432.000000  0.005289 
432.000000  433.000000  0.005290 
433.000000  434.000000  0.005290 
434.000000  435.000000  0.005291 
435.000000  436.000000  0.005291 
436.000000  437.000000  0.005291 
437.000000  438.000000  0.005292 
438.000000  439.000000  0.005292 
439.000000  440.000000  0.005293 
440.000000  441.000000  0.005293 
441.000000  442.000000  0.005293 
442.000000  443.000000  0.005294 
443.000000  444.000000  0.005294 
444.000000  445.000000  0.005294 
445.000000  446.000000  0.005295 
446.000000  447.000000  0.005295 
447.000000  448.000000  0.005295 
448.000000  449.000000  0.005296 
449.000000  450.000000  0.005296 
450.000000  451.000000  0.005296 
451.000000  452.000000  0.005296 
452.000000  453.000000  0.005297 
453.000000  454.000000  0.005297 
454.000000  455.000000  0.005297 
455.000000  456.000000  0.005297 
456.000000  457.000000  0.005298 
457.000000  458.000000  0.005298 
458.000000  459.000000  0.005298 
459.000000  460.000000  0.005298 
460.000000  461.000000  0.005298 
461.000000  462.000000  0.005298 
462.000000  463.000000  0.005299 
463.000000  464.000000  0.005299 
464.000000  465.000000  0.005299 
465.000000  466.000000  0.005299 
466.000000  467.000000  0.005299 
467.000000  468.000000  0.005299 
468.000000  469.000000  0.005299 
469.000000  470.000000  0.005299 
470.000000  471.000000  0.005300 
471.000000  472.000000  0.005300 
472.000000  473.000000  0.005300 
473.000000  474.000000  0.005300 
474.000000  475.000000  0.005300 
475.000000  476.000000  0.005300 
476.000000  477.000000  0.005300 
477.000000  478.000000  0.005300 
478.000000  479.000000  0.005300 
479.000000  480.000000  0.005300 
480.000000  481.000000  0.005300 
481.000000  482.000000  0.005300 
482.000000  483.000000  0.005300 
483.000000  484.000000  0.005300 
484.000000  485.000000  0.005300 
485.000000  486.000000  0.005300 
486.000000  487.000000  0.005300 
487.000000  488.000000  0.005300 
488.000000  489.000000  0.005300 
489.000000  490.000000  0.005300 
490.000000  491.000000  0.005300 
491.000000  492.000000  0.005299 
492.000000  493.000000  0.005299 
493.000000  494.000000  0.005299 
494.000000  495.000000  0.005299 
495.000000  496.000000  0.005299 
496.000000  497.000000  0.005299 
497.000000  498.000000  0.005299 
498.000000  499.000000  0.005299 
499.000000  500.000000  0.005299 
500.000000  501.000000  0.005298 
501.000000  502.000000  0.005298 
502.000000  503.000000  0.005298 
503.000000  504.000000  0.005298 
504.000000  505.000000  0.005298 
505.000000  506.000000  0.005298 
506.000000  507.000000  0.005297 
507.000000  508.000000  0.005297 
508.000000  509.000000  0.005297 
509.000000  510.000000  0.005297 
510.000000  511.000000  0.005297 
511.000000  512.000000  0.005296 
512.000000  513.000000  0.005296 
513.000000  514.000000  0.005296 
514.000000  515.000000  0.005296 
515.000000  516.000000  0.005295 
516.000000  517.000000  0.005295 
517.000000  518.000000  0.005295 
518.000000  519.000000  0.005295 
519.000000  520.000000  0.005294 
520.000000  521.000000  0.005294 
521.000000  522.000000  0.005294 
522.000000  523.000000  0.005294 
523.000000  524.000000  0.005293 
524.000000  525.000000  0.005293 
525.000000  526.000000  0.005293 
526.000000  527.000000  0.005293 
527.000000  528.000000  0.005292 
528.000000  529.000000  0.005292 
529.000000  530.000000  0.005292 
530.000000  531.000000  0.005291 
531.000000  532.000000  0.005291 
532.000000  533.000000  0.005291 
533.000000  534.000000  0.005290 
534.000000  535.000000  0.005290 
535.000000  536.000000  0.005290 
536.000000  537.000000  0.005289 
537.000000  538.000000  0.005289 
538.000000  539.000000  0.005289 
539.000000  540.000000  0.005288 
540.000000  541.000000  0.005288 
541.000000  542.000000  0.005288 
542.000000  543.000000  0.005287 
543.000000  544.000000  0.005287 
544.000000  545.000000  0.005287 
545.000000  546.000000  0.005286 
546.000000  547.000000  0.005286 
547.000000  548.000000  0.005286 
548.000000  549.000000  0.005285 
549.000000  550.000000  0.005285 
550.000000  551.000000  0.005284 
551.000000  552.000000  0.005284 
552.000000  553.000000  0.005284 
553.000000  554.000000  0.005283 
554.000000  555.000000  0.005283 
555.000000  556.000000  0.005283 
556.000000  557.000000  0.005282 
557.000000  558.000000  0.005282 
558.000000  559.000000  0.005281 
559.000000  560.000000  0.005281 
560.000000  561.000000  0.005281 
561.000000  562.000000  0.005280 
562.000000  563.000000  0.005280 
563.000000  564.000000  0.005279 
564.000000  565.000000  0.005279 
565.000000  566.000000  0.005279 
566.000000  567.000000  0.005278 
567.000000  568.000000  0.005278 
568.000000  569.000000  0.005277 
569.000000  570.000000  0.005277 
570.000000  571.000000  0.005277 
571.000000  572.000000  0.005276 
572.000000  573.000000  0.005276 
573.000000  574.000000  0.005275 
574.000000  575.000000  0.005275 
575.000000  576.000000  0.005274 
576.000000  577.000000  0.005274 
577.000000  578.000000  0.005274 
578.000000  579.000000  0.005273 
579.000000  580.000000  0.005273 
580.000000  581.000000  0.005272 
581.000000  582.000000  0.005272 
582.000000  583.000000  0.005271 
583.000000  584.000000  0.005271 
584.000000  585.000000  0.005271 
585.000000  586.000000  0.005270 
586.000000  587.000000  0.005270 
587.000000  588.000000  0.005269 
588.000000  589.000000  0.005269 
589.000000  590.000000  0.005268 
590.000000  591.000000  0.005268 
591.000000  592.000000  0.005268 
592.000000  593.000000  0.005267 
593.000000  594.000000  0.005267 
594.000000  595.000000  0.005266 
595.000000  596.000000  0.005266 
596.000000  597.000000  0.005265 
597.000000  598.000000  0.005265 
598.000000  599.000000  0.005264 
599.000000  600.000000  0.005264 
600.000000  601.000000  0.005264 
601.000000  602.000000  0.005263 
602.000000  603.000000  0.005263 
603.000000  604.000000  0.005262 
604.000000  605.000000  0.005262 
605.000000  606.000000  0.005261 
606.000000  607.000000  0.005261 
607.000000  608.000000  0.005260 
608.000000  609.000000  0.005260 
609.000000  610.000000  0.005260 
610.000000  611.000000  0.005259 
611.000000  612.000000  0.005259 
612.000000  613.000000  0.005258 
613.000000  614.000000  0.005258 
614.000000  615.000000  0.005257 
615.000000  616.000000  0.005257 
616.000000  617.000000  0.005256 
617.000000  618.000000  0.005256 
618.000000  619.000000  0.005256 
619.000000  620.000000  0.005255 
620.000000  621.000000  0.005255 
621.000000  622.000000  0.005254 
622.000000  623.000000  0.005254 
623.000000  624.000000  0.005253 
624.000000  625.000000  0.005253 
625.000000  626.000000  0.005253 
626.000000  627.000000  0.005252 
627.000000  628.000000  0.005252 
628.000000  629.000000  0.005251 
629.000000  630.000000  0.005251 
630.000000  631.000000  0.005250 
631.000000  632.000000  0.005250 
632.000000  633.000000  0.005249 
633.000000  634.000000  0.005249 
634.000000  635.000000  0.005249 
635.000000  636.000000  0.005248 
636.000000  637.000000  0.005248 
637.000000  638.000000  0.005247 
638.000000  639.000000  0.005247 
639.000000  640.000000  0.005246 
640.000000  641.000000  0.005246 
641.000000  642.000000  0.005246 
642.000000  643.000000  0.005245 
643.000000  644.000000  0.005245 
644.000000  645.000000  0.005244 
645.000000  646.000000  0.005244 
646.000000  647.000000  0.005244 
647.000000  648.000000  0.005243 
648.000000  649.000000  0.005243 
649.000000  650.000000  0.005242 
650.000000  651.000000  0.005242 
651.000000  652.000000  0.005241 
652.000000  653.000000  0.005241 
653.000000  654.000000  0.005241 
654.000000  655.000000  0.005240 
655.000000  656.000000  0.005240 
656.000000  657.000000  0.005239 
657.000000  658.000000  0.005239 
658.000000  659.000000  0.005238 
659.000000  660.000000  0.005238 
660.000000  661.000000  0.005238 
661.000000  662.000000  0.005237 
662.000000  663.000000  0.005237 
663.000000  664.000000  0.005236 
664.000000  665.000000  0.005236 
665.000000  666.000000  0.005236 
666.000000  667.000000  0.005235 
667.000000  668.000000  0.005235 
668.000000  669.000000  0.005234 
669.000000  670.000000  0.005234 
670.000000  671.000000  0.005234 
671.000000  672.000000  0.005233 
672.000000  673.000000  0.005233 
673.000000  674.000000  0.005232 
674.000000  675.000000  0.005232 
675.000000  676.000000  0.005232 
676.000000  677.000000  0.005231 
677.000000  678.000000  0.005231 
678.000000  679.000000  0.005230 
679.000000  680.000000  0.005230 
680.000000  681.000000  0.005230 
681.000000  682.000000  0.005229 
682.000000  683.000000  0.005229 
683.000000  684.000000  0.005229 
684.000000  685.000000  0.005228 
685.000000  686.000000  0.005228 
686.000000  687.000000  0.005227 
687.000000  688.000000  0.005227 
688.000000  689.000000  0.005227 
689.000000  690.000000  0.005226 
690.000000  691.000000  0.005226 
691.000000  692.000000  0.005225 
692.000000  693.000000  0.005225 
693.000000  694.000000  0.005225 
694.000000  695.000000  0.005224 
695.000000  696.000000  0.005224 
696.000000  697.000000  0.005224 
697.000000  698.000000  0.005223 
698.000000  699.000000  0.005223 
699.000000  700.000000  0.005223 
700.000000  701.000000  0.005222 
701.000000  702.000000  0.005222 
702.000000  703.000000  0.005221 
703.000000  704.000000  0.005221 
704.000000  705.000000  0.005221 
705.000000  706.000000  0.005220 
706.000000  707.000000  0.005220 
707.000000  708.000000  0.005220 
708.000000  709.000000  0.005219 
709.000000  710.000000  0.005219 
710.000000  711.000000  0.005219 
711.000000  712.000000  0.005218 
712.000000  713.000000  0.005218 
713.000000  714.000000  0.005218 
714.000000  715.000000  0.005217 
715.000000  716.000000  0.005217 
716.000000  717.000000  0.005217 
717.000000  718.000000  0.005216 
718.000000  719.000000  0.005216 
719.000000  720.000000  0.005215 
720.000000  721.000000  0.005215 
721.000000  722.000000  0.005215 
722.000000  723.000000  0.005214 
723.000000  724.000000  0.005214 
724.000000  725.000000  0.005214 
725.000000  726.000000  0.005213 
726.000000  727.000000  0.005213 
727.000000  728.000000  0.005213 
728.000000  729.000000  0.005212 
729.000000  730.000000  0.005212 
730.000000  731.000000  0.005212 
731.000000  732.000000  0.005211 
732.000000  733.000000  0.005211 
733.000000  734.000000  0.005211 
734.000000  735.000000  0.005211 
735.000000  736.000000  0.005210 
736.000000  737.000000  0.005210 
737.000000  738.000000  0.005210 
738.000000  739.000000  0.005209 
739.000000  740.000000  0.005209 
740.000000  741.000000  0.005209 
741.000000  742.000000  0.005208 
742.000000  743.000000  0.005208 
743.000000  744.000000  0.005208 
744.000000  745.000000  0.005207 
745.000000  746.000000  0.005207 
746.000000  747.000000  0.005207 
747.000000  748.000000  0.005206 
748.000000  749.000000  0.005206 
749.000000  750.000000  0.005206 
750.000000  751.000000  0.005206 
751.000000  752.000000  0.005205 
752.000000  753.000000  0.005205 
753.000000  754.000000  0.005205 
754.000000  755.000000  0.005204 
755.000000  756.000000  0.005204 
756.000000  757.000000  0.005204 
757.000000  758.000000  0.005203 
758.000000  759.000000  0.005203 
759.000000  760.000000  0.005203 
760.000000  761.000000  0.005203 
761.000000  762.000000  0.005202 
762.000000  763.000000  0.005202 
763.000000  764.000000  0.005202 
764.000000  765.000000  0.005201 
765.000000  766.000000  0.005201 
766.000000  767.000000  0.005201 
767.000000  768.000000  0.005201 
768.000000  769.000000  0.005200 
769.000000  770.000000  0.005200 
770.000000  771.000000  0.005200 
771.000000  772.000000  0.005199 
772.000000  773.000000  0.005199 
773.000000  774.000000  0.005199 
774.000000  775.000000  0.005199 
775.000000  776.000000  0.005198 
776.000000  777.000000  0.005198 
777.000000  778.000000  0.005198 
778.000000  779.000000  0.005197 
779.000000  780.000000  0.005197 
780.000000  781.000000  0.005197 
781.000000  782.000000  0.005197 
782.000000  783.000000  0.005196 
783.000000  784.000000  0.005196 
784.000000  785.000000  0.005196 
785.000000  786.000000  0.005196 
786.000000  787.000000  0.005195 
787.000000  788.000000  0.005195 
788.000000  789.000000  0.005195 
789.000000  790.000000  0.005195 
790.000000  791.000000  0.005194 
791.000000  792.000000  0.005194 
792.000000  793.000000  0.005194 
793.000000  794.000000  0.005194 
794.000000  795.000000  0.005193 
795.000000  796.000000  0.005193 
796.000000  797.000000  0.005193 
797.000000  798.000000  0.005193 
798.000000  799.000000  0.005192 
799.000000  800.000000  0.005192 
