17.000000  18.000000  0.004000 
18.000000  19.000000  0.004000 
19.000000  20.000000  0.004000 
20.000000  21.000000  0.004000 
21.000000  22.000000  0.004000 
22.000000  23.000000  0.004000 
23.000000  24.000000  0.004000 
24.000000  25.000000  0.004000 
25.000000  26.000000  0.004000 
26.000000  27.000000  0.004000 
27.000000  28.000000  0.004000 
28.000000  29.000000  0.004000 
29.000000  30.000000  0.003999 
30.000000  31.000000  0.003999 
31.000000  32.000000  0.003999 
32.000000  33.000000  0.003998 
33.000000  34.000000  0.003997 
34.000000  35.000000  0.003996 
35.000000  36.000000  0.003994 
36.000000  37.000000  0.003992 
37.000000  38.000000  0.003989 
38.000000  39.000000  0.003985 
39.000000  40.000000  0.003981 
40.000000  41.000000  0.003976 
41.000000  42.000000  0.003969 
42.000000  43.000000  0.003962 
43.000000  44.000000  0.003953 
44.000000  45.000000  0.003942 
45.000000  46.000000  0.003931 
46.000000  47.000000  0.003917 
47.000000  48.000000  0.003902 
48.000000  49.000000  0.003886 
49.000000  50.000000  0.003867 
50.000000  51.000000  0.003847 
51.000000  52.000000  0.003826 
52.000000  53.000000  0.003802 
53.000000  54.000000  0.003777 
54.000000  55.000000  0.003751 
55.000000  56.000000  0.003722 
56.000000  57.000000  0.003692 
57.000000  58.000000  0.003661 
58.000000  59.000000  0.003629 
59.000000  60.000000  0.003595 
60.000000  61.000000  0.003560 
61.000000  62.000000  0.003524 
62.000000  63.000000  0.003486 
63.000000  64.000000  0.003448 
64.000000  65.000000  0.003410 
65.000000  66.000000  0.003370 
66.000000  67.000000  0.003330 
67.000000  68.000000  0.003290 
68.000000  69.000000  0.003249 
69.000000  70.000000  0.003207 
70.000000  71.000000  0.003166 
71.000000  72.000000  0.003125 
72.000000  73.000000  0.003083 
73.000000  74.000000  0.003041 
74.000000  75.000000  0.003000 
75.000000  76.000000  0.002959 
76.000000  77.000000  0.002918 
77.000000  78.000000  0.002877 
78.000000  79.000000  0.002837 
79.000000  80.000000  0.002796 
80.000000  81.000000  0.002757 
81.000000  82.000000  0.002718 
82.000000  83.000000  0.002679 
83.000000  84.000000  0.002641 
84.000000  85.000000  0.002603 
85.000000  86.000000  0.002563 
86.000000  87.000000  0.002527 
87.000000  88.000000  0.002491 
88.000000  89.000000  0.002456 
89.000000  90.000000  0.002422 
90.000000  91.000000  0.002388 
91.000000  92.000000  0.002355 
92.000000  93.000000  0.002322 
93.000000  94.000000  0.002290 
94.000000  95.000000  0.002259 
95.000000  96.000000  0.002228 
96.000000  97.000000  0.002198 
97.000000  98.000000  0.002169 
98.000000  99.000000  0.002140 
99.000000  100.000000  0.002112 
100.000000  101.000000  0.002084 
101.000000  102.000000  0.002057 
102.000000  103.000000  0.002030 
103.000000  104.000000  0.002004 
104.000000  105.000000  0.001979 
105.000000  106.000000  0.001954 
106.000000  107.000000  0.001930 
107.000000  108.000000  0.001906 
108.000000  109.000000  0.001882 
109.000000  110.000000  0.001859 
110.000000  111.000000  0.001837 
111.000000  112.000000  0.001815 
112.000000  113.000000  0.001793 
113.000000  114.000000  0.001772 
114.000000  115.000000  0.001751 
115.000000  116.000000  0.001730 
116.000000  117.000000  0.001710 
117.000000  118.000000  0.001690 
118.000000  119.000000  0.001671 
119.000000  120.000000  0.001652 
120.000000  121.000000  0.001633 
121.000000  122.000000  0.001614 
122.000000  123.000000  0.001596 
123.000000  124.000000  0.001578 
124.000000  125.000000  0.001560 
125.000000  126.000000  0.001543 
126.000000  127.000000  0.001526 
127.000000  128.000000  0.001509 
128.000000  129.000000  0.001492 
129.000000  130.000000  0.001475 
130.000000  131.000000  0.001459 
131.000000  132.000000  0.001443 
132.000000  133.000000  0.001427 
133.000000  134.000000  0.001411 
134.000000  135.000000  0.001395 
135.000000  136.000000  0.001380 
136.000000  137.000000  0.001364 
137.000000  138.000000  0.001349 
138.000000  139.000000  0.001334 
139.000000  140.000000  0.001319 
140.000000  141.000000  0.001305 
141.000000  142.000000  0.001290 
142.000000  143.000000  0.001275 
143.000000  144.000000  0.001261 
144.000000  145.000000  0.001247 
145.000000  146.000000  0.001233 
146.000000  147.000000  0.001219 
147.000000  148.000000  0.001205 
148.000000  149.000000  0.001191 
149.000000  150.000000  0.001178 
150.000000  151.000000  0.001164 
151.000000  152.000000  0.001151 
152.000000  153.000000  0.001137 
153.000000  154.000000  0.001124 
154.000000  155.000000  0.001111 
155.000000  156.000000  0.001098 
156.000000  157.000000  0.001085 
157.000000  158.000000  0.001072 
158.000000  159.000000  0.001060 
159.000000  160.000000  0.001047 
160.000000  161.000000  0.001035 
161.000000  162.000000  0.001022 
162.000000  163.000000  0.001010 
163.000000  164.000000  0.000998 
164.000000  165.000000  0.000986 
165.000000  166.000000  0.000974 
166.000000  167.000000  0.000962 
167.000000  168.000000  0.000950 
168.000000  169.000000  0.000938 
169.000000  170.000000  0.000927 
170.000000  171.000000  0.000915 
171.000000  172.000000  0.000904 
172.000000  173.000000  0.000893 
173.000000  174.000000  0.000882 
174.000000  175.000000  0.000870 
175.000000  176.000000  0.000860 
176.000000  177.000000  0.000849 
177.000000  178.000000  0.000838 
178.000000  179.000000  0.000827 
179.000000  180.000000  0.000817 
180.000000  181.000000  0.000806 
181.000000  182.000000  0.000796 
182.000000  183.000000  0.000786 
183.000000  184.000000  0.000776 
184.000000  185.000000  0.000766 
185.000000  186.000000  0.000756 
186.000000  187.000000  0.000746 
187.000000  188.000000  0.000736 
188.000000  189.000000  0.000727 
189.000000  190.000000  0.000717 
190.000000  191.000000  0.000708 
191.000000  192.000000  0.000699 
192.000000  193.000000  0.000689 
193.000000  194.000000  0.000680 
194.000000  195.000000  0.000671 
195.000000  196.000000  0.000663 
196.000000  197.000000  0.000654 
197.000000  198.000000  0.000645 
198.000000  199.000000  0.000637 
199.000000  200.000000  0.000628 
200.000000  201.000000  0.000620 
201.000000  202.000000  0.000612 
202.000000  203.000000  0.000604 
203.000000  204.000000  0.000596 
204.000000  205.000000  0.000588 
205.000000  206.000000  0.000580 
206.000000  207.000000  0.000572 
207.000000  208.000000  0.000564 
208.000000  209.000000  0.000557 
209.000000  210.000000  0.000549 
210.000000  211.000000  0.000542 
211.000000  212.000000  0.000535 
212.000000  213.000000  0.000528 
213.000000  214.000000  0.000520 
214.000000  215.000000  0.000514 
215.000000  216.000000  0.000507 
216.000000  217.000000  0.000500 
217.000000  218.000000  0.000493 
218.000000  219.000000  0.000487 
219.000000  220.000000  0.000480 
220.000000  221.000000  0.000474 
221.000000  222.000000  0.000467 
222.000000  223.000000  0.000461 
223.000000  224.000000  0.000455 
224.000000  225.000000  0.000449 
225.000000  226.000000  0.000443 
226.000000  227.000000  0.000437 
227.000000  228.000000  0.000431 
228.000000  229.000000  0.000425 
229.000000  230.000000  0.000420 
230.000000  231.000000  0.000414 
231.000000  232.000000  0.000408 
232.000000  233.000000  0.000403 
233.000000  234.000000  0.000398 
234.000000  235.000000  0.000392 
235.000000  236.000000  0.000387 
236.000000  237.000000  0.000382 
237.000000  238.000000  0.000377 
238.000000  239.000000  0.000372 
239.000000  240.000000  0.000367 
240.000000  241.000000  0.000362 
241.000000  242.000000  0.000357 
242.000000  243.000000  0.000353 
243.000000  244.000000  0.000348 
244.000000  245.000000  0.000343 
245.000000  246.000000  0.000339 
246.000000  247.000000  0.000334 
247.000000  248.000000  0.000330 
248.000000  249.000000  0.000326 
249.000000  250.000000  0.000322 
250.000000  251.000000  0.000317 
251.000000  252.000000  0.000313 
252.000000  253.000000  0.000309 
253.000000  254.000000  0.000305 
254.000000  255.000000  0.000301 
255.000000  256.000000  0.000297 
256.000000  257.000000  0.000293 
257.000000  258.000000  0.000290 
258.000000  259.000000  0.000286 
259.000000  260.000000  0.000282 
260.000000  261.000000  0.000279 
261.000000  262.000000  0.000275 
262.000000  263.000000  0.000272 
263.000000  264.000000  0.000268 
264.000000  265.000000  0.000265 
265.000000  266.000000  0.000261 
266.000000  267.000000  0.000258 
267.000000  268.000000  0.000255 
268.000000  269.000000  0.000252 
269.000000  270.000000  0.000248 
270.000000  271.000000  0.000245 
271.000000  272.000000  0.000242 
272.000000  273.000000  0.000239 
273.000000  274.000000  0.000236 
274.000000  275.000000  0.000233 
275.000000  276.000000  0.000230 
276.000000  277.000000  0.000227 
277.000000  278.000000  0.000225 
278.000000  279.000000  0.000222 
279.000000  280.000000  0.000219 
280.000000  281.000000  0.000216 
281.000000  282.000000  0.000214 
282.000000  283.000000  0.000211 
283.000000  284.000000  0.000209 
284.000000  285.000000  0.000206 
285.000000  286.000000  0.000203 
286.000000  287.000000  0.000201 
287.000000  288.000000  0.000199 
288.000000  289.000000  0.000196 
289.000000  290.000000  0.000194 
290.000000  291.000000  0.000191 
291.000000  292.000000  0.000189 
292.000000  293.000000  0.000187 
293.000000  294.000000  0.000185 
294.000000  295.000000  0.000182 
295.000000  296.000000  0.000180 
296.000000  297.000000  0.000178 
297.000000  298.000000  0.000176 
298.000000  299.000000  0.000174 
299.000000  300.000000  0.000172 
300.000000  301.000000  0.000170 
301.000000  302.000000  0.000168 
302.000000  303.000000  0.000166 
303.000000  304.000000  0.000164 
304.000000  305.000000  0.000162 
305.000000  306.000000  0.000160 
306.000000  307.000000  0.000158 
307.000000  308.000000  0.000157 
308.000000  309.000000  0.000155 
309.000000  310.000000  0.000153 
310.000000  311.000000  0.000151 
311.000000  312.000000  0.000150 
312.000000  313.000000  0.000148 
313.000000  314.000000  0.000146 
314.000000  315.000000  0.000145 
315.000000  316.000000  0.000143 
316.000000  317.000000  0.000141 
317.000000  318.000000  0.000140 
318.000000  319.000000  0.000138 
319.000000  320.000000  0.000137 
320.000000  321.000000  0.000135 
321.000000  322.000000  0.000134 
322.000000  323.000000  0.000132 
323.000000  324.000000  0.000131 
324.000000  325.000000  0.000129 
325.000000  326.000000  0.000128 
326.000000  327.000000  0.000126 
327.000000  328.000000  0.000125 
328.000000  329.000000  0.000124 
329.000000  330.000000  0.000122 
330.000000  331.000000  0.000121 
331.000000  332.000000  0.000120 
332.000000  333.000000  0.000118 
333.000000  334.000000  0.000117 
334.000000  335.000000  0.000116 
335.000000  336.000000  0.000115 
336.000000  337.000000  0.000113 
337.000000  338.000000  0.000112 
338.000000  339.000000  0.000111 
339.000000  340.000000  0.000110 
340.000000  341.000000  0.000109 
341.000000  342.000000  0.000108 
342.000000  343.000000  0.000106 
343.000000  344.000000  0.000105 
344.000000  345.000000  0.000104 
345.000000  346.000000  0.000103 
346.000000  347.000000  0.000102 
347.000000  348.000000  0.000101 
348.000000  349.000000  0.000100 
349.000000  350.000000  0.000099 
350.000000  351.000000  0.000098 
351.000000  352.000000  0.000097 
352.000000  353.000000  0.000096 
353.000000  354.000000  0.000095 
354.000000  355.000000  0.000094 
355.000000  356.000000  0.000093 
356.000000  357.000000  0.000092 
357.000000  358.000000  0.000091 
358.000000  359.000000  0.000090 
359.000000  360.000000  0.000089 
360.000000  361.000000  0.000089 
361.000000  362.000000  0.000088 
362.000000  363.000000  0.000087 
363.000000  364.000000  0.000086 
364.000000  365.000000  0.000085 
365.000000  366.000000  0.000084 
366.000000  367.000000  0.000084 
367.000000  368.000000  0.000083 
368.000000  369.000000  0.000082 
369.000000  370.000000  0.000081 
370.000000  371.000000  0.000080 
371.000000  372.000000  0.000080 
372.000000  373.000000  0.000079 
373.000000  374.000000  0.000078 
374.000000  375.000000  0.000077 
375.000000  376.000000  0.000077 
376.000000  377.000000  0.000076 
377.000000  378.000000  0.000075 
378.000000  379.000000  0.000074 
379.000000  380.000000  0.000074 
380.000000  381.000000  0.000073 
381.000000  382.000000  0.000072 
382.000000  383.000000  0.000072 
383.000000  384.000000  0.000071 
384.000000  385.000000  0.000070 
385.000000  386.000000  0.000070 
386.000000  387.000000  0.000069 
387.000000  388.000000  0.000068 
388.000000  389.000000  0.000068 
389.000000  390.000000  0.000067 
390.000000  391.000000  0.000067 
391.000000  392.000000  0.000066 
392.000000  393.000000  0.000065 
393.000000  394.000000  0.000065 
394.000000  395.000000  0.000064 
395.000000  396.000000  0.000064 
396.000000  397.000000  0.000063 
397.000000  398.000000  0.000063 
398.000000  399.000000  0.000062 
399.000000  400.000000  0.000061 
400.000000  401.000000  0.000061 
401.000000  402.000000  0.000060 
402.000000  403.000000  0.000060 
403.000000  404.000000  0.000059 
404.000000  405.000000  0.000059 
405.000000  406.000000  0.000058 
406.000000  407.000000  0.000058 
407.000000  408.000000  0.000057 
408.000000  409.000000  0.000057 
409.000000  410.000000  0.000056 
410.000000  411.000000  0.000056 
411.000000  412.000000  0.000055 
412.000000  413.000000  0.000055 
413.000000  414.000000  0.000054 
414.000000  415.000000  0.000054 
415.000000  416.000000  0.000054 
416.000000  417.000000  0.000053 
417.000000  418.000000  0.000053 
418.000000  419.000000  0.000052 
419.000000  420.000000  0.000052 
420.000000  421.000000  0.000051 
421.000000  422.000000  0.000051 
422.000000  423.000000  0.000051 
423.000000  424.000000  0.000050 
424.000000  425.000000  0.000050 
425.000000  426.000000  0.000049 
426.000000  427.000000  0.000049 
427.000000  428.000000  0.000049 
428.000000  429.000000  0.000048 
429.000000  430.000000  0.000048 
430.000000  431.000000  0.000047 
431.000000  432.000000  0.000047 
432.000000  433.000000  0.000047 
433.000000  434.000000  0.000046 
434.000000  435.000000  0.000046 
435.000000  436.000000  0.000046 
436.000000  437.000000  0.000045 
437.000000  438.000000  0.000045 
438.000000  439.000000  0.000044 
439.000000  440.000000  0.000044 
440.000000  441.000000  0.000044 
441.000000  442.000000  0.000043 
442.000000  443.000000  0.000043 
443.000000  444.000000  0.000043 
444.000000  445.000000  0.000042 
445.000000  446.000000  0.000042 
446.000000  447.000000  0.000042 
447.000000  448.000000  0.000042 
448.000000  449.000000  0.000041 
449.000000  450.000000  0.000041 
450.000000  451.000000  0.000041 
451.000000  452.000000  0.000040 
452.000000  453.000000  0.000040 
453.000000  454.000000  0.000040 
454.000000  455.000000  0.000039 
455.000000  456.000000  0.000039 
456.000000  457.000000  0.000039 
457.000000  458.000000  0.000039 
458.000000  459.000000  0.000038 
459.000000  460.000000  0.000038 
460.000000  461.000000  0.000038 
461.000000  462.000000  0.000037 
462.000000  463.000000  0.000037 
463.000000  464.000000  0.000037 
464.000000  465.000000  0.000037 
465.000000  466.000000  0.000036 
466.000000  467.000000  0.000036 
467.000000  468.000000  0.000036 
468.000000  469.000000  0.000036 
469.000000  470.000000  0.000035 
470.000000  471.000000  0.000035 
471.000000  472.000000  0.000035 
472.000000  473.000000  0.000035 
473.000000  474.000000  0.000034 
474.000000  475.000000  0.000034 
475.000000  476.000000  0.000034 
476.000000  477.000000  0.000034 
477.000000  478.000000  0.000034 
478.000000  479.000000  0.000033 
479.000000  480.000000  0.000033 
480.000000  481.000000  0.000033 
481.000000  482.000000  0.000033 
482.000000  483.000000  0.000032 
483.000000  484.000000  0.000032 
484.000000  485.000000  0.000032 
485.000000  486.000000  0.000032 
486.000000  487.000000  0.000032 
487.000000  488.000000  0.000031 
488.000000  489.000000  0.000031 
489.000000  490.000000  0.000031 
490.000000  491.000000  0.000031 
491.000000  492.000000  0.000031 
492.000000  493.000000  0.000030 
493.000000  494.000000  0.000030 
494.000000  495.000000  0.000030 
495.000000  496.000000  0.000030 
496.000000  497.000000  0.000030 
497.000000  498.000000  0.000030 
498.000000  499.000000  0.000029 
499.000000  500.000000  0.000029 
500.000000  501.000000  0.000029 
501.000000  502.000000  0.000029 
502.000000  503.000000  0.000029 
503.000000  504.000000  0.000028 
504.000000  505.000000  0.000028 
505.000000  506.000000  0.000028 
506.000000  507.000000  0.000028 
507.000000  508.000000  0.000028 
508.000000  509.000000  0.000028 
509.000000  510.000000  0.000027 
510.000000  511.000000  0.000027 
511.000000  512.000000  0.000027 
512.000000  513.000000  0.000027 
513.000000  514.000000  0.000027 
514.000000  515.000000  0.000027 
515.000000  516.000000  0.000027 
516.000000  517.000000  0.000026 
517.000000  518.000000  0.000026 
518.000000  519.000000  0.000026 
519.000000  520.000000  0.000026 
520.000000  521.000000  0.000026 
521.000000  522.000000  0.000026 
522.000000  523.000000  0.000026 
523.000000  524.000000  0.000025 
524.000000  525.000000  0.000025 
525.000000  526.000000  0.000025 
526.000000  527.000000  0.000025 
527.000000  528.000000  0.000025 
528.000000  529.000000  0.000025 
529.000000  530.000000  0.000025 
530.000000  531.000000  0.000024 
531.000000  532.000000  0.000024 
532.000000  533.000000  0.000024 
533.000000  534.000000  0.000024 
534.000000  535.000000  0.000024 
535.000000  536.000000  0.000024 
536.000000  537.000000  0.000024 
537.000000  538.000000  0.000024 
538.000000  539.000000  0.000024 
539.000000  540.000000  0.000023 
540.000000  541.000000  0.000023 
541.000000  542.000000  0.000023 
542.000000  543.000000  0.000023 
543.000000  544.000000  0.000023 
544.000000  545.000000  0.000023 
545.000000  546.000000  0.000023 
546.000000  547.000000  0.000023 
547.000000  548.000000  0.000023 
548.000000  549.000000  0.000022 
549.000000  550.000000  0.000022 
550.000000  551.000000  0.000022 
551.000000  552.000000  0.000022 
552.000000  553.000000  0.000022 
553.000000  554.000000  0.000022 
554.000000  555.000000  0.000022 
555.000000  556.000000  0.000022 
556.000000  557.000000  0.000022 
557.000000  558.000000  0.000022 
558.000000  559.000000  0.000021 
559.000000  560.000000  0.000021 
560.000000  561.000000  0.000021 
561.000000  562.000000  0.000021 
562.000000  563.000000  0.000021 
563.000000  564.000000  0.000021 
564.000000  565.000000  0.000021 
565.000000  566.000000  0.000021 
566.000000  567.000000  0.000021 
567.000000  568.000000  0.000021 
568.000000  569.000000  0.000021 
569.000000  570.000000  0.000020 
570.000000  571.000000  0.000020 
571.000000  572.000000  0.000020 
572.000000  573.000000  0.000020 
573.000000  574.000000  0.000020 
574.000000  575.000000  0.000020 
575.000000  576.000000  0.000020 
576.000000  577.000000  0.000020 
577.000000  578.000000  0.000020 
578.000000  579.000000  0.000020 
579.000000  580.000000  0.000020 
580.000000  581.000000  0.000020 
581.000000  582.000000  0.000019 
582.000000  583.000000  0.000019 
583.000000  584.000000  0.000019 
584.000000  585.000000  0.000019 
585.000000  586.000000  0.000019 
586.000000  587.000000  0.000019 
587.000000  588.000000  0.000019 
588.000000  589.000000  0.000019 
589.000000  590.000000  0.000019 
590.000000  591.000000  0.000019 
591.000000  592.000000  0.000019 
592.000000  593.000000  0.000019 
593.000000  594.000000  0.000019 
594.000000  595.000000  0.000019 
595.000000  596.000000  0.000019 
596.000000  597.000000  0.000018 
597.000000  598.000000  0.000018 
598.000000  599.000000  0.000018 
599.000000  600.000000  0.000018 
600.000000  601.000000  0.000018 
601.000000  602.000000  0.000018 
602.000000  603.000000  0.000018 
603.000000  604.000000  0.000018 
604.000000  605.000000  0.000018 
605.000000  606.000000  0.000018 
606.000000  607.000000  0.000018 
607.000000  608.000000  0.000018 
608.000000  609.000000  0.000018 
609.000000  610.000000  0.000018 
610.000000  611.000000  0.000018 
611.000000  612.000000  0.000018 
612.000000  613.000000  0.000018 
613.000000  614.000000  0.000018 
614.000000  615.000000  0.000017 
615.000000  616.000000  0.000017 
616.000000  617.000000  0.000017 
617.000000  618.000000  0.000017 
618.000000  619.000000  0.000017 
619.000000  620.000000  0.000017 
620.000000  621.000000  0.000017 
621.000000  622.000000  0.000017 
622.000000  623.000000  0.000017 
623.000000  624.000000  0.000017 
624.000000  625.000000  0.000017 
625.000000  626.000000  0.000017 
626.000000  627.000000  0.000017 
627.000000  628.000000  0.000017 
628.000000  629.000000  0.000017 
629.000000  630.000000  0.000017 
630.000000  631.000000  0.000017 
631.000000  632.000000  0.000017 
632.000000  633.000000  0.000017 
633.000000  634.000000  0.000017 
634.000000  635.000000  0.000017 
635.000000  636.000000  0.000017 
636.000000  637.000000  0.000016 
637.000000  638.000000  0.000016 
638.000000  639.000000  0.000016 
639.000000  640.000000  0.000016 
640.000000  641.000000  0.000016 
641.000000  642.000000  0.000016 
642.000000  643.000000  0.000016 
643.000000  644.000000  0.000016 
644.000000  645.000000  0.000016 
645.000000  646.000000  0.000016 
646.000000  647.000000  0.000016 
647.000000  648.000000  0.000016 
648.000000  649.000000  0.000016 
649.000000  650.000000  0.000016 
650.000000  651.000000  0.000016 
651.000000  652.000000  0.000016 
652.000000  653.000000  0.000016 
653.000000  654.000000  0.000016 
654.000000  655.000000  0.000016 
655.000000  656.000000  0.000016 
656.000000  657.000000  0.000016 
657.000000  658.000000  0.000016 
658.000000  659.000000  0.000016 
659.000000  660.000000  0.000016 
660.000000  661.000000  0.000016 
661.000000  662.000000  0.000016 
662.000000  663.000000  0.000016 
663.000000  664.000000  0.000016 
664.000000  665.000000  0.000016 
665.000000  666.000000  0.000015 
666.000000  667.000000  0.000015 
667.000000  668.000000  0.000015 
668.000000  669.000000  0.000015 
669.000000  670.000000  0.000015 
670.000000  671.000000  0.000015 
671.000000  672.000000  0.000015 
672.000000  673.000000  0.000015 
673.000000  674.000000  0.000015 
674.000000  675.000000  0.000015 
675.000000  676.000000  0.000015 
676.000000  677.000000  0.000015 
677.000000  678.000000  0.000015 
678.000000  679.000000  0.000015 
679.000000  680.000000  0.000015 
680.000000  681.000000  0.000015 
681.000000  682.000000  0.000015 
682.000000  683.000000  0.000015 
683.000000  684.000000  0.000015 
684.000000  685.000000  0.000015 
685.000000  686.000000  0.000015 
686.000000  687.000000  0.000015 
687.000000  688.000000  0.000015 
688.000000  689.000000  0.000015 
689.000000  690.000000  0.000015 
690.000000  691.000000  0.000015 
691.000000  692.000000  0.000015 
692.000000  693.000000  0.000015 
693.000000  694.000000  0.000015 
694.000000  695.000000  0.000015 
695.000000  696.000000  0.000015 
696.000000  697.000000  0.000015 
697.000000  698.000000  0.000015 
698.000000  699.000000  0.000015 
699.000000  700.000000  0.000015 
700.000000  701.000000  0.000015 
701.000000  702.000000  0.000015 
702.000000  703.000000  0.000015 
703.000000  704.000000  0.000015 
704.000000  705.000000  0.000015 
705.000000  706.000000  0.000015 
706.000000  707.000000  0.000015 
707.000000  708.000000  0.000015 
708.000000  709.000000  0.000015 
709.000000  710.000000  0.000015 
710.000000  711.000000  0.000015 
711.000000  712.000000  0.000015 
712.000000  713.000000  0.000015 
713.000000  714.000000  0.000015 
714.000000  715.000000  0.000014 
715.000000  716.000000  0.000014 
716.000000  717.000000  0.000014 
717.000000  718.000000  0.000014 
718.000000  719.000000  0.000014 
719.000000  720.000000  0.000014 
720.000000  721.000000  0.000014 
721.000000  722.000000  0.000014 
722.000000  723.000000  0.000014 
723.000000  724.000000  0.000014 
724.000000  725.000000  0.000014 
725.000000  726.000000  0.000014 
726.000000  727.000000  0.000014 
727.000000  728.000000  0.000014 
728.000000  729.000000  0.000014 
729.000000  730.000000  0.000014 
730.000000  731.000000  0.000014 
731.000000  732.000000  0.000014 
732.000000  733.000000  0.000014 
733.000000  734.000000  0.000014 
734.000000  735.000000  0.000014 
735.000000  736.000000  0.000014 
736.000000  737.000000  0.000014 
737.000000  738.000000  0.000014 
738.000000  739.000000  0.000014 
739.000000  740.000000  0.000014 
740.000000  741.000000  0.000014 
741.000000  742.000000  0.000014 
742.000000  743.000000  0.000014 
743.000000  744.000000  0.000014 
744.000000  745.000000  0.000014 
745.000000  746.000000  0.000014 
746.000000  747.000000  0.000014 
747.000000  748.000000  0.000014 
748.000000  749.000000  0.000014 
749.000000  750.000000  0.000014 
750.000000  751.000000  0.000014 
751.000000  752.000000  0.000014 
752.000000  753.000000  0.000014 
753.000000  754.000000  0.000014 
754.000000  755.000000  0.000014 
755.000000  756.000000  0.000014 
756.000000  757.000000  0.000014 
757.000000  758.000000  0.000014 
758.000000  759.000000  0.000014 
759.000000  760.000000  0.000014 
760.000000  761.000000  0.000014 
761.000000  762.000000  0.000014 
762.000000  763.000000  0.000014 
763.000000  764.000000  0.000014 
764.000000  765.000000  0.000014 
765.000000  766.000000  0.000014 
766.000000  767.000000  0.000014 
767.000000  768.000000  0.000014 
768.000000  769.000000  0.000014 
769.000000  770.000000  0.000014 
770.000000  771.000000  0.000014 
771.000000  772.000000  0.000014 
772.000000  773.000000  0.000014 
773.000000  774.000000  0.000014 
774.000000  775.000000  0.000014 
775.000000  776.000000  0.000014 
776.000000  777.000000  0.000014 
777.000000  778.000000  0.000014 
778.000000  779.000000  0.000014 
779.000000  780.000000  0.000014 
780.000000  781.000000  0.000014 
781.000000  782.000000  0.000014 
782.000000  783.000000  0.000014 
783.000000  784.000000  0.000014 
784.000000  785.000000  0.000014 
785.000000  786.000000  0.000014 
786.000000  787.000000  0.000014 
787.000000  788.000000  0.000014 
788.000000  789.000000  0.000014 
789.000000  790.000000  0.000014 
790.000000  791.000000  0.000014 
791.000000  792.000000  0.000014 
792.000000  793.000000  0.000014 
793.000000  794.000000  0.000014 
794.000000  795.000000  0.000014 
795.000000  796.000000  0.000014 
796.000000  797.000000  0.000014 
797.000000  798.000000  0.000014 
798.000000  799.000000  0.000014 
799.000000  800.000000  0.000014 
