17.000000  18.000000  0.000000 
18.000000  19.000000  0.000000 
19.000000  20.000000  0.000000 
20.000000  21.000000  0.000000 
21.000000  22.000000  0.000000 
22.000000  23.000000  0.000000 
23.000000  24.000000  0.000000 
24.000000  25.000000  0.000000 
25.000000  26.000000  0.000000 
26.000000  27.000000  0.000000 
27.000000  28.000000  0.000000 
28.000000  29.000000  0.000000 
29.000000  30.000000  0.000000 
30.000000  31.000000  0.000001 
31.000000  32.000000  0.000001 
32.000000  33.000000  0.000002 
33.000000  34.000000  0.000002 
34.000000  35.000000  0.000003 
35.000000  36.000000  0.000005 
36.000000  37.000000  0.000007 
37.000000  38.000000  0.000009 
38.000000  39.000000  0.000012 
39.000000  40.000000  0.000015 
40.000000  41.000000  0.000020 
41.000000  42.000000  0.000025 
42.000000  43.000000  0.000031 
43.000000  44.000000  0.000038 
44.000000  45.000000  0.000046 
45.000000  46.000000  0.000056 
46.000000  47.000000  0.000067 
47.000000  48.000000  0.000079 
48.000000  49.000000  0.000092 
49.000000  50.000000  0.000107 
50.000000  51.000000  0.000123 
51.000000  52.000000  0.000141 
52.000000  53.000000  0.000160 
53.000000  54.000000  0.000180 
54.000000  55.000000  0.000202 
55.000000  56.000000  0.000225 
56.000000  57.000000  0.000250 
57.000000  58.000000  0.000275 
58.000000  59.000000  0.000302 
59.000000  60.000000  0.000330 
60.000000  61.000000  0.000359 
61.000000  62.000000  0.000389 
62.000000  63.000000  0.000420 
63.000000  64.000000  0.000451 
64.000000  65.000000  0.000483 
65.000000  66.000000  0.000516 
66.000000  67.000000  0.000550 
67.000000  68.000000  0.000583 
68.000000  69.000000  0.000618 
69.000000  70.000000  0.000652 
70.000000  71.000000  0.000687 
71.000000  72.000000  0.000722 
72.000000  73.000000  0.000757 
73.000000  74.000000  0.000792 
74.000000  75.000000  0.000827 
75.000000  76.000000  0.000862 
76.000000  77.000000  0.000896 
77.000000  78.000000  0.000931 
78.000000  79.000000  0.000965 
79.000000  80.000000  0.001000 
80.000000  81.000000  0.001033 
81.000000  82.000000  0.001067 
82.000000  83.000000  0.001100 
83.000000  84.000000  0.001133 
84.000000  85.000000  0.001165 
85.000000  86.000000  0.001199 
86.000000  87.000000  0.001231 
87.000000  88.000000  0.001261 
88.000000  89.000000  0.001292 
89.000000  90.000000  0.001322 
90.000000  91.000000  0.001351 
91.000000  92.000000  0.001380 
92.000000  93.000000  0.001408 
93.000000  94.000000  0.001436 
94.000000  95.000000  0.001463 
95.000000  96.000000  0.001490 
96.000000  97.000000  0.001516 
97.000000  98.000000  0.001542 
98.000000  99.000000  0.001567 
99.000000  100.000000  0.001592 
100.000000  101.000000  0.001616 
101.000000  102.000000  0.001640 
102.000000  103.000000  0.001663 
103.000000  104.000000  0.001685 
104.000000  105.000000  0.001708 
105.000000  106.000000  0.001729 
106.000000  107.000000  0.001751 
107.000000  108.000000  0.001771 
108.000000  109.000000  0.001792 
109.000000  110.000000  0.001812 
110.000000  111.000000  0.001831 
111.000000  112.000000  0.001850 
112.000000  113.000000  0.001869 
113.000000  114.000000  0.001887 
114.000000  115.000000  0.001905 
115.000000  116.000000  0.001923 
116.000000  117.000000  0.001940 
117.000000  118.000000  0.001957 
118.000000  119.000000  0.001974 
119.000000  120.000000  0.001990 
120.000000  121.000000  0.002006 
121.000000  122.000000  0.002021 
122.000000  123.000000  0.002037 
123.000000  124.000000  0.002052 
124.000000  125.000000  0.002066 
125.000000  126.000000  0.002081 
126.000000  127.000000  0.002095 
127.000000  128.000000  0.002109 
128.000000  129.000000  0.002123 
129.000000  130.000000  0.002137 
130.000000  131.000000  0.002150 
131.000000  132.000000  0.002163 
132.000000  133.000000  0.002176 
133.000000  134.000000  0.002189 
134.000000  135.000000  0.002201 
135.000000  136.000000  0.002214 
136.000000  137.000000  0.002226 
137.000000  138.000000  0.002238 
138.000000  139.000000  0.002250 
139.000000  140.000000  0.002261 
140.000000  141.000000  0.002273 
141.000000  142.000000  0.002284 
142.000000  143.000000  0.002296 
143.000000  144.000000  0.002307 
144.000000  145.000000  0.002318 
145.000000  146.000000  0.002329 
146.000000  147.000000  0.002340 
147.000000  148.000000  0.002350 
148.000000  149.000000  0.002361 
149.000000  150.000000  0.002372 
150.000000  151.000000  0.002382 
151.000000  152.000000  0.002392 
152.000000  153.000000  0.002403 
153.000000  154.000000  0.002413 
154.000000  155.000000  0.002423 
155.000000  156.000000  0.002433 
156.000000  157.000000  0.002443 
157.000000  158.000000  0.002452 
158.000000  159.000000  0.002462 
159.000000  160.000000  0.002472 
160.000000  161.000000  0.002481 
161.000000  162.000000  0.002491 
162.000000  163.000000  0.002500 
163.000000  164.000000  0.002510 
164.000000  165.000000  0.002519 
165.000000  166.000000  0.002528 
166.000000  167.000000  0.002538 
167.000000  168.000000  0.002547 
168.000000  169.000000  0.002556 
169.000000  170.000000  0.002565 
170.000000  171.000000  0.002574 
171.000000  172.000000  0.002582 
172.000000  173.000000  0.002591 
173.000000  174.000000  0.002600 
174.000000  175.000000  0.002609 
175.000000  176.000000  0.002617 
176.000000  177.000000  0.002626 
177.000000  178.000000  0.002634 
178.000000  179.000000  0.002642 
179.000000  180.000000  0.002651 
180.000000  181.000000  0.002659 
181.000000  182.000000  0.002667 
182.000000  183.000000  0.002675 
183.000000  184.000000  0.002683 
184.000000  185.000000  0.002691 
185.000000  186.000000  0.002699 
186.000000  187.000000  0.002707 
187.000000  188.000000  0.002715 
188.000000  189.000000  0.002722 
189.000000  190.000000  0.002730 
190.000000  191.000000  0.002738 
191.000000  192.000000  0.002745 
192.000000  193.000000  0.002752 
193.000000  194.000000  0.002760 
194.000000  195.000000  0.002767 
195.000000  196.000000  0.002774 
196.000000  197.000000  0.002781 
197.000000  198.000000  0.002788 
198.000000  199.000000  0.002795 
199.000000  200.000000  0.002802 
200.000000  201.000000  0.002809 
201.000000  202.000000  0.002815 
202.000000  203.000000  0.002822 
203.000000  204.000000  0.002828 
204.000000  205.000000  0.002835 
205.000000  206.000000  0.002841 
206.000000  207.000000  0.002847 
207.000000  208.000000  0.002854 
208.000000  209.000000  0.002860 
209.000000  210.000000  0.002866 
210.000000  211.000000  0.002872 
211.000000  212.000000  0.002878 
212.000000  213.000000  0.002883 
213.000000  214.000000  0.002889 
214.000000  215.000000  0.002895 
215.000000  216.000000  0.002900 
216.000000  217.000000  0.002906 
217.000000  218.000000  0.002911 
218.000000  219.000000  0.002916 
219.000000  220.000000  0.002922 
220.000000  221.000000  0.002927 
221.000000  222.000000  0.002932 
222.000000  223.000000  0.002937 
223.000000  224.000000  0.002942 
224.000000  225.000000  0.002946 
225.000000  226.000000  0.002951 
226.000000  227.000000  0.002956 
227.000000  228.000000  0.002960 
228.000000  229.000000  0.002965 
229.000000  230.000000  0.002969 
230.000000  231.000000  0.002974 
231.000000  232.000000  0.002978 
232.000000  233.000000  0.002982 
233.000000  234.000000  0.002986 
234.000000  235.000000  0.002991 
235.000000  236.000000  0.002995 
236.000000  237.000000  0.002999 
237.000000  238.000000  0.003002 
238.000000  239.000000  0.003006 
239.000000  240.000000  0.003010 
240.000000  241.000000  0.003014 
241.000000  242.000000  0.003017 
242.000000  243.000000  0.003021 
243.000000  244.000000  0.003024 
244.000000  245.000000  0.003028 
245.000000  246.000000  0.003031 
246.000000  247.000000  0.003035 
247.000000  248.000000  0.003038 
248.000000  249.000000  0.003041 
249.000000  250.000000  0.003044 
250.000000  251.000000  0.003048 
251.000000  252.000000  0.003051 
252.000000  253.000000  0.003054 
253.000000  254.000000  0.003057 
254.000000  255.000000  0.003060 
255.000000  256.000000  0.003063 
256.000000  257.000000  0.003065 
257.000000  258.000000  0.003068 
258.000000  259.000000  0.003071 
259.000000  260.000000  0.003074 
260.000000  261.000000  0.003076 
261.000000  262.000000  0.003079 
262.000000  263.000000  0.003082 
263.000000  264.000000  0.003084 
264.000000  265.000000  0.003087 
265.000000  266.000000  0.003089 
266.000000  267.000000  0.003092 
267.000000  268.000000  0.003094 
268.000000  269.000000  0.003097 
269.000000  270.000000  0.003099 
270.000000  271.000000  0.003101 
271.000000  272.000000  0.003104 
272.000000  273.000000  0.003106 
273.000000  274.000000  0.003108 
274.000000  275.000000  0.003110 
275.000000  276.000000  0.003113 
276.000000  277.000000  0.003115 
277.000000  278.000000  0.003117 
278.000000  279.000000  0.003119 
279.000000  280.000000  0.003121 
280.000000  281.000000  0.003123 
281.000000  282.000000  0.003125 
282.000000  283.000000  0.003127 
283.000000  284.000000  0.003129 
284.000000  285.000000  0.003131 
285.000000  286.000000  0.003133 
286.000000  287.000000  0.003135 
287.000000  288.000000  0.003137 
288.000000  289.000000  0.003139 
289.000000  290.000000  0.003141 
290.000000  291.000000  0.003143 
291.000000  292.000000  0.003145 
292.000000  293.000000  0.003147 
293.000000  294.000000  0.003149 
294.000000  295.000000  0.003150 
295.000000  296.000000  0.003152 
296.000000  297.000000  0.003154 
297.000000  298.000000  0.003156 
298.000000  299.000000  0.003158 
299.000000  300.000000  0.003159 
300.000000  301.000000  0.003161 
301.000000  302.000000  0.003163 
302.000000  303.000000  0.003165 
303.000000  304.000000  0.003166 
304.000000  305.000000  0.003168 
305.000000  306.000000  0.003170 
306.000000  307.000000  0.003172 
307.000000  308.000000  0.003173 
308.000000  309.000000  0.003175 
309.000000  310.000000  0.003177 
310.000000  311.000000  0.003178 
311.000000  312.000000  0.003180 
312.000000  313.000000  0.003182 
313.000000  314.000000  0.003183 
314.000000  315.000000  0.003185 
315.000000  316.000000  0.003187 
316.000000  317.000000  0.003188 
317.000000  318.000000  0.003190 
318.000000  319.000000  0.003192 
319.000000  320.000000  0.003193 
320.000000  321.000000  0.003195 
321.000000  322.000000  0.003196 
322.000000  323.000000  0.003198 
323.000000  324.000000  0.003200 
324.000000  325.000000  0.003201 
325.000000  326.000000  0.003203 
326.000000  327.000000  0.003204 
327.000000  328.000000  0.003206 
328.000000  329.000000  0.003208 
329.000000  330.000000  0.003209 
330.000000  331.000000  0.003211 
331.000000  332.000000  0.003212 
332.000000  333.000000  0.003214 
333.000000  334.000000  0.003215 
334.000000  335.000000  0.003217 
335.000000  336.000000  0.003218 
336.000000  337.000000  0.003220 
337.000000  338.000000  0.003221 
338.000000  339.000000  0.003223 
339.000000  340.000000  0.003224 
340.000000  341.000000  0.003226 
341.000000  342.000000  0.003227 
342.000000  343.000000  0.003229 
343.000000  344.000000  0.003230 
344.000000  345.000000  0.003232 
345.000000  346.000000  0.003233 
346.000000  347.000000  0.003235 
347.000000  348.000000  0.003236 
348.000000  349.000000  0.003238 
349.000000  350.000000  0.003239 
350.000000  351.000000  0.003241 
351.000000  352.000000  0.003242 
352.000000  353.000000  0.003243 
353.000000  354.000000  0.003245 
354.000000  355.000000  0.003246 
355.000000  356.000000  0.003248 
356.000000  357.000000  0.003249 
357.000000  358.000000  0.003251 
358.000000  359.000000  0.003252 
359.000000  360.000000  0.003253 
360.000000  361.000000  0.003255 
361.000000  362.000000  0.003256 
362.000000  363.000000  0.003257 
363.000000  364.000000  0.003259 
364.000000  365.000000  0.003260 
365.000000  366.000000  0.003261 
366.000000  367.000000  0.003263 
367.000000  368.000000  0.003264 
368.000000  369.000000  0.003265 
369.000000  370.000000  0.003267 
370.000000  371.000000  0.003268 
371.000000  372.000000  0.003269 
372.000000  373.000000  0.003271 
373.000000  374.000000  0.003272 
374.000000  375.000000  0.003273 
375.000000  376.000000  0.003274 
376.000000  377.000000  0.003276 
377.000000  378.000000  0.003277 
378.000000  379.000000  0.003278 
379.000000  380.000000  0.003279 
380.000000  381.000000  0.003280 
381.000000  382.000000  0.003282 
382.000000  383.000000  0.003283 
383.000000  384.000000  0.003284 
384.000000  385.000000  0.003285 
385.000000  386.000000  0.003286 
386.000000  387.000000  0.003287 
387.000000  388.000000  0.003289 
388.000000  389.000000  0.003290 
389.000000  390.000000  0.003291 
390.000000  391.000000  0.003292 
391.000000  392.000000  0.003293 
392.000000  393.000000  0.003294 
393.000000  394.000000  0.003295 
394.000000  395.000000  0.003296 
395.000000  396.000000  0.003297 
396.000000  397.000000  0.003298 
397.000000  398.000000  0.003299 
398.000000  399.000000  0.003300 
399.000000  400.000000  0.003301 
400.000000  401.000000  0.003302 
401.000000  402.000000  0.003303 
402.000000  403.000000  0.003304 
403.000000  404.000000  0.003305 
404.000000  405.000000  0.003306 
405.000000  406.000000  0.003307 
406.000000  407.000000  0.003308 
407.000000  408.000000  0.003309 
408.000000  409.000000  0.003310 
409.000000  410.000000  0.003311 
410.000000  411.000000  0.003311 
411.000000  412.000000  0.003312 
412.000000  413.000000  0.003313 
413.000000  414.000000  0.003314 
414.000000  415.000000  0.003315 
415.000000  416.000000  0.003316 
416.000000  417.000000  0.003316 
417.000000  418.000000  0.003317 
418.000000  419.000000  0.003318 
419.000000  420.000000  0.003319 
420.000000  421.000000  0.003319 
421.000000  422.000000  0.003320 
422.000000  423.000000  0.003321 
423.000000  424.000000  0.003322 
424.000000  425.000000  0.003322 
425.000000  426.000000  0.003323 
426.000000  427.000000  0.003324 
427.000000  428.000000  0.003324 
428.000000  429.000000  0.003325 
429.000000  430.000000  0.003326 
430.000000  431.000000  0.003326 
431.000000  432.000000  0.003327 
432.000000  433.000000  0.003327 
433.000000  434.000000  0.003328 
434.000000  435.000000  0.003329 
435.000000  436.000000  0.003329 
436.000000  437.000000  0.003330 
437.000000  438.000000  0.003330 
438.000000  439.000000  0.003331 
439.000000  440.000000  0.003331 
440.000000  441.000000  0.003332 
441.000000  442.000000  0.003332 
442.000000  443.000000  0.003333 
443.000000  444.000000  0.003333 
444.000000  445.000000  0.003334 
445.000000  446.000000  0.003334 
446.000000  447.000000  0.003335 
447.000000  448.000000  0.003335 
448.000000  449.000000  0.003335 
449.000000  450.000000  0.003336 
450.000000  451.000000  0.003336 
451.000000  452.000000  0.003337 
452.000000  453.000000  0.003337 
453.000000  454.000000  0.003337 
454.000000  455.000000  0.003338 
455.000000  456.000000  0.003338 
456.000000  457.000000  0.003338 
457.000000  458.000000  0.003338 
458.000000  459.000000  0.003339 
459.000000  460.000000  0.003339 
460.000000  461.000000  0.003339 
461.000000  462.000000  0.003340 
462.000000  463.000000  0.003340 
463.000000  464.000000  0.003340 
464.000000  465.000000  0.003340 
465.000000  466.000000  0.003340 
466.000000  467.000000  0.003341 
467.000000  468.000000  0.003341 
468.000000  469.000000  0.003341 
469.000000  470.000000  0.003341 
470.000000  471.000000  0.003341 
471.000000  472.000000  0.003341 
472.000000  473.000000  0.003342 
473.000000  474.000000  0.003342 
474.000000  475.000000  0.003342 
475.000000  476.000000  0.003342 
476.000000  477.000000  0.003342 
477.000000  478.000000  0.003342 
478.000000  479.000000  0.003342 
479.000000  480.000000  0.003342 
480.000000  481.000000  0.003342 
481.000000  482.000000  0.003342 
482.000000  483.000000  0.003342 
483.000000  484.000000  0.003342 
484.000000  485.000000  0.003342 
485.000000  486.000000  0.003343 
486.000000  487.000000  0.003343 
487.000000  488.000000  0.003342 
488.000000  489.000000  0.003342 
489.000000  490.000000  0.003342 
490.000000  491.000000  0.003342 
491.000000  492.000000  0.003342 
492.000000  493.000000  0.003342 
493.000000  494.000000  0.003342 
494.000000  495.000000  0.003342 
495.000000  496.000000  0.003342 
496.000000  497.000000  0.003342 
497.000000  498.000000  0.003342 
498.000000  499.000000  0.003342 
499.000000  500.000000  0.003342 
500.000000  501.000000  0.003342 
501.000000  502.000000  0.003342 
502.000000  503.000000  0.003341 
503.000000  504.000000  0.003341 
504.000000  505.000000  0.003341 
505.000000  506.000000  0.003341 
506.000000  507.000000  0.003341 
507.000000  508.000000  0.003341 
508.000000  509.000000  0.003341 
509.000000  510.000000  0.003340 
510.000000  511.000000  0.003340 
511.000000  512.000000  0.003340 
512.000000  513.000000  0.003340 
513.000000  514.000000  0.003340 
514.000000  515.000000  0.003339 
515.000000  516.000000  0.003339 
516.000000  517.000000  0.003339 
517.000000  518.000000  0.003339 
518.000000  519.000000  0.003339 
519.000000  520.000000  0.003338 
520.000000  521.000000  0.003338 
521.000000  522.000000  0.003338 
522.000000  523.000000  0.003338 
523.000000  524.000000  0.003337 
524.000000  525.000000  0.003337 
525.000000  526.000000  0.003337 
526.000000  527.000000  0.003336 
527.000000  528.000000  0.003336 
528.000000  529.000000  0.003336 
529.000000  530.000000  0.003336 
530.000000  531.000000  0.003335 
531.000000  532.000000  0.003335 
532.000000  533.000000  0.003335 
533.000000  534.000000  0.003334 
534.000000  535.000000  0.003334 
535.000000  536.000000  0.003334 
536.000000  537.000000  0.003334 
537.000000  538.000000  0.003333 
538.000000  539.000000  0.003333 
539.000000  540.000000  0.003333 
540.000000  541.000000  0.003332 
541.000000  542.000000  0.003332 
542.000000  543.000000  0.003332 
543.000000  544.000000  0.003331 
544.000000  545.000000  0.003331 
545.000000  546.000000  0.003331 
546.000000  547.000000  0.003330 
547.000000  548.000000  0.003330 
548.000000  549.000000  0.003329 
549.000000  550.000000  0.003329 
550.000000  551.000000  0.003329 
551.000000  552.000000  0.003328 
552.000000  553.000000  0.003328 
553.000000  554.000000  0.003328 
554.000000  555.000000  0.003327 
555.000000  556.000000  0.003327 
556.000000  557.000000  0.003327 
557.000000  558.000000  0.003326 
558.000000  559.000000  0.003326 
559.000000  560.000000  0.003325 
560.000000  561.000000  0.003325 
561.000000  562.000000  0.003325 
562.000000  563.000000  0.003324 
563.000000  564.000000  0.003324 
564.000000  565.000000  0.003323 
565.000000  566.000000  0.003323 
566.000000  567.000000  0.003323 
567.000000  568.000000  0.003322 
568.000000  569.000000  0.003322 
569.000000  570.000000  0.003321 
570.000000  571.000000  0.003321 
571.000000  572.000000  0.003321 
572.000000  573.000000  0.003320 
573.000000  574.000000  0.003320 
574.000000  575.000000  0.003319 
575.000000  576.000000  0.003319 
576.000000  577.000000  0.003319 
577.000000  578.000000  0.003318 
578.000000  579.000000  0.003318 
579.000000  580.000000  0.003317 
580.000000  581.000000  0.003317 
581.000000  582.000000  0.003316 
582.000000  583.000000  0.003316 
583.000000  584.000000  0.003316 
584.000000  585.000000  0.003315 
585.000000  586.000000  0.003315 
586.000000  587.000000  0.003314 
587.000000  588.000000  0.003314 
588.000000  589.000000  0.003313 
589.000000  590.000000  0.003313 
590.000000  591.000000  0.003313 
591.000000  592.000000  0.003312 
592.000000  593.000000  0.003312 
593.000000  594.000000  0.003311 
594.000000  595.000000  0.003311 
595.000000  596.000000  0.003310 
596.000000  597.000000  0.003310 
597.000000  598.000000  0.003310 
598.000000  599.000000  0.003309 
599.000000  600.000000  0.003309 
600.000000  601.000000  0.003308 
601.000000  602.000000  0.003308 
602.000000  603.000000  0.003307 
603.000000  604.000000  0.003307 
604.000000  605.000000  0.003307 
605.000000  606.000000  0.003306 
606.000000  607.000000  0.003306 
607.000000  608.000000  0.003305 
608.000000  609.000000  0.003305 
609.000000  610.000000  0.003304 
610.000000  611.000000  0.003304 
611.000000  612.000000  0.003304 
612.000000  613.000000  0.003303 
613.000000  614.000000  0.003303 
614.000000  615.000000  0.003302 
615.000000  616.000000  0.003302 
616.000000  617.000000  0.003301 
617.000000  618.000000  0.003301 
618.000000  619.000000  0.003301 
619.000000  620.000000  0.003300 
620.000000  621.000000  0.003300 
621.000000  622.000000  0.003299 
622.000000  623.000000  0.003299 
623.000000  624.000000  0.003298 
624.000000  625.000000  0.003298 
625.000000  626.000000  0.003298 
626.000000  627.000000  0.003297 
627.000000  628.000000  0.003297 
628.000000  629.000000  0.003296 
629.000000  630.000000  0.003296 
630.000000  631.000000  0.003295 
631.000000  632.000000  0.003295 
632.000000  633.000000  0.003295 
633.000000  634.000000  0.003294 
634.000000  635.000000  0.003294 
635.000000  636.000000  0.003293 
636.000000  637.000000  0.003293 
637.000000  638.000000  0.003292 
638.000000  639.000000  0.003292 
639.000000  640.000000  0.003292 
640.000000  641.000000  0.003291 
641.000000  642.000000  0.003291 
642.000000  643.000000  0.003290 
643.000000  644.000000  0.003290 
644.000000  645.000000  0.003290 
645.000000  646.000000  0.003289 
646.000000  647.000000  0.003289 
647.000000  648.000000  0.003288 
648.000000  649.000000  0.003288 
649.000000  650.000000  0.003288 
650.000000  651.000000  0.003287 
651.000000  652.000000  0.003287 
652.000000  653.000000  0.003286 
653.000000  654.000000  0.003286 
654.000000  655.000000  0.003285 
655.000000  656.000000  0.003285 
656.000000  657.000000  0.003285 
657.000000  658.000000  0.003284 
658.000000  659.000000  0.003284 
659.000000  660.000000  0.003283 
660.000000  661.000000  0.003283 
661.000000  662.000000  0.003283 
662.000000  663.000000  0.003282 
663.000000  664.000000  0.003282 
664.000000  665.000000  0.003282 
665.000000  666.000000  0.003281 
666.000000  667.000000  0.003281 
667.000000  668.000000  0.003280 
668.000000  669.000000  0.003280 
669.000000  670.000000  0.003280 
670.000000  671.000000  0.003279 
671.000000  672.000000  0.003279 
672.000000  673.000000  0.003278 
673.000000  674.000000  0.003278 
674.000000  675.000000  0.003278 
675.000000  676.000000  0.003277 
676.000000  677.000000  0.003277 
677.000000  678.000000  0.003277 
678.000000  679.000000  0.003276 
679.000000  680.000000  0.003276 
680.000000  681.000000  0.003275 
681.000000  682.000000  0.003275 
682.000000  683.000000  0.003275 
683.000000  684.000000  0.003274 
684.000000  685.000000  0.003274 
685.000000  686.000000  0.003274 
686.000000  687.000000  0.003273 
687.000000  688.000000  0.003273 
688.000000  689.000000  0.003272 
689.000000  690.000000  0.003272 
690.000000  691.000000  0.003272 
691.000000  692.000000  0.003271 
692.000000  693.000000  0.003271 
693.000000  694.000000  0.003271 
694.000000  695.000000  0.003270 
695.000000  696.000000  0.003270 
696.000000  697.000000  0.003270 
697.000000  698.000000  0.003269 
698.000000  699.000000  0.003269 
699.000000  700.000000  0.003268 
700.000000  701.000000  0.003268 
701.000000  702.000000  0.003268 
702.000000  703.000000  0.003267 
703.000000  704.000000  0.003267 
704.000000  705.000000  0.003267 
705.000000  706.000000  0.003266 
706.000000  707.000000  0.003266 
707.000000  708.000000  0.003266 
708.000000  709.000000  0.003265 
709.000000  710.000000  0.003265 
710.000000  711.000000  0.003265 
711.000000  712.000000  0.003264 
712.000000  713.000000  0.003264 
713.000000  714.000000  0.003264 
714.000000  715.000000  0.003263 
715.000000  716.000000  0.003263 
716.000000  717.000000  0.003263 
717.000000  718.000000  0.003262 
718.000000  719.000000  0.003262 
719.000000  720.000000  0.003262 
720.000000  721.000000  0.003261 
721.000000  722.000000  0.003261 
722.000000  723.000000  0.003261 
723.000000  724.000000  0.003260 
724.000000  725.000000  0.003260 
725.000000  726.000000  0.003260 
726.000000  727.000000  0.003259 
727.000000  728.000000  0.003259 
728.000000  729.000000  0.003259 
729.000000  730.000000  0.003259 
730.000000  731.000000  0.003258 
731.000000  732.000000  0.003258 
732.000000  733.000000  0.003258 
733.000000  734.000000  0.003257 
734.000000  735.000000  0.003257 
735.000000  736.000000  0.003257 
736.000000  737.000000  0.003256 
737.000000  738.000000  0.003256 
738.000000  739.000000  0.003256 
739.000000  740.000000  0.003255 
740.000000  741.000000  0.003255 
741.000000  742.000000  0.003255 
742.000000  743.000000  0.003255 
743.000000  744.000000  0.003254 
744.000000  745.000000  0.003254 
745.000000  746.000000  0.003254 
746.000000  747.000000  0.003253 
747.000000  748.000000  0.003253 
748.000000  749.000000  0.003253 
749.000000  750.000000  0.003253 
750.000000  751.000000  0.003252 
751.000000  752.000000  0.003252 
752.000000  753.000000  0.003252 
753.000000  754.000000  0.003251 
754.000000  755.000000  0.003251 
755.000000  756.000000  0.003251 
756.000000  757.000000  0.003251 
757.000000  758.000000  0.003250 
758.000000  759.000000  0.003250 
759.000000  760.000000  0.003250 
760.000000  761.000000  0.003249 
761.000000  762.000000  0.003249 
762.000000  763.000000  0.003249 
763.000000  764.000000  0.003249 
764.000000  765.000000  0.003248 
765.000000  766.000000  0.003248 
766.000000  767.000000  0.003248 
767.000000  768.000000  0.003248 
768.000000  769.000000  0.003247 
769.000000  770.000000  0.003247 
770.000000  771.000000  0.003247 
771.000000  772.000000  0.003246 
772.000000  773.000000  0.003246 
773.000000  774.000000  0.003246 
774.000000  775.000000  0.003246 
775.000000  776.000000  0.003245 
776.000000  777.000000  0.003245 
777.000000  778.000000  0.003245 
778.000000  779.000000  0.003245 
779.000000  780.000000  0.003244 
780.000000  781.000000  0.003244 
781.000000  782.000000  0.003244 
782.000000  783.000000  0.003244 
783.000000  784.000000  0.003243 
784.000000  785.000000  0.003243 
785.000000  786.000000  0.003243 
786.000000  787.000000  0.003243 
787.000000  788.000000  0.003242 
788.000000  789.000000  0.003242 
789.000000  790.000000  0.003242 
790.000000  791.000000  0.003242 
791.000000  792.000000  0.003241 
792.000000  793.000000  0.003241 
793.000000  794.000000  0.003241 
794.000000  795.000000  0.003241 
795.000000  796.000000  0.003240 
796.000000  797.000000  0.003240 
797.000000  798.000000  0.003240 
798.000000  799.000000  0.003240 
799.000000  800.000000  0.003240 
