17.000000  18.000000  0.023658 
18.000000  19.000000  0.023187 
19.000000  20.000000  0.022683 
20.000000  21.000000  0.022150 
21.000000  22.000000  0.021593 
22.000000  23.000000  0.021016 
23.000000  24.000000  0.020425 
24.000000  25.000000  0.019825 
25.000000  26.000000  0.019220 
26.000000  27.000000  0.018614 
27.000000  28.000000  0.018014 
28.000000  29.000000  0.017428 
29.000000  30.000000  0.016847 
30.000000  31.000000  0.016273 
31.000000  32.000000  0.015708 
32.000000  33.000000  0.015151 
33.000000  34.000000  0.014584 
34.000000  35.000000  0.014036 
35.000000  36.000000  0.013511 
36.000000  37.000000  0.013010 
37.000000  38.000000  0.012533 
38.000000  39.000000  0.012079 
39.000000  40.000000  0.011647 
40.000000  41.000000  0.011251 
41.000000  42.000000  0.010887 
42.000000  43.000000  0.010543 
43.000000  44.000000  0.010217 
44.000000  45.000000  0.009909 
45.000000  46.000000  0.009616 
46.000000  47.000000  0.009339 
47.000000  48.000000  0.009076 
48.000000  49.000000  0.008826 
49.000000  50.000000  0.008589 
50.000000  51.000000  0.008364 
51.000000  52.000000  0.008149 
52.000000  53.000000  0.007944 
53.000000  54.000000  0.007745 
54.000000  55.000000  0.007553 
55.000000  56.000000  0.007370 
56.000000  57.000000  0.007194 
57.000000  58.000000  0.007026 
58.000000  59.000000  0.006864 
59.000000  60.000000  0.006709 
60.000000  61.000000  0.006559 
61.000000  62.000000  0.006415 
62.000000  63.000000  0.006276 
63.000000  64.000000  0.006142 
64.000000  65.000000  0.006013 
65.000000  66.000000  0.005888 
66.000000  67.000000  0.005768 
67.000000  68.000000  0.005651 
68.000000  69.000000  0.005539 
69.000000  70.000000  0.005429 
70.000000  71.000000  0.005324 
71.000000  72.000000  0.005222 
72.000000  73.000000  0.005123 
73.000000  74.000000  0.005027 
74.000000  75.000000  0.004934 
75.000000  76.000000  0.004844 
76.000000  77.000000  0.004756 
77.000000  78.000000  0.004671 
78.000000  79.000000  0.004589 
79.000000  80.000000  0.004509 
80.000000  81.000000  0.004432 
81.000000  82.000000  0.004356 
82.000000  83.000000  0.004283 
83.000000  84.000000  0.004212 
84.000000  85.000000  0.004144 
85.000000  86.000000  0.004072 
86.000000  87.000000  0.004007 
87.000000  88.000000  0.003944 
88.000000  89.000000  0.003883 
89.000000  90.000000  0.003823 
90.000000  91.000000  0.003765 
91.000000  92.000000  0.003709 
92.000000  93.000000  0.003654 
93.000000  94.000000  0.003601 
94.000000  95.000000  0.003549 
95.000000  96.000000  0.003499 
96.000000  97.000000  0.003450 
97.000000  98.000000  0.003402 
98.000000  99.000000  0.003356 
99.000000  100.000000  0.003311 
100.000000  101.000000  0.003266 
101.000000  102.000000  0.003223 
102.000000  103.000000  0.003182 
103.000000  104.000000  0.003141 
104.000000  105.000000  0.003101 
105.000000  106.000000  0.003062 
106.000000  107.000000  0.003024 
107.000000  108.000000  0.002987 
108.000000  109.000000  0.002950 
109.000000  110.000000  0.002915 
110.000000  111.000000  0.002880 
111.000000  112.000000  0.002846 
112.000000  113.000000  0.002813 
113.000000  114.000000  0.002780 
114.000000  115.000000  0.002748 
115.000000  116.000000  0.002717 
116.000000  117.000000  0.002686 
117.000000  118.000000  0.002656 
118.000000  119.000000  0.002626 
119.000000  120.000000  0.002597 
120.000000  121.000000  0.002568 
121.000000  122.000000  0.002540 
122.000000  123.000000  0.002512 
123.000000  124.000000  0.002484 
124.000000  125.000000  0.002457 
125.000000  126.000000  0.002431 
126.000000  127.000000  0.002405 
127.000000  128.000000  0.002379 
128.000000  129.000000  0.002353 
129.000000  130.000000  0.002328 
130.000000  131.000000  0.002303 
131.000000  132.000000  0.002278 
132.000000  133.000000  0.002253 
133.000000  134.000000  0.002229 
134.000000  135.000000  0.002205 
135.000000  136.000000  0.002182 
136.000000  137.000000  0.002158 
137.000000  138.000000  0.002135 
138.000000  139.000000  0.002112 
139.000000  140.000000  0.002089 
140.000000  141.000000  0.002066 
141.000000  142.000000  0.002044 
142.000000  143.000000  0.002022 
143.000000  144.000000  0.002000 
144.000000  145.000000  0.001978 
145.000000  146.000000  0.001956 
146.000000  147.000000  0.001934 
147.000000  148.000000  0.001913 
148.000000  149.000000  0.001892 
149.000000  150.000000  0.001870 
150.000000  151.000000  0.001850 
151.000000  152.000000  0.001829 
152.000000  153.000000  0.001808 
153.000000  154.000000  0.001788 
154.000000  155.000000  0.001767 
155.000000  156.000000  0.001747 
156.000000  157.000000  0.001727 
157.000000  158.000000  0.001707 
158.000000  159.000000  0.001687 
159.000000  160.000000  0.001668 
160.000000  161.000000  0.001648 
161.000000  162.000000  0.001629 
162.000000  163.000000  0.001610 
163.000000  164.000000  0.001591 
164.000000  165.000000  0.001572 
165.000000  166.000000  0.001553 
166.000000  167.000000  0.001534 
167.000000  168.000000  0.001516 
168.000000  169.000000  0.001498 
169.000000  170.000000  0.001479 
170.000000  171.000000  0.001462 
171.000000  172.000000  0.001444 
172.000000  173.000000  0.001426 
173.000000  174.000000  0.001408 
174.000000  175.000000  0.001391 
175.000000  176.000000  0.001374 
176.000000  177.000000  0.001357 
177.000000  178.000000  0.001340 
178.000000  179.000000  0.001323 
179.000000  180.000000  0.001307 
180.000000  181.000000  0.001290 
181.000000  182.000000  0.001274 
182.000000  183.000000  0.001258 
183.000000  184.000000  0.001242 
184.000000  185.000000  0.001226 
185.000000  186.000000  0.001210 
186.000000  187.000000  0.001195 
187.000000  188.000000  0.001180 
188.000000  189.000000  0.001164 
189.000000  190.000000  0.001149 
190.000000  191.000000  0.001135 
191.000000  192.000000  0.001120 
192.000000  193.000000  0.001105 
193.000000  194.000000  0.001091 
194.000000  195.000000  0.001077 
195.000000  196.000000  0.001063 
196.000000  197.000000  0.001049 
197.000000  198.000000  0.001035 
198.000000  199.000000  0.001022 
199.000000  200.000000  0.001008 
200.000000  201.000000  0.000995 
201.000000  202.000000  0.000982 
202.000000  203.000000  0.000969 
203.000000  204.000000  0.000956 
204.000000  205.000000  0.000944 
205.000000  206.000000  0.000931 
206.000000  207.000000  0.000919 
207.000000  208.000000  0.000907 
208.000000  209.000000  0.000895 
209.000000  210.000000  0.000883 
210.000000  211.000000  0.000871 
211.000000  212.000000  0.000860 
212.000000  213.000000  0.000849 
213.000000  214.000000  0.000837 
214.000000  215.000000  0.000826 
215.000000  216.000000  0.000815 
216.000000  217.000000  0.000804 
217.000000  218.000000  0.000794 
218.000000  219.000000  0.000783 
219.000000  220.000000  0.000773 
220.000000  221.000000  0.000763 
221.000000  222.000000  0.000753 
222.000000  223.000000  0.000743 
223.000000  224.000000  0.000733 
224.000000  225.000000  0.000723 
225.000000  226.000000  0.000714 
226.000000  227.000000  0.000704 
227.000000  228.000000  0.000695 
228.000000  229.000000  0.000686 
229.000000  230.000000  0.000677 
230.000000  231.000000  0.000668 
231.000000  232.000000  0.000659 
232.000000  233.000000  0.000650 
233.000000  234.000000  0.000642 
234.000000  235.000000  0.000633 
235.000000  236.000000  0.000625 
236.000000  237.000000  0.000617 
237.000000  238.000000  0.000609 
238.000000  239.000000  0.000601 
239.000000  240.000000  0.000593 
240.000000  241.000000  0.000585 
241.000000  242.000000  0.000577 
242.000000  243.000000  0.000570 
243.000000  244.000000  0.000562 
244.000000  245.000000  0.000555 
245.000000  246.000000  0.000548 
246.000000  247.000000  0.000541 
247.000000  248.000000  0.000534 
248.000000  249.000000  0.000527 
249.000000  250.000000  0.000520 
250.000000  251.000000  0.000513 
251.000000  252.000000  0.000507 
252.000000  253.000000  0.000500 
253.000000  254.000000  0.000494 
254.000000  255.000000  0.000488 
255.000000  256.000000  0.000481 
256.000000  257.000000  0.000475 
257.000000  258.000000  0.000469 
258.000000  259.000000  0.000463 
259.000000  260.000000  0.000457 
260.000000  261.000000  0.000451 
261.000000  262.000000  0.000446 
262.000000  263.000000  0.000440 
263.000000  264.000000  0.000435 
264.000000  265.000000  0.000429 
265.000000  266.000000  0.000424 
266.000000  267.000000  0.000418 
267.000000  268.000000  0.000413 
268.000000  269.000000  0.000408 
269.000000  270.000000  0.000403 
270.000000  271.000000  0.000398 
271.000000  272.000000  0.000393 
272.000000  273.000000  0.000388 
273.000000  274.000000  0.000383 
274.000000  275.000000  0.000379 
275.000000  276.000000  0.000374 
276.000000  277.000000  0.000369 
277.000000  278.000000  0.000365 
278.000000  279.000000  0.000360 
279.000000  280.000000  0.000356 
280.000000  281.000000  0.000352 
281.000000  282.000000  0.000347 
282.000000  283.000000  0.000343 
283.000000  284.000000  0.000339 
284.000000  285.000000  0.000335 
285.000000  286.000000  0.000331 
286.000000  287.000000  0.000327 
287.000000  288.000000  0.000323 
288.000000  289.000000  0.000319 
289.000000  290.000000  0.000315 
290.000000  291.000000  0.000312 
291.000000  292.000000  0.000308 
292.000000  293.000000  0.000304 
293.000000  294.000000  0.000301 
294.000000  295.000000  0.000297 
295.000000  296.000000  0.000294 
296.000000  297.000000  0.000290 
297.000000  298.000000  0.000287 
298.000000  299.000000  0.000284 
299.000000  300.000000  0.000280 
300.000000  301.000000  0.000277 
301.000000  302.000000  0.000274 
302.000000  303.000000  0.000271 
303.000000  304.000000  0.000268 
304.000000  305.000000  0.000265 
305.000000  306.000000  0.000262 
306.000000  307.000000  0.000259 
307.000000  308.000000  0.000256 
308.000000  309.000000  0.000253 
309.000000  310.000000  0.000250 
310.000000  311.000000  0.000247 
311.000000  312.000000  0.000244 
312.000000  313.000000  0.000242 
313.000000  314.000000  0.000239 
314.000000  315.000000  0.000236 
315.000000  316.000000  0.000234 
316.000000  317.000000  0.000231 
317.000000  318.000000  0.000229 
318.000000  319.000000  0.000226 
319.000000  320.000000  0.000224 
320.000000  321.000000  0.000221 
321.000000  322.000000  0.000219 
322.000000  323.000000  0.000216 
323.000000  324.000000  0.000214 
324.000000  325.000000  0.000212 
325.000000  326.000000  0.000209 
326.000000  327.000000  0.000207 
327.000000  328.000000  0.000205 
328.000000  329.000000  0.000203 
329.000000  330.000000  0.000201 
330.000000  331.000000  0.000198 
331.000000  332.000000  0.000196 
332.000000  333.000000  0.000194 
333.000000  334.000000  0.000192 
334.000000  335.000000  0.000190 
335.000000  336.000000  0.000188 
336.000000  337.000000  0.000186 
337.000000  338.000000  0.000184 
338.000000  339.000000  0.000182 
339.000000  340.000000  0.000181 
340.000000  341.000000  0.000179 
341.000000  342.000000  0.000177 
342.000000  343.000000  0.000175 
343.000000  344.000000  0.000173 
344.000000  345.000000  0.000171 
345.000000  346.000000  0.000170 
346.000000  347.000000  0.000168 
347.000000  348.000000  0.000166 
348.000000  349.000000  0.000165 
349.000000  350.000000  0.000163 
350.000000  351.000000  0.000161 
351.000000  352.000000  0.000160 
352.000000  353.000000  0.000158 
353.000000  354.000000  0.000157 
354.000000  355.000000  0.000155 
355.000000  356.000000  0.000153 
356.000000  357.000000  0.000152 
357.000000  358.000000  0.000150 
358.000000  359.000000  0.000149 
359.000000  360.000000  0.000148 
360.000000  361.000000  0.000146 
361.000000  362.000000  0.000145 
362.000000  363.000000  0.000143 
363.000000  364.000000  0.000142 
364.000000  365.000000  0.000141 
365.000000  366.000000  0.000139 
366.000000  367.000000  0.000138 
367.000000  368.000000  0.000137 
368.000000  369.000000  0.000135 
369.000000  370.000000  0.000134 
370.000000  371.000000  0.000133 
371.000000  372.000000  0.000132 
372.000000  373.000000  0.000130 
373.000000  374.000000  0.000129 
374.000000  375.000000  0.000128 
375.000000  376.000000  0.000127 
376.000000  377.000000  0.000126 
377.000000  378.000000  0.000124 
378.000000  379.000000  0.000123 
379.000000  380.000000  0.000122 
380.000000  381.000000  0.000121 
381.000000  382.000000  0.000120 
382.000000  383.000000  0.000119 
383.000000  384.000000  0.000118 
384.000000  385.000000  0.000117 
385.000000  386.000000  0.000116 
386.000000  387.000000  0.000115 
387.000000  388.000000  0.000114 
388.000000  389.000000  0.000113 
389.000000  390.000000  0.000112 
390.000000  391.000000  0.000111 
391.000000  392.000000  0.000110 
392.000000  393.000000  0.000109 
393.000000  394.000000  0.000108 
394.000000  395.000000  0.000107 
395.000000  396.000000  0.000106 
396.000000  397.000000  0.000105 
397.000000  398.000000  0.000104 
398.000000  399.000000  0.000103 
399.000000  400.000000  0.000102 
400.000000  401.000000  0.000101 
401.000000  402.000000  0.000100 
402.000000  403.000000  0.000100 
403.000000  404.000000  0.000099 
404.000000  405.000000  0.000098 
405.000000  406.000000  0.000097 
406.000000  407.000000  0.000096 
407.000000  408.000000  0.000095 
408.000000  409.000000  0.000095 
409.000000  410.000000  0.000094 
410.000000  411.000000  0.000093 
411.000000  412.000000  0.000092 
412.000000  413.000000  0.000092 
413.000000  414.000000  0.000091 
414.000000  415.000000  0.000090 
415.000000  416.000000  0.000089 
416.000000  417.000000  0.000089 
417.000000  418.000000  0.000088 
418.000000  419.000000  0.000087 
419.000000  420.000000  0.000086 
420.000000  421.000000  0.000086 
421.000000  422.000000  0.000085 
422.000000  423.000000  0.000084 
423.000000  424.000000  0.000084 
424.000000  425.000000  0.000083 
425.000000  426.000000  0.000082 
426.000000  427.000000  0.000082 
427.000000  428.000000  0.000081 
428.000000  429.000000  0.000081 
429.000000  430.000000  0.000080 
430.000000  431.000000  0.000079 
431.000000  432.000000  0.000079 
432.000000  433.000000  0.000078 
433.000000  434.000000  0.000077 
434.000000  435.000000  0.000077 
435.000000  436.000000  0.000076 
436.000000  437.000000  0.000076 
437.000000  438.000000  0.000075 
438.000000  439.000000  0.000075 
439.000000  440.000000  0.000074 
440.000000  441.000000  0.000073 
441.000000  442.000000  0.000073 
442.000000  443.000000  0.000072 
443.000000  444.000000  0.000072 
444.000000  445.000000  0.000071 
445.000000  446.000000  0.000071 
446.000000  447.000000  0.000070 
447.000000  448.000000  0.000070 
448.000000  449.000000  0.000069 
449.000000  450.000000  0.000069 
450.000000  451.000000  0.000068 
451.000000  452.000000  0.000068 
452.000000  453.000000  0.000067 
453.000000  454.000000  0.000067 
454.000000  455.000000  0.000066 
455.000000  456.000000  0.000066 
456.000000  457.000000  0.000065 
457.000000  458.000000  0.000065 
458.000000  459.000000  0.000064 
459.000000  460.000000  0.000064 
460.000000  461.000000  0.000064 
461.000000  462.000000  0.000063 
462.000000  463.000000  0.000063 
463.000000  464.000000  0.000062 
464.000000  465.000000  0.000062 
465.000000  466.000000  0.000061 
466.000000  467.000000  0.000061 
467.000000  468.000000  0.000061 
468.000000  469.000000  0.000060 
469.000000  470.000000  0.000060 
470.000000  471.000000  0.000059 
471.000000  472.000000  0.000059 
472.000000  473.000000  0.000059 
473.000000  474.000000  0.000058 
474.000000  475.000000  0.000058 
475.000000  476.000000  0.000057 
476.000000  477.000000  0.000057 
477.000000  478.000000  0.000057 
478.000000  479.000000  0.000056 
479.000000  480.000000  0.000056 
480.000000  481.000000  0.000056 
481.000000  482.000000  0.000055 
482.000000  483.000000  0.000055 
483.000000  484.000000  0.000055 
484.000000  485.000000  0.000054 
485.000000  486.000000  0.000054 
486.000000  487.000000  0.000054 
487.000000  488.000000  0.000053 
488.000000  489.000000  0.000053 
489.000000  490.000000  0.000053 
490.000000  491.000000  0.000052 
491.000000  492.000000  0.000052 
492.000000  493.000000  0.000052 
493.000000  494.000000  0.000051 
494.000000  495.000000  0.000051 
495.000000  496.000000  0.000051 
496.000000  497.000000  0.000050 
497.000000  498.000000  0.000050 
498.000000  499.000000  0.000050 
499.000000  500.000000  0.000050 
500.000000  501.000000  0.000049 
501.000000  502.000000  0.000049 
502.000000  503.000000  0.000049 
503.000000  504.000000  0.000048 
504.000000  505.000000  0.000048 
505.000000  506.000000  0.000048 
506.000000  507.000000  0.000048 
507.000000  508.000000  0.000047 
508.000000  509.000000  0.000047 
509.000000  510.000000  0.000047 
510.000000  511.000000  0.000047 
511.000000  512.000000  0.000046 
512.000000  513.000000  0.000046 
513.000000  514.000000  0.000046 
514.000000  515.000000  0.000046 
515.000000  516.000000  0.000045 
516.000000  517.000000  0.000045 
517.000000  518.000000  0.000045 
518.000000  519.000000  0.000045 
519.000000  520.000000  0.000044 
520.000000  521.000000  0.000044 
521.000000  522.000000  0.000044 
522.000000  523.000000  0.000044 
523.000000  524.000000  0.000043 
524.000000  525.000000  0.000043 
525.000000  526.000000  0.000043 
526.000000  527.000000  0.000043 
527.000000  528.000000  0.000043 
528.000000  529.000000  0.000042 
529.000000  530.000000  0.000042 
530.000000  531.000000  0.000042 
531.000000  532.000000  0.000042 
532.000000  533.000000  0.000041 
533.000000  534.000000  0.000041 
534.000000  535.000000  0.000041 
535.000000  536.000000  0.000041 
536.000000  537.000000  0.000041 
537.000000  538.000000  0.000040 
538.000000  539.000000  0.000040 
539.000000  540.000000  0.000040 
540.000000  541.000000  0.000040 
541.000000  542.000000  0.000040 
542.000000  543.000000  0.000040 
543.000000  544.000000  0.000039 
544.000000  545.000000  0.000039 
545.000000  546.000000  0.000039 
546.000000  547.000000  0.000039 
547.000000  548.000000  0.000039 
548.000000  549.000000  0.000038 
549.000000  550.000000  0.000038 
550.000000  551.000000  0.000038 
551.000000  552.000000  0.000038 
552.000000  553.000000  0.000038 
553.000000  554.000000  0.000038 
554.000000  555.000000  0.000037 
555.000000  556.000000  0.000037 
556.000000  557.000000  0.000037 
557.000000  558.000000  0.000037 
558.000000  559.000000  0.000037 
559.000000  560.000000  0.000037 
560.000000  561.000000  0.000037 
561.000000  562.000000  0.000036 
562.000000  563.000000  0.000036 
563.000000  564.000000  0.000036 
564.000000  565.000000  0.000036 
565.000000  566.000000  0.000036 
566.000000  567.000000  0.000036 
567.000000  568.000000  0.000036 
568.000000  569.000000  0.000035 
569.000000  570.000000  0.000035 
570.000000  571.000000  0.000035 
571.000000  572.000000  0.000035 
572.000000  573.000000  0.000035 
573.000000  574.000000  0.000035 
574.000000  575.000000  0.000035 
575.000000  576.000000  0.000034 
576.000000  577.000000  0.000034 
577.000000  578.000000  0.000034 
578.000000  579.000000  0.000034 
579.000000  580.000000  0.000034 
580.000000  581.000000  0.000034 
581.000000  582.000000  0.000034 
582.000000  583.000000  0.000034 
583.000000  584.000000  0.000033 
584.000000  585.000000  0.000033 
585.000000  586.000000  0.000033 
586.000000  587.000000  0.000033 
587.000000  588.000000  0.000033 
588.000000  589.000000  0.000033 
589.000000  590.000000  0.000033 
590.000000  591.000000  0.000033 
591.000000  592.000000  0.000033 
592.000000  593.000000  0.000032 
593.000000  594.000000  0.000032 
594.000000  595.000000  0.000032 
595.000000  596.000000  0.000032 
596.000000  597.000000  0.000032 
597.000000  598.000000  0.000032 
598.000000  599.000000  0.000032 
599.000000  600.000000  0.000032 
600.000000  601.000000  0.000032 
601.000000  602.000000  0.000032 
602.000000  603.000000  0.000031 
603.000000  604.000000  0.000031 
604.000000  605.000000  0.000031 
605.000000  606.000000  0.000031 
606.000000  607.000000  0.000031 
607.000000  608.000000  0.000031 
608.000000  609.000000  0.000031 
609.000000  610.000000  0.000031 
610.000000  611.000000  0.000031 
611.000000  612.000000  0.000031 
612.000000  613.000000  0.000031 
613.000000  614.000000  0.000030 
614.000000  615.000000  0.000030 
615.000000  616.000000  0.000030 
616.000000  617.000000  0.000030 
617.000000  618.000000  0.000030 
618.000000  619.000000  0.000030 
619.000000  620.000000  0.000030 
620.000000  621.000000  0.000030 
621.000000  622.000000  0.000030 
622.000000  623.000000  0.000030 
623.000000  624.000000  0.000030 
624.000000  625.000000  0.000030 
625.000000  626.000000  0.000030 
626.000000  627.000000  0.000029 
627.000000  628.000000  0.000029 
628.000000  629.000000  0.000029 
629.000000  630.000000  0.000029 
630.000000  631.000000  0.000029 
631.000000  632.000000  0.000029 
632.000000  633.000000  0.000029 
633.000000  634.000000  0.000029 
634.000000  635.000000  0.000029 
635.000000  636.000000  0.000029 
636.000000  637.000000  0.000029 
637.000000  638.000000  0.000029 
638.000000  639.000000  0.000029 
639.000000  640.000000  0.000029 
640.000000  641.000000  0.000029 
641.000000  642.000000  0.000029 
642.000000  643.000000  0.000028 
643.000000  644.000000  0.000028 
644.000000  645.000000  0.000028 
645.000000  646.000000  0.000028 
646.000000  647.000000  0.000028 
647.000000  648.000000  0.000028 
648.000000  649.000000  0.000028 
649.000000  650.000000  0.000028 
650.000000  651.000000  0.000028 
651.000000  652.000000  0.000028 
652.000000  653.000000  0.000028 
653.000000  654.000000  0.000028 
654.000000  655.000000  0.000028 
655.000000  656.000000  0.000028 
656.000000  657.000000  0.000028 
657.000000  658.000000  0.000028 
658.000000  659.000000  0.000028 
659.000000  660.000000  0.000028 
660.000000  661.000000  0.000027 
661.000000  662.000000  0.000027 
662.000000  663.000000  0.000027 
663.000000  664.000000  0.000027 
664.000000  665.000000  0.000027 
665.000000  666.000000  0.000027 
666.000000  667.000000  0.000027 
667.000000  668.000000  0.000027 
668.000000  669.000000  0.000027 
669.000000  670.000000  0.000027 
670.000000  671.000000  0.000027 
671.000000  672.000000  0.000027 
672.000000  673.000000  0.000027 
673.000000  674.000000  0.000027 
674.000000  675.000000  0.000027 
675.000000  676.000000  0.000027 
676.000000  677.000000  0.000027 
677.000000  678.000000  0.000027 
678.000000  679.000000  0.000027 
679.000000  680.000000  0.000027 
680.000000  681.000000  0.000027 
681.000000  682.000000  0.000027 
682.000000  683.000000  0.000027 
683.000000  684.000000  0.000027 
684.000000  685.000000  0.000027 
685.000000  686.000000  0.000027 
686.000000  687.000000  0.000026 
687.000000  688.000000  0.000026 
688.000000  689.000000  0.000026 
689.000000  690.000000  0.000026 
690.000000  691.000000  0.000026 
691.000000  692.000000  0.000026 
692.000000  693.000000  0.000026 
693.000000  694.000000  0.000026 
694.000000  695.000000  0.000026 
695.000000  696.000000  0.000026 
696.000000  697.000000  0.000026 
697.000000  698.000000  0.000026 
698.000000  699.000000  0.000026 
699.000000  700.000000  0.000026 
700.000000  701.000000  0.000026 
701.000000  702.000000  0.000026 
702.000000  703.000000  0.000026 
703.000000  704.000000  0.000026 
704.000000  705.000000  0.000026 
705.000000  706.000000  0.000026 
706.000000  707.000000  0.000026 
707.000000  708.000000  0.000026 
708.000000  709.000000  0.000026 
709.000000  710.000000  0.000026 
710.000000  711.000000  0.000026 
711.000000  712.000000  0.000026 
712.000000  713.000000  0.000026 
713.000000  714.000000  0.000026 
714.000000  715.000000  0.000026 
715.000000  716.000000  0.000026 
716.000000  717.000000  0.000026 
717.000000  718.000000  0.000026 
718.000000  719.000000  0.000026 
719.000000  720.000000  0.000026 
720.000000  721.000000  0.000026 
721.000000  722.000000  0.000026 
722.000000  723.000000  0.000026 
723.000000  724.000000  0.000026 
724.000000  725.000000  0.000026 
725.000000  726.000000  0.000026 
726.000000  727.000000  0.000026 
727.000000  728.000000  0.000026 
728.000000  729.000000  0.000026 
729.000000  730.000000  0.000026 
730.000000  731.000000  0.000026 
731.000000  732.000000  0.000025 
732.000000  733.000000  0.000025 
733.000000  734.000000  0.000025 
734.000000  735.000000  0.000025 
735.000000  736.000000  0.000025 
736.000000  737.000000  0.000025 
737.000000  738.000000  0.000025 
738.000000  739.000000  0.000025 
739.000000  740.000000  0.000025 
740.000000  741.000000  0.000025 
741.000000  742.000000  0.000025 
742.000000  743.000000  0.000025 
743.000000  744.000000  0.000025 
744.000000  745.000000  0.000025 
745.000000  746.000000  0.000025 
746.000000  747.000000  0.000025 
747.000000  748.000000  0.000025 
748.000000  749.000000  0.000025 
749.000000  750.000000  0.000025 
750.000000  751.000000  0.000025 
751.000000  752.000000  0.000025 
752.000000  753.000000  0.000025 
753.000000  754.000000  0.000025 
754.000000  755.000000  0.000025 
755.000000  756.000000  0.000025 
756.000000  757.000000  0.000025 
757.000000  758.000000  0.000025 
758.000000  759.000000  0.000025 
759.000000  760.000000  0.000025 
760.000000  761.000000  0.000025 
761.000000  762.000000  0.000025 
762.000000  763.000000  0.000025 
763.000000  764.000000  0.000025 
764.000000  765.000000  0.000025 
765.000000  766.000000  0.000025 
766.000000  767.000000  0.000025 
767.000000  768.000000  0.000025 
768.000000  769.000000  0.000025 
769.000000  770.000000  0.000025 
770.000000  771.000000  0.000025 
771.000000  772.000000  0.000025 
772.000000  773.000000  0.000025 
773.000000  774.000000  0.000025 
774.000000  775.000000  0.000025 
775.000000  776.000000  0.000025 
776.000000  777.000000  0.000025 
777.000000  778.000000  0.000025 
778.000000  779.000000  0.000025 
779.000000  780.000000  0.000025 
780.000000  781.000000  0.000025 
781.000000  782.000000  0.000025 
782.000000  783.000000  0.000025 
783.000000  784.000000  0.000025 
784.000000  785.000000  0.000025 
785.000000  786.000000  0.000025 
786.000000  787.000000  0.000025 
787.000000  788.000000  0.000025 
788.000000  789.000000  0.000025 
789.000000  790.000000  0.000025 
790.000000  791.000000  0.000025 
791.000000  792.000000  0.000025 
792.000000  793.000000  0.000025 
793.000000  794.000000  0.000025 
794.000000  795.000000  0.000025 
795.000000  796.000000  0.000025 
796.000000  797.000000  0.000025 
797.000000  798.000000  0.000025 
798.000000  799.000000  0.000025 
799.000000  800.000000  0.000025 
