17.000000  18.000000  -0.000000 
18.000000  19.000000  -0.000000 
19.000000  20.000000  -0.000000 
20.000000  21.000000  -0.000000 
21.000000  22.000000  -0.000000 
22.000000  23.000000  -0.000000 
23.000000  24.000000  -0.000000 
24.000000  25.000000  -0.000000 
25.000000  26.000000  -0.000000 
26.000000  27.000000  -0.000000 
27.000000  28.000000  -0.000000 
28.000000  29.000000  -0.000000 
29.000000  30.000000  -0.000000 
30.000000  31.000000  -0.000000 
31.000000  32.000000  -0.000000 
32.000000  33.000000  -0.000000 
33.000000  34.000000  -0.000000 
34.000000  35.000000  -0.000000 
35.000000  36.000000  -0.000000 
36.000000  37.000000  -0.000000 
37.000000  38.000000  -0.000000 
38.000000  39.000000  -0.000000 
39.000000  40.000000  -0.000000 
40.000000  41.000000  -0.000000 
41.000000  42.000000  -0.000000 
42.000000  43.000000  -0.000000 
43.000000  44.000000  -0.000000 
44.000000  45.000000  -0.000000 
45.000000  46.000000  -0.000000 
46.000000  47.000000  -0.000000 
47.000000  48.000000  -0.000000 
48.000000  49.000000  -0.000000 
49.000000  50.000000  -0.000000 
50.000000  51.000000  -0.000000 
51.000000  52.000000  -0.000000 
52.000000  53.000000  -0.000000 
53.000000  54.000000  -0.000000 
54.000000  55.000000  -0.000000 
55.000000  56.000000  -0.000000 
56.000000  57.000000  -0.000000 
57.000000  58.000000  -0.000000 
58.000000  59.000000  -0.000000 
59.000000  60.000000  -0.000000 
60.000000  61.000000  -0.000000 
61.000000  62.000000  -0.000000 
62.000000  63.000000  -0.000000 
63.000000  64.000000  -0.000000 
64.000000  65.000000  -0.000000 
65.000000  66.000000  -0.000000 
66.000000  67.000000  -0.000000 
67.000000  68.000000  -0.000000 
68.000000  69.000000  -0.000000 
69.000000  70.000000  -0.000000 
70.000000  71.000000  -0.000000 
71.000000  72.000000  -0.000000 
72.000000  73.000000  -0.000000 
73.000000  74.000000  -0.000000 
74.000000  75.000000  -0.000000 
75.000000  76.000000  -0.000000 
76.000000  77.000000  -0.000000 
77.000000  78.000000  -0.000000 
78.000000  79.000000  -0.000000 
79.000000  80.000000  -0.000000 
80.000000  81.000000  -0.000000 
81.000000  82.000000  -0.000000 
82.000000  83.000000  -0.000000 
83.000000  84.000000  -0.000000 
84.000000  85.000000  -0.000000 
85.000000  86.000000  -0.000000 
86.000000  87.000000  -0.000000 
87.000000  88.000000  -0.000000 
88.000000  89.000000  -0.000000 
89.000000  90.000000  -0.000000 
90.000000  91.000000  -0.000000 
91.000000  92.000000  -0.000000 
92.000000  93.000000  -0.000000 
93.000000  94.000000  -0.000000 
94.000000  95.000000  -0.000000 
95.000000  96.000000  -0.000000 
96.000000  97.000000  -0.000000 
97.000000  98.000000  -0.000001 
98.000000  99.000000  -0.000001 
99.000000  100.000000  -0.000001 
100.000000  101.000000  -0.000001 
101.000000  102.000000  -0.000001 
102.000000  103.000000  -0.000001 
103.000000  104.000000  -0.000001 
104.000000  105.000000  -0.000001 
105.000000  106.000000  -0.000001 
106.000000  107.000000  -0.000001 
107.000000  108.000000  -0.000002 
108.000000  109.000000  -0.000002 
109.000000  110.000000  -0.000002 
110.000000  111.000000  -0.000002 
111.000000  112.000000  -0.000002 
112.000000  113.000000  -0.000002 
113.000000  114.000000  -0.000002 
114.000000  115.000000  -0.000002 
115.000000  116.000000  -0.000003 
116.000000  117.000000  -0.000003 
117.000000  118.000000  -0.000003 
118.000000  119.000000  -0.000003 
119.000000  120.000000  -0.000003 
120.000000  121.000000  -0.000003 
121.000000  122.000000  -0.000003 
122.000000  123.000000  -0.000003 
123.000000  124.000000  -0.000003 
124.000000  125.000000  -0.000003 
125.000000  126.000000  -0.000003 
126.000000  127.000000  -0.000003 
127.000000  128.000000  -0.000002 
128.000000  129.000000  -0.000002 
129.000000  130.000000  -0.000002 
130.000000  131.000000  -0.000001 
131.000000  132.000000  -0.000001 
132.000000  133.000000  -0.000000 
133.000000  134.000000  0.000000 
134.000000  135.000000  0.000001 
135.000000  136.000000  0.000002 
136.000000  137.000000  0.000003 
137.000000  138.000000  0.000004 
138.000000  139.000000  0.000005 
139.000000  140.000000  0.000006 
140.000000  141.000000  0.000007 
141.000000  142.000000  0.000009 
142.000000  143.000000  0.000010 
143.000000  144.000000  0.000012 
144.000000  145.000000  0.000014 
145.000000  146.000000  0.000016 
146.000000  147.000000  0.000018 
147.000000  148.000000  0.000020 
148.000000  149.000000  0.000022 
149.000000  150.000000  0.000025 
150.000000  151.000000  0.000028 
151.000000  152.000000  0.000030 
152.000000  153.000000  0.000033 
153.000000  154.000000  0.000037 
154.000000  155.000000  0.000040 
155.000000  156.000000  0.000043 
156.000000  157.000000  0.000047 
157.000000  158.000000  0.000051 
158.000000  159.000000  0.000055 
159.000000  160.000000  0.000059 
160.000000  161.000000  0.000063 
161.000000  162.000000  0.000067 
162.000000  163.000000  0.000072 
163.000000  164.000000  0.000077 
164.000000  165.000000  0.000082 
165.000000  166.000000  0.000087 
166.000000  167.000000  0.000092 
167.000000  168.000000  0.000097 
168.000000  169.000000  0.000103 
169.000000  170.000000  0.000108 
170.000000  171.000000  0.000114 
171.000000  172.000000  0.000120 
172.000000  173.000000  0.000126 
173.000000  174.000000  0.000132 
174.000000  175.000000  0.000138 
175.000000  176.000000  0.000145 
176.000000  177.000000  0.000151 
177.000000  178.000000  0.000158 
178.000000  179.000000  0.000164 
179.000000  180.000000  0.000171 
180.000000  181.000000  0.000178 
181.000000  182.000000  0.000185 
182.000000  183.000000  0.000192 
183.000000  184.000000  0.000199 
184.000000  185.000000  0.000206 
185.000000  186.000000  0.000213 
186.000000  187.000000  0.000221 
187.000000  188.000000  0.000228 
188.000000  189.000000  0.000235 
189.000000  190.000000  0.000243 
190.000000  191.000000  0.000250 
191.000000  192.000000  0.000257 
192.000000  193.000000  0.000265 
193.000000  194.000000  0.000272 
194.000000  195.000000  0.000279 
195.000000  196.000000  0.000287 
196.000000  197.000000  0.000294 
197.000000  198.000000  0.000301 
198.000000  199.000000  0.000309 
199.000000  200.000000  0.000316 
200.000000  201.000000  0.000323 
201.000000  202.000000  0.000331 
202.000000  203.000000  0.000338 
203.000000  204.000000  0.000345 
204.000000  205.000000  0.000352 
205.000000  206.000000  0.000359 
206.000000  207.000000  0.000366 
207.000000  208.000000  0.000372 
208.000000  209.000000  0.000379 
209.000000  210.000000  0.000386 
210.000000  211.000000  0.000392 
211.000000  212.000000  0.000399 
212.000000  213.000000  0.000405 
213.000000  214.000000  0.000411 
214.000000  215.000000  0.000418 
215.000000  216.000000  0.000424 
216.000000  217.000000  0.000430 
217.000000  218.000000  0.000435 
218.000000  219.000000  0.000441 
219.000000  220.000000  0.000447 
220.000000  221.000000  0.000452 
221.000000  222.000000  0.000458 
222.000000  223.000000  0.000463 
223.000000  224.000000  0.000468 
224.000000  225.000000  0.000473 
225.000000  226.000000  0.000478 
226.000000  227.000000  0.000482 
227.000000  228.000000  0.000487 
228.000000  229.000000  0.000491 
229.000000  230.000000  0.000495 
230.000000  231.000000  0.000500 
231.000000  232.000000  0.000504 
232.000000  233.000000  0.000507 
233.000000  234.000000  0.000511 
234.000000  235.000000  0.000515 
235.000000  236.000000  0.000518 
236.000000  237.000000  0.000521 
237.000000  238.000000  0.000525 
238.000000  239.000000  0.000528 
239.000000  240.000000  0.000530 
240.000000  241.000000  0.000533 
241.000000  242.000000  0.000536 
242.000000  243.000000  0.000538 
243.000000  244.000000  0.000541 
244.000000  245.000000  0.000543 
245.000000  246.000000  0.000545 
246.000000  247.000000  0.000547 
247.000000  248.000000  0.000548 
248.000000  249.000000  0.000550 
249.000000  250.000000  0.000552 
250.000000  251.000000  0.000553 
251.000000  252.000000  0.000554 
252.000000  253.000000  0.000555 
253.000000  254.000000  0.000556 
254.000000  255.000000  0.000557 
255.000000  256.000000  0.000558 
256.000000  257.000000  0.000559 
257.000000  258.000000  0.000559 
258.000000  259.000000  0.000559 
259.000000  260.000000  0.000560 
260.000000  261.000000  0.000560 
261.000000  262.000000  0.000560 
262.000000  263.000000  0.000560 
263.000000  264.000000  0.000560 
264.000000  265.000000  0.000560 
265.000000  266.000000  0.000559 
266.000000  267.000000  0.000559 
267.000000  268.000000  0.000558 
268.000000  269.000000  0.000557 
269.000000  270.000000  0.000557 
270.000000  271.000000  0.000556 
271.000000  272.000000  0.000555 
272.000000  273.000000  0.000554 
273.000000  274.000000  0.000553 
274.000000  275.000000  0.000552 
275.000000  276.000000  0.000550 
276.000000  277.000000  0.000549 
277.000000  278.000000  0.000548 
278.000000  279.000000  0.000546 
279.000000  280.000000  0.000544 
280.000000  281.000000  0.000543 
281.000000  282.000000  0.000541 
282.000000  283.000000  0.000539 
283.000000  284.000000  0.000537 
284.000000  285.000000  0.000536 
285.000000  286.000000  0.000534 
286.000000  287.000000  0.000532 
287.000000  288.000000  0.000529 
288.000000  289.000000  0.000527 
289.000000  290.000000  0.000525 
290.000000  291.000000  0.000523 
291.000000  292.000000  0.000521 
292.000000  293.000000  0.000518 
293.000000  294.000000  0.000516 
294.000000  295.000000  0.000513 
295.000000  296.000000  0.000511 
296.000000  297.000000  0.000508 
297.000000  298.000000  0.000506 
298.000000  299.000000  0.000503 
299.000000  300.000000  0.000501 
300.000000  301.000000  0.000498 
301.000000  302.000000  0.000495 
302.000000  303.000000  0.000493 
303.000000  304.000000  0.000490 
304.000000  305.000000  0.000487 
305.000000  306.000000  0.000484 
306.000000  307.000000  0.000481 
307.000000  308.000000  0.000479 
308.000000  309.000000  0.000476 
309.000000  310.000000  0.000473 
310.000000  311.000000  0.000470 
311.000000  312.000000  0.000467 
312.000000  313.000000  0.000464 
313.000000  314.000000  0.000461 
314.000000  315.000000  0.000458 
315.000000  316.000000  0.000455 
316.000000  317.000000  0.000452 
317.000000  318.000000  0.000449 
318.000000  319.000000  0.000446 
319.000000  320.000000  0.000443 
320.000000  321.000000  0.000440 
321.000000  322.000000  0.000437 
322.000000  323.000000  0.000434 
323.000000  324.000000  0.000431 
324.000000  325.000000  0.000428 
325.000000  326.000000  0.000425 
326.000000  327.000000  0.000422 
327.000000  328.000000  0.000419 
328.000000  329.000000  0.000416 
329.000000  330.000000  0.000413 
330.000000  331.000000  0.000410 
331.000000  332.000000  0.000407 
332.000000  333.000000  0.000403 
333.000000  334.000000  0.000400 
334.000000  335.000000  0.000397 
335.000000  336.000000  0.000394 
336.000000  337.000000  0.000391 
337.000000  338.000000  0.000388 
338.000000  339.000000  0.000385 
339.000000  340.000000  0.000382 
340.000000  341.000000  0.000379 
341.000000  342.000000  0.000376 
342.000000  343.000000  0.000373 
343.000000  344.000000  0.000370 
344.000000  345.000000  0.000367 
345.000000  346.000000  0.000365 
346.000000  347.000000  0.000362 
347.000000  348.000000  0.000359 
348.000000  349.000000  0.000356 
349.000000  350.000000  0.000353 
350.000000  351.000000  0.000350 
351.000000  352.000000  0.000347 
352.000000  353.000000  0.000344 
353.000000  354.000000  0.000341 
354.000000  355.000000  0.000339 
355.000000  356.000000  0.000336 
356.000000  357.000000  0.000333 
357.000000  358.000000  0.000330 
358.000000  359.000000  0.000327 
359.000000  360.000000  0.000325 
360.000000  361.000000  0.000322 
361.000000  362.000000  0.000319 
362.000000  363.000000  0.000317 
363.000000  364.000000  0.000314 
364.000000  365.000000  0.000311 
365.000000  366.000000  0.000309 
366.000000  367.000000  0.000306 
367.000000  368.000000  0.000303 
368.000000  369.000000  0.000301 
369.000000  370.000000  0.000298 
370.000000  371.000000  0.000295 
371.000000  372.000000  0.000293 
372.000000  373.000000  0.000290 
373.000000  374.000000  0.000288 
374.000000  375.000000  0.000285 
375.000000  376.000000  0.000283 
376.000000  377.000000  0.000280 
377.000000  378.000000  0.000278 
378.000000  379.000000  0.000276 
379.000000  380.000000  0.000273 
380.000000  381.000000  0.000271 
381.000000  382.000000  0.000268 
382.000000  383.000000  0.000266 
383.000000  384.000000  0.000264 
384.000000  385.000000  0.000261 
385.000000  386.000000  0.000259 
386.000000  387.000000  0.000257 
387.000000  388.000000  0.000255 
388.000000  389.000000  0.000252 
389.000000  390.000000  0.000250 
390.000000  391.000000  0.000248 
391.000000  392.000000  0.000246 
392.000000  393.000000  0.000244 
393.000000  394.000000  0.000241 
394.000000  395.000000  0.000239 
395.000000  396.000000  0.000237 
396.000000  397.000000  0.000235 
397.000000  398.000000  0.000233 
398.000000  399.000000  0.000231 
399.000000  400.000000  0.000229 
400.000000  401.000000  0.000227 
401.000000  402.000000  0.000225 
402.000000  403.000000  0.000223 
403.000000  404.000000  0.000221 
404.000000  405.000000  0.000219 
405.000000  406.000000  0.000217 
406.000000  407.000000  0.000215 
407.000000  408.000000  0.000213 
408.000000  409.000000  0.000211 
409.000000  410.000000  0.000209 
410.000000  411.000000  0.000207 
411.000000  412.000000  0.000206 
412.000000  413.000000  0.000204 
413.000000  414.000000  0.000202 
414.000000  415.000000  0.000200 
415.000000  416.000000  0.000198 
416.000000  417.000000  0.000197 
417.000000  418.000000  0.000195 
418.000000  419.000000  0.000193 
419.000000  420.000000  0.000192 
420.000000  421.000000  0.000190 
421.000000  422.000000  0.000188 
422.000000  423.000000  0.000187 
423.000000  424.000000  0.000185 
424.000000  425.000000  0.000183 
425.000000  426.000000  0.000182 
426.000000  427.000000  0.000180 
427.000000  428.000000  0.000179 
428.000000  429.000000  0.000177 
429.000000  430.000000  0.000175 
430.000000  431.000000  0.000174 
431.000000  432.000000  0.000172 
432.000000  433.000000  0.000171 
433.000000  434.000000  0.000169 
434.000000  435.000000  0.000168 
435.000000  436.000000  0.000166 
436.000000  437.000000  0.000165 
437.000000  438.000000  0.000164 
438.000000  439.000000  0.000162 
439.000000  440.000000  0.000161 
440.000000  441.000000  0.000159 
441.000000  442.000000  0.000158 
442.000000  443.000000  0.000157 
443.000000  444.000000  0.000155 
444.000000  445.000000  0.000154 
445.000000  446.000000  0.000153 
446.000000  447.000000  0.000151 
447.000000  448.000000  0.000150 
448.000000  449.000000  0.000149 
449.000000  450.000000  0.000147 
450.000000  451.000000  0.000146 
451.000000  452.000000  0.000145 
452.000000  453.000000  0.000144 
453.000000  454.000000  0.000143 
454.000000  455.000000  0.000141 
455.000000  456.000000  0.000140 
456.000000  457.000000  0.000139 
457.000000  458.000000  0.000138 
458.000000  459.000000  0.000137 
459.000000  460.000000  0.000135 
460.000000  461.000000  0.000134 
461.000000  462.000000  0.000133 
462.000000  463.000000  0.000132 
463.000000  464.000000  0.000131 
464.000000  465.000000  0.000130 
465.000000  466.000000  0.000129 
466.000000  467.000000  0.000128 
467.000000  468.000000  0.000127 
468.000000  469.000000  0.000126 
469.000000  470.000000  0.000125 
470.000000  471.000000  0.000124 
471.000000  472.000000  0.000123 
472.000000  473.000000  0.000122 
473.000000  474.000000  0.000121 
474.000000  475.000000  0.000120 
475.000000  476.000000  0.000119 
476.000000  477.000000  0.000118 
477.000000  478.000000  0.000117 
478.000000  479.000000  0.000116 
479.000000  480.000000  0.000115 
480.000000  481.000000  0.000114 
481.000000  482.000000  0.000113 
482.000000  483.000000  0.000112 
483.000000  484.000000  0.000111 
484.000000  485.000000  0.000110 
485.000000  486.000000  0.000110 
486.000000  487.000000  0.000109 
487.000000  488.000000  0.000108 
488.000000  489.000000  0.000107 
489.000000  490.000000  0.000106 
490.000000  491.000000  0.000105 
491.000000  492.000000  0.000105 
492.000000  493.000000  0.000104 
493.000000  494.000000  0.000103 
494.000000  495.000000  0.000102 
495.000000  496.000000  0.000101 
496.000000  497.000000  0.000101 
497.000000  498.000000  0.000100 
498.000000  499.000000  0.000099 
499.000000  500.000000  0.000098 
500.000000  501.000000  0.000098 
501.000000  502.000000  0.000097 
502.000000  503.000000  0.000096 
503.000000  504.000000  0.000095 
504.000000  505.000000  0.000095 
505.000000  506.000000  0.000094 
506.000000  507.000000  0.000093 
507.000000  508.000000  0.000093 
508.000000  509.000000  0.000092 
509.000000  510.000000  0.000091 
510.000000  511.000000  0.000091 
511.000000  512.000000  0.000090 
512.000000  513.000000  0.000089 
513.000000  514.000000  0.000089 
514.000000  515.000000  0.000088 
515.000000  516.000000  0.000087 
516.000000  517.000000  0.000087 
517.000000  518.000000  0.000086 
518.000000  519.000000  0.000086 
519.000000  520.000000  0.000085 
520.000000  521.000000  0.000084 
521.000000  522.000000  0.000084 
522.000000  523.000000  0.000083 
523.000000  524.000000  0.000083 
524.000000  525.000000  0.000082 
525.000000  526.000000  0.000081 
526.000000  527.000000  0.000081 
527.000000  528.000000  0.000080 
528.000000  529.000000  0.000080 
529.000000  530.000000  0.000079 
530.000000  531.000000  0.000079 
531.000000  532.000000  0.000078 
532.000000  533.000000  0.000078 
533.000000  534.000000  0.000077 
534.000000  535.000000  0.000077 
535.000000  536.000000  0.000076 
536.000000  537.000000  0.000076 
537.000000  538.000000  0.000075 
538.000000  539.000000  0.000075 
539.000000  540.000000  0.000074 
540.000000  541.000000  0.000074 
541.000000  542.000000  0.000073 
542.000000  543.000000  0.000073 
543.000000  544.000000  0.000072 
544.000000  545.000000  0.000072 
545.000000  546.000000  0.000071 
546.000000  547.000000  0.000071 
547.000000  548.000000  0.000070 
548.000000  549.000000  0.000070 
549.000000  550.000000  0.000069 
550.000000  551.000000  0.000069 
551.000000  552.000000  0.000069 
552.000000  553.000000  0.000068 
553.000000  554.000000  0.000068 
554.000000  555.000000  0.000067 
555.000000  556.000000  0.000067 
556.000000  557.000000  0.000066 
557.000000  558.000000  0.000066 
558.000000  559.000000  0.000066 
559.000000  560.000000  0.000065 
560.000000  561.000000  0.000065 
561.000000  562.000000  0.000064 
562.000000  563.000000  0.000064 
563.000000  564.000000  0.000064 
564.000000  565.000000  0.000063 
565.000000  566.000000  0.000063 
566.000000  567.000000  0.000063 
567.000000  568.000000  0.000062 
568.000000  569.000000  0.000062 
569.000000  570.000000  0.000061 
570.000000  571.000000  0.000061 
571.000000  572.000000  0.000061 
572.000000  573.000000  0.000060 
573.000000  574.000000  0.000060 
574.000000  575.000000  0.000060 
575.000000  576.000000  0.000059 
576.000000  577.000000  0.000059 
577.000000  578.000000  0.000059 
578.000000  579.000000  0.000058 
579.000000  580.000000  0.000058 
580.000000  581.000000  0.000058 
581.000000  582.000000  0.000057 
582.000000  583.000000  0.000057 
583.000000  584.000000  0.000057 
584.000000  585.000000  0.000057 
585.000000  586.000000  0.000056 
586.000000  587.000000  0.000056 
587.000000  588.000000  0.000056 
588.000000  589.000000  0.000055 
589.000000  590.000000  0.000055 
590.000000  591.000000  0.000055 
591.000000  592.000000  0.000054 
592.000000  593.000000  0.000054 
593.000000  594.000000  0.000054 
594.000000  595.000000  0.000054 
595.000000  596.000000  0.000053 
596.000000  597.000000  0.000053 
597.000000  598.000000  0.000053 
598.000000  599.000000  0.000053 
599.000000  600.000000  0.000052 
600.000000  601.000000  0.000052 
601.000000  602.000000  0.000052 
602.000000  603.000000  0.000052 
603.000000  604.000000  0.000051 
604.000000  605.000000  0.000051 
605.000000  606.000000  0.000051 
606.000000  607.000000  0.000051 
607.000000  608.000000  0.000050 
608.000000  609.000000  0.000050 
609.000000  610.000000  0.000050 
610.000000  611.000000  0.000050 
611.000000  612.000000  0.000049 
612.000000  613.000000  0.000049 
613.000000  614.000000  0.000049 
614.000000  615.000000  0.000049 
615.000000  616.000000  0.000048 
616.000000  617.000000  0.000048 
617.000000  618.000000  0.000048 
618.000000  619.000000  0.000048 
619.000000  620.000000  0.000048 
620.000000  621.000000  0.000047 
621.000000  622.000000  0.000047 
622.000000  623.000000  0.000047 
623.000000  624.000000  0.000047 
624.000000  625.000000  0.000047 
625.000000  626.000000  0.000046 
626.000000  627.000000  0.000046 
627.000000  628.000000  0.000046 
628.000000  629.000000  0.000046 
629.000000  630.000000  0.000046 
630.000000  631.000000  0.000045 
631.000000  632.000000  0.000045 
632.000000  633.000000  0.000045 
633.000000  634.000000  0.000045 
634.000000  635.000000  0.000045 
635.000000  636.000000  0.000044 
636.000000  637.000000  0.000044 
637.000000  638.000000  0.000044 
638.000000  639.000000  0.000044 
639.000000  640.000000  0.000044 
640.000000  641.000000  0.000044 
641.000000  642.000000  0.000043 
642.000000  643.000000  0.000043 
643.000000  644.000000  0.000043 
644.000000  645.000000  0.000043 
645.000000  646.000000  0.000043 
646.000000  647.000000  0.000043 
647.000000  648.000000  0.000042 
648.000000  649.000000  0.000042 
649.000000  650.000000  0.000042 
650.000000  651.000000  0.000042 
651.000000  652.000000  0.000042 
652.000000  653.000000  0.000042 
653.000000  654.000000  0.000041 
654.000000  655.000000  0.000041 
655.000000  656.000000  0.000041 
656.000000  657.000000  0.000041 
657.000000  658.000000  0.000041 
658.000000  659.000000  0.000041 
659.000000  660.000000  0.000041 
660.000000  661.000000  0.000040 
661.000000  662.000000  0.000040 
662.000000  663.000000  0.000040 
663.000000  664.000000  0.000040 
664.000000  665.000000  0.000040 
665.000000  666.000000  0.000040 
666.000000  667.000000  0.000040 
667.000000  668.000000  0.000039 
668.000000  669.000000  0.000039 
669.000000  670.000000  0.000039 
670.000000  671.000000  0.000039 
671.000000  672.000000  0.000039 
672.000000  673.000000  0.000039 
673.000000  674.000000  0.000039 
674.000000  675.000000  0.000038 
675.000000  676.000000  0.000038 
676.000000  677.000000  0.000038 
677.000000  678.000000  0.000038 
678.000000  679.000000  0.000038 
679.000000  680.000000  0.000038 
680.000000  681.000000  0.000038 
681.000000  682.000000  0.000038 
682.000000  683.000000  0.000038 
683.000000  684.000000  0.000037 
684.000000  685.000000  0.000037 
685.000000  686.000000  0.000037 
686.000000  687.000000  0.000037 
687.000000  688.000000  0.000037 
688.000000  689.000000  0.000037 
689.000000  690.000000  0.000037 
690.000000  691.000000  0.000037 
691.000000  692.000000  0.000037 
692.000000  693.000000  0.000036 
693.000000  694.000000  0.000036 
694.000000  695.000000  0.000036 
695.000000  696.000000  0.000036 
696.000000  697.000000  0.000036 
697.000000  698.000000  0.000036 
698.000000  699.000000  0.000036 
699.000000  700.000000  0.000036 
700.000000  701.000000  0.000036 
701.000000  702.000000  0.000035 
702.000000  703.000000  0.000035 
703.000000  704.000000  0.000035 
704.000000  705.000000  0.000035 
705.000000  706.000000  0.000035 
706.000000  707.000000  0.000035 
707.000000  708.000000  0.000035 
708.000000  709.000000  0.000035 
709.000000  710.000000  0.000035 
710.000000  711.000000  0.000035 
711.000000  712.000000  0.000035 
712.000000  713.000000  0.000034 
713.000000  714.000000  0.000034 
714.000000  715.000000  0.000034 
715.000000  716.000000  0.000034 
716.000000  717.000000  0.000034 
717.000000  718.000000  0.000034 
718.000000  719.000000  0.000034 
719.000000  720.000000  0.000034 
720.000000  721.000000  0.000034 
721.000000  722.000000  0.000034 
722.000000  723.000000  0.000034 
723.000000  724.000000  0.000034 
724.000000  725.000000  0.000033 
725.000000  726.000000  0.000033 
726.000000  727.000000  0.000033 
727.000000  728.000000  0.000033 
728.000000  729.000000  0.000033 
729.000000  730.000000  0.000033 
730.000000  731.000000  0.000033 
731.000000  732.000000  0.000033 
732.000000  733.000000  0.000033 
733.000000  734.000000  0.000033 
734.000000  735.000000  0.000033 
735.000000  736.000000  0.000033 
736.000000  737.000000  0.000033 
737.000000  738.000000  0.000033 
738.000000  739.000000  0.000032 
739.000000  740.000000  0.000032 
740.000000  741.000000  0.000032 
741.000000  742.000000  0.000032 
742.000000  743.000000  0.000032 
743.000000  744.000000  0.000032 
744.000000  745.000000  0.000032 
745.000000  746.000000  0.000032 
746.000000  747.000000  0.000032 
747.000000  748.000000  0.000032 
748.000000  749.000000  0.000032 
749.000000  750.000000  0.000032 
750.000000  751.000000  0.000032 
751.000000  752.000000  0.000032 
752.000000  753.000000  0.000032 
753.000000  754.000000  0.000031 
754.000000  755.000000  0.000031 
755.000000  756.000000  0.000031 
756.000000  757.000000  0.000031 
757.000000  758.000000  0.000031 
758.000000  759.000000  0.000031 
759.000000  760.000000  0.000031 
760.000000  761.000000  0.000031 
761.000000  762.000000  0.000031 
762.000000  763.000000  0.000031 
763.000000  764.000000  0.000031 
764.000000  765.000000  0.000031 
765.000000  766.000000  0.000031 
766.000000  767.000000  0.000031 
767.000000  768.000000  0.000031 
768.000000  769.000000  0.000031 
769.000000  770.000000  0.000031 
770.000000  771.000000  0.000031 
771.000000  772.000000  0.000031 
772.000000  773.000000  0.000030 
773.000000  774.000000  0.000030 
774.000000  775.000000  0.000030 
775.000000  776.000000  0.000030 
776.000000  777.000000  0.000030 
777.000000  778.000000  0.000030 
778.000000  779.000000  0.000030 
779.000000  780.000000  0.000030 
780.000000  781.000000  0.000030 
781.000000  782.000000  0.000030 
782.000000  783.000000  0.000030 
783.000000  784.000000  0.000030 
784.000000  785.000000  0.000030 
785.000000  786.000000  0.000030 
786.000000  787.000000  0.000030 
787.000000  788.000000  0.000030 
788.000000  789.000000  0.000030 
789.000000  790.000000  0.000030 
790.000000  791.000000  0.000030 
791.000000  792.000000  0.000030 
792.000000  793.000000  0.000030 
793.000000  794.000000  0.000030 
794.000000  795.000000  0.000029 
795.000000  796.000000  0.000029 
796.000000  797.000000  0.000029 
797.000000  798.000000  0.000029 
798.000000  799.000000  0.000029 
799.000000  800.000000  0.000029 
