17.000000  18.000000  0.000000 
18.000000  19.000000  0.000000 
19.000000  20.000000  0.000000 
20.000000  21.000000  0.000000 
21.000000  22.000000  0.000000 
22.000000  23.000000  0.000000 
23.000000  24.000000  0.000000 
24.000000  25.000000  0.000000 
25.000000  26.000000  0.000000 
26.000000  27.000000  0.000000 
27.000000  28.000000  0.000000 
28.000000  29.000000  0.000000 
29.000000  30.000000  0.000000 
30.000000  31.000000  0.000001 
31.000000  32.000000  0.000001 
32.000000  33.000000  0.000002 
33.000000  34.000000  0.000003 
34.000000  35.000000  0.000004 
35.000000  36.000000  0.000005 
36.000000  37.000000  0.000007 
37.000000  38.000000  0.000009 
38.000000  39.000000  0.000012 
39.000000  40.000000  0.000016 
40.000000  41.000000  0.000021 
41.000000  42.000000  0.000026 
42.000000  43.000000  0.000033 
43.000000  44.000000  0.000040 
44.000000  45.000000  0.000049 
45.000000  46.000000  0.000059 
46.000000  47.000000  0.000070 
47.000000  48.000000  0.000083 
48.000000  49.000000  0.000097 
49.000000  50.000000  0.000112 
50.000000  51.000000  0.000129 
51.000000  52.000000  0.000148 
52.000000  53.000000  0.000167 
53.000000  54.000000  0.000188 
54.000000  55.000000  0.000210 
55.000000  56.000000  0.000234 
56.000000  57.000000  0.000259 
57.000000  58.000000  0.000285 
58.000000  59.000000  0.000312 
59.000000  60.000000  0.000340 
60.000000  61.000000  0.000369 
61.000000  62.000000  0.000399 
62.000000  63.000000  0.000429 
63.000000  64.000000  0.000460 
64.000000  65.000000  0.000492 
65.000000  66.000000  0.000524 
66.000000  67.000000  0.000557 
67.000000  68.000000  0.000590 
68.000000  69.000000  0.000623 
69.000000  70.000000  0.000656 
70.000000  71.000000  0.000690 
71.000000  72.000000  0.000723 
72.000000  73.000000  0.000757 
73.000000  74.000000  0.000790 
74.000000  75.000000  0.000823 
75.000000  76.000000  0.000856 
76.000000  77.000000  0.000888 
77.000000  78.000000  0.000921 
78.000000  79.000000  0.000953 
79.000000  80.000000  0.000984 
80.000000  81.000000  0.001015 
81.000000  82.000000  0.001046 
82.000000  83.000000  0.001076 
83.000000  84.000000  0.001106 
84.000000  85.000000  0.001135 
85.000000  86.000000  0.001166 
86.000000  87.000000  0.001194 
87.000000  88.000000  0.001222 
88.000000  89.000000  0.001249 
89.000000  90.000000  0.001275 
90.000000  91.000000  0.001301 
91.000000  92.000000  0.001326 
92.000000  93.000000  0.001351 
93.000000  94.000000  0.001375 
94.000000  95.000000  0.001398 
95.000000  96.000000  0.001422 
96.000000  97.000000  0.001444 
97.000000  98.000000  0.001466 
98.000000  99.000000  0.001488 
99.000000  100.000000  0.001509 
100.000000  101.000000  0.001529 
101.000000  102.000000  0.001549 
102.000000  103.000000  0.001569 
103.000000  104.000000  0.001588 
104.000000  105.000000  0.001607 
105.000000  106.000000  0.001625 
106.000000  107.000000  0.001643 
107.000000  108.000000  0.001661 
108.000000  109.000000  0.001678 
109.000000  110.000000  0.001695 
110.000000  111.000000  0.001711 
111.000000  112.000000  0.001727 
112.000000  113.000000  0.001743 
113.000000  114.000000  0.001758 
114.000000  115.000000  0.001774 
115.000000  116.000000  0.001788 
116.000000  117.000000  0.001803 
117.000000  118.000000  0.001817 
118.000000  119.000000  0.001831 
119.000000  120.000000  0.001845 
120.000000  121.000000  0.001859 
121.000000  122.000000  0.001872 
122.000000  123.000000  0.001885 
123.000000  124.000000  0.001898 
124.000000  125.000000  0.001911 
125.000000  126.000000  0.001924 
126.000000  127.000000  0.001936 
127.000000  128.000000  0.001949 
128.000000  129.000000  0.001961 
129.000000  130.000000  0.001973 
130.000000  131.000000  0.001984 
131.000000  132.000000  0.001996 
132.000000  133.000000  0.002008 
133.000000  134.000000  0.002019 
134.000000  135.000000  0.002030 
135.000000  136.000000  0.002042 
136.000000  137.000000  0.002053 
137.000000  138.000000  0.002064 
138.000000  139.000000  0.002075 
139.000000  140.000000  0.002086 
140.000000  141.000000  0.002096 
141.000000  142.000000  0.002107 
142.000000  143.000000  0.002117 
143.000000  144.000000  0.002128 
144.000000  145.000000  0.002138 
145.000000  146.000000  0.002148 
146.000000  147.000000  0.002159 
147.000000  148.000000  0.002169 
148.000000  149.000000  0.002179 
149.000000  150.000000  0.002189 
150.000000  151.000000  0.002199 
151.000000  152.000000  0.002209 
152.000000  153.000000  0.002218 
153.000000  154.000000  0.002228 
154.000000  155.000000  0.002238 
155.000000  156.000000  0.002247 
156.000000  157.000000  0.002257 
157.000000  158.000000  0.002266 
158.000000  159.000000  0.002275 
159.000000  160.000000  0.002285 
160.000000  161.000000  0.002294 
161.000000  162.000000  0.002303 
162.000000  163.000000  0.002312 
163.000000  164.000000  0.002321 
164.000000  165.000000  0.002330 
165.000000  166.000000  0.002339 
166.000000  167.000000  0.002348 
167.000000  168.000000  0.002356 
168.000000  169.000000  0.002365 
169.000000  170.000000  0.002374 
170.000000  171.000000  0.002382 
171.000000  172.000000  0.002391 
172.000000  173.000000  0.002399 
173.000000  174.000000  0.002407 
174.000000  175.000000  0.002415 
175.000000  176.000000  0.002423 
176.000000  177.000000  0.002431 
177.000000  178.000000  0.002439 
178.000000  179.000000  0.002447 
179.000000  180.000000  0.002455 
180.000000  181.000000  0.002463 
181.000000  182.000000  0.002470 
182.000000  183.000000  0.002478 
183.000000  184.000000  0.002485 
184.000000  185.000000  0.002493 
185.000000  186.000000  0.002500 
186.000000  187.000000  0.002507 
187.000000  188.000000  0.002514 
188.000000  189.000000  0.002521 
189.000000  190.000000  0.002528 
190.000000  191.000000  0.002535 
191.000000  192.000000  0.002542 
192.000000  193.000000  0.002549 
193.000000  194.000000  0.002556 
194.000000  195.000000  0.002562 
195.000000  196.000000  0.002569 
196.000000  197.000000  0.002575 
197.000000  198.000000  0.002581 
198.000000  199.000000  0.002588 
199.000000  200.000000  0.002594 
200.000000  201.000000  0.002600 
201.000000  202.000000  0.002606 
202.000000  203.000000  0.002612 
203.000000  204.000000  0.002617 
204.000000  205.000000  0.002623 
205.000000  206.000000  0.002629 
206.000000  207.000000  0.002634 
207.000000  208.000000  0.002640 
208.000000  209.000000  0.002645 
209.000000  210.000000  0.002651 
210.000000  211.000000  0.002656 
211.000000  212.000000  0.002661 
212.000000  213.000000  0.002666 
213.000000  214.000000  0.002671 
214.000000  215.000000  0.002676 
215.000000  216.000000  0.002681 
216.000000  217.000000  0.002686 
217.000000  218.000000  0.002691 
218.000000  219.000000  0.002695 
219.000000  220.000000  0.002700 
220.000000  221.000000  0.002704 
221.000000  222.000000  0.002709 
222.000000  223.000000  0.002713 
223.000000  224.000000  0.002717 
224.000000  225.000000  0.002722 
225.000000  226.000000  0.002726 
226.000000  227.000000  0.002730 
227.000000  228.000000  0.002734 
228.000000  229.000000  0.002738 
229.000000  230.000000  0.002742 
230.000000  231.000000  0.002746 
231.000000  232.000000  0.002749 
232.000000  233.000000  0.002753 
233.000000  234.000000  0.002757 
234.000000  235.000000  0.002760 
235.000000  236.000000  0.002764 
236.000000  237.000000  0.002767 
237.000000  238.000000  0.002771 
238.000000  239.000000  0.002774 
239.000000  240.000000  0.002777 
240.000000  241.000000  0.002780 
241.000000  242.000000  0.002783 
242.000000  243.000000  0.002787 
243.000000  244.000000  0.002790 
244.000000  245.000000  0.002793 
245.000000  246.000000  0.002795 
246.000000  247.000000  0.002798 
247.000000  248.000000  0.002801 
248.000000  249.000000  0.002804 
249.000000  250.000000  0.002807 
250.000000  251.000000  0.002809 
251.000000  252.000000  0.002812 
252.000000  253.000000  0.002815 
253.000000  254.000000  0.002817 
254.000000  255.000000  0.002820 
255.000000  256.000000  0.002822 
256.000000  257.000000  0.002824 
257.000000  258.000000  0.002827 
258.000000  259.000000  0.002829 
259.000000  260.000000  0.002831 
260.000000  261.000000  0.002833 
261.000000  262.000000  0.002836 
262.000000  263.000000  0.002838 
263.000000  264.000000  0.002840 
264.000000  265.000000  0.002842 
265.000000  266.000000  0.002844 
266.000000  267.000000  0.002846 
267.000000  268.000000  0.002848 
268.000000  269.000000  0.002850 
269.000000  270.000000  0.002852 
270.000000  271.000000  0.002853 
271.000000  272.000000  0.002855 
272.000000  273.000000  0.002857 
273.000000  274.000000  0.002859 
274.000000  275.000000  0.002860 
275.000000  276.000000  0.002862 
276.000000  277.000000  0.002864 
277.000000  278.000000  0.002865 
278.000000  279.000000  0.002867 
279.000000  280.000000  0.002868 
280.000000  281.000000  0.002870 
281.000000  282.000000  0.002871 
282.000000  283.000000  0.002873 
283.000000  284.000000  0.002874 
284.000000  285.000000  0.002876 
285.000000  286.000000  0.002877 
286.000000  287.000000  0.002878 
287.000000  288.000000  0.002880 
288.000000  289.000000  0.002881 
289.000000  290.000000  0.002882 
290.000000  291.000000  0.002883 
291.000000  292.000000  0.002885 
292.000000  293.000000  0.002886 
293.000000  294.000000  0.002887 
294.000000  295.000000  0.002888 
295.000000  296.000000  0.002889 
296.000000  297.000000  0.002890 
297.000000  298.000000  0.002891 
298.000000  299.000000  0.002893 
299.000000  300.000000  0.002894 
300.000000  301.000000  0.002895 
301.000000  302.000000  0.002896 
302.000000  303.000000  0.002897 
303.000000  304.000000  0.002898 
304.000000  305.000000  0.002899 
305.000000  306.000000  0.002899 
306.000000  307.000000  0.002900 
307.000000  308.000000  0.002901 
308.000000  309.000000  0.002902 
309.000000  310.000000  0.002903 
310.000000  311.000000  0.002904 
311.000000  312.000000  0.002905 
312.000000  313.000000  0.002906 
313.000000  314.000000  0.002906 
314.000000  315.000000  0.002907 
315.000000  316.000000  0.002908 
316.000000  317.000000  0.002909 
317.000000  318.000000  0.002909 
318.000000  319.000000  0.002910 
319.000000  320.000000  0.002911 
320.000000  321.000000  0.002911 
321.000000  322.000000  0.002912 
322.000000  323.000000  0.002913 
323.000000  324.000000  0.002914 
324.000000  325.000000  0.002914 
325.000000  326.000000  0.002915 
326.000000  327.000000  0.002915 
327.000000  328.000000  0.002916 
328.000000  329.000000  0.002917 
329.000000  330.000000  0.002917 
330.000000  331.000000  0.002918 
331.000000  332.000000  0.002918 
332.000000  333.000000  0.002919 
333.000000  334.000000  0.002920 
334.000000  335.000000  0.002920 
335.000000  336.000000  0.002921 
336.000000  337.000000  0.002921 
337.000000  338.000000  0.002922 
338.000000  339.000000  0.002922 
339.000000  340.000000  0.002923 
340.000000  341.000000  0.002923 
341.000000  342.000000  0.002924 
342.000000  343.000000  0.002924 
343.000000  344.000000  0.002925 
344.000000  345.000000  0.002925 
345.000000  346.000000  0.002925 
346.000000  347.000000  0.002926 
347.000000  348.000000  0.002926 
348.000000  349.000000  0.002927 
349.000000  350.000000  0.002927 
350.000000  351.000000  0.002928 
351.000000  352.000000  0.002928 
352.000000  353.000000  0.002928 
353.000000  354.000000  0.002929 
354.000000  355.000000  0.002929 
355.000000  356.000000  0.002930 
356.000000  357.000000  0.002930 
357.000000  358.000000  0.002930 
358.000000  359.000000  0.002931 
359.000000  360.000000  0.002931 
360.000000  361.000000  0.002931 
361.000000  362.000000  0.002932 
362.000000  363.000000  0.002932 
363.000000  364.000000  0.002932 
364.000000  365.000000  0.002933 
365.000000  366.000000  0.002933 
366.000000  367.000000  0.002933 
367.000000  368.000000  0.002934 
368.000000  369.000000  0.002934 
369.000000  370.000000  0.002934 
370.000000  371.000000  0.002935 
371.000000  372.000000  0.002935 
372.000000  373.000000  0.002935 
373.000000  374.000000  0.002935 
374.000000  375.000000  0.002936 
375.000000  376.000000  0.002936 
376.000000  377.000000  0.002936 
377.000000  378.000000  0.002936 
378.000000  379.000000  0.002937 
379.000000  380.000000  0.002937 
380.000000  381.000000  0.002937 
381.000000  382.000000  0.002938 
382.000000  383.000000  0.002938 
383.000000  384.000000  0.002938 
384.000000  385.000000  0.002938 
385.000000  386.000000  0.002938 
386.000000  387.000000  0.002939 
387.000000  388.000000  0.002939 
388.000000  389.000000  0.002939 
389.000000  390.000000  0.002939 
390.000000  391.000000  0.002940 
391.000000  392.000000  0.002940 
392.000000  393.000000  0.002940 
393.000000  394.000000  0.002940 
394.000000  395.000000  0.002940 
395.000000  396.000000  0.002941 
396.000000  397.000000  0.002941 
397.000000  398.000000  0.002941 
398.000000  399.000000  0.002941 
399.000000  400.000000  0.002941 
400.000000  401.000000  0.002942 
401.000000  402.000000  0.002942 
402.000000  403.000000  0.002942 
403.000000  404.000000  0.002942 
404.000000  405.000000  0.002942 
405.000000  406.000000  0.002943 
406.000000  407.000000  0.002943 
407.000000  408.000000  0.002943 
408.000000  409.000000  0.002943 
409.000000  410.000000  0.002943 
410.000000  411.000000  0.002943 
411.000000  412.000000  0.002944 
412.000000  413.000000  0.002944 
413.000000  414.000000  0.002944 
414.000000  415.000000  0.002944 
415.000000  416.000000  0.002944 
416.000000  417.000000  0.002944 
417.000000  418.000000  0.002944 
418.000000  419.000000  0.002945 
419.000000  420.000000  0.002945 
420.000000  421.000000  0.002945 
421.000000  422.000000  0.002945 
422.000000  423.000000  0.002945 
423.000000  424.000000  0.002945 
424.000000  425.000000  0.002945 
425.000000  426.000000  0.002946 
426.000000  427.000000  0.002946 
427.000000  428.000000  0.002946 
428.000000  429.000000  0.002946 
429.000000  430.000000  0.002946 
430.000000  431.000000  0.002946 
431.000000  432.000000  0.002946 
432.000000  433.000000  0.002947 
433.000000  434.000000  0.002947 
434.000000  435.000000  0.002947 
435.000000  436.000000  0.002947 
436.000000  437.000000  0.002947 
437.000000  438.000000  0.002947 
438.000000  439.000000  0.002947 
439.000000  440.000000  0.002947 
440.000000  441.000000  0.002947 
441.000000  442.000000  0.002948 
442.000000  443.000000  0.002948 
443.000000  444.000000  0.002948 
444.000000  445.000000  0.002948 
445.000000  446.000000  0.002948 
446.000000  447.000000  0.002948 
447.000000  448.000000  0.002948 
448.000000  449.000000  0.002948 
449.000000  450.000000  0.002948 
450.000000  451.000000  0.002949 
451.000000  452.000000  0.002949 
452.000000  453.000000  0.002949 
453.000000  454.000000  0.002949 
454.000000  455.000000  0.002949 
455.000000  456.000000  0.002949 
456.000000  457.000000  0.002949 
457.000000  458.000000  0.002949 
458.000000  459.000000  0.002949 
459.000000  460.000000  0.002949 
460.000000  461.000000  0.002950 
461.000000  462.000000  0.002950 
462.000000  463.000000  0.002950 
463.000000  464.000000  0.002950 
464.000000  465.000000  0.002950 
465.000000  466.000000  0.002950 
466.000000  467.000000  0.002950 
467.000000  468.000000  0.002950 
468.000000  469.000000  0.002950 
469.000000  470.000000  0.002950 
470.000000  471.000000  0.002950 
471.000000  472.000000  0.002950 
472.000000  473.000000  0.002951 
473.000000  474.000000  0.002951 
474.000000  475.000000  0.002951 
475.000000  476.000000  0.002951 
476.000000  477.000000  0.002951 
477.000000  478.000000  0.002951 
478.000000  479.000000  0.002951 
479.000000  480.000000  0.002951 
480.000000  481.000000  0.002951 
481.000000  482.000000  0.002951 
482.000000  483.000000  0.002951 
483.000000  484.000000  0.002951 
484.000000  485.000000  0.002951 
485.000000  486.000000  0.002951 
486.000000  487.000000  0.002952 
487.000000  488.000000  0.002952 
488.000000  489.000000  0.002952 
489.000000  490.000000  0.002952 
490.000000  491.000000  0.002952 
491.000000  492.000000  0.002952 
492.000000  493.000000  0.002952 
493.000000  494.000000  0.002952 
494.000000  495.000000  0.002952 
495.000000  496.000000  0.002952 
496.000000  497.000000  0.002952 
497.000000  498.000000  0.002952 
498.000000  499.000000  0.002952 
499.000000  500.000000  0.002952 
500.000000  501.000000  0.002952 
501.000000  502.000000  0.002952 
502.000000  503.000000  0.002953 
503.000000  504.000000  0.002953 
504.000000  505.000000  0.002953 
505.000000  506.000000  0.002953 
506.000000  507.000000  0.002953 
507.000000  508.000000  0.002953 
508.000000  509.000000  0.002953 
509.000000  510.000000  0.002953 
510.000000  511.000000  0.002953 
511.000000  512.000000  0.002953 
512.000000  513.000000  0.002953 
513.000000  514.000000  0.002953 
514.000000  515.000000  0.002953 
515.000000  516.000000  0.002953 
516.000000  517.000000  0.002953 
517.000000  518.000000  0.002953 
518.000000  519.000000  0.002953 
519.000000  520.000000  0.002953 
520.000000  521.000000  0.002953 
521.000000  522.000000  0.002953 
522.000000  523.000000  0.002954 
523.000000  524.000000  0.002954 
524.000000  525.000000  0.002954 
525.000000  526.000000  0.002954 
526.000000  527.000000  0.002954 
527.000000  528.000000  0.002954 
528.000000  529.000000  0.002954 
529.000000  530.000000  0.002954 
530.000000  531.000000  0.002954 
531.000000  532.000000  0.002954 
532.000000  533.000000  0.002954 
533.000000  534.000000  0.002954 
534.000000  535.000000  0.002954 
535.000000  536.000000  0.002954 
536.000000  537.000000  0.002954 
537.000000  538.000000  0.002954 
538.000000  539.000000  0.002954 
539.000000  540.000000  0.002954 
540.000000  541.000000  0.002954 
541.000000  542.000000  0.002954 
542.000000  543.000000  0.002954 
543.000000  544.000000  0.002954 
544.000000  545.000000  0.002954 
545.000000  546.000000  0.002954 
546.000000  547.000000  0.002954 
547.000000  548.000000  0.002955 
548.000000  549.000000  0.002955 
549.000000  550.000000  0.002955 
550.000000  551.000000  0.002955 
551.000000  552.000000  0.002955 
552.000000  553.000000  0.002955 
553.000000  554.000000  0.002955 
554.000000  555.000000  0.002955 
555.000000  556.000000  0.002955 
556.000000  557.000000  0.002955 
557.000000  558.000000  0.002955 
558.000000  559.000000  0.002955 
559.000000  560.000000  0.002955 
560.000000  561.000000  0.002955 
561.000000  562.000000  0.002955 
562.000000  563.000000  0.002955 
563.000000  564.000000  0.002955 
564.000000  565.000000  0.002955 
565.000000  566.000000  0.002955 
566.000000  567.000000  0.002955 
567.000000  568.000000  0.002955 
568.000000  569.000000  0.002955 
569.000000  570.000000  0.002955 
570.000000  571.000000  0.002955 
571.000000  572.000000  0.002955 
572.000000  573.000000  0.002955 
573.000000  574.000000  0.002955 
574.000000  575.000000  0.002955 
575.000000  576.000000  0.002955 
576.000000  577.000000  0.002955 
577.000000  578.000000  0.002955 
578.000000  579.000000  0.002955 
579.000000  580.000000  0.002955 
580.000000  581.000000  0.002955 
581.000000  582.000000  0.002956 
582.000000  583.000000  0.002956 
583.000000  584.000000  0.002956 
584.000000  585.000000  0.002956 
585.000000  586.000000  0.002956 
586.000000  587.000000  0.002956 
587.000000  588.000000  0.002956 
588.000000  589.000000  0.002956 
589.000000  590.000000  0.002956 
590.000000  591.000000  0.002956 
591.000000  592.000000  0.002956 
592.000000  593.000000  0.002956 
593.000000  594.000000  0.002956 
594.000000  595.000000  0.002956 
595.000000  596.000000  0.002956 
596.000000  597.000000  0.002956 
597.000000  598.000000  0.002956 
598.000000  599.000000  0.002956 
599.000000  600.000000  0.002956 
600.000000  601.000000  0.002956 
601.000000  602.000000  0.002956 
602.000000  603.000000  0.002956 
603.000000  604.000000  0.002956 
604.000000  605.000000  0.002956 
605.000000  606.000000  0.002956 
606.000000  607.000000  0.002956 
607.000000  608.000000  0.002956 
608.000000  609.000000  0.002956 
609.000000  610.000000  0.002956 
610.000000  611.000000  0.002956 
611.000000  612.000000  0.002956 
612.000000  613.000000  0.002956 
613.000000  614.000000  0.002956 
614.000000  615.000000  0.002956 
615.000000  616.000000  0.002956 
616.000000  617.000000  0.002956 
617.000000  618.000000  0.002956 
618.000000  619.000000  0.002956 
619.000000  620.000000  0.002956 
620.000000  621.000000  0.002956 
621.000000  622.000000  0.002956 
622.000000  623.000000  0.002956 
623.000000  624.000000  0.002956 
624.000000  625.000000  0.002956 
625.000000  626.000000  0.002956 
626.000000  627.000000  0.002956 
627.000000  628.000000  0.002956 
628.000000  629.000000  0.002956 
629.000000  630.000000  0.002956 
630.000000  631.000000  0.002956 
631.000000  632.000000  0.002956 
632.000000  633.000000  0.002956 
633.000000  634.000000  0.002956 
634.000000  635.000000  0.002956 
635.000000  636.000000  0.002956 
636.000000  637.000000  0.002956 
637.000000  638.000000  0.002957 
638.000000  639.000000  0.002957 
639.000000  640.000000  0.002957 
640.000000  641.000000  0.002957 
641.000000  642.000000  0.002957 
642.000000  643.000000  0.002957 
643.000000  644.000000  0.002957 
644.000000  645.000000  0.002957 
645.000000  646.000000  0.002957 
646.000000  647.000000  0.002957 
647.000000  648.000000  0.002957 
648.000000  649.000000  0.002957 
649.000000  650.000000  0.002957 
650.000000  651.000000  0.002957 
651.000000  652.000000  0.002957 
652.000000  653.000000  0.002957 
653.000000  654.000000  0.002957 
654.000000  655.000000  0.002957 
655.000000  656.000000  0.002957 
656.000000  657.000000  0.002957 
657.000000  658.000000  0.002957 
658.000000  659.000000  0.002957 
659.000000  660.000000  0.002957 
660.000000  661.000000  0.002957 
661.000000  662.000000  0.002957 
662.000000  663.000000  0.002957 
663.000000  664.000000  0.002957 
664.000000  665.000000  0.002957 
665.000000  666.000000  0.002957 
666.000000  667.000000  0.002957 
667.000000  668.000000  0.002957 
668.000000  669.000000  0.002957 
669.000000  670.000000  0.002957 
670.000000  671.000000  0.002957 
671.000000  672.000000  0.002957 
672.000000  673.000000  0.002957 
673.000000  674.000000  0.002957 
674.000000  675.000000  0.002957 
675.000000  676.000000  0.002957 
676.000000  677.000000  0.002957 
677.000000  678.000000  0.002957 
678.000000  679.000000  0.002957 
679.000000  680.000000  0.002957 
680.000000  681.000000  0.002957 
681.000000  682.000000  0.002957 
682.000000  683.000000  0.002957 
683.000000  684.000000  0.002957 
684.000000  685.000000  0.002957 
685.000000  686.000000  0.002957 
686.000000  687.000000  0.002957 
687.000000  688.000000  0.002957 
688.000000  689.000000  0.002957 
689.000000  690.000000  0.002957 
690.000000  691.000000  0.002957 
691.000000  692.000000  0.002957 
692.000000  693.000000  0.002957 
693.000000  694.000000  0.002957 
694.000000  695.000000  0.002957 
695.000000  696.000000  0.002957 
696.000000  697.000000  0.002957 
697.000000  698.000000  0.002957 
698.000000  699.000000  0.002957 
699.000000  700.000000  0.002957 
700.000000  701.000000  0.002957 
701.000000  702.000000  0.002957 
702.000000  703.000000  0.002957 
703.000000  704.000000  0.002957 
704.000000  705.000000  0.002957 
705.000000  706.000000  0.002957 
706.000000  707.000000  0.002957 
707.000000  708.000000  0.002957 
708.000000  709.000000  0.002957 
709.000000  710.000000  0.002957 
710.000000  711.000000  0.002957 
711.000000  712.000000  0.002957 
712.000000  713.000000  0.002957 
713.000000  714.000000  0.002957 
714.000000  715.000000  0.002957 
715.000000  716.000000  0.002957 
716.000000  717.000000  0.002957 
717.000000  718.000000  0.002957 
718.000000  719.000000  0.002957 
719.000000  720.000000  0.002957 
720.000000  721.000000  0.002957 
721.000000  722.000000  0.002957 
722.000000  723.000000  0.002957 
723.000000  724.000000  0.002957 
724.000000  725.000000  0.002957 
725.000000  726.000000  0.002957 
726.000000  727.000000  0.002957 
727.000000  728.000000  0.002957 
728.000000  729.000000  0.002957 
729.000000  730.000000  0.002957 
730.000000  731.000000  0.002957 
731.000000  732.000000  0.002957 
732.000000  733.000000  0.002957 
733.000000  734.000000  0.002957 
734.000000  735.000000  0.002957 
735.000000  736.000000  0.002957 
736.000000  737.000000  0.002957 
737.000000  738.000000  0.002957 
738.000000  739.000000  0.002957 
739.000000  740.000000  0.002957 
740.000000  741.000000  0.002957 
741.000000  742.000000  0.002957 
742.000000  743.000000  0.002957 
743.000000  744.000000  0.002957 
744.000000  745.000000  0.002957 
745.000000  746.000000  0.002957 
746.000000  747.000000  0.002957 
747.000000  748.000000  0.002957 
748.000000  749.000000  0.002957 
749.000000  750.000000  0.002957 
750.000000  751.000000  0.002957 
751.000000  752.000000  0.002957 
752.000000  753.000000  0.002957 
753.000000  754.000000  0.002957 
754.000000  755.000000  0.002957 
755.000000  756.000000  0.002957 
756.000000  757.000000  0.002957 
757.000000  758.000000  0.002957 
758.000000  759.000000  0.002957 
759.000000  760.000000  0.002957 
760.000000  761.000000  0.002957 
761.000000  762.000000  0.002957 
762.000000  763.000000  0.002957 
763.000000  764.000000  0.002957 
764.000000  765.000000  0.002957 
765.000000  766.000000  0.002957 
766.000000  767.000000  0.002957 
767.000000  768.000000  0.002957 
768.000000  769.000000  0.002957 
769.000000  770.000000  0.002957 
770.000000  771.000000  0.002957 
771.000000  772.000000  0.002957 
772.000000  773.000000  0.002957 
773.000000  774.000000  0.002957 
774.000000  775.000000  0.002957 
775.000000  776.000000  0.002957 
776.000000  777.000000  0.002957 
777.000000  778.000000  0.002957 
778.000000  779.000000  0.002957 
779.000000  780.000000  0.002957 
780.000000  781.000000  0.002957 
781.000000  782.000000  0.002957 
782.000000  783.000000  0.002957 
783.000000  784.000000  0.002957 
784.000000  785.000000  0.002957 
785.000000  786.000000  0.002957 
786.000000  787.000000  0.002957 
787.000000  788.000000  0.002957 
788.000000  789.000000  0.002957 
789.000000  790.000000  0.002957 
790.000000  791.000000  0.002957 
791.000000  792.000000  0.002957 
792.000000  793.000000  0.002957 
793.000000  794.000000  0.002957 
794.000000  795.000000  0.002957 
795.000000  796.000000  0.002957 
796.000000  797.000000  0.002957 
797.000000  798.000000  0.002957 
798.000000  799.000000  0.002957 
799.000000  800.000000  0.002957 
