17.000000  18.000000  0.003272 
18.000000  19.000000  0.003290 
19.000000  20.000000  0.003322 
20.000000  21.000000  0.003363 
21.000000  22.000000  0.003410 
22.000000  23.000000  0.003463 
23.000000  24.000000  0.003528 
24.000000  25.000000  0.003587 
25.000000  26.000000  0.003637 
26.000000  27.000000  0.003679 
27.000000  28.000000  0.003711 
28.000000  29.000000  0.003723 
29.000000  30.000000  0.003726 
30.000000  31.000000  0.003726 
31.000000  32.000000  0.003722 
32.000000  33.000000  0.003717 
33.000000  34.000000  0.003713 
34.000000  35.000000  0.003708 
35.000000  36.000000  0.003704 
36.000000  37.000000  0.003699 
37.000000  38.000000  0.003694 
38.000000  39.000000  0.003689 
39.000000  40.000000  0.003684 
40.000000  41.000000  0.003678 
41.000000  42.000000  0.003672 
42.000000  43.000000  0.003666 
43.000000  44.000000  0.003660 
44.000000  45.000000  0.003654 
45.000000  46.000000  0.003647 
46.000000  47.000000  0.003640 
47.000000  48.000000  0.003631 
48.000000  49.000000  0.003622 
49.000000  50.000000  0.003612 
50.000000  51.000000  0.003601 
51.000000  52.000000  0.003588 
52.000000  53.000000  0.003574 
53.000000  54.000000  0.003560 
54.000000  55.000000  0.003544 
55.000000  56.000000  0.003526 
56.000000  57.000000  0.003507 
57.000000  58.000000  0.003487 
58.000000  59.000000  0.003465 
59.000000  60.000000  0.003441 
60.000000  61.000000  0.003416 
61.000000  62.000000  0.003390 
62.000000  63.000000  0.003362 
63.000000  64.000000  0.003333 
64.000000  65.000000  0.003303 
65.000000  66.000000  0.003272 
66.000000  67.000000  0.003240 
67.000000  68.000000  0.003207 
68.000000  69.000000  0.003173 
69.000000  70.000000  0.003139 
70.000000  71.000000  0.003104 
71.000000  72.000000  0.003068 
72.000000  73.000000  0.003031 
73.000000  74.000000  0.002995 
74.000000  75.000000  0.002958 
75.000000  76.000000  0.002920 
76.000000  77.000000  0.002883 
77.000000  78.000000  0.002846 
78.000000  79.000000  0.002808 
79.000000  80.000000  0.002771 
80.000000  81.000000  0.002734 
81.000000  82.000000  0.002697 
82.000000  83.000000  0.002660 
83.000000  84.000000  0.002623 
84.000000  85.000000  0.002587 
85.000000  86.000000  0.002547 
86.000000  87.000000  0.002511 
87.000000  88.000000  0.002476 
88.000000  89.000000  0.002441 
89.000000  90.000000  0.002407 
90.000000  91.000000  0.002373 
91.000000  92.000000  0.002339 
92.000000  93.000000  0.002306 
93.000000  94.000000  0.002274 
94.000000  95.000000  0.002241 
95.000000  96.000000  0.002210 
96.000000  97.000000  0.002179 
97.000000  98.000000  0.002148 
98.000000  99.000000  0.002118 
99.000000  100.000000  0.002088 
100.000000  101.000000  0.002059 
101.000000  102.000000  0.002031 
102.000000  103.000000  0.002003 
103.000000  104.000000  0.001975 
104.000000  105.000000  0.001948 
105.000000  106.000000  0.001921 
106.000000  107.000000  0.001895 
107.000000  108.000000  0.001869 
108.000000  109.000000  0.001844 
109.000000  110.000000  0.001819 
110.000000  111.000000  0.001794 
111.000000  112.000000  0.001770 
112.000000  113.000000  0.001747 
113.000000  114.000000  0.001724 
114.000000  115.000000  0.001701 
115.000000  116.000000  0.001678 
116.000000  117.000000  0.001656 
117.000000  118.000000  0.001635 
118.000000  119.000000  0.001613 
119.000000  120.000000  0.001592 
120.000000  121.000000  0.001572 
121.000000  122.000000  0.001551 
122.000000  123.000000  0.001531 
123.000000  124.000000  0.001512 
124.000000  125.000000  0.001492 
125.000000  126.000000  0.001473 
126.000000  127.000000  0.001454 
127.000000  128.000000  0.001436 
128.000000  129.000000  0.001417 
129.000000  130.000000  0.001399 
130.000000  131.000000  0.001382 
131.000000  132.000000  0.001364 
132.000000  133.000000  0.001347 
133.000000  134.000000  0.001330 
134.000000  135.000000  0.001313 
135.000000  136.000000  0.001296 
136.000000  137.000000  0.001280 
137.000000  138.000000  0.001263 
138.000000  139.000000  0.001247 
139.000000  140.000000  0.001232 
140.000000  141.000000  0.001216 
141.000000  142.000000  0.001201 
142.000000  143.000000  0.001185 
143.000000  144.000000  0.001170 
144.000000  145.000000  0.001155 
145.000000  146.000000  0.001141 
146.000000  147.000000  0.001126 
147.000000  148.000000  0.001112 
148.000000  149.000000  0.001097 
149.000000  150.000000  0.001083 
150.000000  151.000000  0.001069 
151.000000  152.000000  0.001056 
152.000000  153.000000  0.001042 
153.000000  154.000000  0.001029 
154.000000  155.000000  0.001015 
155.000000  156.000000  0.001002 
156.000000  157.000000  0.000989 
157.000000  158.000000  0.000976 
158.000000  159.000000  0.000963 
159.000000  160.000000  0.000951 
160.000000  161.000000  0.000938 
161.000000  162.000000  0.000926 
162.000000  163.000000  0.000914 
163.000000  164.000000  0.000902 
164.000000  165.000000  0.000890 
165.000000  166.000000  0.000878 
166.000000  167.000000  0.000867 
167.000000  168.000000  0.000855 
168.000000  169.000000  0.000844 
169.000000  170.000000  0.000832 
170.000000  171.000000  0.000821 
171.000000  172.000000  0.000810 
172.000000  173.000000  0.000799 
173.000000  174.000000  0.000789 
174.000000  175.000000  0.000778 
175.000000  176.000000  0.000768 
176.000000  177.000000  0.000757 
177.000000  178.000000  0.000747 
178.000000  179.000000  0.000737 
179.000000  180.000000  0.000727 
180.000000  181.000000  0.000717 
181.000000  182.000000  0.000707 
182.000000  183.000000  0.000698 
183.000000  184.000000  0.000688 
184.000000  185.000000  0.000679 
185.000000  186.000000  0.000670 
186.000000  187.000000  0.000660 
187.000000  188.000000  0.000651 
188.000000  189.000000  0.000642 
189.000000  190.000000  0.000634 
190.000000  191.000000  0.000625 
191.000000  192.000000  0.000616 
192.000000  193.000000  0.000608 
193.000000  194.000000  0.000599 
194.000000  195.000000  0.000591 
195.000000  196.000000  0.000583 
196.000000  197.000000  0.000575 
197.000000  198.000000  0.000567 
198.000000  199.000000  0.000559 
199.000000  200.000000  0.000552 
200.000000  201.000000  0.000544 
201.000000  202.000000  0.000536 
202.000000  203.000000  0.000529 
203.000000  204.000000  0.000522 
204.000000  205.000000  0.000515 
205.000000  206.000000  0.000507 
206.000000  207.000000  0.000500 
207.000000  208.000000  0.000493 
208.000000  209.000000  0.000487 
209.000000  210.000000  0.000480 
210.000000  211.000000  0.000473 
211.000000  212.000000  0.000467 
212.000000  213.000000  0.000460 
213.000000  214.000000  0.000454 
214.000000  215.000000  0.000448 
215.000000  216.000000  0.000442 
216.000000  217.000000  0.000435 
217.000000  218.000000  0.000429 
218.000000  219.000000  0.000424 
219.000000  220.000000  0.000418 
220.000000  221.000000  0.000412 
221.000000  222.000000  0.000406 
222.000000  223.000000  0.000401 
223.000000  224.000000  0.000395 
224.000000  225.000000  0.000390 
225.000000  226.000000  0.000385 
226.000000  227.000000  0.000379 
227.000000  228.000000  0.000374 
228.000000  229.000000  0.000369 
229.000000  230.000000  0.000364 
230.000000  231.000000  0.000359 
231.000000  232.000000  0.000354 
232.000000  233.000000  0.000349 
233.000000  234.000000  0.000345 
234.000000  235.000000  0.000340 
235.000000  236.000000  0.000335 
236.000000  237.000000  0.000331 
237.000000  238.000000  0.000326 
238.000000  239.000000  0.000322 
239.000000  240.000000  0.000318 
240.000000  241.000000  0.000313 
241.000000  242.000000  0.000309 
242.000000  243.000000  0.000305 
243.000000  244.000000  0.000301 
244.000000  245.000000  0.000297 
245.000000  246.000000  0.000293 
246.000000  247.000000  0.000289 
247.000000  248.000000  0.000285 
248.000000  249.000000  0.000282 
249.000000  250.000000  0.000278 
250.000000  251.000000  0.000274 
251.000000  252.000000  0.000271 
252.000000  253.000000  0.000267 
253.000000  254.000000  0.000263 
254.000000  255.000000  0.000260 
255.000000  256.000000  0.000257 
256.000000  257.000000  0.000253 
257.000000  258.000000  0.000250 
258.000000  259.000000  0.000247 
259.000000  260.000000  0.000244 
260.000000  261.000000  0.000240 
261.000000  262.000000  0.000237 
262.000000  263.000000  0.000234 
263.000000  264.000000  0.000231 
264.000000  265.000000  0.000228 
265.000000  266.000000  0.000225 
266.000000  267.000000  0.000222 
267.000000  268.000000  0.000220 
268.000000  269.000000  0.000217 
269.000000  270.000000  0.000214 
270.000000  271.000000  0.000211 
271.000000  272.000000  0.000209 
272.000000  273.000000  0.000206 
273.000000  274.000000  0.000203 
274.000000  275.000000  0.000201 
275.000000  276.000000  0.000198 
276.000000  277.000000  0.000196 
277.000000  278.000000  0.000194 
278.000000  279.000000  0.000191 
279.000000  280.000000  0.000189 
280.000000  281.000000  0.000186 
281.000000  282.000000  0.000184 
282.000000  283.000000  0.000182 
283.000000  284.000000  0.000180 
284.000000  285.000000  0.000177 
285.000000  286.000000  0.000175 
286.000000  287.000000  0.000173 
287.000000  288.000000  0.000171 
288.000000  289.000000  0.000169 
289.000000  290.000000  0.000167 
290.000000  291.000000  0.000165 
291.000000  292.000000  0.000163 
292.000000  293.000000  0.000161 
293.000000  294.000000  0.000159 
294.000000  295.000000  0.000157 
295.000000  296.000000  0.000155 
296.000000  297.000000  0.000153 
297.000000  298.000000  0.000152 
298.000000  299.000000  0.000150 
299.000000  300.000000  0.000148 
300.000000  301.000000  0.000146 
301.000000  302.000000  0.000145 
302.000000  303.000000  0.000143 
303.000000  304.000000  0.000141 
304.000000  305.000000  0.000140 
305.000000  306.000000  0.000138 
306.000000  307.000000  0.000136 
307.000000  308.000000  0.000135 
308.000000  309.000000  0.000133 
309.000000  310.000000  0.000132 
310.000000  311.000000  0.000130 
311.000000  312.000000  0.000129 
312.000000  313.000000  0.000127 
313.000000  314.000000  0.000126 
314.000000  315.000000  0.000125 
315.000000  316.000000  0.000123 
316.000000  317.000000  0.000122 
317.000000  318.000000  0.000120 
318.000000  319.000000  0.000119 
319.000000  320.000000  0.000118 
320.000000  321.000000  0.000116 
321.000000  322.000000  0.000115 
322.000000  323.000000  0.000114 
323.000000  324.000000  0.000113 
324.000000  325.000000  0.000111 
325.000000  326.000000  0.000110 
326.000000  327.000000  0.000109 
327.000000  328.000000  0.000108 
328.000000  329.000000  0.000107 
329.000000  330.000000  0.000105 
330.000000  331.000000  0.000104 
331.000000  332.000000  0.000103 
332.000000  333.000000  0.000102 
333.000000  334.000000  0.000101 
334.000000  335.000000  0.000100 
335.000000  336.000000  0.000099 
336.000000  337.000000  0.000098 
337.000000  338.000000  0.000097 
338.000000  339.000000  0.000096 
339.000000  340.000000  0.000095 
340.000000  341.000000  0.000094 
341.000000  342.000000  0.000093 
342.000000  343.000000  0.000092 
343.000000  344.000000  0.000091 
344.000000  345.000000  0.000090 
345.000000  346.000000  0.000089 
346.000000  347.000000  0.000088 
347.000000  348.000000  0.000087 
348.000000  349.000000  0.000086 
349.000000  350.000000  0.000085 
350.000000  351.000000  0.000085 
351.000000  352.000000  0.000084 
352.000000  353.000000  0.000083 
353.000000  354.000000  0.000082 
354.000000  355.000000  0.000081 
355.000000  356.000000  0.000080 
356.000000  357.000000  0.000080 
357.000000  358.000000  0.000079 
358.000000  359.000000  0.000078 
359.000000  360.000000  0.000077 
360.000000  361.000000  0.000077 
361.000000  362.000000  0.000076 
362.000000  363.000000  0.000075 
363.000000  364.000000  0.000074 
364.000000  365.000000  0.000074 
365.000000  366.000000  0.000073 
366.000000  367.000000  0.000072 
367.000000  368.000000  0.000071 
368.000000  369.000000  0.000071 
369.000000  370.000000  0.000070 
370.000000  371.000000  0.000069 
371.000000  372.000000  0.000069 
372.000000  373.000000  0.000068 
373.000000  374.000000  0.000067 
374.000000  375.000000  0.000067 
375.000000  376.000000  0.000066 
376.000000  377.000000  0.000066 
377.000000  378.000000  0.000065 
378.000000  379.000000  0.000064 
379.000000  380.000000  0.000064 
380.000000  381.000000  0.000063 
381.000000  382.000000  0.000063 
382.000000  383.000000  0.000062 
383.000000  384.000000  0.000061 
384.000000  385.000000  0.000061 
385.000000  386.000000  0.000060 
386.000000  387.000000  0.000060 
387.000000  388.000000  0.000059 
388.000000  389.000000  0.000059 
389.000000  390.000000  0.000058 
390.000000  391.000000  0.000058 
391.000000  392.000000  0.000057 
392.000000  393.000000  0.000057 
393.000000  394.000000  0.000056 
394.000000  395.000000  0.000056 
395.000000  396.000000  0.000055 
396.000000  397.000000  0.000055 
397.000000  398.000000  0.000054 
398.000000  399.000000  0.000054 
399.000000  400.000000  0.000053 
400.000000  401.000000  0.000053 
401.000000  402.000000  0.000052 
402.000000  403.000000  0.000052 
403.000000  404.000000  0.000051 
404.000000  405.000000  0.000051 
405.000000  406.000000  0.000051 
406.000000  407.000000  0.000050 
407.000000  408.000000  0.000050 
408.000000  409.000000  0.000049 
409.000000  410.000000  0.000049 
410.000000  411.000000  0.000048 
411.000000  412.000000  0.000048 
412.000000  413.000000  0.000048 
413.000000  414.000000  0.000047 
414.000000  415.000000  0.000047 
415.000000  416.000000  0.000046 
416.000000  417.000000  0.000046 
417.000000  418.000000  0.000046 
418.000000  419.000000  0.000045 
419.000000  420.000000  0.000045 
420.000000  421.000000  0.000045 
421.000000  422.000000  0.000044 
422.000000  423.000000  0.000044 
423.000000  424.000000  0.000044 
424.000000  425.000000  0.000043 
425.000000  426.000000  0.000043 
426.000000  427.000000  0.000043 
427.000000  428.000000  0.000042 
428.000000  429.000000  0.000042 
429.000000  430.000000  0.000042 
430.000000  431.000000  0.000041 
431.000000  432.000000  0.000041 
432.000000  433.000000  0.000041 
433.000000  434.000000  0.000040 
434.000000  435.000000  0.000040 
435.000000  436.000000  0.000040 
436.000000  437.000000  0.000039 
437.000000  438.000000  0.000039 
438.000000  439.000000  0.000039 
439.000000  440.000000  0.000038 
440.000000  441.000000  0.000038 
441.000000  442.000000  0.000038 
442.000000  443.000000  0.000038 
443.000000  444.000000  0.000037 
444.000000  445.000000  0.000037 
445.000000  446.000000  0.000037 
446.000000  447.000000  0.000036 
447.000000  448.000000  0.000036 
448.000000  449.000000  0.000036 
449.000000  450.000000  0.000036 
450.000000  451.000000  0.000035 
451.000000  452.000000  0.000035 
452.000000  453.000000  0.000035 
453.000000  454.000000  0.000035 
454.000000  455.000000  0.000034 
455.000000  456.000000  0.000034 
456.000000  457.000000  0.000034 
457.000000  458.000000  0.000034 
458.000000  459.000000  0.000033 
459.000000  460.000000  0.000033 
460.000000  461.000000  0.000033 
461.000000  462.000000  0.000033 
462.000000  463.000000  0.000032 
463.000000  464.000000  0.000032 
464.000000  465.000000  0.000032 
465.000000  466.000000  0.000032 
466.000000  467.000000  0.000032 
467.000000  468.000000  0.000031 
468.000000  469.000000  0.000031 
469.000000  470.000000  0.000031 
470.000000  471.000000  0.000031 
471.000000  472.000000  0.000030 
472.000000  473.000000  0.000030 
473.000000  474.000000  0.000030 
474.000000  475.000000  0.000030 
475.000000  476.000000  0.000030 
476.000000  477.000000  0.000029 
477.000000  478.000000  0.000029 
478.000000  479.000000  0.000029 
479.000000  480.000000  0.000029 
480.000000  481.000000  0.000029 
481.000000  482.000000  0.000029 
482.000000  483.000000  0.000028 
483.000000  484.000000  0.000028 
484.000000  485.000000  0.000028 
485.000000  486.000000  0.000028 
486.000000  487.000000  0.000028 
487.000000  488.000000  0.000027 
488.000000  489.000000  0.000027 
489.000000  490.000000  0.000027 
490.000000  491.000000  0.000027 
491.000000  492.000000  0.000027 
492.000000  493.000000  0.000027 
493.000000  494.000000  0.000026 
494.000000  495.000000  0.000026 
495.000000  496.000000  0.000026 
496.000000  497.000000  0.000026 
497.000000  498.000000  0.000026 
498.000000  499.000000  0.000026 
499.000000  500.000000  0.000026 
500.000000  501.000000  0.000025 
501.000000  502.000000  0.000025 
502.000000  503.000000  0.000025 
503.000000  504.000000  0.000025 
504.000000  505.000000  0.000025 
505.000000  506.000000  0.000025 
506.000000  507.000000  0.000024 
507.000000  508.000000  0.000024 
508.000000  509.000000  0.000024 
509.000000  510.000000  0.000024 
510.000000  511.000000  0.000024 
511.000000  512.000000  0.000024 
512.000000  513.000000  0.000024 
513.000000  514.000000  0.000024 
514.000000  515.000000  0.000023 
515.000000  516.000000  0.000023 
516.000000  517.000000  0.000023 
517.000000  518.000000  0.000023 
518.000000  519.000000  0.000023 
519.000000  520.000000  0.000023 
520.000000  521.000000  0.000023 
521.000000  522.000000  0.000023 
522.000000  523.000000  0.000022 
523.000000  524.000000  0.000022 
524.000000  525.000000  0.000022 
525.000000  526.000000  0.000022 
526.000000  527.000000  0.000022 
527.000000  528.000000  0.000022 
528.000000  529.000000  0.000022 
529.000000  530.000000  0.000022 
530.000000  531.000000  0.000021 
531.000000  532.000000  0.000021 
532.000000  533.000000  0.000021 
533.000000  534.000000  0.000021 
534.000000  535.000000  0.000021 
535.000000  536.000000  0.000021 
536.000000  537.000000  0.000021 
537.000000  538.000000  0.000021 
538.000000  539.000000  0.000021 
539.000000  540.000000  0.000021 
540.000000  541.000000  0.000020 
541.000000  542.000000  0.000020 
542.000000  543.000000  0.000020 
543.000000  544.000000  0.000020 
544.000000  545.000000  0.000020 
545.000000  546.000000  0.000020 
546.000000  547.000000  0.000020 
547.000000  548.000000  0.000020 
548.000000  549.000000  0.000020 
549.000000  550.000000  0.000020 
550.000000  551.000000  0.000020 
551.000000  552.000000  0.000019 
552.000000  553.000000  0.000019 
553.000000  554.000000  0.000019 
554.000000  555.000000  0.000019 
555.000000  556.000000  0.000019 
556.000000  557.000000  0.000019 
557.000000  558.000000  0.000019 
558.000000  559.000000  0.000019 
559.000000  560.000000  0.000019 
560.000000  561.000000  0.000019 
561.000000  562.000000  0.000019 
562.000000  563.000000  0.000019 
563.000000  564.000000  0.000018 
564.000000  565.000000  0.000018 
565.000000  566.000000  0.000018 
566.000000  567.000000  0.000018 
567.000000  568.000000  0.000018 
568.000000  569.000000  0.000018 
569.000000  570.000000  0.000018 
570.000000  571.000000  0.000018 
571.000000  572.000000  0.000018 
572.000000  573.000000  0.000018 
573.000000  574.000000  0.000018 
574.000000  575.000000  0.000018 
575.000000  576.000000  0.000018 
576.000000  577.000000  0.000018 
577.000000  578.000000  0.000017 
578.000000  579.000000  0.000017 
579.000000  580.000000  0.000017 
580.000000  581.000000  0.000017 
581.000000  582.000000  0.000017 
582.000000  583.000000  0.000017 
583.000000  584.000000  0.000017 
584.000000  585.000000  0.000017 
585.000000  586.000000  0.000017 
586.000000  587.000000  0.000017 
587.000000  588.000000  0.000017 
588.000000  589.000000  0.000017 
589.000000  590.000000  0.000017 
590.000000  591.000000  0.000017 
591.000000  592.000000  0.000017 
592.000000  593.000000  0.000017 
593.000000  594.000000  0.000016 
594.000000  595.000000  0.000016 
595.000000  596.000000  0.000016 
596.000000  597.000000  0.000016 
597.000000  598.000000  0.000016 
598.000000  599.000000  0.000016 
599.000000  600.000000  0.000016 
600.000000  601.000000  0.000016 
601.000000  602.000000  0.000016 
602.000000  603.000000  0.000016 
603.000000  604.000000  0.000016 
604.000000  605.000000  0.000016 
605.000000  606.000000  0.000016 
606.000000  607.000000  0.000016 
607.000000  608.000000  0.000016 
608.000000  609.000000  0.000016 
609.000000  610.000000  0.000016 
610.000000  611.000000  0.000016 
611.000000  612.000000  0.000016 
612.000000  613.000000  0.000016 
613.000000  614.000000  0.000015 
614.000000  615.000000  0.000015 
615.000000  616.000000  0.000015 
616.000000  617.000000  0.000015 
617.000000  618.000000  0.000015 
618.000000  619.000000  0.000015 
619.000000  620.000000  0.000015 
620.000000  621.000000  0.000015 
621.000000  622.000000  0.000015 
622.000000  623.000000  0.000015 
623.000000  624.000000  0.000015 
624.000000  625.000000  0.000015 
625.000000  626.000000  0.000015 
626.000000  627.000000  0.000015 
627.000000  628.000000  0.000015 
628.000000  629.000000  0.000015 
629.000000  630.000000  0.000015 
630.000000  631.000000  0.000015 
631.000000  632.000000  0.000015 
632.000000  633.000000  0.000015 
633.000000  634.000000  0.000015 
634.000000  635.000000  0.000015 
635.000000  636.000000  0.000015 
636.000000  637.000000  0.000015 
637.000000  638.000000  0.000015 
638.000000  639.000000  0.000015 
639.000000  640.000000  0.000014 
640.000000  641.000000  0.000014 
641.000000  642.000000  0.000014 
642.000000  643.000000  0.000014 
643.000000  644.000000  0.000014 
644.000000  645.000000  0.000014 
645.000000  646.000000  0.000014 
646.000000  647.000000  0.000014 
647.000000  648.000000  0.000014 
648.000000  649.000000  0.000014 
649.000000  650.000000  0.000014 
650.000000  651.000000  0.000014 
651.000000  652.000000  0.000014 
652.000000  653.000000  0.000014 
653.000000  654.000000  0.000014 
654.000000  655.000000  0.000014 
655.000000  656.000000  0.000014 
656.000000  657.000000  0.000014 
657.000000  658.000000  0.000014 
658.000000  659.000000  0.000014 
659.000000  660.000000  0.000014 
660.000000  661.000000  0.000014 
661.000000  662.000000  0.000014 
662.000000  663.000000  0.000014 
663.000000  664.000000  0.000014 
664.000000  665.000000  0.000014 
665.000000  666.000000  0.000014 
666.000000  667.000000  0.000014 
667.000000  668.000000  0.000014 
668.000000  669.000000  0.000014 
669.000000  670.000000  0.000014 
670.000000  671.000000  0.000014 
671.000000  672.000000  0.000014 
672.000000  673.000000  0.000014 
673.000000  674.000000  0.000014 
674.000000  675.000000  0.000014 
675.000000  676.000000  0.000014 
676.000000  677.000000  0.000014 
677.000000  678.000000  0.000013 
678.000000  679.000000  0.000013 
679.000000  680.000000  0.000013 
680.000000  681.000000  0.000013 
681.000000  682.000000  0.000013 
682.000000  683.000000  0.000013 
683.000000  684.000000  0.000013 
684.000000  685.000000  0.000013 
685.000000  686.000000  0.000013 
686.000000  687.000000  0.000013 
687.000000  688.000000  0.000013 
688.000000  689.000000  0.000013 
689.000000  690.000000  0.000013 
690.000000  691.000000  0.000013 
691.000000  692.000000  0.000013 
692.000000  693.000000  0.000013 
693.000000  694.000000  0.000013 
694.000000  695.000000  0.000013 
695.000000  696.000000  0.000013 
696.000000  697.000000  0.000013 
697.000000  698.000000  0.000013 
698.000000  699.000000  0.000013 
699.000000  700.000000  0.000013 
700.000000  701.000000  0.000013 
701.000000  702.000000  0.000013 
702.000000  703.000000  0.000013 
703.000000  704.000000  0.000013 
704.000000  705.000000  0.000013 
705.000000  706.000000  0.000013 
706.000000  707.000000  0.000013 
707.000000  708.000000  0.000013 
708.000000  709.000000  0.000013 
709.000000  710.000000  0.000013 
710.000000  711.000000  0.000013 
711.000000  712.000000  0.000013 
712.000000  713.000000  0.000013 
713.000000  714.000000  0.000013 
714.000000  715.000000  0.000013 
715.000000  716.000000  0.000013 
716.000000  717.000000  0.000013 
717.000000  718.000000  0.000013 
718.000000  719.000000  0.000013 
719.000000  720.000000  0.000013 
720.000000  721.000000  0.000013 
721.000000  722.000000  0.000013 
722.000000  723.000000  0.000013 
723.000000  724.000000  0.000013 
724.000000  725.000000  0.000013 
725.000000  726.000000  0.000013 
726.000000  727.000000  0.000013 
727.000000  728.000000  0.000013 
728.000000  729.000000  0.000013 
729.000000  730.000000  0.000013 
730.000000  731.000000  0.000013 
731.000000  732.000000  0.000013 
732.000000  733.000000  0.000013 
733.000000  734.000000  0.000013 
734.000000  735.000000  0.000013 
735.000000  736.000000  0.000013 
736.000000  737.000000  0.000013 
737.000000  738.000000  0.000013 
738.000000  739.000000  0.000013 
739.000000  740.000000  0.000013 
740.000000  741.000000  0.000013 
741.000000  742.000000  0.000013 
742.000000  743.000000  0.000013 
743.000000  744.000000  0.000013 
744.000000  745.000000  0.000013 
745.000000  746.000000  0.000013 
746.000000  747.000000  0.000013 
747.000000  748.000000  0.000013 
748.000000  749.000000  0.000013 
749.000000  750.000000  0.000013 
750.000000  751.000000  0.000013 
751.000000  752.000000  0.000013 
752.000000  753.000000  0.000013 
753.000000  754.000000  0.000013 
754.000000  755.000000  0.000013 
755.000000  756.000000  0.000013 
756.000000  757.000000  0.000013 
757.000000  758.000000  0.000013 
758.000000  759.000000  0.000013 
759.000000  760.000000  0.000013 
760.000000  761.000000  0.000013 
761.000000  762.000000  0.000013 
762.000000  763.000000  0.000013 
763.000000  764.000000  0.000013 
764.000000  765.000000  0.000013 
765.000000  766.000000  0.000013 
766.000000  767.000000  0.000013 
767.000000  768.000000  0.000013 
768.000000  769.000000  0.000013 
769.000000  770.000000  0.000013 
770.000000  771.000000  0.000013 
771.000000  772.000000  0.000013 
772.000000  773.000000  0.000013 
773.000000  774.000000  0.000013 
774.000000  775.000000  0.000013 
775.000000  776.000000  0.000013 
776.000000  777.000000  0.000013 
777.000000  778.000000  0.000013 
778.000000  779.000000  0.000013 
779.000000  780.000000  0.000013 
780.000000  781.000000  0.000013 
781.000000  782.000000  0.000013 
782.000000  783.000000  0.000013 
783.000000  784.000000  0.000013 
784.000000  785.000000  0.000013 
785.000000  786.000000  0.000013 
786.000000  787.000000  0.000013 
787.000000  788.000000  0.000013 
788.000000  789.000000  0.000013 
789.000000  790.000000  0.000013 
790.000000  791.000000  0.000013 
791.000000  792.000000  0.000013 
792.000000  793.000000  0.000013 
793.000000  794.000000  0.000013 
794.000000  795.000000  0.000013 
795.000000  796.000000  0.000013 
796.000000  797.000000  0.000013 
797.000000  798.000000  0.000013 
798.000000  799.000000  0.000013 
799.000000  800.000000  0.000013 
