17.000000  18.000000  -0.000000 
18.000000  19.000000  -0.000000 
19.000000  20.000000  -0.000000 
20.000000  21.000000  -0.000000 
21.000000  22.000000  -0.000000 
22.000000  23.000000  -0.000000 
23.000000  24.000000  -0.000000 
24.000000  25.000000  -0.000000 
25.000000  26.000000  -0.000000 
26.000000  27.000000  -0.000000 
27.000000  28.000000  -0.000000 
28.000000  29.000000  -0.000000 
29.000000  30.000000  -0.000000 
30.000000  31.000000  -0.000000 
31.000000  32.000000  -0.000000 
32.000000  33.000000  -0.000000 
33.000000  34.000000  -0.000000 
34.000000  35.000000  -0.000000 
35.000000  36.000000  -0.000000 
36.000000  37.000000  -0.000000 
37.000000  38.000000  -0.000000 
38.000000  39.000000  -0.000000 
39.000000  40.000000  -0.000000 
40.000000  41.000000  -0.000000 
41.000000  42.000000  -0.000000 
42.000000  43.000000  -0.000000 
43.000000  44.000000  -0.000000 
44.000000  45.000000  -0.000000 
45.000000  46.000000  -0.000000 
46.000000  47.000000  -0.000000 
47.000000  48.000000  -0.000000 
48.000000  49.000000  -0.000000 
49.000000  50.000000  -0.000000 
50.000000  51.000000  -0.000000 
51.000000  52.000000  -0.000000 
52.000000  53.000000  -0.000000 
53.000000  54.000000  -0.000000 
54.000000  55.000000  -0.000000 
55.000000  56.000000  -0.000000 
56.000000  57.000000  -0.000000 
57.000000  58.000000  -0.000000 
58.000000  59.000000  -0.000000 
59.000000  60.000000  -0.000000 
60.000000  61.000000  -0.000000 
61.000000  62.000000  -0.000000 
62.000000  63.000000  -0.000000 
63.000000  64.000000  -0.000000 
64.000000  65.000000  -0.000000 
65.000000  66.000000  -0.000000 
66.000000  67.000000  -0.000000 
67.000000  68.000000  -0.000000 
68.000000  69.000000  -0.000000 
69.000000  70.000000  -0.000000 
70.000000  71.000000  -0.000001 
71.000000  72.000000  -0.000001 
72.000000  73.000000  -0.000001 
73.000000  74.000000  -0.000001 
74.000000  75.000000  -0.000001 
75.000000  76.000000  -0.000001 
76.000000  77.000000  -0.000001 
77.000000  78.000000  -0.000001 
78.000000  79.000000  -0.000002 
79.000000  80.000000  -0.000002 
80.000000  81.000000  -0.000002 
81.000000  82.000000  -0.000002 
82.000000  83.000000  -0.000002 
83.000000  84.000000  -0.000003 
84.000000  85.000000  -0.000003 
85.000000  86.000000  -0.000003 
86.000000  87.000000  -0.000003 
87.000000  88.000000  -0.000004 
88.000000  89.000000  -0.000004 
89.000000  90.000000  -0.000004 
90.000000  91.000000  -0.000004 
91.000000  92.000000  -0.000004 
92.000000  93.000000  -0.000005 
93.000000  94.000000  -0.000005 
94.000000  95.000000  -0.000005 
95.000000  96.000000  -0.000005 
96.000000  97.000000  -0.000005 
97.000000  98.000000  -0.000005 
98.000000  99.000000  -0.000005 
99.000000  100.000000  -0.000005 
100.000000  101.000000  -0.000004 
101.000000  102.000000  -0.000004 
102.000000  103.000000  -0.000004 
103.000000  104.000000  -0.000004 
104.000000  105.000000  -0.000003 
105.000000  106.000000  -0.000002 
106.000000  107.000000  -0.000002 
107.000000  108.000000  -0.000001 
108.000000  109.000000  -0.000000 
109.000000  110.000000  0.000001 
110.000000  111.000000  0.000002 
111.000000  112.000000  0.000003 
112.000000  113.000000  0.000005 
113.000000  114.000000  0.000006 
114.000000  115.000000  0.000008 
115.000000  116.000000  0.000010 
116.000000  117.000000  0.000012 
117.000000  118.000000  0.000014 
118.000000  119.000000  0.000016 
119.000000  120.000000  0.000019 
120.000000  121.000000  0.000022 
121.000000  122.000000  0.000024 
122.000000  123.000000  0.000027 
123.000000  124.000000  0.000031 
124.000000  125.000000  0.000034 
125.000000  126.000000  0.000037 
126.000000  127.000000  0.000041 
127.000000  128.000000  0.000045 
128.000000  129.000000  0.000049 
129.000000  130.000000  0.000053 
130.000000  131.000000  0.000057 
131.000000  132.000000  0.000062 
132.000000  133.000000  0.000066 
133.000000  134.000000  0.000071 
134.000000  135.000000  0.000076 
135.000000  136.000000  0.000081 
136.000000  137.000000  0.000086 
137.000000  138.000000  0.000092 
138.000000  139.000000  0.000097 
139.000000  140.000000  0.000103 
140.000000  141.000000  0.000109 
141.000000  142.000000  0.000114 
142.000000  143.000000  0.000120 
143.000000  144.000000  0.000126 
144.000000  145.000000  0.000132 
145.000000  146.000000  0.000138 
146.000000  147.000000  0.000145 
147.000000  148.000000  0.000151 
148.000000  149.000000  0.000157 
149.000000  150.000000  0.000164 
150.000000  151.000000  0.000170 
151.000000  152.000000  0.000177 
152.000000  153.000000  0.000183 
153.000000  154.000000  0.000190 
154.000000  155.000000  0.000196 
155.000000  156.000000  0.000203 
156.000000  157.000000  0.000209 
157.000000  158.000000  0.000216 
158.000000  159.000000  0.000222 
159.000000  160.000000  0.000228 
160.000000  161.000000  0.000235 
161.000000  162.000000  0.000241 
162.000000  163.000000  0.000247 
163.000000  164.000000  0.000253 
164.000000  165.000000  0.000260 
165.000000  166.000000  0.000266 
166.000000  167.000000  0.000272 
167.000000  168.000000  0.000278 
168.000000  169.000000  0.000283 
169.000000  170.000000  0.000289 
170.000000  171.000000  0.000295 
171.000000  172.000000  0.000300 
172.000000  173.000000  0.000306 
173.000000  174.000000  0.000311 
174.000000  175.000000  0.000316 
175.000000  176.000000  0.000321 
176.000000  177.000000  0.000326 
177.000000  178.000000  0.000331 
178.000000  179.000000  0.000335 
179.000000  180.000000  0.000340 
180.000000  181.000000  0.000344 
181.000000  182.000000  0.000349 
182.000000  183.000000  0.000353 
183.000000  184.000000  0.000357 
184.000000  185.000000  0.000360 
185.000000  186.000000  0.000364 
186.000000  187.000000  0.000368 
187.000000  188.000000  0.000371 
188.000000  189.000000  0.000374 
189.000000  190.000000  0.000377 
190.000000  191.000000  0.000380 
191.000000  192.000000  0.000383 
192.000000  193.000000  0.000386 
193.000000  194.000000  0.000388 
194.000000  195.000000  0.000391 
195.000000  196.000000  0.000393 
196.000000  197.000000  0.000395 
197.000000  198.000000  0.000397 
198.000000  199.000000  0.000399 
199.000000  200.000000  0.000400 
200.000000  201.000000  0.000402 
201.000000  202.000000  0.000403 
202.000000  203.000000  0.000405 
203.000000  204.000000  0.000406 
204.000000  205.000000  0.000407 
205.000000  206.000000  0.000408 
206.000000  207.000000  0.000408 
207.000000  208.000000  0.000409 
208.000000  209.000000  0.000410 
209.000000  210.000000  0.000410 
210.000000  211.000000  0.000410 
211.000000  212.000000  0.000410 
212.000000  213.000000  0.000410 
213.000000  214.000000  0.000410 
214.000000  215.000000  0.000410 
215.000000  216.000000  0.000410 
216.000000  217.000000  0.000409 
217.000000  218.000000  0.000409 
218.000000  219.000000  0.000408 
219.000000  220.000000  0.000408 
220.000000  221.000000  0.000407 
221.000000  222.000000  0.000406 
222.000000  223.000000  0.000405 
223.000000  224.000000  0.000404 
224.000000  225.000000  0.000403 
225.000000  226.000000  0.000402 
226.000000  227.000000  0.000401 
227.000000  228.000000  0.000399 
228.000000  229.000000  0.000398 
229.000000  230.000000  0.000396 
230.000000  231.000000  0.000395 
231.000000  232.000000  0.000393 
232.000000  233.000000  0.000392 
233.000000  234.000000  0.000390 
234.000000  235.000000  0.000388 
235.000000  236.000000  0.000386 
236.000000  237.000000  0.000384 
237.000000  238.000000  0.000382 
238.000000  239.000000  0.000380 
239.000000  240.000000  0.000378 
240.000000  241.000000  0.000376 
241.000000  242.000000  0.000374 
242.000000  243.000000  0.000372 
243.000000  244.000000  0.000370 
244.000000  245.000000  0.000368 
245.000000  246.000000  0.000365 
246.000000  247.000000  0.000363 
247.000000  248.000000  0.000361 
248.000000  249.000000  0.000359 
249.000000  250.000000  0.000356 
250.000000  251.000000  0.000354 
251.000000  252.000000  0.000351 
252.000000  253.000000  0.000349 
253.000000  254.000000  0.000346 
254.000000  255.000000  0.000344 
255.000000  256.000000  0.000342 
256.000000  257.000000  0.000339 
257.000000  258.000000  0.000337 
258.000000  259.000000  0.000334 
259.000000  260.000000  0.000331 
260.000000  261.000000  0.000329 
261.000000  262.000000  0.000326 
262.000000  263.000000  0.000324 
263.000000  264.000000  0.000321 
264.000000  265.000000  0.000319 
265.000000  266.000000  0.000316 
266.000000  267.000000  0.000313 
267.000000  268.000000  0.000311 
268.000000  269.000000  0.000308 
269.000000  270.000000  0.000306 
270.000000  271.000000  0.000303 
271.000000  272.000000  0.000301 
272.000000  273.000000  0.000298 
273.000000  274.000000  0.000295 
274.000000  275.000000  0.000293 
275.000000  276.000000  0.000290 
276.000000  277.000000  0.000288 
277.000000  278.000000  0.000285 
278.000000  279.000000  0.000283 
279.000000  280.000000  0.000280 
280.000000  281.000000  0.000278 
281.000000  282.000000  0.000275 
282.000000  283.000000  0.000273 
283.000000  284.000000  0.000270 
284.000000  285.000000  0.000268 
285.000000  286.000000  0.000265 
286.000000  287.000000  0.000263 
287.000000  288.000000  0.000260 
288.000000  289.000000  0.000258 
289.000000  290.000000  0.000255 
290.000000  291.000000  0.000253 
291.000000  292.000000  0.000251 
292.000000  293.000000  0.000248 
293.000000  294.000000  0.000246 
294.000000  295.000000  0.000244 
295.000000  296.000000  0.000241 
296.000000  297.000000  0.000239 
297.000000  298.000000  0.000237 
298.000000  299.000000  0.000234 
299.000000  300.000000  0.000232 
300.000000  301.000000  0.000230 
301.000000  302.000000  0.000227 
302.000000  303.000000  0.000225 
303.000000  304.000000  0.000223 
304.000000  305.000000  0.000221 
305.000000  306.000000  0.000219 
306.000000  307.000000  0.000217 
307.000000  308.000000  0.000214 
308.000000  309.000000  0.000212 
309.000000  310.000000  0.000210 
310.000000  311.000000  0.000208 
311.000000  312.000000  0.000206 
312.000000  313.000000  0.000204 
313.000000  314.000000  0.000202 
314.000000  315.000000  0.000200 
315.000000  316.000000  0.000198 
316.000000  317.000000  0.000196 
317.000000  318.000000  0.000194 
318.000000  319.000000  0.000192 
319.000000  320.000000  0.000190 
320.000000  321.000000  0.000188 
321.000000  322.000000  0.000186 
322.000000  323.000000  0.000184 
323.000000  324.000000  0.000183 
324.000000  325.000000  0.000181 
325.000000  326.000000  0.000179 
326.000000  327.000000  0.000177 
327.000000  328.000000  0.000175 
328.000000  329.000000  0.000174 
329.000000  330.000000  0.000172 
330.000000  331.000000  0.000170 
331.000000  332.000000  0.000168 
332.000000  333.000000  0.000167 
333.000000  334.000000  0.000165 
334.000000  335.000000  0.000163 
335.000000  336.000000  0.000162 
336.000000  337.000000  0.000160 
337.000000  338.000000  0.000158 
338.000000  339.000000  0.000157 
339.000000  340.000000  0.000155 
340.000000  341.000000  0.000154 
341.000000  342.000000  0.000152 
342.000000  343.000000  0.000150 
343.000000  344.000000  0.000149 
344.000000  345.000000  0.000147 
345.000000  346.000000  0.000146 
346.000000  347.000000  0.000145 
347.000000  348.000000  0.000143 
348.000000  349.000000  0.000142 
349.000000  350.000000  0.000140 
350.000000  351.000000  0.000139 
351.000000  352.000000  0.000137 
352.000000  353.000000  0.000136 
353.000000  354.000000  0.000135 
354.000000  355.000000  0.000133 
355.000000  356.000000  0.000132 
356.000000  357.000000  0.000131 
357.000000  358.000000  0.000129 
358.000000  359.000000  0.000128 
359.000000  360.000000  0.000127 
360.000000  361.000000  0.000125 
361.000000  362.000000  0.000124 
362.000000  363.000000  0.000123 
363.000000  364.000000  0.000122 
364.000000  365.000000  0.000120 
365.000000  366.000000  0.000119 
366.000000  367.000000  0.000118 
367.000000  368.000000  0.000117 
368.000000  369.000000  0.000116 
369.000000  370.000000  0.000115 
370.000000  371.000000  0.000113 
371.000000  372.000000  0.000112 
372.000000  373.000000  0.000111 
373.000000  374.000000  0.000110 
374.000000  375.000000  0.000109 
375.000000  376.000000  0.000108 
376.000000  377.000000  0.000107 
377.000000  378.000000  0.000106 
378.000000  379.000000  0.000105 
379.000000  380.000000  0.000104 
380.000000  381.000000  0.000103 
381.000000  382.000000  0.000102 
382.000000  383.000000  0.000101 
383.000000  384.000000  0.000100 
384.000000  385.000000  0.000099 
385.000000  386.000000  0.000098 
386.000000  387.000000  0.000097 
387.000000  388.000000  0.000096 
388.000000  389.000000  0.000095 
389.000000  390.000000  0.000094 
390.000000  391.000000  0.000093 
391.000000  392.000000  0.000092 
392.000000  393.000000  0.000091 
393.000000  394.000000  0.000091 
394.000000  395.000000  0.000090 
395.000000  396.000000  0.000089 
396.000000  397.000000  0.000088 
397.000000  398.000000  0.000087 
398.000000  399.000000  0.000086 
399.000000  400.000000  0.000085 
400.000000  401.000000  0.000085 
401.000000  402.000000  0.000084 
402.000000  403.000000  0.000083 
403.000000  404.000000  0.000082 
404.000000  405.000000  0.000081 
405.000000  406.000000  0.000081 
406.000000  407.000000  0.000080 
407.000000  408.000000  0.000079 
408.000000  409.000000  0.000078 
409.000000  410.000000  0.000078 
410.000000  411.000000  0.000077 
411.000000  412.000000  0.000076 
412.000000  413.000000  0.000076 
413.000000  414.000000  0.000075 
414.000000  415.000000  0.000074 
415.000000  416.000000  0.000073 
416.000000  417.000000  0.000073 
417.000000  418.000000  0.000072 
418.000000  419.000000  0.000071 
419.000000  420.000000  0.000071 
420.000000  421.000000  0.000070 
421.000000  422.000000  0.000070 
422.000000  423.000000  0.000069 
423.000000  424.000000  0.000068 
424.000000  425.000000  0.000068 
425.000000  426.000000  0.000067 
426.000000  427.000000  0.000066 
427.000000  428.000000  0.000066 
428.000000  429.000000  0.000065 
429.000000  430.000000  0.000065 
430.000000  431.000000  0.000064 
431.000000  432.000000  0.000063 
432.000000  433.000000  0.000063 
433.000000  434.000000  0.000062 
434.000000  435.000000  0.000062 
435.000000  436.000000  0.000061 
436.000000  437.000000  0.000061 
437.000000  438.000000  0.000060 
438.000000  439.000000  0.000060 
439.000000  440.000000  0.000059 
440.000000  441.000000  0.000059 
441.000000  442.000000  0.000058 
442.000000  443.000000  0.000058 
443.000000  444.000000  0.000057 
444.000000  445.000000  0.000057 
445.000000  446.000000  0.000056 
446.000000  447.000000  0.000056 
447.000000  448.000000  0.000055 
448.000000  449.000000  0.000055 
449.000000  450.000000  0.000054 
450.000000  451.000000  0.000054 
451.000000  452.000000  0.000053 
452.000000  453.000000  0.000053 
453.000000  454.000000  0.000052 
454.000000  455.000000  0.000052 
455.000000  456.000000  0.000051 
456.000000  457.000000  0.000051 
457.000000  458.000000  0.000051 
458.000000  459.000000  0.000050 
459.000000  460.000000  0.000050 
460.000000  461.000000  0.000049 
461.000000  462.000000  0.000049 
462.000000  463.000000  0.000049 
463.000000  464.000000  0.000048 
464.000000  465.000000  0.000048 
465.000000  466.000000  0.000047 
466.000000  467.000000  0.000047 
467.000000  468.000000  0.000047 
468.000000  469.000000  0.000046 
469.000000  470.000000  0.000046 
470.000000  471.000000  0.000045 
471.000000  472.000000  0.000045 
472.000000  473.000000  0.000045 
473.000000  474.000000  0.000044 
474.000000  475.000000  0.000044 
475.000000  476.000000  0.000044 
476.000000  477.000000  0.000043 
477.000000  478.000000  0.000043 
478.000000  479.000000  0.000043 
479.000000  480.000000  0.000042 
480.000000  481.000000  0.000042 
481.000000  482.000000  0.000042 
482.000000  483.000000  0.000041 
483.000000  484.000000  0.000041 
484.000000  485.000000  0.000041 
485.000000  486.000000  0.000040 
486.000000  487.000000  0.000040 
487.000000  488.000000  0.000040 
488.000000  489.000000  0.000039 
489.000000  490.000000  0.000039 
490.000000  491.000000  0.000039 
491.000000  492.000000  0.000039 
492.000000  493.000000  0.000038 
493.000000  494.000000  0.000038 
494.000000  495.000000  0.000038 
495.000000  496.000000  0.000037 
496.000000  497.000000  0.000037 
497.000000  498.000000  0.000037 
498.000000  499.000000  0.000037 
499.000000  500.000000  0.000036 
500.000000  501.000000  0.000036 
501.000000  502.000000  0.000036 
502.000000  503.000000  0.000036 
503.000000  504.000000  0.000035 
504.000000  505.000000  0.000035 
505.000000  506.000000  0.000035 
506.000000  507.000000  0.000035 
507.000000  508.000000  0.000034 
508.000000  509.000000  0.000034 
509.000000  510.000000  0.000034 
510.000000  511.000000  0.000034 
511.000000  512.000000  0.000033 
512.000000  513.000000  0.000033 
513.000000  514.000000  0.000033 
514.000000  515.000000  0.000033 
515.000000  516.000000  0.000032 
516.000000  517.000000  0.000032 
517.000000  518.000000  0.000032 
518.000000  519.000000  0.000032 
519.000000  520.000000  0.000032 
520.000000  521.000000  0.000031 
521.000000  522.000000  0.000031 
522.000000  523.000000  0.000031 
523.000000  524.000000  0.000031 
524.000000  525.000000  0.000030 
525.000000  526.000000  0.000030 
526.000000  527.000000  0.000030 
527.000000  528.000000  0.000030 
528.000000  529.000000  0.000030 
529.000000  530.000000  0.000029 
530.000000  531.000000  0.000029 
531.000000  532.000000  0.000029 
532.000000  533.000000  0.000029 
533.000000  534.000000  0.000029 
534.000000  535.000000  0.000029 
535.000000  536.000000  0.000028 
536.000000  537.000000  0.000028 
537.000000  538.000000  0.000028 
538.000000  539.000000  0.000028 
539.000000  540.000000  0.000028 
540.000000  541.000000  0.000027 
541.000000  542.000000  0.000027 
542.000000  543.000000  0.000027 
543.000000  544.000000  0.000027 
544.000000  545.000000  0.000027 
545.000000  546.000000  0.000027 
546.000000  547.000000  0.000026 
547.000000  548.000000  0.000026 
548.000000  549.000000  0.000026 
549.000000  550.000000  0.000026 
550.000000  551.000000  0.000026 
551.000000  552.000000  0.000026 
552.000000  553.000000  0.000026 
553.000000  554.000000  0.000025 
554.000000  555.000000  0.000025 
555.000000  556.000000  0.000025 
556.000000  557.000000  0.000025 
557.000000  558.000000  0.000025 
558.000000  559.000000  0.000025 
559.000000  560.000000  0.000025 
560.000000  561.000000  0.000024 
561.000000  562.000000  0.000024 
562.000000  563.000000  0.000024 
563.000000  564.000000  0.000024 
564.000000  565.000000  0.000024 
565.000000  566.000000  0.000024 
566.000000  567.000000  0.000024 
567.000000  568.000000  0.000023 
568.000000  569.000000  0.000023 
569.000000  570.000000  0.000023 
570.000000  571.000000  0.000023 
571.000000  572.000000  0.000023 
572.000000  573.000000  0.000023 
573.000000  574.000000  0.000023 
574.000000  575.000000  0.000023 
575.000000  576.000000  0.000022 
576.000000  577.000000  0.000022 
577.000000  578.000000  0.000022 
578.000000  579.000000  0.000022 
579.000000  580.000000  0.000022 
580.000000  581.000000  0.000022 
581.000000  582.000000  0.000022 
582.000000  583.000000  0.000022 
583.000000  584.000000  0.000022 
584.000000  585.000000  0.000021 
585.000000  586.000000  0.000021 
586.000000  587.000000  0.000021 
587.000000  588.000000  0.000021 
588.000000  589.000000  0.000021 
589.000000  590.000000  0.000021 
590.000000  591.000000  0.000021 
591.000000  592.000000  0.000021 
592.000000  593.000000  0.000021 
593.000000  594.000000  0.000021 
594.000000  595.000000  0.000020 
595.000000  596.000000  0.000020 
596.000000  597.000000  0.000020 
597.000000  598.000000  0.000020 
598.000000  599.000000  0.000020 
599.000000  600.000000  0.000020 
600.000000  601.000000  0.000020 
601.000000  602.000000  0.000020 
602.000000  603.000000  0.000020 
603.000000  604.000000  0.000020 
604.000000  605.000000  0.000019 
605.000000  606.000000  0.000019 
606.000000  607.000000  0.000019 
607.000000  608.000000  0.000019 
608.000000  609.000000  0.000019 
609.000000  610.000000  0.000019 
610.000000  611.000000  0.000019 
611.000000  612.000000  0.000019 
612.000000  613.000000  0.000019 
613.000000  614.000000  0.000019 
614.000000  615.000000  0.000019 
615.000000  616.000000  0.000019 
616.000000  617.000000  0.000018 
617.000000  618.000000  0.000018 
618.000000  619.000000  0.000018 
619.000000  620.000000  0.000018 
620.000000  621.000000  0.000018 
621.000000  622.000000  0.000018 
622.000000  623.000000  0.000018 
623.000000  624.000000  0.000018 
624.000000  625.000000  0.000018 
625.000000  626.000000  0.000018 
626.000000  627.000000  0.000018 
627.000000  628.000000  0.000018 
628.000000  629.000000  0.000018 
629.000000  630.000000  0.000018 
630.000000  631.000000  0.000017 
631.000000  632.000000  0.000017 
632.000000  633.000000  0.000017 
633.000000  634.000000  0.000017 
634.000000  635.000000  0.000017 
635.000000  636.000000  0.000017 
636.000000  637.000000  0.000017 
637.000000  638.000000  0.000017 
638.000000  639.000000  0.000017 
639.000000  640.000000  0.000017 
640.000000  641.000000  0.000017 
641.000000  642.000000  0.000017 
642.000000  643.000000  0.000017 
643.000000  644.000000  0.000017 
644.000000  645.000000  0.000017 
645.000000  646.000000  0.000017 
646.000000  647.000000  0.000016 
647.000000  648.000000  0.000016 
648.000000  649.000000  0.000016 
649.000000  650.000000  0.000016 
650.000000  651.000000  0.000016 
651.000000  652.000000  0.000016 
652.000000  653.000000  0.000016 
653.000000  654.000000  0.000016 
654.000000  655.000000  0.000016 
655.000000  656.000000  0.000016 
656.000000  657.000000  0.000016 
657.000000  658.000000  0.000016 
658.000000  659.000000  0.000016 
659.000000  660.000000  0.000016 
660.000000  661.000000  0.000016 
661.000000  662.000000  0.000016 
662.000000  663.000000  0.000016 
663.000000  664.000000  0.000016 
664.000000  665.000000  0.000016 
665.000000  666.000000  0.000015 
666.000000  667.000000  0.000015 
667.000000  668.000000  0.000015 
668.000000  669.000000  0.000015 
669.000000  670.000000  0.000015 
670.000000  671.000000  0.000015 
671.000000  672.000000  0.000015 
672.000000  673.000000  0.000015 
673.000000  674.000000  0.000015 
674.000000  675.000000  0.000015 
675.000000  676.000000  0.000015 
676.000000  677.000000  0.000015 
677.000000  678.000000  0.000015 
678.000000  679.000000  0.000015 
679.000000  680.000000  0.000015 
680.000000  681.000000  0.000015 
681.000000  682.000000  0.000015 
682.000000  683.000000  0.000015 
683.000000  684.000000  0.000015 
684.000000  685.000000  0.000015 
685.000000  686.000000  0.000015 
686.000000  687.000000  0.000015 
687.000000  688.000000  0.000015 
688.000000  689.000000  0.000014 
689.000000  690.000000  0.000014 
690.000000  691.000000  0.000014 
691.000000  692.000000  0.000014 
692.000000  693.000000  0.000014 
693.000000  694.000000  0.000014 
694.000000  695.000000  0.000014 
695.000000  696.000000  0.000014 
696.000000  697.000000  0.000014 
697.000000  698.000000  0.000014 
698.000000  699.000000  0.000014 
699.000000  700.000000  0.000014 
700.000000  701.000000  0.000014 
701.000000  702.000000  0.000014 
702.000000  703.000000  0.000014 
703.000000  704.000000  0.000014 
704.000000  705.000000  0.000014 
705.000000  706.000000  0.000014 
706.000000  707.000000  0.000014 
707.000000  708.000000  0.000014 
708.000000  709.000000  0.000014 
709.000000  710.000000  0.000014 
710.000000  711.000000  0.000014 
711.000000  712.000000  0.000014 
712.000000  713.000000  0.000014 
713.000000  714.000000  0.000014 
714.000000  715.000000  0.000014 
715.000000  716.000000  0.000014 
716.000000  717.000000  0.000014 
717.000000  718.000000  0.000014 
718.000000  719.000000  0.000013 
719.000000  720.000000  0.000013 
720.000000  721.000000  0.000013 
721.000000  722.000000  0.000013 
722.000000  723.000000  0.000013 
723.000000  724.000000  0.000013 
724.000000  725.000000  0.000013 
725.000000  726.000000  0.000013 
726.000000  727.000000  0.000013 
727.000000  728.000000  0.000013 
728.000000  729.000000  0.000013 
729.000000  730.000000  0.000013 
730.000000  731.000000  0.000013 
731.000000  732.000000  0.000013 
732.000000  733.000000  0.000013 
733.000000  734.000000  0.000013 
734.000000  735.000000  0.000013 
735.000000  736.000000  0.000013 
736.000000  737.000000  0.000013 
737.000000  738.000000  0.000013 
738.000000  739.000000  0.000013 
739.000000  740.000000  0.000013 
740.000000  741.000000  0.000013 
741.000000  742.000000  0.000013 
742.000000  743.000000  0.000013 
743.000000  744.000000  0.000013 
744.000000  745.000000  0.000013 
745.000000  746.000000  0.000013 
746.000000  747.000000  0.000013 
747.000000  748.000000  0.000013 
748.000000  749.000000  0.000013 
749.000000  750.000000  0.000013 
750.000000  751.000000  0.000013 
751.000000  752.000000  0.000013 
752.000000  753.000000  0.000013 
753.000000  754.000000  0.000013 
754.000000  755.000000  0.000013 
755.000000  756.000000  0.000013 
756.000000  757.000000  0.000013 
757.000000  758.000000  0.000013 
758.000000  759.000000  0.000013 
759.000000  760.000000  0.000013 
760.000000  761.000000  0.000013 
761.000000  762.000000  0.000012 
762.000000  763.000000  0.000012 
763.000000  764.000000  0.000012 
764.000000  765.000000  0.000012 
765.000000  766.000000  0.000012 
766.000000  767.000000  0.000012 
767.000000  768.000000  0.000012 
768.000000  769.000000  0.000012 
769.000000  770.000000  0.000012 
770.000000  771.000000  0.000012 
771.000000  772.000000  0.000012 
772.000000  773.000000  0.000012 
773.000000  774.000000  0.000012 
774.000000  775.000000  0.000012 
775.000000  776.000000  0.000012 
776.000000  777.000000  0.000012 
777.000000  778.000000  0.000012 
778.000000  779.000000  0.000012 
779.000000  780.000000  0.000012 
780.000000  781.000000  0.000012 
781.000000  782.000000  0.000012 
782.000000  783.000000  0.000012 
783.000000  784.000000  0.000012 
784.000000  785.000000  0.000012 
785.000000  786.000000  0.000012 
786.000000  787.000000  0.000012 
787.000000  788.000000  0.000012 
788.000000  789.000000  0.000012 
789.000000  790.000000  0.000012 
790.000000  791.000000  0.000012 
791.000000  792.000000  0.000012 
792.000000  793.000000  0.000012 
793.000000  794.000000  0.000012 
794.000000  795.000000  0.000012 
795.000000  796.000000  0.000012 
796.000000  797.000000  0.000012 
797.000000  798.000000  0.000012 
798.000000  799.000000  0.000012 
799.000000  800.000000  0.000012 
