17.000000  18.000000  0.002773 
18.000000  19.000000  0.002758 
19.000000  20.000000  0.002749 
20.000000  21.000000  0.002746 
21.000000  22.000000  0.002747 
22.000000  23.000000  0.002752 
23.000000  24.000000  0.002761 
24.000000  25.000000  0.002771 
25.000000  26.000000  0.002781 
26.000000  27.000000  0.002791 
27.000000  28.000000  0.002801 
28.000000  29.000000  0.002809 
29.000000  30.000000  0.002815 
30.000000  31.000000  0.002821 
31.000000  32.000000  0.002826 
32.000000  33.000000  0.002830 
33.000000  34.000000  0.002833 
34.000000  35.000000  0.002835 
35.000000  36.000000  0.002838 
36.000000  37.000000  0.002840 
37.000000  38.000000  0.002841 
38.000000  39.000000  0.002843 
39.000000  40.000000  0.002844 
40.000000  41.000000  0.002844 
41.000000  42.000000  0.002845 
42.000000  43.000000  0.002845 
43.000000  44.000000  0.002844 
44.000000  45.000000  0.002842 
45.000000  46.000000  0.002839 
46.000000  47.000000  0.002834 
47.000000  48.000000  0.002828 
48.000000  49.000000  0.002821 
49.000000  50.000000  0.002813 
50.000000  51.000000  0.002803 
51.000000  52.000000  0.002791 
52.000000  53.000000  0.002779 
53.000000  54.000000  0.002764 
54.000000  55.000000  0.002748 
55.000000  56.000000  0.002731 
56.000000  57.000000  0.002712 
57.000000  58.000000  0.002693 
58.000000  59.000000  0.002672 
59.000000  60.000000  0.002649 
60.000000  61.000000  0.002626 
61.000000  62.000000  0.002602 
62.000000  63.000000  0.002577 
63.000000  64.000000  0.002551 
64.000000  65.000000  0.002524 
65.000000  66.000000  0.002497 
66.000000  67.000000  0.002469 
67.000000  68.000000  0.002441 
68.000000  69.000000  0.002413 
69.000000  70.000000  0.002384 
70.000000  71.000000  0.002355 
71.000000  72.000000  0.002325 
72.000000  73.000000  0.002296 
73.000000  74.000000  0.002266 
74.000000  75.000000  0.002237 
75.000000  76.000000  0.002208 
76.000000  77.000000  0.002179 
77.000000  78.000000  0.002150 
78.000000  79.000000  0.002121 
79.000000  80.000000  0.002093 
80.000000  81.000000  0.002065 
81.000000  82.000000  0.002037 
82.000000  83.000000  0.002010 
83.000000  84.000000  0.001983 
84.000000  85.000000  0.001956 
85.000000  86.000000  0.001928 
86.000000  87.000000  0.001902 
87.000000  88.000000  0.001877 
88.000000  89.000000  0.001852 
89.000000  90.000000  0.001828 
90.000000  91.000000  0.001804 
91.000000  92.000000  0.001780 
92.000000  93.000000  0.001758 
93.000000  94.000000  0.001735 
94.000000  95.000000  0.001713 
95.000000  96.000000  0.001691 
96.000000  97.000000  0.001670 
97.000000  98.000000  0.001650 
98.000000  99.000000  0.001629 
99.000000  100.000000  0.001610 
100.000000  101.000000  0.001590 
101.000000  102.000000  0.001571 
102.000000  103.000000  0.001552 
103.000000  104.000000  0.001534 
104.000000  105.000000  0.001516 
105.000000  106.000000  0.001498 
106.000000  107.000000  0.001481 
107.000000  108.000000  0.001464 
108.000000  109.000000  0.001447 
109.000000  110.000000  0.001431 
110.000000  111.000000  0.001415 
111.000000  112.000000  0.001399 
112.000000  113.000000  0.001384 
113.000000  114.000000  0.001368 
114.000000  115.000000  0.001353 
115.000000  116.000000  0.001338 
116.000000  117.000000  0.001324 
117.000000  118.000000  0.001309 
118.000000  119.000000  0.001295 
119.000000  120.000000  0.001281 
120.000000  121.000000  0.001267 
121.000000  122.000000  0.001253 
122.000000  123.000000  0.001240 
123.000000  124.000000  0.001227 
124.000000  125.000000  0.001213 
125.000000  126.000000  0.001200 
126.000000  127.000000  0.001187 
127.000000  128.000000  0.001175 
128.000000  129.000000  0.001162 
129.000000  130.000000  0.001149 
130.000000  131.000000  0.001137 
131.000000  132.000000  0.001124 
132.000000  133.000000  0.001112 
133.000000  134.000000  0.001100 
134.000000  135.000000  0.001088 
135.000000  136.000000  0.001076 
136.000000  137.000000  0.001064 
137.000000  138.000000  0.001052 
138.000000  139.000000  0.001041 
139.000000  140.000000  0.001029 
140.000000  141.000000  0.001018 
141.000000  142.000000  0.001006 
142.000000  143.000000  0.000995 
143.000000  144.000000  0.000984 
144.000000  145.000000  0.000972 
145.000000  146.000000  0.000961 
146.000000  147.000000  0.000950 
147.000000  148.000000  0.000939 
148.000000  149.000000  0.000928 
149.000000  150.000000  0.000917 
150.000000  151.000000  0.000907 
151.000000  152.000000  0.000896 
152.000000  153.000000  0.000885 
153.000000  154.000000  0.000875 
154.000000  155.000000  0.000864 
155.000000  156.000000  0.000854 
156.000000  157.000000  0.000844 
157.000000  158.000000  0.000834 
158.000000  159.000000  0.000823 
159.000000  160.000000  0.000813 
160.000000  161.000000  0.000803 
161.000000  162.000000  0.000794 
162.000000  163.000000  0.000784 
163.000000  164.000000  0.000774 
164.000000  165.000000  0.000764 
165.000000  166.000000  0.000755 
166.000000  167.000000  0.000745 
167.000000  168.000000  0.000736 
168.000000  169.000000  0.000727 
169.000000  170.000000  0.000717 
170.000000  171.000000  0.000708 
171.000000  172.000000  0.000699 
172.000000  173.000000  0.000690 
173.000000  174.000000  0.000681 
174.000000  175.000000  0.000672 
175.000000  176.000000  0.000664 
176.000000  177.000000  0.000655 
177.000000  178.000000  0.000646 
178.000000  179.000000  0.000638 
179.000000  180.000000  0.000630 
180.000000  181.000000  0.000621 
181.000000  182.000000  0.000613 
182.000000  183.000000  0.000605 
183.000000  184.000000  0.000597 
184.000000  185.000000  0.000589 
185.000000  186.000000  0.000581 
186.000000  187.000000  0.000573 
187.000000  188.000000  0.000566 
188.000000  189.000000  0.000558 
189.000000  190.000000  0.000551 
190.000000  191.000000  0.000543 
191.000000  192.000000  0.000536 
192.000000  193.000000  0.000529 
193.000000  194.000000  0.000521 
194.000000  195.000000  0.000514 
195.000000  196.000000  0.000507 
196.000000  197.000000  0.000500 
197.000000  198.000000  0.000494 
198.000000  199.000000  0.000487 
199.000000  200.000000  0.000480 
200.000000  201.000000  0.000474 
201.000000  202.000000  0.000467 
202.000000  203.000000  0.000461 
203.000000  204.000000  0.000455 
204.000000  205.000000  0.000448 
205.000000  206.000000  0.000442 
206.000000  207.000000  0.000436 
207.000000  208.000000  0.000430 
208.000000  209.000000  0.000424 
209.000000  210.000000  0.000418 
210.000000  211.000000  0.000413 
211.000000  212.000000  0.000407 
212.000000  213.000000  0.000401 
213.000000  214.000000  0.000396 
214.000000  215.000000  0.000390 
215.000000  216.000000  0.000385 
216.000000  217.000000  0.000380 
217.000000  218.000000  0.000375 
218.000000  219.000000  0.000370 
219.000000  220.000000  0.000364 
220.000000  221.000000  0.000359 
221.000000  222.000000  0.000355 
222.000000  223.000000  0.000350 
223.000000  224.000000  0.000345 
224.000000  225.000000  0.000340 
225.000000  226.000000  0.000336 
226.000000  227.000000  0.000331 
227.000000  228.000000  0.000326 
228.000000  229.000000  0.000322 
229.000000  230.000000  0.000318 
230.000000  231.000000  0.000313 
231.000000  232.000000  0.000309 
232.000000  233.000000  0.000305 
233.000000  234.000000  0.000301 
234.000000  235.000000  0.000297 
235.000000  236.000000  0.000293 
236.000000  237.000000  0.000289 
237.000000  238.000000  0.000285 
238.000000  239.000000  0.000281 
239.000000  240.000000  0.000277 
240.000000  241.000000  0.000273 
241.000000  242.000000  0.000270 
242.000000  243.000000  0.000266 
243.000000  244.000000  0.000263 
244.000000  245.000000  0.000259 
245.000000  246.000000  0.000256 
246.000000  247.000000  0.000252 
247.000000  248.000000  0.000249 
248.000000  249.000000  0.000246 
249.000000  250.000000  0.000242 
250.000000  251.000000  0.000239 
251.000000  252.000000  0.000236 
252.000000  253.000000  0.000233 
253.000000  254.000000  0.000230 
254.000000  255.000000  0.000227 
255.000000  256.000000  0.000224 
256.000000  257.000000  0.000221 
257.000000  258.000000  0.000218 
258.000000  259.000000  0.000215 
259.000000  260.000000  0.000212 
260.000000  261.000000  0.000210 
261.000000  262.000000  0.000207 
262.000000  263.000000  0.000204 
263.000000  264.000000  0.000202 
264.000000  265.000000  0.000199 
265.000000  266.000000  0.000196 
266.000000  267.000000  0.000194 
267.000000  268.000000  0.000191 
268.000000  269.000000  0.000189 
269.000000  270.000000  0.000187 
270.000000  271.000000  0.000184 
271.000000  272.000000  0.000182 
272.000000  273.000000  0.000179 
273.000000  274.000000  0.000177 
274.000000  275.000000  0.000175 
275.000000  276.000000  0.000173 
276.000000  277.000000  0.000171 
277.000000  278.000000  0.000168 
278.000000  279.000000  0.000166 
279.000000  280.000000  0.000164 
280.000000  281.000000  0.000162 
281.000000  282.000000  0.000160 
282.000000  283.000000  0.000158 
283.000000  284.000000  0.000156 
284.000000  285.000000  0.000154 
285.000000  286.000000  0.000153 
286.000000  287.000000  0.000151 
287.000000  288.000000  0.000149 
288.000000  289.000000  0.000147 
289.000000  290.000000  0.000145 
290.000000  291.000000  0.000143 
291.000000  292.000000  0.000142 
292.000000  293.000000  0.000140 
293.000000  294.000000  0.000138 
294.000000  295.000000  0.000137 
295.000000  296.000000  0.000135 
296.000000  297.000000  0.000133 
297.000000  298.000000  0.000132 
298.000000  299.000000  0.000130 
299.000000  300.000000  0.000129 
300.000000  301.000000  0.000127 
301.000000  302.000000  0.000126 
302.000000  303.000000  0.000124 
303.000000  304.000000  0.000123 
304.000000  305.000000  0.000121 
305.000000  306.000000  0.000120 
306.000000  307.000000  0.000119 
307.000000  308.000000  0.000117 
308.000000  309.000000  0.000116 
309.000000  310.000000  0.000114 
310.000000  311.000000  0.000113 
311.000000  312.000000  0.000112 
312.000000  313.000000  0.000111 
313.000000  314.000000  0.000109 
314.000000  315.000000  0.000108 
315.000000  316.000000  0.000107 
316.000000  317.000000  0.000106 
317.000000  318.000000  0.000104 
318.000000  319.000000  0.000103 
319.000000  320.000000  0.000102 
320.000000  321.000000  0.000101 
321.000000  322.000000  0.000100 
322.000000  323.000000  0.000099 
323.000000  324.000000  0.000098 
324.000000  325.000000  0.000097 
325.000000  326.000000  0.000096 
326.000000  327.000000  0.000094 
327.000000  328.000000  0.000093 
328.000000  329.000000  0.000092 
329.000000  330.000000  0.000091 
330.000000  331.000000  0.000090 
331.000000  332.000000  0.000089 
332.000000  333.000000  0.000088 
333.000000  334.000000  0.000088 
334.000000  335.000000  0.000087 
335.000000  336.000000  0.000086 
336.000000  337.000000  0.000085 
337.000000  338.000000  0.000084 
338.000000  339.000000  0.000083 
339.000000  340.000000  0.000082 
340.000000  341.000000  0.000081 
341.000000  342.000000  0.000080 
342.000000  343.000000  0.000080 
343.000000  344.000000  0.000079 
344.000000  345.000000  0.000078 
345.000000  346.000000  0.000077 
346.000000  347.000000  0.000076 
347.000000  348.000000  0.000075 
348.000000  349.000000  0.000075 
349.000000  350.000000  0.000074 
350.000000  351.000000  0.000073 
351.000000  352.000000  0.000072 
352.000000  353.000000  0.000072 
353.000000  354.000000  0.000071 
354.000000  355.000000  0.000070 
355.000000  356.000000  0.000070 
356.000000  357.000000  0.000069 
357.000000  358.000000  0.000068 
358.000000  359.000000  0.000067 
359.000000  360.000000  0.000067 
360.000000  361.000000  0.000066 
361.000000  362.000000  0.000065 
362.000000  363.000000  0.000065 
363.000000  364.000000  0.000064 
364.000000  365.000000  0.000064 
365.000000  366.000000  0.000063 
366.000000  367.000000  0.000062 
367.000000  368.000000  0.000062 
368.000000  369.000000  0.000061 
369.000000  370.000000  0.000061 
370.000000  371.000000  0.000060 
371.000000  372.000000  0.000059 
372.000000  373.000000  0.000059 
373.000000  374.000000  0.000058 
374.000000  375.000000  0.000058 
375.000000  376.000000  0.000057 
376.000000  377.000000  0.000057 
377.000000  378.000000  0.000056 
378.000000  379.000000  0.000056 
379.000000  380.000000  0.000055 
380.000000  381.000000  0.000055 
381.000000  382.000000  0.000054 
382.000000  383.000000  0.000054 
383.000000  384.000000  0.000053 
384.000000  385.000000  0.000053 
385.000000  386.000000  0.000052 
386.000000  387.000000  0.000052 
387.000000  388.000000  0.000051 
388.000000  389.000000  0.000051 
389.000000  390.000000  0.000050 
390.000000  391.000000  0.000050 
391.000000  392.000000  0.000049 
392.000000  393.000000  0.000049 
393.000000  394.000000  0.000048 
394.000000  395.000000  0.000048 
395.000000  396.000000  0.000048 
396.000000  397.000000  0.000047 
397.000000  398.000000  0.000047 
398.000000  399.000000  0.000046 
399.000000  400.000000  0.000046 
400.000000  401.000000  0.000045 
401.000000  402.000000  0.000045 
402.000000  403.000000  0.000045 
403.000000  404.000000  0.000044 
404.000000  405.000000  0.000044 
405.000000  406.000000  0.000044 
406.000000  407.000000  0.000043 
407.000000  408.000000  0.000043 
408.000000  409.000000  0.000042 
409.000000  410.000000  0.000042 
410.000000  411.000000  0.000042 
411.000000  412.000000  0.000041 
412.000000  413.000000  0.000041 
413.000000  414.000000  0.000041 
414.000000  415.000000  0.000040 
415.000000  416.000000  0.000040 
416.000000  417.000000  0.000040 
417.000000  418.000000  0.000039 
418.000000  419.000000  0.000039 
419.000000  420.000000  0.000039 
420.000000  421.000000  0.000038 
421.000000  422.000000  0.000038 
422.000000  423.000000  0.000038 
423.000000  424.000000  0.000037 
424.000000  425.000000  0.000037 
425.000000  426.000000  0.000037 
426.000000  427.000000  0.000037 
427.000000  428.000000  0.000036 
428.000000  429.000000  0.000036 
429.000000  430.000000  0.000036 
430.000000  431.000000  0.000035 
431.000000  432.000000  0.000035 
432.000000  433.000000  0.000035 
433.000000  434.000000  0.000035 
434.000000  435.000000  0.000034 
435.000000  436.000000  0.000034 
436.000000  437.000000  0.000034 
437.000000  438.000000  0.000033 
438.000000  439.000000  0.000033 
439.000000  440.000000  0.000033 
440.000000  441.000000  0.000033 
441.000000  442.000000  0.000032 
442.000000  443.000000  0.000032 
443.000000  444.000000  0.000032 
444.000000  445.000000  0.000032 
445.000000  446.000000  0.000031 
446.000000  447.000000  0.000031 
447.000000  448.000000  0.000031 
448.000000  449.000000  0.000031 
449.000000  450.000000  0.000031 
450.000000  451.000000  0.000030 
451.000000  452.000000  0.000030 
452.000000  453.000000  0.000030 
453.000000  454.000000  0.000030 
454.000000  455.000000  0.000029 
455.000000  456.000000  0.000029 
456.000000  457.000000  0.000029 
457.000000  458.000000  0.000029 
458.000000  459.000000  0.000029 
459.000000  460.000000  0.000028 
460.000000  461.000000  0.000028 
461.000000  462.000000  0.000028 
462.000000  463.000000  0.000028 
463.000000  464.000000  0.000028 
464.000000  465.000000  0.000027 
465.000000  466.000000  0.000027 
466.000000  467.000000  0.000027 
467.000000  468.000000  0.000027 
468.000000  469.000000  0.000027 
469.000000  470.000000  0.000026 
470.000000  471.000000  0.000026 
471.000000  472.000000  0.000026 
472.000000  473.000000  0.000026 
473.000000  474.000000  0.000026 
474.000000  475.000000  0.000026 
475.000000  476.000000  0.000025 
476.000000  477.000000  0.000025 
477.000000  478.000000  0.000025 
478.000000  479.000000  0.000025 
479.000000  480.000000  0.000025 
480.000000  481.000000  0.000025 
481.000000  482.000000  0.000024 
482.000000  483.000000  0.000024 
483.000000  484.000000  0.000024 
484.000000  485.000000  0.000024 
485.000000  486.000000  0.000024 
486.000000  487.000000  0.000024 
487.000000  488.000000  0.000023 
488.000000  489.000000  0.000023 
489.000000  490.000000  0.000023 
490.000000  491.000000  0.000023 
491.000000  492.000000  0.000023 
492.000000  493.000000  0.000023 
493.000000  494.000000  0.000023 
494.000000  495.000000  0.000022 
495.000000  496.000000  0.000022 
496.000000  497.000000  0.000022 
497.000000  498.000000  0.000022 
498.000000  499.000000  0.000022 
499.000000  500.000000  0.000022 
500.000000  501.000000  0.000022 
501.000000  502.000000  0.000022 
502.000000  503.000000  0.000021 
503.000000  504.000000  0.000021 
504.000000  505.000000  0.000021 
505.000000  506.000000  0.000021 
506.000000  507.000000  0.000021 
507.000000  508.000000  0.000021 
508.000000  509.000000  0.000021 
509.000000  510.000000  0.000021 
510.000000  511.000000  0.000020 
511.000000  512.000000  0.000020 
512.000000  513.000000  0.000020 
513.000000  514.000000  0.000020 
514.000000  515.000000  0.000020 
515.000000  516.000000  0.000020 
516.000000  517.000000  0.000020 
517.000000  518.000000  0.000020 
518.000000  519.000000  0.000020 
519.000000  520.000000  0.000019 
520.000000  521.000000  0.000019 
521.000000  522.000000  0.000019 
522.000000  523.000000  0.000019 
523.000000  524.000000  0.000019 
524.000000  525.000000  0.000019 
525.000000  526.000000  0.000019 
526.000000  527.000000  0.000019 
527.000000  528.000000  0.000019 
528.000000  529.000000  0.000018 
529.000000  530.000000  0.000018 
530.000000  531.000000  0.000018 
531.000000  532.000000  0.000018 
532.000000  533.000000  0.000018 
533.000000  534.000000  0.000018 
534.000000  535.000000  0.000018 
535.000000  536.000000  0.000018 
536.000000  537.000000  0.000018 
537.000000  538.000000  0.000018 
538.000000  539.000000  0.000018 
539.000000  540.000000  0.000017 
540.000000  541.000000  0.000017 
541.000000  542.000000  0.000017 
542.000000  543.000000  0.000017 
543.000000  544.000000  0.000017 
544.000000  545.000000  0.000017 
545.000000  546.000000  0.000017 
546.000000  547.000000  0.000017 
547.000000  548.000000  0.000017 
548.000000  549.000000  0.000017 
549.000000  550.000000  0.000017 
550.000000  551.000000  0.000017 
551.000000  552.000000  0.000017 
552.000000  553.000000  0.000016 
553.000000  554.000000  0.000016 
554.000000  555.000000  0.000016 
555.000000  556.000000  0.000016 
556.000000  557.000000  0.000016 
557.000000  558.000000  0.000016 
558.000000  559.000000  0.000016 
559.000000  560.000000  0.000016 
560.000000  561.000000  0.000016 
561.000000  562.000000  0.000016 
562.000000  563.000000  0.000016 
563.000000  564.000000  0.000016 
564.000000  565.000000  0.000016 
565.000000  566.000000  0.000016 
566.000000  567.000000  0.000015 
567.000000  568.000000  0.000015 
568.000000  569.000000  0.000015 
569.000000  570.000000  0.000015 
570.000000  571.000000  0.000015 
571.000000  572.000000  0.000015 
572.000000  573.000000  0.000015 
573.000000  574.000000  0.000015 
574.000000  575.000000  0.000015 
575.000000  576.000000  0.000015 
576.000000  577.000000  0.000015 
577.000000  578.000000  0.000015 
578.000000  579.000000  0.000015 
579.000000  580.000000  0.000015 
580.000000  581.000000  0.000015 
581.000000  582.000000  0.000015 
582.000000  583.000000  0.000015 
583.000000  584.000000  0.000014 
584.000000  585.000000  0.000014 
585.000000  586.000000  0.000014 
586.000000  587.000000  0.000014 
587.000000  588.000000  0.000014 
588.000000  589.000000  0.000014 
589.000000  590.000000  0.000014 
590.000000  591.000000  0.000014 
591.000000  592.000000  0.000014 
592.000000  593.000000  0.000014 
593.000000  594.000000  0.000014 
594.000000  595.000000  0.000014 
595.000000  596.000000  0.000014 
596.000000  597.000000  0.000014 
597.000000  598.000000  0.000014 
598.000000  599.000000  0.000014 
599.000000  600.000000  0.000014 
600.000000  601.000000  0.000014 
601.000000  602.000000  0.000014 
602.000000  603.000000  0.000014 
603.000000  604.000000  0.000014 
604.000000  605.000000  0.000013 
605.000000  606.000000  0.000013 
606.000000  607.000000  0.000013 
607.000000  608.000000  0.000013 
608.000000  609.000000  0.000013 
609.000000  610.000000  0.000013 
610.000000  611.000000  0.000013 
611.000000  612.000000  0.000013 
612.000000  613.000000  0.000013 
613.000000  614.000000  0.000013 
614.000000  615.000000  0.000013 
615.000000  616.000000  0.000013 
616.000000  617.000000  0.000013 
617.000000  618.000000  0.000013 
618.000000  619.000000  0.000013 
619.000000  620.000000  0.000013 
620.000000  621.000000  0.000013 
621.000000  622.000000  0.000013 
622.000000  623.000000  0.000013 
623.000000  624.000000  0.000013 
624.000000  625.000000  0.000013 
625.000000  626.000000  0.000013 
626.000000  627.000000  0.000013 
627.000000  628.000000  0.000013 
628.000000  629.000000  0.000013 
629.000000  630.000000  0.000013 
630.000000  631.000000  0.000013 
631.000000  632.000000  0.000012 
632.000000  633.000000  0.000012 
633.000000  634.000000  0.000012 
634.000000  635.000000  0.000012 
635.000000  636.000000  0.000012 
636.000000  637.000000  0.000012 
637.000000  638.000000  0.000012 
638.000000  639.000000  0.000012 
639.000000  640.000000  0.000012 
640.000000  641.000000  0.000012 
641.000000  642.000000  0.000012 
642.000000  643.000000  0.000012 
643.000000  644.000000  0.000012 
644.000000  645.000000  0.000012 
645.000000  646.000000  0.000012 
646.000000  647.000000  0.000012 
647.000000  648.000000  0.000012 
648.000000  649.000000  0.000012 
649.000000  650.000000  0.000012 
650.000000  651.000000  0.000012 
651.000000  652.000000  0.000012 
652.000000  653.000000  0.000012 
653.000000  654.000000  0.000012 
654.000000  655.000000  0.000012 
655.000000  656.000000  0.000012 
656.000000  657.000000  0.000012 
657.000000  658.000000  0.000012 
658.000000  659.000000  0.000012 
659.000000  660.000000  0.000012 
660.000000  661.000000  0.000012 
661.000000  662.000000  0.000012 
662.000000  663.000000  0.000012 
663.000000  664.000000  0.000012 
664.000000  665.000000  0.000012 
665.000000  666.000000  0.000012 
666.000000  667.000000  0.000012 
667.000000  668.000000  0.000012 
668.000000  669.000000  0.000012 
669.000000  670.000000  0.000012 
670.000000  671.000000  0.000011 
671.000000  672.000000  0.000011 
672.000000  673.000000  0.000011 
673.000000  674.000000  0.000011 
674.000000  675.000000  0.000011 
675.000000  676.000000  0.000011 
676.000000  677.000000  0.000011 
677.000000  678.000000  0.000011 
678.000000  679.000000  0.000011 
679.000000  680.000000  0.000011 
680.000000  681.000000  0.000011 
681.000000  682.000000  0.000011 
682.000000  683.000000  0.000011 
683.000000  684.000000  0.000011 
684.000000  685.000000  0.000011 
685.000000  686.000000  0.000011 
686.000000  687.000000  0.000011 
687.000000  688.000000  0.000011 
688.000000  689.000000  0.000011 
689.000000  690.000000  0.000011 
690.000000  691.000000  0.000011 
691.000000  692.000000  0.000011 
692.000000  693.000000  0.000011 
693.000000  694.000000  0.000011 
694.000000  695.000000  0.000011 
695.000000  696.000000  0.000011 
696.000000  697.000000  0.000011 
697.000000  698.000000  0.000011 
698.000000  699.000000  0.000011 
699.000000  700.000000  0.000011 
700.000000  701.000000  0.000011 
701.000000  702.000000  0.000011 
702.000000  703.000000  0.000011 
703.000000  704.000000  0.000011 
704.000000  705.000000  0.000011 
705.000000  706.000000  0.000011 
706.000000  707.000000  0.000011 
707.000000  708.000000  0.000011 
708.000000  709.000000  0.000011 
709.000000  710.000000  0.000011 
710.000000  711.000000  0.000011 
711.000000  712.000000  0.000011 
712.000000  713.000000  0.000011 
713.000000  714.000000  0.000011 
714.000000  715.000000  0.000011 
715.000000  716.000000  0.000011 
716.000000  717.000000  0.000011 
717.000000  718.000000  0.000011 
718.000000  719.000000  0.000011 
719.000000  720.000000  0.000011 
720.000000  721.000000  0.000011 
721.000000  722.000000  0.000011 
722.000000  723.000000  0.000011 
723.000000  724.000000  0.000011 
724.000000  725.000000  0.000011 
725.000000  726.000000  0.000011 
726.000000  727.000000  0.000011 
727.000000  728.000000  0.000011 
728.000000  729.000000  0.000011 
729.000000  730.000000  0.000011 
730.000000  731.000000  0.000011 
731.000000  732.000000  0.000011 
732.000000  733.000000  0.000011 
733.000000  734.000000  0.000011 
734.000000  735.000000  0.000011 
735.000000  736.000000  0.000011 
736.000000  737.000000  0.000011 
737.000000  738.000000  0.000011 
738.000000  739.000000  0.000011 
739.000000  740.000000  0.000011 
740.000000  741.000000  0.000011 
741.000000  742.000000  0.000011 
742.000000  743.000000  0.000011 
743.000000  744.000000  0.000011 
744.000000  745.000000  0.000011 
745.000000  746.000000  0.000011 
746.000000  747.000000  0.000011 
747.000000  748.000000  0.000011 
748.000000  749.000000  0.000011 
749.000000  750.000000  0.000011 
750.000000  751.000000  0.000011 
751.000000  752.000000  0.000011 
752.000000  753.000000  0.000011 
753.000000  754.000000  0.000011 
754.000000  755.000000  0.000011 
755.000000  756.000000  0.000011 
756.000000  757.000000  0.000011 
757.000000  758.000000  0.000011 
758.000000  759.000000  0.000011 
759.000000  760.000000  0.000011 
760.000000  761.000000  0.000011 
761.000000  762.000000  0.000011 
762.000000  763.000000  0.000011 
763.000000  764.000000  0.000011 
764.000000  765.000000  0.000011 
765.000000  766.000000  0.000011 
766.000000  767.000000  0.000011 
767.000000  768.000000  0.000011 
768.000000  769.000000  0.000011 
769.000000  770.000000  0.000011 
770.000000  771.000000  0.000011 
771.000000  772.000000  0.000011 
772.000000  773.000000  0.000011 
773.000000  774.000000  0.000011 
774.000000  775.000000  0.000011 
775.000000  776.000000  0.000011 
776.000000  777.000000  0.000011 
777.000000  778.000000  0.000011 
778.000000  779.000000  0.000011 
779.000000  780.000000  0.000011 
780.000000  781.000000  0.000011 
781.000000  782.000000  0.000011 
782.000000  783.000000  0.000011 
783.000000  784.000000  0.000011 
784.000000  785.000000  0.000011 
785.000000  786.000000  0.000011 
786.000000  787.000000  0.000011 
787.000000  788.000000  0.000011 
788.000000  789.000000  0.000011 
789.000000  790.000000  0.000011 
790.000000  791.000000  0.000011 
791.000000  792.000000  0.000011 
792.000000  793.000000  0.000011 
793.000000  794.000000  0.000011 
794.000000  795.000000  0.000011 
795.000000  796.000000  0.000011 
796.000000  797.000000  0.000011 
797.000000  798.000000  0.000011 
798.000000  799.000000  0.000011 
799.000000  800.000000  0.000011 
