17.000000  18.000000  0.000000 
18.000000  19.000000  0.000000 
19.000000  20.000000  0.000000 
20.000000  21.000000  0.000000 
21.000000  22.000000  0.000000 
22.000000  23.000000  0.000000 
23.000000  24.000000  0.000000 
24.000000  25.000000  0.000000 
25.000000  26.000000  0.000000 
26.000000  27.000000  0.000000 
27.000000  28.000000  0.000000 
28.000000  29.000000  0.000001 
29.000000  30.000000  0.000001 
30.000000  31.000000  0.000002 
31.000000  32.000000  0.000003 
32.000000  33.000000  0.000005 
33.000000  34.000000  0.000007 
34.000000  35.000000  0.000010 
35.000000  36.000000  0.000015 
36.000000  37.000000  0.000020 
37.000000  38.000000  0.000027 
38.000000  39.000000  0.000036 
39.000000  40.000000  0.000046 
40.000000  41.000000  0.000059 
41.000000  42.000000  0.000074 
42.000000  43.000000  0.000092 
43.000000  44.000000  0.000113 
44.000000  45.000000  0.000138 
45.000000  46.000000  0.000165 
46.000000  47.000000  0.000196 
47.000000  48.000000  0.000230 
48.000000  49.000000  0.000268 
49.000000  50.000000  0.000310 
50.000000  51.000000  0.000355 
51.000000  52.000000  0.000404 
52.000000  53.000000  0.000456 
53.000000  54.000000  0.000511 
54.000000  55.000000  0.000569 
55.000000  56.000000  0.000631 
56.000000  57.000000  0.000695 
57.000000  58.000000  0.000761 
58.000000  59.000000  0.000830 
59.000000  60.000000  0.000901 
60.000000  61.000000  0.000974 
61.000000  62.000000  0.001048 
62.000000  63.000000  0.001123 
63.000000  64.000000  0.001199 
64.000000  65.000000  0.001276 
65.000000  66.000000  0.001353 
66.000000  67.000000  0.001430 
67.000000  68.000000  0.001507 
68.000000  69.000000  0.001584 
69.000000  70.000000  0.001660 
70.000000  71.000000  0.001736 
71.000000  72.000000  0.001811 
72.000000  73.000000  0.001884 
73.000000  74.000000  0.001956 
74.000000  75.000000  0.002027 
75.000000  76.000000  0.002096 
76.000000  77.000000  0.002163 
77.000000  78.000000  0.002229 
78.000000  79.000000  0.002293 
79.000000  80.000000  0.002355 
80.000000  81.000000  0.002415 
81.000000  82.000000  0.002472 
82.000000  83.000000  0.002528 
83.000000  84.000000  0.002582 
84.000000  85.000000  0.002633 
85.000000  86.000000  0.002691 
86.000000  87.000000  0.002737 
87.000000  88.000000  0.002782 
88.000000  89.000000  0.002824 
89.000000  90.000000  0.002864 
90.000000  91.000000  0.002902 
91.000000  92.000000  0.002938 
92.000000  93.000000  0.002972 
93.000000  94.000000  0.003004 
94.000000  95.000000  0.003034 
95.000000  96.000000  0.003061 
96.000000  97.000000  0.003087 
97.000000  98.000000  0.003112 
98.000000  99.000000  0.003134 
99.000000  100.000000  0.003154 
100.000000  101.000000  0.003173 
101.000000  102.000000  0.003190 
102.000000  103.000000  0.003205 
103.000000  104.000000  0.003219 
104.000000  105.000000  0.003231 
105.000000  106.000000  0.003242 
106.000000  107.000000  0.003251 
107.000000  108.000000  0.003259 
108.000000  109.000000  0.003266 
109.000000  110.000000  0.003271 
110.000000  111.000000  0.003275 
111.000000  112.000000  0.003277 
112.000000  113.000000  0.003279 
113.000000  114.000000  0.003279 
114.000000  115.000000  0.003279 
115.000000  116.000000  0.003277 
116.000000  117.000000  0.003274 
117.000000  118.000000  0.003270 
118.000000  119.000000  0.003265 
119.000000  120.000000  0.003260 
120.000000  121.000000  0.003253 
121.000000  122.000000  0.003246 
122.000000  123.000000  0.003238 
123.000000  124.000000  0.003229 
124.000000  125.000000  0.003219 
125.000000  126.000000  0.003209 
126.000000  127.000000  0.003198 
127.000000  128.000000  0.003186 
128.000000  129.000000  0.003174 
129.000000  130.000000  0.003161 
130.000000  131.000000  0.003148 
131.000000  132.000000  0.003134 
132.000000  133.000000  0.003119 
133.000000  134.000000  0.003104 
134.000000  135.000000  0.003089 
135.000000  136.000000  0.003073 
136.000000  137.000000  0.003057 
137.000000  138.000000  0.003040 
138.000000  139.000000  0.003023 
139.000000  140.000000  0.003006 
140.000000  141.000000  0.002988 
141.000000  142.000000  0.002970 
142.000000  143.000000  0.002951 
143.000000  144.000000  0.002933 
144.000000  145.000000  0.002914 
145.000000  146.000000  0.002895 
146.000000  147.000000  0.002875 
147.000000  148.000000  0.002856 
148.000000  149.000000  0.002836 
149.000000  150.000000  0.002816 
150.000000  151.000000  0.002796 
151.000000  152.000000  0.002776 
152.000000  153.000000  0.002755 
153.000000  154.000000  0.002735 
154.000000  155.000000  0.002714 
155.000000  156.000000  0.002694 
156.000000  157.000000  0.002673 
157.000000  158.000000  0.002652 
158.000000  159.000000  0.002631 
159.000000  160.000000  0.002610 
160.000000  161.000000  0.002589 
161.000000  162.000000  0.002568 
162.000000  163.000000  0.002547 
163.000000  164.000000  0.002526 
164.000000  165.000000  0.002505 
165.000000  166.000000  0.002484 
166.000000  167.000000  0.002464 
167.000000  168.000000  0.002443 
168.000000  169.000000  0.002422 
169.000000  170.000000  0.002401 
170.000000  171.000000  0.002380 
171.000000  172.000000  0.002360 
172.000000  173.000000  0.002339 
173.000000  174.000000  0.002319 
174.000000  175.000000  0.002298 
175.000000  176.000000  0.002278 
176.000000  177.000000  0.002258 
177.000000  178.000000  0.002238 
178.000000  179.000000  0.002218 
179.000000  180.000000  0.002198 
180.000000  181.000000  0.002178 
181.000000  182.000000  0.002158 
182.000000  183.000000  0.002139 
183.000000  184.000000  0.002120 
184.000000  185.000000  0.002100 
185.000000  186.000000  0.002081 
186.000000  187.000000  0.002062 
187.000000  188.000000  0.002044 
188.000000  189.000000  0.002025 
189.000000  190.000000  0.002007 
190.000000  191.000000  0.001988 
191.000000  192.000000  0.001970 
192.000000  193.000000  0.001952 
193.000000  194.000000  0.001935 
194.000000  195.000000  0.001917 
195.000000  196.000000  0.001900 
196.000000  197.000000  0.001882 
197.000000  198.000000  0.001865 
198.000000  199.000000  0.001848 
199.000000  200.000000  0.001832 
200.000000  201.000000  0.001815 
201.000000  202.000000  0.001799 
202.000000  203.000000  0.001782 
203.000000  204.000000  0.001766 
204.000000  205.000000  0.001751 
205.000000  206.000000  0.001735 
206.000000  207.000000  0.001719 
207.000000  208.000000  0.001704 
208.000000  209.000000  0.001689 
209.000000  210.000000  0.001674 
210.000000  211.000000  0.001659 
211.000000  212.000000  0.001645 
212.000000  213.000000  0.001630 
213.000000  214.000000  0.001616 
214.000000  215.000000  0.001602 
215.000000  216.000000  0.001588 
216.000000  217.000000  0.001574 
217.000000  218.000000  0.001561 
218.000000  219.000000  0.001548 
219.000000  220.000000  0.001534 
220.000000  221.000000  0.001521 
221.000000  222.000000  0.001509 
222.000000  223.000000  0.001496 
223.000000  224.000000  0.001483 
224.000000  225.000000  0.001471 
225.000000  226.000000  0.001459 
226.000000  227.000000  0.001447 
227.000000  228.000000  0.001435 
228.000000  229.000000  0.001423 
229.000000  230.000000  0.001412 
230.000000  231.000000  0.001401 
231.000000  232.000000  0.001389 
232.000000  233.000000  0.001378 
233.000000  234.000000  0.001367 
234.000000  235.000000  0.001357 
235.000000  236.000000  0.001346 
236.000000  237.000000  0.001336 
237.000000  238.000000  0.001325 
238.000000  239.000000  0.001315 
239.000000  240.000000  0.001305 
240.000000  241.000000  0.001296 
241.000000  242.000000  0.001286 
242.000000  243.000000  0.001276 
243.000000  244.000000  0.001267 
244.000000  245.000000  0.001258 
245.000000  246.000000  0.001248 
246.000000  247.000000  0.001239 
247.000000  248.000000  0.001231 
248.000000  249.000000  0.001222 
249.000000  250.000000  0.001213 
250.000000  251.000000  0.001205 
251.000000  252.000000  0.001196 
252.000000  253.000000  0.001188 
253.000000  254.000000  0.001180 
254.000000  255.000000  0.001172 
255.000000  256.000000  0.001164 
256.000000  257.000000  0.001156 
257.000000  258.000000  0.001149 
258.000000  259.000000  0.001141 
259.000000  260.000000  0.001134 
260.000000  261.000000  0.001126 
261.000000  262.000000  0.001119 
262.000000  263.000000  0.001112 
263.000000  264.000000  0.001105 
264.000000  265.000000  0.001098 
265.000000  266.000000  0.001091 
266.000000  267.000000  0.001085 
267.000000  268.000000  0.001078 
268.000000  269.000000  0.001072 
269.000000  270.000000  0.001065 
270.000000  271.000000  0.001059 
271.000000  272.000000  0.001053 
272.000000  273.000000  0.001047 
273.000000  274.000000  0.001041 
274.000000  275.000000  0.001035 
275.000000  276.000000  0.001029 
276.000000  277.000000  0.001023 
277.000000  278.000000  0.001017 
278.000000  279.000000  0.001012 
279.000000  280.000000  0.001006 
280.000000  281.000000  0.001001 
281.000000  282.000000  0.000996 
282.000000  283.000000  0.000990 
283.000000  284.000000  0.000985 
284.000000  285.000000  0.000980 
285.000000  286.000000  0.000975 
286.000000  287.000000  0.000970 
287.000000  288.000000  0.000965 
288.000000  289.000000  0.000960 
289.000000  290.000000  0.000956 
290.000000  291.000000  0.000951 
291.000000  292.000000  0.000947 
292.000000  293.000000  0.000942 
293.000000  294.000000  0.000938 
294.000000  295.000000  0.000933 
295.000000  296.000000  0.000929 
296.000000  297.000000  0.000925 
297.000000  298.000000  0.000920 
298.000000  299.000000  0.000916 
299.000000  300.000000  0.000912 
300.000000  301.000000  0.000908 
301.000000  302.000000  0.000904 
302.000000  303.000000  0.000900 
303.000000  304.000000  0.000897 
304.000000  305.000000  0.000893 
305.000000  306.000000  0.000889 
306.000000  307.000000  0.000885 
307.000000  308.000000  0.000882 
308.000000  309.000000  0.000878 
309.000000  310.000000  0.000875 
310.000000  311.000000  0.000871 
311.000000  312.000000  0.000868 
312.000000  313.000000  0.000864 
313.000000  314.000000  0.000861 
314.000000  315.000000  0.000858 
315.000000  316.000000  0.000855 
316.000000  317.000000  0.000852 
317.000000  318.000000  0.000848 
318.000000  319.000000  0.000845 
319.000000  320.000000  0.000842 
320.000000  321.000000  0.000839 
321.000000  322.000000  0.000836 
322.000000  323.000000  0.000833 
323.000000  324.000000  0.000831 
324.000000  325.000000  0.000828 
325.000000  326.000000  0.000825 
326.000000  327.000000  0.000822 
327.000000  328.000000  0.000820 
328.000000  329.000000  0.000817 
329.000000  330.000000  0.000814 
330.000000  331.000000  0.000812 
331.000000  332.000000  0.000809 
332.000000  333.000000  0.000807 
333.000000  334.000000  0.000804 
334.000000  335.000000  0.000802 
335.000000  336.000000  0.000799 
336.000000  337.000000  0.000797 
337.000000  338.000000  0.000795 
338.000000  339.000000  0.000792 
339.000000  340.000000  0.000790 
340.000000  341.000000  0.000788 
341.000000  342.000000  0.000785 
342.000000  343.000000  0.000783 
343.000000  344.000000  0.000781 
344.000000  345.000000  0.000779 
345.000000  346.000000  0.000777 
346.000000  347.000000  0.000775 
347.000000  348.000000  0.000773 
348.000000  349.000000  0.000771 
349.000000  350.000000  0.000769 
350.000000  351.000000  0.000767 
351.000000  352.000000  0.000765 
352.000000  353.000000  0.000763 
353.000000  354.000000  0.000761 
354.000000  355.000000  0.000759 
355.000000  356.000000  0.000757 
356.000000  357.000000  0.000756 
357.000000  358.000000  0.000754 
358.000000  359.000000  0.000752 
359.000000  360.000000  0.000750 
360.000000  361.000000  0.000749 
361.000000  362.000000  0.000747 
362.000000  363.000000  0.000745 
363.000000  364.000000  0.000744 
364.000000  365.000000  0.000742 
365.000000  366.000000  0.000740 
366.000000  367.000000  0.000739 
367.000000  368.000000  0.000737 
368.000000  369.000000  0.000736 
369.000000  370.000000  0.000734 
370.000000  371.000000  0.000733 
371.000000  372.000000  0.000731 
372.000000  373.000000  0.000730 
373.000000  374.000000  0.000728 
374.000000  375.000000  0.000727 
375.000000  376.000000  0.000725 
376.000000  377.000000  0.000724 
377.000000  378.000000  0.000723 
378.000000  379.000000  0.000721 
379.000000  380.000000  0.000720 
380.000000  381.000000  0.000719 
381.000000  382.000000  0.000717 
382.000000  383.000000  0.000716 
383.000000  384.000000  0.000715 
384.000000  385.000000  0.000714 
385.000000  386.000000  0.000712 
386.000000  387.000000  0.000711 
387.000000  388.000000  0.000710 
388.000000  389.000000  0.000709 
389.000000  390.000000  0.000708 
390.000000  391.000000  0.000706 
391.000000  392.000000  0.000705 
392.000000  393.000000  0.000704 
393.000000  394.000000  0.000703 
394.000000  395.000000  0.000702 
395.000000  396.000000  0.000701 
396.000000  397.000000  0.000700 
397.000000  398.000000  0.000699 
398.000000  399.000000  0.000698 
399.000000  400.000000  0.000697 
400.000000  401.000000  0.000696 
401.000000  402.000000  0.000695 
402.000000  403.000000  0.000694 
403.000000  404.000000  0.000693 
404.000000  405.000000  0.000692 
405.000000  406.000000  0.000691 
406.000000  407.000000  0.000690 
407.000000  408.000000  0.000689 
408.000000  409.000000  0.000688 
409.000000  410.000000  0.000687 
410.000000  411.000000  0.000686 
411.000000  412.000000  0.000685 
412.000000  413.000000  0.000684 
413.000000  414.000000  0.000683 
414.000000  415.000000  0.000683 
415.000000  416.000000  0.000682 
416.000000  417.000000  0.000681 
417.000000  418.000000  0.000680 
418.000000  419.000000  0.000679 
419.000000  420.000000  0.000678 
420.000000  421.000000  0.000678 
421.000000  422.000000  0.000677 
422.000000  423.000000  0.000676 
423.000000  424.000000  0.000675 
424.000000  425.000000  0.000674 
425.000000  426.000000  0.000674 
426.000000  427.000000  0.000673 
427.000000  428.000000  0.000672 
428.000000  429.000000  0.000672 
429.000000  430.000000  0.000671 
430.000000  431.000000  0.000670 
431.000000  432.000000  0.000669 
432.000000  433.000000  0.000669 
433.000000  434.000000  0.000668 
434.000000  435.000000  0.000667 
435.000000  436.000000  0.000667 
436.000000  437.000000  0.000666 
437.000000  438.000000  0.000665 
438.000000  439.000000  0.000665 
439.000000  440.000000  0.000664 
440.000000  441.000000  0.000663 
441.000000  442.000000  0.000663 
442.000000  443.000000  0.000662 
443.000000  444.000000  0.000662 
444.000000  445.000000  0.000661 
445.000000  446.000000  0.000660 
446.000000  447.000000  0.000660 
447.000000  448.000000  0.000659 
448.000000  449.000000  0.000659 
449.000000  450.000000  0.000658 
450.000000  451.000000  0.000657 
451.000000  452.000000  0.000657 
452.000000  453.000000  0.000656 
453.000000  454.000000  0.000656 
454.000000  455.000000  0.000655 
455.000000  456.000000  0.000655 
456.000000  457.000000  0.000654 
457.000000  458.000000  0.000654 
458.000000  459.000000  0.000653 
459.000000  460.000000  0.000653 
460.000000  461.000000  0.000652 
461.000000  462.000000  0.000652 
462.000000  463.000000  0.000651 
463.000000  464.000000  0.000651 
464.000000  465.000000  0.000650 
465.000000  466.000000  0.000650 
466.000000  467.000000  0.000649 
467.000000  468.000000  0.000649 
468.000000  469.000000  0.000648 
469.000000  470.000000  0.000648 
470.000000  471.000000  0.000647 
471.000000  472.000000  0.000647 
472.000000  473.000000  0.000647 
473.000000  474.000000  0.000646 
474.000000  475.000000  0.000646 
475.000000  476.000000  0.000645 
476.000000  477.000000  0.000645 
477.000000  478.000000  0.000644 
478.000000  479.000000  0.000644 
479.000000  480.000000  0.000644 
480.000000  481.000000  0.000643 
481.000000  482.000000  0.000643 
482.000000  483.000000  0.000642 
483.000000  484.000000  0.000642 
484.000000  485.000000  0.000642 
485.000000  486.000000  0.000641 
486.000000  487.000000  0.000641 
487.000000  488.000000  0.000640 
488.000000  489.000000  0.000640 
489.000000  490.000000  0.000640 
490.000000  491.000000  0.000639 
491.000000  492.000000  0.000639 
492.000000  493.000000  0.000639 
493.000000  494.000000  0.000638 
494.000000  495.000000  0.000638 
495.000000  496.000000  0.000638 
496.000000  497.000000  0.000637 
497.000000  498.000000  0.000637 
498.000000  499.000000  0.000637 
499.000000  500.000000  0.000636 
500.000000  501.000000  0.000636 
501.000000  502.000000  0.000636 
502.000000  503.000000  0.000635 
503.000000  504.000000  0.000635 
504.000000  505.000000  0.000635 
505.000000  506.000000  0.000634 
506.000000  507.000000  0.000634 
507.000000  508.000000  0.000634 
508.000000  509.000000  0.000634 
509.000000  510.000000  0.000633 
510.000000  511.000000  0.000633 
511.000000  512.000000  0.000633 
512.000000  513.000000  0.000632 
513.000000  514.000000  0.000632 
514.000000  515.000000  0.000632 
515.000000  516.000000  0.000632 
516.000000  517.000000  0.000631 
517.000000  518.000000  0.000631 
518.000000  519.000000  0.000631 
519.000000  520.000000  0.000630 
520.000000  521.000000  0.000630 
521.000000  522.000000  0.000630 
522.000000  523.000000  0.000630 
523.000000  524.000000  0.000629 
524.000000  525.000000  0.000629 
525.000000  526.000000  0.000629 
526.000000  527.000000  0.000629 
527.000000  528.000000  0.000628 
528.000000  529.000000  0.000628 
529.000000  530.000000  0.000628 
530.000000  531.000000  0.000628 
531.000000  532.000000  0.000628 
532.000000  533.000000  0.000627 
533.000000  534.000000  0.000627 
534.000000  535.000000  0.000627 
535.000000  536.000000  0.000627 
536.000000  537.000000  0.000626 
537.000000  538.000000  0.000626 
538.000000  539.000000  0.000626 
539.000000  540.000000  0.000626 
540.000000  541.000000  0.000626 
541.000000  542.000000  0.000625 
542.000000  543.000000  0.000625 
543.000000  544.000000  0.000625 
544.000000  545.000000  0.000625 
545.000000  546.000000  0.000625 
546.000000  547.000000  0.000624 
547.000000  548.000000  0.000624 
548.000000  549.000000  0.000624 
549.000000  550.000000  0.000624 
550.000000  551.000000  0.000624 
551.000000  552.000000  0.000623 
552.000000  553.000000  0.000623 
553.000000  554.000000  0.000623 
554.000000  555.000000  0.000623 
555.000000  556.000000  0.000623 
556.000000  557.000000  0.000622 
557.000000  558.000000  0.000622 
558.000000  559.000000  0.000622 
559.000000  560.000000  0.000622 
560.000000  561.000000  0.000622 
561.000000  562.000000  0.000622 
562.000000  563.000000  0.000621 
563.000000  564.000000  0.000621 
564.000000  565.000000  0.000621 
565.000000  566.000000  0.000621 
566.000000  567.000000  0.000621 
567.000000  568.000000  0.000621 
568.000000  569.000000  0.000621 
569.000000  570.000000  0.000620 
570.000000  571.000000  0.000620 
571.000000  572.000000  0.000620 
572.000000  573.000000  0.000620 
573.000000  574.000000  0.000620 
574.000000  575.000000  0.000620 
575.000000  576.000000  0.000619 
576.000000  577.000000  0.000619 
577.000000  578.000000  0.000619 
578.000000  579.000000  0.000619 
579.000000  580.000000  0.000619 
580.000000  581.000000  0.000619 
581.000000  582.000000  0.000619 
582.000000  583.000000  0.000618 
583.000000  584.000000  0.000618 
584.000000  585.000000  0.000618 
585.000000  586.000000  0.000618 
586.000000  587.000000  0.000618 
587.000000  588.000000  0.000618 
588.000000  589.000000  0.000618 
589.000000  590.000000  0.000618 
590.000000  591.000000  0.000617 
591.000000  592.000000  0.000617 
592.000000  593.000000  0.000617 
593.000000  594.000000  0.000617 
594.000000  595.000000  0.000617 
595.000000  596.000000  0.000617 
596.000000  597.000000  0.000617 
597.000000  598.000000  0.000617 
598.000000  599.000000  0.000617 
599.000000  600.000000  0.000616 
600.000000  601.000000  0.000616 
601.000000  602.000000  0.000616 
602.000000  603.000000  0.000616 
603.000000  604.000000  0.000616 
604.000000  605.000000  0.000616 
605.000000  606.000000  0.000616 
606.000000  607.000000  0.000616 
607.000000  608.000000  0.000616 
608.000000  609.000000  0.000615 
609.000000  610.000000  0.000615 
610.000000  611.000000  0.000615 
611.000000  612.000000  0.000615 
612.000000  613.000000  0.000615 
613.000000  614.000000  0.000615 
614.000000  615.000000  0.000615 
615.000000  616.000000  0.000615 
616.000000  617.000000  0.000615 
617.000000  618.000000  0.000615 
618.000000  619.000000  0.000615 
619.000000  620.000000  0.000614 
620.000000  621.000000  0.000614 
621.000000  622.000000  0.000614 
622.000000  623.000000  0.000614 
623.000000  624.000000  0.000614 
624.000000  625.000000  0.000614 
625.000000  626.000000  0.000614 
626.000000  627.000000  0.000614 
627.000000  628.000000  0.000614 
628.000000  629.000000  0.000614 
629.000000  630.000000  0.000614 
630.000000  631.000000  0.000613 
631.000000  632.000000  0.000613 
632.000000  633.000000  0.000613 
633.000000  634.000000  0.000613 
634.000000  635.000000  0.000613 
635.000000  636.000000  0.000613 
636.000000  637.000000  0.000613 
637.000000  638.000000  0.000613 
638.000000  639.000000  0.000613 
639.000000  640.000000  0.000613 
640.000000  641.000000  0.000613 
641.000000  642.000000  0.000613 
642.000000  643.000000  0.000613 
643.000000  644.000000  0.000613 
644.000000  645.000000  0.000612 
645.000000  646.000000  0.000612 
646.000000  647.000000  0.000612 
647.000000  648.000000  0.000612 
648.000000  649.000000  0.000612 
649.000000  650.000000  0.000612 
650.000000  651.000000  0.000612 
651.000000  652.000000  0.000612 
652.000000  653.000000  0.000612 
653.000000  654.000000  0.000612 
654.000000  655.000000  0.000612 
655.000000  656.000000  0.000612 
656.000000  657.000000  0.000612 
657.000000  658.000000  0.000612 
658.000000  659.000000  0.000612 
659.000000  660.000000  0.000611 
660.000000  661.000000  0.000611 
661.000000  662.000000  0.000611 
662.000000  663.000000  0.000611 
663.000000  664.000000  0.000611 
664.000000  665.000000  0.000611 
665.000000  666.000000  0.000611 
666.000000  667.000000  0.000611 
667.000000  668.000000  0.000611 
668.000000  669.000000  0.000611 
669.000000  670.000000  0.000611 
670.000000  671.000000  0.000611 
671.000000  672.000000  0.000611 
672.000000  673.000000  0.000611 
673.000000  674.000000  0.000611 
674.000000  675.000000  0.000611 
675.000000  676.000000  0.000611 
676.000000  677.000000  0.000611 
677.000000  678.000000  0.000611 
678.000000  679.000000  0.000610 
679.000000  680.000000  0.000610 
680.000000  681.000000  0.000610 
681.000000  682.000000  0.000610 
682.000000  683.000000  0.000610 
683.000000  684.000000  0.000610 
684.000000  685.000000  0.000610 
685.000000  686.000000  0.000610 
686.000000  687.000000  0.000610 
687.000000  688.000000  0.000610 
688.000000  689.000000  0.000610 
689.000000  690.000000  0.000610 
690.000000  691.000000  0.000610 
691.000000  692.000000  0.000610 
692.000000  693.000000  0.000610 
693.000000  694.000000  0.000610 
694.000000  695.000000  0.000610 
695.000000  696.000000  0.000610 
696.000000  697.000000  0.000610 
697.000000  698.000000  0.000610 
698.000000  699.000000  0.000610 
699.000000  700.000000  0.000610 
700.000000  701.000000  0.000610 
701.000000  702.000000  0.000610 
702.000000  703.000000  0.000610 
703.000000  704.000000  0.000609 
704.000000  705.000000  0.000609 
705.000000  706.000000  0.000609 
706.000000  707.000000  0.000609 
707.000000  708.000000  0.000609 
708.000000  709.000000  0.000609 
709.000000  710.000000  0.000609 
710.000000  711.000000  0.000609 
711.000000  712.000000  0.000609 
712.000000  713.000000  0.000609 
713.000000  714.000000  0.000609 
714.000000  715.000000  0.000609 
715.000000  716.000000  0.000609 
716.000000  717.000000  0.000609 
717.000000  718.000000  0.000609 
718.000000  719.000000  0.000609 
719.000000  720.000000  0.000609 
720.000000  721.000000  0.000609 
721.000000  722.000000  0.000609 
722.000000  723.000000  0.000609 
723.000000  724.000000  0.000609 
724.000000  725.000000  0.000609 
725.000000  726.000000  0.000609 
726.000000  727.000000  0.000609 
727.000000  728.000000  0.000609 
728.000000  729.000000  0.000609 
729.000000  730.000000  0.000609 
730.000000  731.000000  0.000609 
731.000000  732.000000  0.000609 
732.000000  733.000000  0.000609 
733.000000  734.000000  0.000609 
734.000000  735.000000  0.000609 
735.000000  736.000000  0.000609 
736.000000  737.000000  0.000609 
737.000000  738.000000  0.000609 
738.000000  739.000000  0.000608 
739.000000  740.000000  0.000608 
740.000000  741.000000  0.000608 
741.000000  742.000000  0.000608 
742.000000  743.000000  0.000608 
743.000000  744.000000  0.000608 
744.000000  745.000000  0.000608 
745.000000  746.000000  0.000608 
746.000000  747.000000  0.000608 
747.000000  748.000000  0.000608 
748.000000  749.000000  0.000608 
749.000000  750.000000  0.000608 
750.000000  751.000000  0.000608 
751.000000  752.000000  0.000608 
752.000000  753.000000  0.000608 
753.000000  754.000000  0.000608 
754.000000  755.000000  0.000608 
755.000000  756.000000  0.000608 
756.000000  757.000000  0.000608 
757.000000  758.000000  0.000608 
758.000000  759.000000  0.000608 
759.000000  760.000000  0.000608 
760.000000  761.000000  0.000608 
761.000000  762.000000  0.000608 
762.000000  763.000000  0.000608 
763.000000  764.000000  0.000608 
764.000000  765.000000  0.000608 
765.000000  766.000000  0.000608 
766.000000  767.000000  0.000608 
767.000000  768.000000  0.000608 
768.000000  769.000000  0.000608 
769.000000  770.000000  0.000608 
770.000000  771.000000  0.000608 
771.000000  772.000000  0.000608 
772.000000  773.000000  0.000608 
773.000000  774.000000  0.000608 
774.000000  775.000000  0.000608 
775.000000  776.000000  0.000608 
776.000000  777.000000  0.000608 
777.000000  778.000000  0.000608 
778.000000  779.000000  0.000608 
779.000000  780.000000  0.000608 
780.000000  781.000000  0.000608 
781.000000  782.000000  0.000608 
782.000000  783.000000  0.000608 
783.000000  784.000000  0.000608 
784.000000  785.000000  0.000608 
785.000000  786.000000  0.000608 
786.000000  787.000000  0.000608 
787.000000  788.000000  0.000608 
788.000000  789.000000  0.000608 
789.000000  790.000000  0.000608 
790.000000  791.000000  0.000608 
791.000000  792.000000  0.000608 
792.000000  793.000000  0.000608 
793.000000  794.000000  0.000608 
794.000000  795.000000  0.000608 
795.000000  796.000000  0.000608 
796.000000  797.000000  0.000608 
797.000000  798.000000  0.000608 
798.000000  799.000000  0.000608 
799.000000  800.000000  0.000608 
