17.000000  18.000000  0.000000 
18.000000  19.000000  0.000000 
19.000000  20.000000  0.000000 
20.000000  21.000000  0.000000 
21.000000  22.000000  0.000000 
22.000000  23.000000  0.000000 
23.000000  24.000000  0.000000 
24.000000  25.000000  0.000000 
25.000000  26.000000  0.000000 
26.000000  27.000000  0.000000 
27.000000  28.000000  0.000000 
28.000000  29.000000  0.000000 
29.000000  30.000000  0.000000 
30.000000  31.000000  0.000000 
31.000000  32.000000  0.000001 
32.000000  33.000000  0.000001 
33.000000  34.000000  0.000001 
34.000000  35.000000  0.000002 
35.000000  36.000000  0.000003 
36.000000  37.000000  0.000003 
37.000000  38.000000  0.000005 
38.000000  39.000000  0.000006 
39.000000  40.000000  0.000008 
40.000000  41.000000  0.000010 
41.000000  42.000000  0.000013 
42.000000  43.000000  0.000017 
43.000000  44.000000  0.000020 
44.000000  45.000000  0.000025 
45.000000  46.000000  0.000030 
46.000000  47.000000  0.000036 
47.000000  48.000000  0.000042 
48.000000  49.000000  0.000049 
49.000000  50.000000  0.000057 
50.000000  51.000000  0.000066 
51.000000  52.000000  0.000075 
52.000000  53.000000  0.000085 
53.000000  54.000000  0.000096 
54.000000  55.000000  0.000107 
55.000000  56.000000  0.000120 
56.000000  57.000000  0.000133 
57.000000  58.000000  0.000146 
58.000000  59.000000  0.000160 
59.000000  60.000000  0.000175 
60.000000  61.000000  0.000190 
61.000000  62.000000  0.000206 
62.000000  63.000000  0.000222 
63.000000  64.000000  0.000239 
64.000000  65.000000  0.000256 
65.000000  66.000000  0.000273 
66.000000  67.000000  0.000290 
67.000000  68.000000  0.000308 
68.000000  69.000000  0.000326 
69.000000  70.000000  0.000344 
70.000000  71.000000  0.000362 
71.000000  72.000000  0.000381 
72.000000  73.000000  0.000399 
73.000000  74.000000  0.000418 
74.000000  75.000000  0.000436 
75.000000  76.000000  0.000454 
76.000000  77.000000  0.000473 
77.000000  78.000000  0.000491 
78.000000  79.000000  0.000509 
79.000000  80.000000  0.000527 
80.000000  81.000000  0.000545 
81.000000  82.000000  0.000563 
82.000000  83.000000  0.000580 
83.000000  84.000000  0.000598 
84.000000  85.000000  0.000615 
85.000000  86.000000  0.000633 
86.000000  87.000000  0.000650 
87.000000  88.000000  0.000667 
88.000000  89.000000  0.000683 
89.000000  90.000000  0.000699 
90.000000  91.000000  0.000715 
91.000000  92.000000  0.000731 
92.000000  93.000000  0.000746 
93.000000  94.000000  0.000762 
94.000000  95.000000  0.000777 
95.000000  96.000000  0.000792 
96.000000  97.000000  0.000806 
97.000000  98.000000  0.000821 
98.000000  99.000000  0.000835 
99.000000  100.000000  0.000849 
100.000000  101.000000  0.000863 
101.000000  102.000000  0.000876 
102.000000  103.000000  0.000890 
103.000000  104.000000  0.000903 
104.000000  105.000000  0.000916 
105.000000  106.000000  0.000928 
106.000000  107.000000  0.000941 
107.000000  108.000000  0.000953 
108.000000  109.000000  0.000966 
109.000000  110.000000  0.000978 
110.000000  111.000000  0.000990 
111.000000  112.000000  0.001001 
112.000000  113.000000  0.001013 
113.000000  114.000000  0.001025 
114.000000  115.000000  0.001036 
115.000000  116.000000  0.001047 
116.000000  117.000000  0.001058 
117.000000  118.000000  0.001069 
118.000000  119.000000  0.001080 
119.000000  120.000000  0.001090 
120.000000  121.000000  0.001101 
121.000000  122.000000  0.001111 
122.000000  123.000000  0.001122 
123.000000  124.000000  0.001132 
124.000000  125.000000  0.001142 
125.000000  126.000000  0.001152 
126.000000  127.000000  0.001162 
127.000000  128.000000  0.001172 
128.000000  129.000000  0.001182 
129.000000  130.000000  0.001192 
130.000000  131.000000  0.001201 
131.000000  132.000000  0.001211 
132.000000  133.000000  0.001220 
133.000000  134.000000  0.001230 
134.000000  135.000000  0.001239 
135.000000  136.000000  0.001248 
136.000000  137.000000  0.001258 
137.000000  138.000000  0.001267 
138.000000  139.000000  0.001276 
139.000000  140.000000  0.001285 
140.000000  141.000000  0.001294 
141.000000  142.000000  0.001303 
142.000000  143.000000  0.001312 
143.000000  144.000000  0.001321 
144.000000  145.000000  0.001330 
145.000000  146.000000  0.001339 
146.000000  147.000000  0.001348 
147.000000  148.000000  0.001356 
148.000000  149.000000  0.001365 
149.000000  150.000000  0.001374 
150.000000  151.000000  0.001383 
151.000000  152.000000  0.001391 
152.000000  153.000000  0.001400 
153.000000  154.000000  0.001409 
154.000000  155.000000  0.001417 
155.000000  156.000000  0.001426 
156.000000  157.000000  0.001434 
157.000000  158.000000  0.001443 
158.000000  159.000000  0.001451 
159.000000  160.000000  0.001460 
160.000000  161.000000  0.001468 
161.000000  162.000000  0.001476 
162.000000  163.000000  0.001485 
163.000000  164.000000  0.001493 
164.000000  165.000000  0.001501 
165.000000  166.000000  0.001510 
166.000000  167.000000  0.001518 
167.000000  168.000000  0.001526 
168.000000  169.000000  0.001534 
169.000000  170.000000  0.001543 
170.000000  171.000000  0.001551 
171.000000  172.000000  0.001559 
172.000000  173.000000  0.001567 
173.000000  174.000000  0.001575 
174.000000  175.000000  0.001583 
175.000000  176.000000  0.001591 
176.000000  177.000000  0.001599 
177.000000  178.000000  0.001607 
178.000000  179.000000  0.001615 
179.000000  180.000000  0.001622 
180.000000  181.000000  0.001630 
181.000000  182.000000  0.001638 
182.000000  183.000000  0.001646 
183.000000  184.000000  0.001653 
184.000000  185.000000  0.001661 
185.000000  186.000000  0.001668 
186.000000  187.000000  0.001676 
187.000000  188.000000  0.001683 
188.000000  189.000000  0.001691 
189.000000  190.000000  0.001698 
190.000000  191.000000  0.001705 
191.000000  192.000000  0.001713 
192.000000  193.000000  0.001720 
193.000000  194.000000  0.001727 
194.000000  195.000000  0.001734 
195.000000  196.000000  0.001741 
196.000000  197.000000  0.001748 
197.000000  198.000000  0.001755 
198.000000  199.000000  0.001762 
199.000000  200.000000  0.001769 
200.000000  201.000000  0.001776 
201.000000  202.000000  0.001782 
202.000000  203.000000  0.001789 
203.000000  204.000000  0.001795 
204.000000  205.000000  0.001802 
205.000000  206.000000  0.001808 
206.000000  207.000000  0.001815 
207.000000  208.000000  0.001821 
208.000000  209.000000  0.001827 
209.000000  210.000000  0.001833 
210.000000  211.000000  0.001840 
211.000000  212.000000  0.001846 
212.000000  213.000000  0.001852 
213.000000  214.000000  0.001858 
214.000000  215.000000  0.001863 
215.000000  216.000000  0.001869 
216.000000  217.000000  0.001875 
217.000000  218.000000  0.001880 
218.000000  219.000000  0.001886 
219.000000  220.000000  0.001892 
220.000000  221.000000  0.001897 
221.000000  222.000000  0.001902 
222.000000  223.000000  0.001908 
223.000000  224.000000  0.001913 
224.000000  225.000000  0.001918 
225.000000  226.000000  0.001923 
226.000000  227.000000  0.001928 
227.000000  228.000000  0.001933 
228.000000  229.000000  0.001938 
229.000000  230.000000  0.001943 
230.000000  231.000000  0.001948 
231.000000  232.000000  0.001952 
232.000000  233.000000  0.001957 
233.000000  234.000000  0.001962 
234.000000  235.000000  0.001966 
235.000000  236.000000  0.001970 
236.000000  237.000000  0.001975 
237.000000  238.000000  0.001979 
238.000000  239.000000  0.001983 
239.000000  240.000000  0.001988 
240.000000  241.000000  0.001992 
241.000000  242.000000  0.001996 
242.000000  243.000000  0.002000 
243.000000  244.000000  0.002004 
244.000000  245.000000  0.002008 
245.000000  246.000000  0.002012 
246.000000  247.000000  0.002015 
247.000000  248.000000  0.002019 
248.000000  249.000000  0.002023 
249.000000  250.000000  0.002026 
250.000000  251.000000  0.002030 
251.000000  252.000000  0.002034 
252.000000  253.000000  0.002037 
253.000000  254.000000  0.002041 
254.000000  255.000000  0.002044 
255.000000  256.000000  0.002047 
256.000000  257.000000  0.002051 
257.000000  258.000000  0.002054 
258.000000  259.000000  0.002057 
259.000000  260.000000  0.002060 
260.000000  261.000000  0.002063 
261.000000  262.000000  0.002066 
262.000000  263.000000  0.002069 
263.000000  264.000000  0.002072 
264.000000  265.000000  0.002075 
265.000000  266.000000  0.002078 
266.000000  267.000000  0.002081 
267.000000  268.000000  0.002084 
268.000000  269.000000  0.002087 
269.000000  270.000000  0.002089 
270.000000  271.000000  0.002092 
271.000000  272.000000  0.002095 
272.000000  273.000000  0.002097 
273.000000  274.000000  0.002100 
274.000000  275.000000  0.002102 
275.000000  276.000000  0.002105 
276.000000  277.000000  0.002107 
277.000000  278.000000  0.002110 
278.000000  279.000000  0.002112 
279.000000  280.000000  0.002115 
280.000000  281.000000  0.002117 
281.000000  282.000000  0.002120 
282.000000  283.000000  0.002122 
283.000000  284.000000  0.002124 
284.000000  285.000000  0.002127 
285.000000  286.000000  0.002129 
286.000000  287.000000  0.002131 
287.000000  288.000000  0.002133 
288.000000  289.000000  0.002135 
289.000000  290.000000  0.002138 
290.000000  291.000000  0.002140 
291.000000  292.000000  0.002142 
292.000000  293.000000  0.002144 
293.000000  294.000000  0.002146 
294.000000  295.000000  0.002148 
295.000000  296.000000  0.002150 
296.000000  297.000000  0.002152 
297.000000  298.000000  0.002154 
298.000000  299.000000  0.002156 
299.000000  300.000000  0.002158 
300.000000  301.000000  0.002160 
301.000000  302.000000  0.002162 
302.000000  303.000000  0.002164 
303.000000  304.000000  0.002166 
304.000000  305.000000  0.002168 
305.000000  306.000000  0.002169 
306.000000  307.000000  0.002171 
307.000000  308.000000  0.002173 
308.000000  309.000000  0.002175 
309.000000  310.000000  0.002177 
310.000000  311.000000  0.002179 
311.000000  312.000000  0.002180 
312.000000  313.000000  0.002182 
313.000000  314.000000  0.002184 
314.000000  315.000000  0.002186 
315.000000  316.000000  0.002187 
316.000000  317.000000  0.002189 
317.000000  318.000000  0.002191 
318.000000  319.000000  0.002192 
319.000000  320.000000  0.002194 
320.000000  321.000000  0.002196 
321.000000  322.000000  0.002198 
322.000000  323.000000  0.002199 
323.000000  324.000000  0.002201 
324.000000  325.000000  0.002202 
325.000000  326.000000  0.002204 
326.000000  327.000000  0.002206 
327.000000  328.000000  0.002207 
328.000000  329.000000  0.002209 
329.000000  330.000000  0.002211 
330.000000  331.000000  0.002212 
331.000000  332.000000  0.002214 
332.000000  333.000000  0.002215 
333.000000  334.000000  0.002217 
334.000000  335.000000  0.002218 
335.000000  336.000000  0.002220 
336.000000  337.000000  0.002221 
337.000000  338.000000  0.002223 
338.000000  339.000000  0.002225 
339.000000  340.000000  0.002226 
340.000000  341.000000  0.002228 
341.000000  342.000000  0.002229 
342.000000  343.000000  0.002231 
343.000000  344.000000  0.002232 
344.000000  345.000000  0.002233 
345.000000  346.000000  0.002235 
346.000000  347.000000  0.002236 
347.000000  348.000000  0.002238 
348.000000  349.000000  0.002239 
349.000000  350.000000  0.002241 
350.000000  351.000000  0.002242 
351.000000  352.000000  0.002244 
352.000000  353.000000  0.002245 
353.000000  354.000000  0.002246 
354.000000  355.000000  0.002248 
355.000000  356.000000  0.002249 
356.000000  357.000000  0.002251 
357.000000  358.000000  0.002252 
358.000000  359.000000  0.002253 
359.000000  360.000000  0.002255 
360.000000  361.000000  0.002256 
361.000000  362.000000  0.002257 
362.000000  363.000000  0.002259 
363.000000  364.000000  0.002260 
364.000000  365.000000  0.002261 
365.000000  366.000000  0.002263 
366.000000  367.000000  0.002264 
367.000000  368.000000  0.002265 
368.000000  369.000000  0.002267 
369.000000  370.000000  0.002268 
370.000000  371.000000  0.002269 
371.000000  372.000000  0.002271 
372.000000  373.000000  0.002272 
373.000000  374.000000  0.002273 
374.000000  375.000000  0.002274 
375.000000  376.000000  0.002276 
376.000000  377.000000  0.002277 
377.000000  378.000000  0.002278 
378.000000  379.000000  0.002279 
379.000000  380.000000  0.002280 
380.000000  381.000000  0.002282 
381.000000  382.000000  0.002283 
382.000000  383.000000  0.002284 
383.000000  384.000000  0.002285 
384.000000  385.000000  0.002286 
385.000000  386.000000  0.002288 
386.000000  387.000000  0.002289 
387.000000  388.000000  0.002290 
388.000000  389.000000  0.002291 
389.000000  390.000000  0.002292 
390.000000  391.000000  0.002293 
391.000000  392.000000  0.002294 
392.000000  393.000000  0.002295 
393.000000  394.000000  0.002296 
394.000000  395.000000  0.002297 
395.000000  396.000000  0.002299 
396.000000  397.000000  0.002300 
397.000000  398.000000  0.002301 
398.000000  399.000000  0.002302 
399.000000  400.000000  0.002303 
400.000000  401.000000  0.002304 
401.000000  402.000000  0.002305 
402.000000  403.000000  0.002306 
403.000000  404.000000  0.002307 
404.000000  405.000000  0.002308 
405.000000  406.000000  0.002309 
406.000000  407.000000  0.002310 
407.000000  408.000000  0.002310 
408.000000  409.000000  0.002311 
409.000000  410.000000  0.002312 
410.000000  411.000000  0.002313 
411.000000  412.000000  0.002314 
412.000000  413.000000  0.002315 
413.000000  414.000000  0.002316 
414.000000  415.000000  0.002317 
415.000000  416.000000  0.002318 
416.000000  417.000000  0.002318 
417.000000  418.000000  0.002319 
418.000000  419.000000  0.002320 
419.000000  420.000000  0.002321 
420.000000  421.000000  0.002322 
421.000000  422.000000  0.002323 
422.000000  423.000000  0.002323 
423.000000  424.000000  0.002324 
424.000000  425.000000  0.002325 
425.000000  426.000000  0.002326 
426.000000  427.000000  0.002326 
427.000000  428.000000  0.002327 
428.000000  429.000000  0.002328 
429.000000  430.000000  0.002328 
430.000000  431.000000  0.002329 
431.000000  432.000000  0.002330 
432.000000  433.000000  0.002330 
433.000000  434.000000  0.002331 
434.000000  435.000000  0.002332 
435.000000  436.000000  0.002332 
436.000000  437.000000  0.002333 
437.000000  438.000000  0.002334 
438.000000  439.000000  0.002334 
439.000000  440.000000  0.002335 
440.000000  441.000000  0.002335 
441.000000  442.000000  0.002336 
442.000000  443.000000  0.002336 
443.000000  444.000000  0.002337 
444.000000  445.000000  0.002338 
445.000000  446.000000  0.002338 
446.000000  447.000000  0.002339 
447.000000  448.000000  0.002339 
448.000000  449.000000  0.002340 
449.000000  450.000000  0.002340 
450.000000  451.000000  0.002340 
451.000000  452.000000  0.002341 
452.000000  453.000000  0.002341 
453.000000  454.000000  0.002342 
454.000000  455.000000  0.002342 
455.000000  456.000000  0.002343 
456.000000  457.000000  0.002343 
457.000000  458.000000  0.002343 
458.000000  459.000000  0.002344 
459.000000  460.000000  0.002344 
460.000000  461.000000  0.002344 
461.000000  462.000000  0.002345 
462.000000  463.000000  0.002345 
463.000000  464.000000  0.002345 
464.000000  465.000000  0.002346 
465.000000  466.000000  0.002346 
466.000000  467.000000  0.002346 
467.000000  468.000000  0.002347 
468.000000  469.000000  0.002347 
469.000000  470.000000  0.002347 
470.000000  471.000000  0.002347 
471.000000  472.000000  0.002348 
472.000000  473.000000  0.002348 
473.000000  474.000000  0.002348 
474.000000  475.000000  0.002348 
475.000000  476.000000  0.002349 
476.000000  477.000000  0.002349 
477.000000  478.000000  0.002349 
478.000000  479.000000  0.002349 
479.000000  480.000000  0.002349 
480.000000  481.000000  0.002349 
481.000000  482.000000  0.002350 
482.000000  483.000000  0.002350 
483.000000  484.000000  0.002350 
484.000000  485.000000  0.002350 
485.000000  486.000000  0.002350 
486.000000  487.000000  0.002350 
487.000000  488.000000  0.002350 
488.000000  489.000000  0.002350 
489.000000  490.000000  0.002350 
490.000000  491.000000  0.002350 
491.000000  492.000000  0.002350 
492.000000  493.000000  0.002350 
493.000000  494.000000  0.002351 
494.000000  495.000000  0.002351 
495.000000  496.000000  0.002351 
496.000000  497.000000  0.002351 
497.000000  498.000000  0.002351 
498.000000  499.000000  0.002351 
499.000000  500.000000  0.002351 
500.000000  501.000000  0.002351 
501.000000  502.000000  0.002351 
502.000000  503.000000  0.002351 
503.000000  504.000000  0.002350 
504.000000  505.000000  0.002350 
505.000000  506.000000  0.002350 
506.000000  507.000000  0.002350 
507.000000  508.000000  0.002350 
508.000000  509.000000  0.002350 
509.000000  510.000000  0.002350 
510.000000  511.000000  0.002350 
511.000000  512.000000  0.002350 
512.000000  513.000000  0.002350 
513.000000  514.000000  0.002350 
514.000000  515.000000  0.002350 
515.000000  516.000000  0.002349 
516.000000  517.000000  0.002349 
517.000000  518.000000  0.002349 
518.000000  519.000000  0.002349 
519.000000  520.000000  0.002349 
520.000000  521.000000  0.002349 
521.000000  522.000000  0.002349 
522.000000  523.000000  0.002348 
523.000000  524.000000  0.002348 
524.000000  525.000000  0.002348 
525.000000  526.000000  0.002348 
526.000000  527.000000  0.002348 
527.000000  528.000000  0.002347 
528.000000  529.000000  0.002347 
529.000000  530.000000  0.002347 
530.000000  531.000000  0.002347 
531.000000  532.000000  0.002347 
532.000000  533.000000  0.002346 
533.000000  534.000000  0.002346 
534.000000  535.000000  0.002346 
535.000000  536.000000  0.002346 
536.000000  537.000000  0.002345 
537.000000  538.000000  0.002345 
538.000000  539.000000  0.002345 
539.000000  540.000000  0.002345 
540.000000  541.000000  0.002344 
541.000000  542.000000  0.002344 
542.000000  543.000000  0.002344 
543.000000  544.000000  0.002344 
544.000000  545.000000  0.002343 
545.000000  546.000000  0.002343 
546.000000  547.000000  0.002343 
547.000000  548.000000  0.002343 
548.000000  549.000000  0.002342 
549.000000  550.000000  0.002342 
550.000000  551.000000  0.002342 
551.000000  552.000000  0.002341 
552.000000  553.000000  0.002341 
553.000000  554.000000  0.002341 
554.000000  555.000000  0.002341 
555.000000  556.000000  0.002340 
556.000000  557.000000  0.002340 
557.000000  558.000000  0.002340 
558.000000  559.000000  0.002339 
559.000000  560.000000  0.002339 
560.000000  561.000000  0.002339 
561.000000  562.000000  0.002338 
562.000000  563.000000  0.002338 
563.000000  564.000000  0.002338 
564.000000  565.000000  0.002337 
565.000000  566.000000  0.002337 
566.000000  567.000000  0.002337 
567.000000  568.000000  0.002336 
568.000000  569.000000  0.002336 
569.000000  570.000000  0.002336 
570.000000  571.000000  0.002335 
571.000000  572.000000  0.002335 
572.000000  573.000000  0.002335 
573.000000  574.000000  0.002334 
574.000000  575.000000  0.002334 
575.000000  576.000000  0.002333 
576.000000  577.000000  0.002333 
577.000000  578.000000  0.002333 
578.000000  579.000000  0.002332 
579.000000  580.000000  0.002332 
580.000000  581.000000  0.002332 
581.000000  582.000000  0.002331 
582.000000  583.000000  0.002331 
583.000000  584.000000  0.002331 
584.000000  585.000000  0.002330 
585.000000  586.000000  0.002330 
586.000000  587.000000  0.002329 
587.000000  588.000000  0.002329 
588.000000  589.000000  0.002329 
589.000000  590.000000  0.002328 
590.000000  591.000000  0.002328 
591.000000  592.000000  0.002328 
592.000000  593.000000  0.002327 
593.000000  594.000000  0.002327 
594.000000  595.000000  0.002326 
595.000000  596.000000  0.002326 
596.000000  597.000000  0.002326 
597.000000  598.000000  0.002325 
598.000000  599.000000  0.002325 
599.000000  600.000000  0.002324 
600.000000  601.000000  0.002324 
601.000000  602.000000  0.002324 
602.000000  603.000000  0.002323 
603.000000  604.000000  0.002323 
604.000000  605.000000  0.002323 
605.000000  606.000000  0.002322 
606.000000  607.000000  0.002322 
607.000000  608.000000  0.002321 
608.000000  609.000000  0.002321 
609.000000  610.000000  0.002321 
610.000000  611.000000  0.002320 
611.000000  612.000000  0.002320 
612.000000  613.000000  0.002319 
613.000000  614.000000  0.002319 
614.000000  615.000000  0.002319 
615.000000  616.000000  0.002318 
616.000000  617.000000  0.002318 
617.000000  618.000000  0.002317 
618.000000  619.000000  0.002317 
619.000000  620.000000  0.002317 
620.000000  621.000000  0.002316 
621.000000  622.000000  0.002316 
622.000000  623.000000  0.002315 
623.000000  624.000000  0.002315 
624.000000  625.000000  0.002315 
625.000000  626.000000  0.002314 
626.000000  627.000000  0.002314 
627.000000  628.000000  0.002313 
628.000000  629.000000  0.002313 
629.000000  630.000000  0.002313 
630.000000  631.000000  0.002312 
631.000000  632.000000  0.002312 
632.000000  633.000000  0.002312 
633.000000  634.000000  0.002311 
634.000000  635.000000  0.002311 
635.000000  636.000000  0.002310 
636.000000  637.000000  0.002310 
637.000000  638.000000  0.002310 
638.000000  639.000000  0.002309 
639.000000  640.000000  0.002309 
640.000000  641.000000  0.002308 
641.000000  642.000000  0.002308 
642.000000  643.000000  0.002308 
643.000000  644.000000  0.002307 
644.000000  645.000000  0.002307 
645.000000  646.000000  0.002306 
646.000000  647.000000  0.002306 
647.000000  648.000000  0.002306 
648.000000  649.000000  0.002305 
649.000000  650.000000  0.002305 
650.000000  651.000000  0.002305 
651.000000  652.000000  0.002304 
652.000000  653.000000  0.002304 
653.000000  654.000000  0.002303 
654.000000  655.000000  0.002303 
655.000000  656.000000  0.002303 
656.000000  657.000000  0.002302 
657.000000  658.000000  0.002302 
658.000000  659.000000  0.002302 
659.000000  660.000000  0.002301 
660.000000  661.000000  0.002301 
661.000000  662.000000  0.002300 
662.000000  663.000000  0.002300 
663.000000  664.000000  0.002300 
664.000000  665.000000  0.002299 
665.000000  666.000000  0.002299 
666.000000  667.000000  0.002299 
667.000000  668.000000  0.002298 
668.000000  669.000000  0.002298 
669.000000  670.000000  0.002297 
670.000000  671.000000  0.002297 
671.000000  672.000000  0.002297 
672.000000  673.000000  0.002296 
673.000000  674.000000  0.002296 
674.000000  675.000000  0.002296 
675.000000  676.000000  0.002295 
676.000000  677.000000  0.002295 
677.000000  678.000000  0.002295 
678.000000  679.000000  0.002294 
679.000000  680.000000  0.002294 
680.000000  681.000000  0.002293 
681.000000  682.000000  0.002293 
682.000000  683.000000  0.002293 
683.000000  684.000000  0.002292 
684.000000  685.000000  0.002292 
685.000000  686.000000  0.002292 
686.000000  687.000000  0.002291 
687.000000  688.000000  0.002291 
688.000000  689.000000  0.002291 
689.000000  690.000000  0.002290 
690.000000  691.000000  0.002290 
691.000000  692.000000  0.002290 
692.000000  693.000000  0.002289 
693.000000  694.000000  0.002289 
694.000000  695.000000  0.002289 
695.000000  696.000000  0.002288 
696.000000  697.000000  0.002288 
697.000000  698.000000  0.002287 
698.000000  699.000000  0.002287 
699.000000  700.000000  0.002287 
700.000000  701.000000  0.002286 
701.000000  702.000000  0.002286 
702.000000  703.000000  0.002286 
703.000000  704.000000  0.002285 
704.000000  705.000000  0.002285 
705.000000  706.000000  0.002285 
706.000000  707.000000  0.002284 
707.000000  708.000000  0.002284 
708.000000  709.000000  0.002284 
709.000000  710.000000  0.002283 
710.000000  711.000000  0.002283 
711.000000  712.000000  0.002283 
712.000000  713.000000  0.002283 
713.000000  714.000000  0.002282 
714.000000  715.000000  0.002282 
715.000000  716.000000  0.002282 
716.000000  717.000000  0.002281 
717.000000  718.000000  0.002281 
718.000000  719.000000  0.002281 
719.000000  720.000000  0.002280 
720.000000  721.000000  0.002280 
721.000000  722.000000  0.002280 
722.000000  723.000000  0.002279 
723.000000  724.000000  0.002279 
724.000000  725.000000  0.002279 
725.000000  726.000000  0.002278 
726.000000  727.000000  0.002278 
727.000000  728.000000  0.002278 
728.000000  729.000000  0.002277 
729.000000  730.000000  0.002277 
730.000000  731.000000  0.002277 
731.000000  732.000000  0.002277 
732.000000  733.000000  0.002276 
733.000000  734.000000  0.002276 
734.000000  735.000000  0.002276 
735.000000  736.000000  0.002275 
736.000000  737.000000  0.002275 
737.000000  738.000000  0.002275 
738.000000  739.000000  0.002274 
739.000000  740.000000  0.002274 
740.000000  741.000000  0.002274 
741.000000  742.000000  0.002274 
742.000000  743.000000  0.002273 
743.000000  744.000000  0.002273 
744.000000  745.000000  0.002273 
745.000000  746.000000  0.002272 
746.000000  747.000000  0.002272 
747.000000  748.000000  0.002272 
748.000000  749.000000  0.002272 
749.000000  750.000000  0.002271 
750.000000  751.000000  0.002271 
751.000000  752.000000  0.002271 
752.000000  753.000000  0.002270 
753.000000  754.000000  0.002270 
754.000000  755.000000  0.002270 
755.000000  756.000000  0.002270 
756.000000  757.000000  0.002269 
757.000000  758.000000  0.002269 
758.000000  759.000000  0.002269 
759.000000  760.000000  0.002269 
760.000000  761.000000  0.002268 
761.000000  762.000000  0.002268 
762.000000  763.000000  0.002268 
763.000000  764.000000  0.002267 
764.000000  765.000000  0.002267 
765.000000  766.000000  0.002267 
766.000000  767.000000  0.002267 
767.000000  768.000000  0.002266 
768.000000  769.000000  0.002266 
769.000000  770.000000  0.002266 
770.000000  771.000000  0.002266 
771.000000  772.000000  0.002265 
772.000000  773.000000  0.002265 
773.000000  774.000000  0.002265 
774.000000  775.000000  0.002265 
775.000000  776.000000  0.002264 
776.000000  777.000000  0.002264 
777.000000  778.000000  0.002264 
778.000000  779.000000  0.002264 
779.000000  780.000000  0.002263 
780.000000  781.000000  0.002263 
781.000000  782.000000  0.002263 
782.000000  783.000000  0.002263 
783.000000  784.000000  0.002262 
784.000000  785.000000  0.002262 
785.000000  786.000000  0.002262 
786.000000  787.000000  0.002262 
787.000000  788.000000  0.002261 
788.000000  789.000000  0.002261 
789.000000  790.000000  0.002261 
790.000000  791.000000  0.002261 
791.000000  792.000000  0.002260 
792.000000  793.000000  0.002260 
793.000000  794.000000  0.002260 
794.000000  795.000000  0.002260 
795.000000  796.000000  0.002259 
796.000000  797.000000  0.002259 
797.000000  798.000000  0.002259 
798.000000  799.000000  0.002259 
799.000000  800.000000  0.002258 
