20.000000  21.000000  0.001154 
21.000000  22.000000  0.001290 
22.000000  23.000000  0.001427 
23.000000  24.000000  0.001562 
24.000000  25.000000  0.001695 
25.000000  26.000000  0.001825 
26.000000  27.000000  0.001951 
27.000000  28.000000  0.002072 
28.000000  29.000000  0.002188 
29.000000  30.000000  0.002298 
30.000000  31.000000  0.002402 
31.000000  32.000000  0.002500 
32.000000  33.000000  0.002593 
33.000000  34.000000  0.002680 
34.000000  35.000000  0.002762 
35.000000  36.000000  0.002839 
36.000000  37.000000  0.002911 
37.000000  38.000000  0.002979 
38.000000  39.000000  0.003043 
39.000000  40.000000  0.003103 
40.000000  41.000000  0.003160 
41.000000  42.000000  0.003214 
42.000000  43.000000  0.003266 
43.000000  44.000000  0.003314 
44.000000  45.000000  0.003361 
45.000000  46.000000  0.003406 
46.000000  47.000000  0.003449 
47.000000  48.000000  0.003490 
48.000000  49.000000  0.003530 
49.000000  50.000000  0.003568 
50.000000  51.000000  0.003605 
51.000000  52.000000  0.003640 
52.000000  53.000000  0.003675 
53.000000  54.000000  0.003708 
54.000000  55.000000  0.003741 
55.000000  56.000000  0.003772 
56.000000  57.000000  0.003802 
57.000000  58.000000  0.003831 
58.000000  59.000000  0.003859 
59.000000  60.000000  0.003885 
60.000000  61.000000  0.003911 
61.000000  62.000000  0.003936 
62.000000  63.000000  0.003959 
63.000000  64.000000  0.003982 
64.000000  65.000000  0.004003 
65.000000  66.000000  0.004023 
66.000000  67.000000  0.004043 
67.000000  68.000000  0.004061 
68.000000  69.000000  0.004077 
69.000000  70.000000  0.004093 
70.000000  71.000000  0.004108 
71.000000  72.000000  0.004121 
72.000000  73.000000  0.004134 
73.000000  74.000000  0.004145 
74.000000  75.000000  0.004155 
75.000000  76.000000  0.004164 
76.000000  77.000000  0.004171 
77.000000  78.000000  0.004178 
78.000000  79.000000  0.004184 
79.000000  80.000000  0.004188 
80.000000  81.000000  0.004192 
81.000000  82.000000  0.004194 
82.000000  83.000000  0.004195 
83.000000  84.000000  0.004196 
84.000000  85.000000  0.004195 
85.000000  86.000000  0.004193 
86.000000  87.000000  0.004191 
87.000000  88.000000  0.004187 
88.000000  89.000000  0.004183 
89.000000  90.000000  0.004178 
90.000000  91.000000  0.004172 
91.000000  92.000000  0.004165 
92.000000  93.000000  0.004157 
93.000000  94.000000  0.004148 
94.000000  95.000000  0.004139 
95.000000  96.000000  0.004129 
96.000000  97.000000  0.004119 
97.000000  98.000000  0.004107 
98.000000  99.000000  0.004095 
99.000000  100.000000  0.004083 
100.000000  101.000000  0.004070 
101.000000  102.000000  0.004057 
102.000000  103.000000  0.004043 
103.000000  104.000000  0.004028 
104.000000  105.000000  0.004013 
105.000000  106.000000  0.003998 
106.000000  107.000000  0.003983 
107.000000  108.000000  0.003967 
108.000000  109.000000  0.003950 
109.000000  110.000000  0.003934 
110.000000  111.000000  0.003917 
111.000000  112.000000  0.003900 
112.000000  113.000000  0.003883 
113.000000  114.000000  0.003866 
114.000000  115.000000  0.003849 
115.000000  116.000000  0.003831 
116.000000  117.000000  0.003814 
117.000000  118.000000  0.003796 
118.000000  119.000000  0.003779 
119.000000  120.000000  0.003761 
120.000000  121.000000  0.003743 
121.000000  122.000000  0.003726 
122.000000  123.000000  0.003708 
123.000000  124.000000  0.003691 
124.000000  125.000000  0.003674 
125.000000  126.000000  0.003656 
126.000000  127.000000  0.003639 
127.000000  128.000000  0.003622 
128.000000  129.000000  0.003606 
129.000000  130.000000  0.003589 
130.000000  131.000000  0.003573 
131.000000  132.000000  0.003556 
132.000000  133.000000  0.003540 
133.000000  134.000000  0.003525 
134.000000  135.000000  0.003509 
135.000000  136.000000  0.003494 
136.000000  137.000000  0.003479 
137.000000  138.000000  0.003464 
138.000000  139.000000  0.003449 
139.000000  140.000000  0.003435 
140.000000  141.000000  0.003421 
141.000000  142.000000  0.003407 
142.000000  143.000000  0.003394 
143.000000  144.000000  0.003381 
144.000000  145.000000  0.003368 
145.000000  146.000000  0.003355 
146.000000  147.000000  0.003343 
147.000000  148.000000  0.003331 
148.000000  149.000000  0.003319 
149.000000  150.000000  0.003307 
150.000000  151.000000  0.003296 
151.000000  152.000000  0.003285 
152.000000  153.000000  0.003275 
153.000000  154.000000  0.003264 
154.000000  155.000000  0.003254 
155.000000  156.000000  0.003244 
156.000000  157.000000  0.003235 
157.000000  158.000000  0.003226 
158.000000  159.000000  0.003217 
159.000000  160.000000  0.003208 
160.000000  161.000000  0.003200 
161.000000  162.000000  0.003192 
162.000000  163.000000  0.003184 
163.000000  164.000000  0.003176 
164.000000  165.000000  0.003169 
165.000000  166.000000  0.003161 
166.000000  167.000000  0.003155 
167.000000  168.000000  0.003148 
168.000000  169.000000  0.003141 
169.000000  170.000000  0.003135 
170.000000  171.000000  0.003129 
171.000000  172.000000  0.003123 
172.000000  173.000000  0.003118 
173.000000  174.000000  0.003112 
174.000000  175.000000  0.003107 
175.000000  176.000000  0.003102 
176.000000  177.000000  0.003097 
177.000000  178.000000  0.003093 
178.000000  179.000000  0.003088 
179.000000  180.000000  0.003084 
180.000000  181.000000  0.003080 
181.000000  182.000000  0.003076 
182.000000  183.000000  0.003072 
183.000000  184.000000  0.003069 
184.000000  185.000000  0.003065 
185.000000  186.000000  0.003062 
186.000000  187.000000  0.003059 
187.000000  188.000000  0.003056 
188.000000  189.000000  0.003053 
189.000000  190.000000  0.003050 
190.000000  191.000000  0.003047 
191.000000  192.000000  0.003045 
192.000000  193.000000  0.003042 
193.000000  194.000000  0.003040 
194.000000  195.000000  0.003038 
195.000000  196.000000  0.003035 
196.000000  197.000000  0.003033 
197.000000  198.000000  0.003031 
198.000000  199.000000  0.003030 
199.000000  200.000000  0.003028 
200.000000  201.000000  0.003026 
201.000000  202.000000  0.003024 
202.000000  203.000000  0.003023 
203.000000  204.000000  0.003021 
204.000000  205.000000  0.003020 
205.000000  206.000000  0.003018 
206.000000  207.000000  0.003017 
207.000000  208.000000  0.003016 
208.000000  209.000000  0.003015 
209.000000  210.000000  0.003014 
210.000000  211.000000  0.003012 
211.000000  212.000000  0.003011 
212.000000  213.000000  0.003010 
213.000000  214.000000  0.003009 
214.000000  215.000000  0.003008 
215.000000  216.000000  0.003007 
216.000000  217.000000  0.003007 
217.000000  218.000000  0.003006 
218.000000  219.000000  0.003005 
219.000000  220.000000  0.003004 
220.000000  221.000000  0.003003 
221.000000  222.000000  0.003003 
222.000000  223.000000  0.003002 
223.000000  224.000000  0.003001 
224.000000  225.000000  0.003000 
225.000000  226.000000  0.003000 
226.000000  227.000000  0.002999 
227.000000  228.000000  0.002998 
228.000000  229.000000  0.002998 
229.000000  230.000000  0.002997 
230.000000  231.000000  0.002997 
231.000000  232.000000  0.002996 
232.000000  233.000000  0.002995 
233.000000  234.000000  0.002995 
234.000000  235.000000  0.002994 
235.000000  236.000000  0.002994 
236.000000  237.000000  0.002993 
237.000000  238.000000  0.002993 
238.000000  239.000000  0.002992 
239.000000  240.000000  0.002992 
240.000000  241.000000  0.002991 
241.000000  242.000000  0.002991 
242.000000  243.000000  0.002990 
243.000000  244.000000  0.002990 
244.000000  245.000000  0.002989 
245.000000  246.000000  0.002989 
246.000000  247.000000  0.002988 
247.000000  248.000000  0.002988 
248.000000  249.000000  0.002987 
249.000000  250.000000  0.002987 
250.000000  251.000000  0.002986 
251.000000  252.000000  0.002986 
252.000000  253.000000  0.002985 
253.000000  254.000000  0.002985 
254.000000  255.000000  0.002984 
255.000000  256.000000  0.002984 
256.000000  257.000000  0.002983 
257.000000  258.000000  0.002983 
258.000000  259.000000  0.002983 
259.000000  260.000000  0.002982 
260.000000  261.000000  0.002982 
261.000000  262.000000  0.002981 
262.000000  263.000000  0.002981 
263.000000  264.000000  0.002980 
264.000000  265.000000  0.002980 
265.000000  266.000000  0.002980 
266.000000  267.000000  0.002979 
267.000000  268.000000  0.002979 
268.000000  269.000000  0.002979 
269.000000  270.000000  0.002978 
270.000000  271.000000  0.002978 
271.000000  272.000000  0.002978 
272.000000  273.000000  0.002977 
273.000000  274.000000  0.002977 
274.000000  275.000000  0.002977 
275.000000  276.000000  0.002976 
276.000000  277.000000  0.002976 
277.000000  278.000000  0.002976 
278.000000  279.000000  0.002976 
279.000000  280.000000  0.002975 
280.000000  281.000000  0.002975 
281.000000  282.000000  0.002975 
282.000000  283.000000  0.002975 
283.000000  284.000000  0.002975 
284.000000  285.000000  0.002975 
285.000000  286.000000  0.002974 
286.000000  287.000000  0.002974 
287.000000  288.000000  0.002974 
288.000000  289.000000  0.002974 
289.000000  290.000000  0.002974 
290.000000  291.000000  0.002974 
291.000000  292.000000  0.002974 
292.000000  293.000000  0.002974 
293.000000  294.000000  0.002974 
294.000000  295.000000  0.002974 
295.000000  296.000000  0.002974 
296.000000  297.000000  0.002974 
297.000000  298.000000  0.002974 
298.000000  299.000000  0.002974 
299.000000  300.000000  0.002974 
300.000000  301.000000  0.002974 
301.000000  302.000000  0.002975 
302.000000  303.000000  0.002975 
303.000000  304.000000  0.002975 
304.000000  305.000000  0.002975 
305.000000  306.000000  0.002975 
306.000000  307.000000  0.002976 
307.000000  308.000000  0.002976 
308.000000  309.000000  0.002976 
309.000000  310.000000  0.002976 
310.000000  311.000000  0.002977 
311.000000  312.000000  0.002977 
312.000000  313.000000  0.002977 
313.000000  314.000000  0.002978 
314.000000  315.000000  0.002978 
315.000000  316.000000  0.002979 
316.000000  317.000000  0.002979 
317.000000  318.000000  0.002980 
318.000000  319.000000  0.002980 
319.000000  320.000000  0.002981 
320.000000  321.000000  0.002981 
321.000000  322.000000  0.002982 
322.000000  323.000000  0.002982 
323.000000  324.000000  0.002983 
324.000000  325.000000  0.002983 
325.000000  326.000000  0.002984 
326.000000  327.000000  0.002985 
327.000000  328.000000  0.002985 
328.000000  329.000000  0.002986 
329.000000  330.000000  0.002987 
330.000000  331.000000  0.002988 
331.000000  332.000000  0.002988 
332.000000  333.000000  0.002989 
333.000000  334.000000  0.002990 
334.000000  335.000000  0.002991 
335.000000  336.000000  0.002991 
336.000000  337.000000  0.002992 
337.000000  338.000000  0.002993 
338.000000  339.000000  0.002994 
339.000000  340.000000  0.002995 
340.000000  341.000000  0.002996 
341.000000  342.000000  0.002997 
342.000000  343.000000  0.002998 
343.000000  344.000000  0.002998 
344.000000  345.000000  0.002999 
345.000000  346.000000  0.003000 
346.000000  347.000000  0.003001 
347.000000  348.000000  0.003002 
348.000000  349.000000  0.003003 
349.000000  350.000000  0.003004 
350.000000  351.000000  0.003006 
351.000000  352.000000  0.003007 
352.000000  353.000000  0.003008 
353.000000  354.000000  0.003009 
354.000000  355.000000  0.003010 
355.000000  356.000000  0.003011 
356.000000  357.000000  0.003012 
357.000000  358.000000  0.003013 
358.000000  359.000000  0.003014 
359.000000  360.000000  0.003016 
360.000000  361.000000  0.003017 
361.000000  362.000000  0.003018 
362.000000  363.000000  0.003019 
363.000000  364.000000  0.003020 
364.000000  365.000000  0.003022 
365.000000  366.000000  0.003023 
366.000000  367.000000  0.003024 
367.000000  368.000000  0.003025 
368.000000  369.000000  0.003027 
369.000000  370.000000  0.003028 
370.000000  371.000000  0.003029 
371.000000  372.000000  0.003030 
372.000000  373.000000  0.003032 
373.000000  374.000000  0.003033 
374.000000  375.000000  0.003034 
375.000000  376.000000  0.003036 
376.000000  377.000000  0.003037 
377.000000  378.000000  0.003038 
378.000000  379.000000  0.003040 
379.000000  380.000000  0.003041 
380.000000  381.000000  0.003042 
381.000000  382.000000  0.003044 
382.000000  383.000000  0.003045 
383.000000  384.000000  0.003047 
384.000000  385.000000  0.003048 
385.000000  386.000000  0.003049 
386.000000  387.000000  0.003051 
387.000000  388.000000  0.003052 
388.000000  389.000000  0.003054 
389.000000  390.000000  0.003055 
390.000000  391.000000  0.003056 
391.000000  392.000000  0.003058 
392.000000  393.000000  0.003059 
393.000000  394.000000  0.003061 
394.000000  395.000000  0.003062 
395.000000  396.000000  0.003063 
396.000000  397.000000  0.003065 
397.000000  398.000000  0.003066 
398.000000  399.000000  0.003068 
399.000000  400.000000  0.003069 
400.000000  401.000000  0.003071 
401.000000  402.000000  0.003072 
402.000000  403.000000  0.003074 
403.000000  404.000000  0.003075 
404.000000  405.000000  0.003076 
405.000000  406.000000  0.003078 
406.000000  407.000000  0.003079 
407.000000  408.000000  0.003081 
408.000000  409.000000  0.003082 
409.000000  410.000000  0.003084 
410.000000  411.000000  0.003085 
411.000000  412.000000  0.003087 
412.000000  413.000000  0.003088 
413.000000  414.000000  0.003089 
414.000000  415.000000  0.003091 
415.000000  416.000000  0.003092 
416.000000  417.000000  0.003094 
417.000000  418.000000  0.003095 
418.000000  419.000000  0.003097 
419.000000  420.000000  0.003098 
420.000000  421.000000  0.003100 
421.000000  422.000000  0.003101 
422.000000  423.000000  0.003102 
423.000000  424.000000  0.003104 
424.000000  425.000000  0.003105 
425.000000  426.000000  0.003107 
426.000000  427.000000  0.003108 
427.000000  428.000000  0.003110 
428.000000  429.000000  0.003111 
429.000000  430.000000  0.003112 
430.000000  431.000000  0.003114 
431.000000  432.000000  0.003115 
432.000000  433.000000  0.003117 
433.000000  434.000000  0.003118 
434.000000  435.000000  0.003120 
435.000000  436.000000  0.003121 
436.000000  437.000000  0.003122 
437.000000  438.000000  0.003124 
438.000000  439.000000  0.003125 
439.000000  440.000000  0.003127 
440.000000  441.000000  0.003128 
441.000000  442.000000  0.003129 
442.000000  443.000000  0.003131 
443.000000  444.000000  0.003132 
444.000000  445.000000  0.003133 
445.000000  446.000000  0.003135 
446.000000  447.000000  0.003136 
447.000000  448.000000  0.003138 
448.000000  449.000000  0.003139 
449.000000  450.000000  0.003140 
450.000000  451.000000  0.003142 
451.000000  452.000000  0.003143 
452.000000  453.000000  0.003144 
453.000000  454.000000  0.003146 
454.000000  455.000000  0.003147 
455.000000  456.000000  0.003148 
456.000000  457.000000  0.003150 
457.000000  458.000000  0.003151 
458.000000  459.000000  0.003152 
459.000000  460.000000  0.003154 
460.000000  461.000000  0.003155 
461.000000  462.000000  0.003156 
462.000000  463.000000  0.003158 
463.000000  464.000000  0.003159 
464.000000  465.000000  0.003160 
465.000000  466.000000  0.003161 
466.000000  467.000000  0.003163 
467.000000  468.000000  0.003164 
468.000000  469.000000  0.003165 
469.000000  470.000000  0.003167 
470.000000  471.000000  0.003168 
471.000000  472.000000  0.003169 
472.000000  473.000000  0.003170 
473.000000  474.000000  0.003172 
474.000000  475.000000  0.003173 
475.000000  476.000000  0.003174 
476.000000  477.000000  0.003175 
477.000000  478.000000  0.003177 
478.000000  479.000000  0.003178 
479.000000  480.000000  0.003179 
480.000000  481.000000  0.003180 
481.000000  482.000000  0.003181 
482.000000  483.000000  0.003183 
483.000000  484.000000  0.003184 
484.000000  485.000000  0.003185 
485.000000  486.000000  0.003186 
486.000000  487.000000  0.003187 
487.000000  488.000000  0.003189 
488.000000  489.000000  0.003190 
489.000000  490.000000  0.003191 
490.000000  491.000000  0.003192 
491.000000  492.000000  0.003193 
492.000000  493.000000  0.003194 
493.000000  494.000000  0.003196 
494.000000  495.000000  0.003197 
495.000000  496.000000  0.003198 
496.000000  497.000000  0.003199 
497.000000  498.000000  0.003200 
498.000000  499.000000  0.003201 
499.000000  500.000000  0.003202 
500.000000  501.000000  0.003203 
501.000000  502.000000  0.003205 
502.000000  503.000000  0.003206 
503.000000  504.000000  0.003207 
504.000000  505.000000  0.003208 
505.000000  506.000000  0.003209 
506.000000  507.000000  0.003210 
507.000000  508.000000  0.003211 
508.000000  509.000000  0.003212 
509.000000  510.000000  0.003213 
510.000000  511.000000  0.003214 
511.000000  512.000000  0.003215 
512.000000  513.000000  0.003216 
513.000000  514.000000  0.003217 
514.000000  515.000000  0.003218 
515.000000  516.000000  0.003220 
516.000000  517.000000  0.003221 
517.000000  518.000000  0.003222 
518.000000  519.000000  0.003223 
519.000000  520.000000  0.003224 
520.000000  521.000000  0.003225 
521.000000  522.000000  0.003226 
522.000000  523.000000  0.003227 
523.000000  524.000000  0.003228 
524.000000  525.000000  0.003229 
525.000000  526.000000  0.003230 
526.000000  527.000000  0.003231 
527.000000  528.000000  0.003232 
528.000000  529.000000  0.003233 
529.000000  530.000000  0.003234 
530.000000  531.000000  0.003235 
531.000000  532.000000  0.003235 
532.000000  533.000000  0.003236 
533.000000  534.000000  0.003237 
534.000000  535.000000  0.003238 
535.000000  536.000000  0.003239 
536.000000  537.000000  0.003240 
537.000000  538.000000  0.003241 
538.000000  539.000000  0.003242 
539.000000  540.000000  0.003243 
540.000000  541.000000  0.003244 
541.000000  542.000000  0.003245 
542.000000  543.000000  0.003246 
543.000000  544.000000  0.003247 
544.000000  545.000000  0.003248 
545.000000  546.000000  0.003248 
546.000000  547.000000  0.003249 
547.000000  548.000000  0.003250 
548.000000  549.000000  0.003251 
549.000000  550.000000  0.003252 
550.000000  551.000000  0.003253 
551.000000  552.000000  0.003254 
552.000000  553.000000  0.003255 
553.000000  554.000000  0.003255 
554.000000  555.000000  0.003256 
555.000000  556.000000  0.003257 
556.000000  557.000000  0.003258 
557.000000  558.000000  0.003259 
558.000000  559.000000  0.003260 
559.000000  560.000000  0.003261 
560.000000  561.000000  0.003261 
561.000000  562.000000  0.003262 
562.000000  563.000000  0.003263 
563.000000  564.000000  0.003264 
564.000000  565.000000  0.003265 
565.000000  566.000000  0.003265 
566.000000  567.000000  0.003266 
567.000000  568.000000  0.003267 
568.000000  569.000000  0.003268 
569.000000  570.000000  0.003269 
570.000000  571.000000  0.003269 
571.000000  572.000000  0.003270 
572.000000  573.000000  0.003271 
573.000000  574.000000  0.003272 
574.000000  575.000000  0.003273 
575.000000  576.000000  0.003273 
576.000000  577.000000  0.003274 
577.000000  578.000000  0.003275 
578.000000  579.000000  0.003276 
579.000000  580.000000  0.003276 
580.000000  581.000000  0.003277 
581.000000  582.000000  0.003278 
582.000000  583.000000  0.003279 
583.000000  584.000000  0.003279 
584.000000  585.000000  0.003280 
585.000000  586.000000  0.003281 
586.000000  587.000000  0.003282 
587.000000  588.000000  0.003282 
588.000000  589.000000  0.003283 
589.000000  590.000000  0.003284 
590.000000  591.000000  0.003284 
591.000000  592.000000  0.003285 
592.000000  593.000000  0.003286 
593.000000  594.000000  0.003287 
594.000000  595.000000  0.003287 
595.000000  596.000000  0.003288 
596.000000  597.000000  0.003289 
597.000000  598.000000  0.003289 
598.000000  599.000000  0.003290 
599.000000  600.000000  0.003291 
600.000000  601.000000  0.003291 
601.000000  602.000000  0.003292 
602.000000  603.000000  0.003293 
603.000000  604.000000  0.003293 
604.000000  605.000000  0.003294 
605.000000  606.000000  0.003295 
606.000000  607.000000  0.003295 
607.000000  608.000000  0.003296 
608.000000  609.000000  0.003297 
609.000000  610.000000  0.003297 
610.000000  611.000000  0.003298 
611.000000  612.000000  0.003299 
612.000000  613.000000  0.003299 
613.000000  614.000000  0.003300 
614.000000  615.000000  0.003300 
615.000000  616.000000  0.003301 
616.000000  617.000000  0.003302 
617.000000  618.000000  0.003302 
618.000000  619.000000  0.003303 
619.000000  620.000000  0.003304 
620.000000  621.000000  0.003304 
621.000000  622.000000  0.003305 
622.000000  623.000000  0.003305 
623.000000  624.000000  0.003306 
624.000000  625.000000  0.003307 
625.000000  626.000000  0.003307 
626.000000  627.000000  0.003308 
627.000000  628.000000  0.003308 
628.000000  629.000000  0.003309 
629.000000  630.000000  0.003310 
630.000000  631.000000  0.003310 
631.000000  632.000000  0.003311 
632.000000  633.000000  0.003311 
633.000000  634.000000  0.003312 
634.000000  635.000000  0.003312 
635.000000  636.000000  0.003313 
636.000000  637.000000  0.003313 
637.000000  638.000000  0.003314 
638.000000  639.000000  0.003315 
639.000000  640.000000  0.003315 
640.000000  641.000000  0.003316 
641.000000  642.000000  0.003316 
642.000000  643.000000  0.003317 
643.000000  644.000000  0.003317 
644.000000  645.000000  0.003318 
645.000000  646.000000  0.003318 
646.000000  647.000000  0.003319 
647.000000  648.000000  0.003319 
648.000000  649.000000  0.003320 
649.000000  650.000000  0.003320 
650.000000  651.000000  0.003321 
651.000000  652.000000  0.003322 
652.000000  653.000000  0.003322 
653.000000  654.000000  0.003323 
654.000000  655.000000  0.003323 
655.000000  656.000000  0.003324 
656.000000  657.000000  0.003324 
657.000000  658.000000  0.003325 
658.000000  659.000000  0.003325 
659.000000  660.000000  0.003326 
660.000000  661.000000  0.003326 
661.000000  662.000000  0.003327 
662.000000  663.000000  0.003327 
663.000000  664.000000  0.003327 
664.000000  665.000000  0.003328 
665.000000  666.000000  0.003328 
666.000000  667.000000  0.003329 
667.000000  668.000000  0.003329 
668.000000  669.000000  0.003330 
669.000000  670.000000  0.003330 
670.000000  671.000000  0.003331 
671.000000  672.000000  0.003331 
672.000000  673.000000  0.003332 
673.000000  674.000000  0.003332 
674.000000  675.000000  0.003333 
675.000000  676.000000  0.003333 
676.000000  677.000000  0.003334 
677.000000  678.000000  0.003334 
678.000000  679.000000  0.003334 
679.000000  680.000000  0.003335 
680.000000  681.000000  0.003335 
681.000000  682.000000  0.003336 
682.000000  683.000000  0.003336 
683.000000  684.000000  0.003337 
684.000000  685.000000  0.003337 
685.000000  686.000000  0.003337 
686.000000  687.000000  0.003338 
687.000000  688.000000  0.003338 
688.000000  689.000000  0.003339 
689.000000  690.000000  0.003339 
690.000000  691.000000  0.003340 
691.000000  692.000000  0.003340 
692.000000  693.000000  0.003340 
693.000000  694.000000  0.003341 
694.000000  695.000000  0.003341 
695.000000  696.000000  0.003342 
696.000000  697.000000  0.003342 
697.000000  698.000000  0.003342 
698.000000  699.000000  0.003343 
699.000000  700.000000  0.003343 
700.000000  701.000000  0.003344 
701.000000  702.000000  0.003344 
702.000000  703.000000  0.003344 
703.000000  704.000000  0.003345 
704.000000  705.000000  0.003345 
705.000000  706.000000  0.003346 
706.000000  707.000000  0.003346 
707.000000  708.000000  0.003346 
708.000000  709.000000  0.003347 
709.000000  710.000000  0.003347 
710.000000  711.000000  0.003347 
711.000000  712.000000  0.003348 
712.000000  713.000000  0.003348 
713.000000  714.000000  0.003349 
714.000000  715.000000  0.003349 
715.000000  716.000000  0.003349 
716.000000  717.000000  0.003350 
717.000000  718.000000  0.003350 
718.000000  719.000000  0.003350 
719.000000  720.000000  0.003351 
720.000000  721.000000  0.003351 
721.000000  722.000000  0.003351 
722.000000  723.000000  0.003352 
723.000000  724.000000  0.003352 
724.000000  725.000000  0.003352 
725.000000  726.000000  0.003353 
726.000000  727.000000  0.003353 
727.000000  728.000000  0.003353 
728.000000  729.000000  0.003354 
729.000000  730.000000  0.003354 
730.000000  731.000000  0.003354 
731.000000  732.000000  0.003355 
732.000000  733.000000  0.003355 
733.000000  734.000000  0.003355 
734.000000  735.000000  0.003356 
735.000000  736.000000  0.003356 
736.000000  737.000000  0.003356 
737.000000  738.000000  0.003357 
738.000000  739.000000  0.003357 
739.000000  740.000000  0.003357 
740.000000  741.000000  0.003358 
741.000000  742.000000  0.003358 
742.000000  743.000000  0.003358 
743.000000  744.000000  0.003359 
744.000000  745.000000  0.003359 
745.000000  746.000000  0.003359 
746.000000  747.000000  0.003360 
747.000000  748.000000  0.003360 
748.000000  749.000000  0.003360 
749.000000  750.000000  0.003360 
750.000000  751.000000  0.003361 
751.000000  752.000000  0.003361 
752.000000  753.000000  0.003361 
753.000000  754.000000  0.003362 
754.000000  755.000000  0.003362 
755.000000  756.000000  0.003362 
756.000000  757.000000  0.003362 
757.000000  758.000000  0.003363 
758.000000  759.000000  0.003363 
759.000000  760.000000  0.003363 
760.000000  761.000000  0.003364 
761.000000  762.000000  0.003364 
762.000000  763.000000  0.003364 
763.000000  764.000000  0.003364 
764.000000  765.000000  0.003365 
765.000000  766.000000  0.003365 
766.000000  767.000000  0.003365 
767.000000  768.000000  0.003366 
768.000000  769.000000  0.003366 
769.000000  770.000000  0.003366 
770.000000  771.000000  0.003366 
771.000000  772.000000  0.003367 
772.000000  773.000000  0.003367 
773.000000  774.000000  0.003367 
774.000000  775.000000  0.003367 
775.000000  776.000000  0.003368 
776.000000  777.000000  0.003368 
777.000000  778.000000  0.003368 
778.000000  779.000000  0.003368 
779.000000  780.000000  0.003369 
780.000000  781.000000  0.003369 
781.000000  782.000000  0.003369 
782.000000  783.000000  0.003369 
783.000000  784.000000  0.003370 
784.000000  785.000000  0.003370 
785.000000  786.000000  0.003370 
786.000000  787.000000  0.003370 
787.000000  788.000000  0.003371 
788.000000  789.000000  0.003371 
789.000000  790.000000  0.003371 
790.000000  791.000000  0.003371 
791.000000  792.000000  0.003372 
792.000000  793.000000  0.003372 
793.000000  794.000000  0.003372 
794.000000  795.000000  0.003372 
795.000000  796.000000  0.003373 
796.000000  797.000000  0.003373 
797.000000  798.000000  0.003373 
798.000000  799.000000  0.003373 
799.000000  800.000000  0.003374 
800.000000  801.000000  0.003374 
801.000000  802.000000  0.003374 
802.000000  803.000000  0.003374 
803.000000  804.000000  0.003374 
804.000000  805.000000  0.003375 
805.000000  806.000000  0.003375 
806.000000  807.000000  0.003375 
807.000000  808.000000  0.003375 
808.000000  809.000000  0.003376 
809.000000  810.000000  0.003376 
810.000000  811.000000  0.003376 
811.000000  812.000000  0.003376 
812.000000  813.000000  0.003376 
813.000000  814.000000  0.003377 
814.000000  815.000000  0.003377 
815.000000  816.000000  0.003377 
816.000000  817.000000  0.003377 
817.000000  818.000000  0.003377 
818.000000  819.000000  0.003378 
819.000000  820.000000  0.003378 
820.000000  821.000000  0.003378 
821.000000  822.000000  0.003378 
822.000000  823.000000  0.003378 
823.000000  824.000000  0.003379 
824.000000  825.000000  0.003379 
825.000000  826.000000  0.003379 
826.000000  827.000000  0.003379 
827.000000  828.000000  0.003379 
828.000000  829.000000  0.003380 
829.000000  830.000000  0.003380 
830.000000  831.000000  0.003380 
831.000000  832.000000  0.003380 
832.000000  833.000000  0.003380 
833.000000  834.000000  0.003381 
834.000000  835.000000  0.003381 
835.000000  836.000000  0.003381 
836.000000  837.000000  0.003381 
837.000000  838.000000  0.003381 
838.000000  839.000000  0.003381 
839.000000  840.000000  0.003382 
840.000000  841.000000  0.003382 
841.000000  842.000000  0.003382 
842.000000  843.000000  0.003382 
843.000000  844.000000  0.003382 
844.000000  845.000000  0.003383 
845.000000  846.000000  0.003383 
846.000000  847.000000  0.003383 
847.000000  848.000000  0.003383 
848.000000  849.000000  0.003383 
849.000000  850.000000  0.003383 
850.000000  851.000000  0.003384 
851.000000  852.000000  0.003384 
852.000000  853.000000  0.003384 
853.000000  854.000000  0.003384 
854.000000  855.000000  0.003384 
855.000000  856.000000  0.003384 
856.000000  857.000000  0.003385 
857.000000  858.000000  0.003385 
858.000000  859.000000  0.003385 
859.000000  860.000000  0.003385 
860.000000  861.000000  0.003385 
861.000000  862.000000  0.003385 
862.000000  863.000000  0.003386 
863.000000  864.000000  0.003386 
864.000000  865.000000  0.003386 
865.000000  866.000000  0.003386 
866.000000  867.000000  0.003386 
867.000000  868.000000  0.003386 
868.000000  869.000000  0.003387 
869.000000  870.000000  0.003387 
870.000000  871.000000  0.003387 
871.000000  872.000000  0.003387 
872.000000  873.000000  0.003387 
873.000000  874.000000  0.003387 
874.000000  875.000000  0.003387 
875.000000  876.000000  0.003388 
876.000000  877.000000  0.003388 
877.000000  878.000000  0.003388 
878.000000  879.000000  0.003388 
879.000000  880.000000  0.003388 
880.000000  881.000000  0.003388 
881.000000  882.000000  0.003389 
882.000000  883.000000  0.003389 
883.000000  884.000000  0.003389 
884.000000  885.000000  0.003389 
885.000000  886.000000  0.003389 
886.000000  887.000000  0.003389 
887.000000  888.000000  0.003389 
888.000000  889.000000  0.003390 
889.000000  890.000000  0.003390 
890.000000  891.000000  0.003390 
891.000000  892.000000  0.003390 
892.000000  893.000000  0.003390 
893.000000  894.000000  0.003390 
894.000000  895.000000  0.003390 
895.000000  896.000000  0.003390 
896.000000  897.000000  0.003391 
897.000000  898.000000  0.003391 
898.000000  899.000000  0.003391 
899.000000  900.000000  0.003391 
900.000000  901.000000  0.003391 
901.000000  902.000000  0.003391 
902.000000  903.000000  0.003391 
903.000000  904.000000  0.003392 
904.000000  905.000000  0.003392 
905.000000  906.000000  0.003392 
906.000000  907.000000  0.003392 
907.000000  908.000000  0.003392 
908.000000  909.000000  0.003392 
909.000000  910.000000  0.003392 
910.000000  911.000000  0.003392 
911.000000  912.000000  0.003393 
912.000000  913.000000  0.003393 
913.000000  914.000000  0.003393 
914.000000  915.000000  0.003393 
915.000000  916.000000  0.003393 
916.000000  917.000000  0.003393 
917.000000  918.000000  0.003393 
918.000000  919.000000  0.003393 
919.000000  920.000000  0.003393 
920.000000  921.000000  0.003394 
921.000000  922.000000  0.003394 
922.000000  923.000000  0.003394 
923.000000  924.000000  0.003394 
924.000000  925.000000  0.003394 
925.000000  926.000000  0.003394 
926.000000  927.000000  0.003394 
927.000000  928.000000  0.003394 
928.000000  929.000000  0.003394 
929.000000  930.000000  0.003395 
930.000000  931.000000  0.003395 
931.000000  932.000000  0.003395 
932.000000  933.000000  0.003395 
933.000000  934.000000  0.003395 
934.000000  935.000000  0.003395 
935.000000  936.000000  0.003395 
936.000000  937.000000  0.003395 
937.000000  938.000000  0.003395 
