20.000000  21.000000  -0.000000 
21.000000  22.000000  -0.000000 
22.000000  23.000000  -0.000000 
23.000000  24.000000  -0.000000 
24.000000  25.000000  -0.000000 
25.000000  26.000000  -0.000000 
26.000000  27.000000  -0.000000 
27.000000  28.000000  -0.000000 
28.000000  29.000000  -0.000000 
29.000000  30.000000  -0.000000 
30.000000  31.000000  -0.000000 
31.000000  32.000000  -0.000000 
32.000000  33.000000  -0.000000 
33.000000  34.000000  -0.000000 
34.000000  35.000000  -0.000000 
35.000000  36.000000  -0.000000 
36.000000  37.000000  -0.000000 
37.000000  38.000000  -0.000000 
38.000000  39.000000  -0.000000 
39.000000  40.000000  -0.000000 
40.000000  41.000000  -0.000000 
41.000000  42.000000  -0.000000 
42.000000  43.000000  -0.000000 
43.000000  44.000000  -0.000000 
44.000000  45.000000  -0.000000 
45.000000  46.000000  -0.000000 
46.000000  47.000000  -0.000000 
47.000000  48.000000  -0.000000 
48.000000  49.000000  -0.000000 
49.000000  50.000000  -0.000000 
50.000000  51.000000  -0.000000 
51.000000  52.000000  -0.000000 
52.000000  53.000000  -0.000000 
53.000000  54.000000  -0.000000 
54.000000  55.000000  -0.000000 
55.000000  56.000000  -0.000000 
56.000000  57.000000  -0.000000 
57.000000  58.000000  -0.000000 
58.000000  59.000000  -0.000000 
59.000000  60.000000  -0.000000 
60.000000  61.000000  -0.000000 
61.000000  62.000000  -0.000000 
62.000000  63.000000  -0.000000 
63.000000  64.000000  -0.000000 
64.000000  65.000000  -0.000000 
65.000000  66.000000  -0.000000 
66.000000  67.000000  -0.000000 
67.000000  68.000000  -0.000000 
68.000000  69.000000  -0.000000 
69.000000  70.000000  -0.000000 
70.000000  71.000000  -0.000000 
71.000000  72.000000  -0.000000 
72.000000  73.000000  -0.000000 
73.000000  74.000000  -0.000000 
74.000000  75.000000  -0.000000 
75.000000  76.000000  -0.000000 
76.000000  77.000000  -0.000000 
77.000000  78.000000  -0.000000 
78.000000  79.000000  -0.000000 
79.000000  80.000000  -0.000000 
80.000000  81.000000  -0.000000 
81.000000  82.000000  -0.000000 
82.000000  83.000000  -0.000000 
83.000000  84.000000  -0.000000 
84.000000  85.000000  -0.000000 
85.000000  86.000000  -0.000000 
86.000000  87.000000  -0.000001 
87.000000  88.000000  -0.000001 
88.000000  89.000000  -0.000001 
89.000000  90.000000  -0.000001 
90.000000  91.000000  -0.000001 
91.000000  92.000000  -0.000001 
92.000000  93.000000  -0.000001 
93.000000  94.000000  -0.000001 
94.000000  95.000000  -0.000001 
95.000000  96.000000  -0.000002 
96.000000  97.000000  -0.000002 
97.000000  98.000000  -0.000002 
98.000000  99.000000  -0.000002 
99.000000  100.000000  -0.000002 
100.000000  101.000000  -0.000003 
101.000000  102.000000  -0.000003 
102.000000  103.000000  -0.000003 
103.000000  104.000000  -0.000003 
104.000000  105.000000  -0.000003 
105.000000  106.000000  -0.000004 
106.000000  107.000000  -0.000004 
107.000000  108.000000  -0.000004 
108.000000  109.000000  -0.000004 
109.000000  110.000000  -0.000004 
110.000000  111.000000  -0.000005 
111.000000  112.000000  -0.000005 
112.000000  113.000000  -0.000005 
113.000000  114.000000  -0.000005 
114.000000  115.000000  -0.000005 
115.000000  116.000000  -0.000005 
116.000000  117.000000  -0.000005 
117.000000  118.000000  -0.000005 
118.000000  119.000000  -0.000005 
119.000000  120.000000  -0.000005 
120.000000  121.000000  -0.000005 
121.000000  122.000000  -0.000005 
122.000000  123.000000  -0.000005 
123.000000  124.000000  -0.000005 
124.000000  125.000000  -0.000005 
125.000000  126.000000  -0.000004 
126.000000  127.000000  -0.000004 
127.000000  128.000000  -0.000004 
128.000000  129.000000  -0.000003 
129.000000  130.000000  -0.000003 
130.000000  131.000000  -0.000002 
131.000000  132.000000  -0.000002 
132.000000  133.000000  -0.000001 
133.000000  134.000000  -0.000000 
134.000000  135.000000  0.000001 
135.000000  136.000000  0.000002 
136.000000  137.000000  0.000003 
137.000000  138.000000  0.000004 
138.000000  139.000000  0.000005 
139.000000  140.000000  0.000006 
140.000000  141.000000  0.000008 
141.000000  142.000000  0.000009 
142.000000  143.000000  0.000010 
143.000000  144.000000  0.000012 
144.000000  145.000000  0.000014 
145.000000  146.000000  0.000015 
146.000000  147.000000  0.000017 
147.000000  148.000000  0.000019 
148.000000  149.000000  0.000021 
149.000000  150.000000  0.000023 
150.000000  151.000000  0.000026 
151.000000  152.000000  0.000028 
152.000000  153.000000  0.000030 
153.000000  154.000000  0.000033 
154.000000  155.000000  0.000036 
155.000000  156.000000  0.000038 
156.000000  157.000000  0.000041 
157.000000  158.000000  0.000044 
158.000000  159.000000  0.000047 
159.000000  160.000000  0.000050 
160.000000  161.000000  0.000053 
161.000000  162.000000  0.000056 
162.000000  163.000000  0.000060 
163.000000  164.000000  0.000063 
164.000000  165.000000  0.000067 
165.000000  166.000000  0.000070 
166.000000  167.000000  0.000074 
167.000000  168.000000  0.000078 
168.000000  169.000000  0.000081 
169.000000  170.000000  0.000085 
170.000000  171.000000  0.000089 
171.000000  172.000000  0.000093 
172.000000  173.000000  0.000097 
173.000000  174.000000  0.000102 
174.000000  175.000000  0.000106 
175.000000  176.000000  0.000110 
176.000000  177.000000  0.000115 
177.000000  178.000000  0.000119 
178.000000  179.000000  0.000124 
179.000000  180.000000  0.000128 
180.000000  181.000000  0.000133 
181.000000  182.000000  0.000138 
182.000000  183.000000  0.000143 
183.000000  184.000000  0.000148 
184.000000  185.000000  0.000153 
185.000000  186.000000  0.000157 
186.000000  187.000000  0.000163 
187.000000  188.000000  0.000168 
188.000000  189.000000  0.000173 
189.000000  190.000000  0.000178 
190.000000  191.000000  0.000183 
191.000000  192.000000  0.000188 
192.000000  193.000000  0.000194 
193.000000  194.000000  0.000199 
194.000000  195.000000  0.000204 
195.000000  196.000000  0.000210 
196.000000  197.000000  0.000215 
197.000000  198.000000  0.000220 
198.000000  199.000000  0.000226 
199.000000  200.000000  0.000231 
200.000000  201.000000  0.000237 
201.000000  202.000000  0.000242 
202.000000  203.000000  0.000248 
203.000000  204.000000  0.000253 
204.000000  205.000000  0.000259 
205.000000  206.000000  0.000264 
206.000000  207.000000  0.000270 
207.000000  208.000000  0.000275 
208.000000  209.000000  0.000281 
209.000000  210.000000  0.000286 
210.000000  211.000000  0.000292 
211.000000  212.000000  0.000297 
212.000000  213.000000  0.000303 
213.000000  214.000000  0.000308 
214.000000  215.000000  0.000314 
215.000000  216.000000  0.000319 
216.000000  217.000000  0.000324 
217.000000  218.000000  0.000330 
218.000000  219.000000  0.000335 
219.000000  220.000000  0.000340 
220.000000  221.000000  0.000346 
221.000000  222.000000  0.000351 
222.000000  223.000000  0.000356 
223.000000  224.000000  0.000361 
224.000000  225.000000  0.000366 
225.000000  226.000000  0.000371 
226.000000  227.000000  0.000376 
227.000000  228.000000  0.000381 
228.000000  229.000000  0.000386 
229.000000  230.000000  0.000391 
230.000000  231.000000  0.000396 
231.000000  232.000000  0.000401 
232.000000  233.000000  0.000405 
233.000000  234.000000  0.000410 
234.000000  235.000000  0.000414 
235.000000  236.000000  0.000419 
236.000000  237.000000  0.000423 
237.000000  238.000000  0.000428 
238.000000  239.000000  0.000432 
239.000000  240.000000  0.000436 
240.000000  241.000000  0.000440 
241.000000  242.000000  0.000444 
242.000000  243.000000  0.000448 
243.000000  244.000000  0.000452 
244.000000  245.000000  0.000456 
245.000000  246.000000  0.000459 
246.000000  247.000000  0.000463 
247.000000  248.000000  0.000467 
248.000000  249.000000  0.000470 
249.000000  250.000000  0.000473 
250.000000  251.000000  0.000477 
251.000000  252.000000  0.000480 
252.000000  253.000000  0.000483 
253.000000  254.000000  0.000486 
254.000000  255.000000  0.000489 
255.000000  256.000000  0.000491 
256.000000  257.000000  0.000494 
257.000000  258.000000  0.000497 
258.000000  259.000000  0.000499 
259.000000  260.000000  0.000501 
260.000000  261.000000  0.000504 
261.000000  262.000000  0.000506 
262.000000  263.000000  0.000508 
263.000000  264.000000  0.000510 
264.000000  265.000000  0.000512 
265.000000  266.000000  0.000514 
266.000000  267.000000  0.000515 
267.000000  268.000000  0.000517 
268.000000  269.000000  0.000518 
269.000000  270.000000  0.000520 
270.000000  271.000000  0.000521 
271.000000  272.000000  0.000522 
272.000000  273.000000  0.000523 
273.000000  274.000000  0.000524 
274.000000  275.000000  0.000525 
275.000000  276.000000  0.000526 
276.000000  277.000000  0.000526 
277.000000  278.000000  0.000527 
278.000000  279.000000  0.000528 
279.000000  280.000000  0.000528 
280.000000  281.000000  0.000528 
281.000000  282.000000  0.000528 
282.000000  283.000000  0.000529 
283.000000  284.000000  0.000529 
284.000000  285.000000  0.000528 
285.000000  286.000000  0.000528 
286.000000  287.000000  0.000528 
287.000000  288.000000  0.000528 
288.000000  289.000000  0.000527 
289.000000  290.000000  0.000527 
290.000000  291.000000  0.000526 
291.000000  292.000000  0.000525 
292.000000  293.000000  0.000525 
293.000000  294.000000  0.000524 
294.000000  295.000000  0.000523 
295.000000  296.000000  0.000522 
296.000000  297.000000  0.000521 
297.000000  298.000000  0.000520 
298.000000  299.000000  0.000518 
299.000000  300.000000  0.000517 
300.000000  301.000000  0.000516 
301.000000  302.000000  0.000514 
302.000000  303.000000  0.000513 
303.000000  304.000000  0.000511 
304.000000  305.000000  0.000509 
305.000000  306.000000  0.000508 
306.000000  307.000000  0.000506 
307.000000  308.000000  0.000504 
308.000000  309.000000  0.000502 
309.000000  310.000000  0.000500 
310.000000  311.000000  0.000498 
311.000000  312.000000  0.000496 
312.000000  313.000000  0.000494 
313.000000  314.000000  0.000492 
314.000000  315.000000  0.000490 
315.000000  316.000000  0.000487 
316.000000  317.000000  0.000485 
317.000000  318.000000  0.000482 
318.000000  319.000000  0.000480 
319.000000  320.000000  0.000478 
320.000000  321.000000  0.000475 
321.000000  322.000000  0.000472 
322.000000  323.000000  0.000470 
323.000000  324.000000  0.000467 
324.000000  325.000000  0.000464 
325.000000  326.000000  0.000462 
326.000000  327.000000  0.000459 
327.000000  328.000000  0.000456 
328.000000  329.000000  0.000453 
329.000000  330.000000  0.000450 
330.000000  331.000000  0.000448 
331.000000  332.000000  0.000445 
332.000000  333.000000  0.000442 
333.000000  334.000000  0.000439 
334.000000  335.000000  0.000436 
335.000000  336.000000  0.000433 
336.000000  337.000000  0.000430 
337.000000  338.000000  0.000427 
338.000000  339.000000  0.000423 
339.000000  340.000000  0.000420 
340.000000  341.000000  0.000417 
341.000000  342.000000  0.000414 
342.000000  343.000000  0.000411 
343.000000  344.000000  0.000408 
344.000000  345.000000  0.000405 
345.000000  346.000000  0.000401 
346.000000  347.000000  0.000398 
347.000000  348.000000  0.000395 
348.000000  349.000000  0.000392 
349.000000  350.000000  0.000389 
350.000000  351.000000  0.000385 
351.000000  352.000000  0.000382 
352.000000  353.000000  0.000379 
353.000000  354.000000  0.000376 
354.000000  355.000000  0.000372 
355.000000  356.000000  0.000369 
356.000000  357.000000  0.000366 
357.000000  358.000000  0.000363 
358.000000  359.000000  0.000359 
359.000000  360.000000  0.000356 
360.000000  361.000000  0.000353 
361.000000  362.000000  0.000350 
362.000000  363.000000  0.000346 
363.000000  364.000000  0.000343 
364.000000  365.000000  0.000340 
365.000000  366.000000  0.000337 
366.000000  367.000000  0.000334 
367.000000  368.000000  0.000330 
368.000000  369.000000  0.000327 
369.000000  370.000000  0.000324 
370.000000  371.000000  0.000321 
371.000000  372.000000  0.000318 
372.000000  373.000000  0.000314 
373.000000  374.000000  0.000311 
374.000000  375.000000  0.000308 
375.000000  376.000000  0.000305 
376.000000  377.000000  0.000302 
377.000000  378.000000  0.000299 
378.000000  379.000000  0.000296 
379.000000  380.000000  0.000293 
380.000000  381.000000  0.000290 
381.000000  382.000000  0.000287 
382.000000  383.000000  0.000283 
383.000000  384.000000  0.000280 
384.000000  385.000000  0.000277 
385.000000  386.000000  0.000275 
386.000000  387.000000  0.000272 
387.000000  388.000000  0.000269 
388.000000  389.000000  0.000266 
389.000000  390.000000  0.000263 
390.000000  391.000000  0.000260 
391.000000  392.000000  0.000257 
392.000000  393.000000  0.000254 
393.000000  394.000000  0.000251 
394.000000  395.000000  0.000248 
395.000000  396.000000  0.000246 
396.000000  397.000000  0.000243 
397.000000  398.000000  0.000240 
398.000000  399.000000  0.000237 
399.000000  400.000000  0.000235 
400.000000  401.000000  0.000232 
401.000000  402.000000  0.000229 
402.000000  403.000000  0.000227 
403.000000  404.000000  0.000224 
404.000000  405.000000  0.000221 
405.000000  406.000000  0.000219 
406.000000  407.000000  0.000216 
407.000000  408.000000  0.000214 
408.000000  409.000000  0.000211 
409.000000  410.000000  0.000209 
410.000000  411.000000  0.000206 
411.000000  412.000000  0.000204 
412.000000  413.000000  0.000201 
413.000000  414.000000  0.000199 
414.000000  415.000000  0.000196 
415.000000  416.000000  0.000194 
416.000000  417.000000  0.000192 
417.000000  418.000000  0.000189 
418.000000  419.000000  0.000187 
419.000000  420.000000  0.000185 
420.000000  421.000000  0.000182 
421.000000  422.000000  0.000180 
422.000000  423.000000  0.000178 
423.000000  424.000000  0.000176 
424.000000  425.000000  0.000173 
425.000000  426.000000  0.000171 
426.000000  427.000000  0.000169 
427.000000  428.000000  0.000167 
428.000000  429.000000  0.000165 
429.000000  430.000000  0.000163 
430.000000  431.000000  0.000161 
431.000000  432.000000  0.000159 
432.000000  433.000000  0.000157 
433.000000  434.000000  0.000155 
434.000000  435.000000  0.000153 
435.000000  436.000000  0.000151 
436.000000  437.000000  0.000149 
437.000000  438.000000  0.000147 
438.000000  439.000000  0.000145 
439.000000  440.000000  0.000143 
440.000000  441.000000  0.000141 
441.000000  442.000000  0.000139 
442.000000  443.000000  0.000138 
443.000000  444.000000  0.000136 
444.000000  445.000000  0.000134 
445.000000  446.000000  0.000132 
446.000000  447.000000  0.000130 
447.000000  448.000000  0.000129 
448.000000  449.000000  0.000127 
449.000000  450.000000  0.000125 
450.000000  451.000000  0.000124 
451.000000  452.000000  0.000122 
452.000000  453.000000  0.000120 
453.000000  454.000000  0.000119 
454.000000  455.000000  0.000117 
455.000000  456.000000  0.000116 
456.000000  457.000000  0.000114 
457.000000  458.000000  0.000113 
458.000000  459.000000  0.000111 
459.000000  460.000000  0.000110 
460.000000  461.000000  0.000108 
461.000000  462.000000  0.000107 
462.000000  463.000000  0.000105 
463.000000  464.000000  0.000104 
464.000000  465.000000  0.000102 
465.000000  466.000000  0.000101 
466.000000  467.000000  0.000100 
467.000000  468.000000  0.000098 
468.000000  469.000000  0.000097 
469.000000  470.000000  0.000095 
470.000000  471.000000  0.000094 
471.000000  472.000000  0.000093 
472.000000  473.000000  0.000092 
473.000000  474.000000  0.000090 
474.000000  475.000000  0.000089 
475.000000  476.000000  0.000088 
476.000000  477.000000  0.000087 
477.000000  478.000000  0.000085 
478.000000  479.000000  0.000084 
479.000000  480.000000  0.000083 
480.000000  481.000000  0.000082 
481.000000  482.000000  0.000081 
482.000000  483.000000  0.000080 
483.000000  484.000000  0.000079 
484.000000  485.000000  0.000077 
485.000000  486.000000  0.000076 
486.000000  487.000000  0.000075 
487.000000  488.000000  0.000074 
488.000000  489.000000  0.000073 
489.000000  490.000000  0.000072 
490.000000  491.000000  0.000071 
491.000000  492.000000  0.000070 
492.000000  493.000000  0.000069 
493.000000  494.000000  0.000068 
494.000000  495.000000  0.000067 
495.000000  496.000000  0.000066 
496.000000  497.000000  0.000065 
497.000000  498.000000  0.000064 
498.000000  499.000000  0.000063 
499.000000  500.000000  0.000063 
500.000000  501.000000  0.000062 
501.000000  502.000000  0.000061 
502.000000  503.000000  0.000060 
503.000000  504.000000  0.000059 
504.000000  505.000000  0.000058 
505.000000  506.000000  0.000057 
506.000000  507.000000  0.000057 
507.000000  508.000000  0.000056 
508.000000  509.000000  0.000055 
509.000000  510.000000  0.000054 
510.000000  511.000000  0.000053 
511.000000  512.000000  0.000053 
512.000000  513.000000  0.000052 
513.000000  514.000000  0.000051 
514.000000  515.000000  0.000050 
515.000000  516.000000  0.000050 
516.000000  517.000000  0.000049 
517.000000  518.000000  0.000048 
518.000000  519.000000  0.000048 
519.000000  520.000000  0.000047 
520.000000  521.000000  0.000046 
521.000000  522.000000  0.000046 
522.000000  523.000000  0.000045 
523.000000  524.000000  0.000044 
524.000000  525.000000  0.000044 
525.000000  526.000000  0.000043 
526.000000  527.000000  0.000042 
527.000000  528.000000  0.000042 
528.000000  529.000000  0.000041 
529.000000  530.000000  0.000041 
530.000000  531.000000  0.000040 
531.000000  532.000000  0.000039 
532.000000  533.000000  0.000039 
533.000000  534.000000  0.000038 
534.000000  535.000000  0.000038 
535.000000  536.000000  0.000037 
536.000000  537.000000  0.000037 
537.000000  538.000000  0.000036 
538.000000  539.000000  0.000036 
539.000000  540.000000  0.000035 
540.000000  541.000000  0.000034 
541.000000  542.000000  0.000034 
542.000000  543.000000  0.000033 
543.000000  544.000000  0.000033 
544.000000  545.000000  0.000033 
545.000000  546.000000  0.000032 
546.000000  547.000000  0.000032 
547.000000  548.000000  0.000031 
548.000000  549.000000  0.000031 
549.000000  550.000000  0.000030 
550.000000  551.000000  0.000030 
551.000000  552.000000  0.000029 
552.000000  553.000000  0.000029 
553.000000  554.000000  0.000028 
554.000000  555.000000  0.000028 
555.000000  556.000000  0.000028 
556.000000  557.000000  0.000027 
557.000000  558.000000  0.000027 
558.000000  559.000000  0.000026 
559.000000  560.000000  0.000026 
560.000000  561.000000  0.000026 
561.000000  562.000000  0.000025 
562.000000  563.000000  0.000025 
563.000000  564.000000  0.000025 
564.000000  565.000000  0.000024 
565.000000  566.000000  0.000024 
566.000000  567.000000  0.000024 
567.000000  568.000000  0.000023 
568.000000  569.000000  0.000023 
569.000000  570.000000  0.000022 
570.000000  571.000000  0.000022 
571.000000  572.000000  0.000022 
572.000000  573.000000  0.000022 
573.000000  574.000000  0.000021 
574.000000  575.000000  0.000021 
575.000000  576.000000  0.000021 
576.000000  577.000000  0.000020 
577.000000  578.000000  0.000020 
578.000000  579.000000  0.000020 
579.000000  580.000000  0.000019 
580.000000  581.000000  0.000019 
581.000000  582.000000  0.000019 
582.000000  583.000000  0.000019 
583.000000  584.000000  0.000018 
584.000000  585.000000  0.000018 
585.000000  586.000000  0.000018 
586.000000  587.000000  0.000018 
587.000000  588.000000  0.000017 
588.000000  589.000000  0.000017 
589.000000  590.000000  0.000017 
590.000000  591.000000  0.000017 
591.000000  592.000000  0.000016 
592.000000  593.000000  0.000016 
593.000000  594.000000  0.000016 
594.000000  595.000000  0.000016 
595.000000  596.000000  0.000015 
596.000000  597.000000  0.000015 
597.000000  598.000000  0.000015 
598.000000  599.000000  0.000015 
599.000000  600.000000  0.000014 
600.000000  601.000000  0.000014 
601.000000  602.000000  0.000014 
602.000000  603.000000  0.000014 
603.000000  604.000000  0.000014 
604.000000  605.000000  0.000013 
605.000000  606.000000  0.000013 
606.000000  607.000000  0.000013 
607.000000  608.000000  0.000013 
608.000000  609.000000  0.000013 
609.000000  610.000000  0.000013 
610.000000  611.000000  0.000012 
611.000000  612.000000  0.000012 
612.000000  613.000000  0.000012 
613.000000  614.000000  0.000012 
614.000000  615.000000  0.000012 
615.000000  616.000000  0.000011 
616.000000  617.000000  0.000011 
617.000000  618.000000  0.000011 
618.000000  619.000000  0.000011 
619.000000  620.000000  0.000011 
620.000000  621.000000  0.000011 
621.000000  622.000000  0.000011 
622.000000  623.000000  0.000010 
623.000000  624.000000  0.000010 
624.000000  625.000000  0.000010 
625.000000  626.000000  0.000010 
626.000000  627.000000  0.000010 
627.000000  628.000000  0.000010 
628.000000  629.000000  0.000009 
629.000000  630.000000  0.000009 
630.000000  631.000000  0.000009 
631.000000  632.000000  0.000009 
632.000000  633.000000  0.000009 
633.000000  634.000000  0.000009 
634.000000  635.000000  0.000009 
635.000000  636.000000  0.000009 
636.000000  637.000000  0.000008 
637.000000  638.000000  0.000008 
638.000000  639.000000  0.000008 
639.000000  640.000000  0.000008 
640.000000  641.000000  0.000008 
641.000000  642.000000  0.000008 
642.000000  643.000000  0.000008 
643.000000  644.000000  0.000008 
644.000000  645.000000  0.000008 
645.000000  646.000000  0.000007 
646.000000  647.000000  0.000007 
647.000000  648.000000  0.000007 
648.000000  649.000000  0.000007 
649.000000  650.000000  0.000007 
650.000000  651.000000  0.000007 
651.000000  652.000000  0.000007 
652.000000  653.000000  0.000007 
653.000000  654.000000  0.000007 
654.000000  655.000000  0.000007 
655.000000  656.000000  0.000006 
656.000000  657.000000  0.000006 
657.000000  658.000000  0.000006 
658.000000  659.000000  0.000006 
659.000000  660.000000  0.000006 
660.000000  661.000000  0.000006 
661.000000  662.000000  0.000006 
662.000000  663.000000  0.000006 
663.000000  664.000000  0.000006 
664.000000  665.000000  0.000006 
665.000000  666.000000  0.000006 
666.000000  667.000000  0.000006 
667.000000  668.000000  0.000006 
668.000000  669.000000  0.000005 
669.000000  670.000000  0.000005 
670.000000  671.000000  0.000005 
671.000000  672.000000  0.000005 
672.000000  673.000000  0.000005 
673.000000  674.000000  0.000005 
674.000000  675.000000  0.000005 
675.000000  676.000000  0.000005 
676.000000  677.000000  0.000005 
677.000000  678.000000  0.000005 
678.000000  679.000000  0.000005 
679.000000  680.000000  0.000005 
680.000000  681.000000  0.000005 
681.000000  682.000000  0.000005 
682.000000  683.000000  0.000005 
683.000000  684.000000  0.000004 
684.000000  685.000000  0.000004 
685.000000  686.000000  0.000004 
686.000000  687.000000  0.000004 
687.000000  688.000000  0.000004 
688.000000  689.000000  0.000004 
689.000000  690.000000  0.000004 
690.000000  691.000000  0.000004 
691.000000  692.000000  0.000004 
692.000000  693.000000  0.000004 
693.000000  694.000000  0.000004 
694.000000  695.000000  0.000004 
695.000000  696.000000  0.000004 
696.000000  697.000000  0.000004 
697.000000  698.000000  0.000004 
698.000000  699.000000  0.000004 
699.000000  700.000000  0.000004 
700.000000  701.000000  0.000004 
701.000000  702.000000  0.000004 
702.000000  703.000000  0.000004 
703.000000  704.000000  0.000003 
704.000000  705.000000  0.000003 
705.000000  706.000000  0.000003 
706.000000  707.000000  0.000003 
707.000000  708.000000  0.000003 
708.000000  709.000000  0.000003 
709.000000  710.000000  0.000003 
710.000000  711.000000  0.000003 
711.000000  712.000000  0.000003 
712.000000  713.000000  0.000003 
713.000000  714.000000  0.000003 
714.000000  715.000000  0.000003 
715.000000  716.000000  0.000003 
716.000000  717.000000  0.000003 
717.000000  718.000000  0.000003 
718.000000  719.000000  0.000003 
719.000000  720.000000  0.000003 
720.000000  721.000000  0.000003 
721.000000  722.000000  0.000003 
722.000000  723.000000  0.000003 
723.000000  724.000000  0.000003 
724.000000  725.000000  0.000003 
725.000000  726.000000  0.000003 
726.000000  727.000000  0.000003 
727.000000  728.000000  0.000003 
728.000000  729.000000  0.000003 
729.000000  730.000000  0.000003 
730.000000  731.000000  0.000003 
731.000000  732.000000  0.000003 
732.000000  733.000000  0.000002 
733.000000  734.000000  0.000002 
734.000000  735.000000  0.000002 
735.000000  736.000000  0.000002 
736.000000  737.000000  0.000002 
737.000000  738.000000  0.000002 
738.000000  739.000000  0.000002 
739.000000  740.000000  0.000002 
740.000000  741.000000  0.000002 
741.000000  742.000000  0.000002 
742.000000  743.000000  0.000002 
743.000000  744.000000  0.000002 
744.000000  745.000000  0.000002 
745.000000  746.000000  0.000002 
746.000000  747.000000  0.000002 
747.000000  748.000000  0.000002 
748.000000  749.000000  0.000002 
749.000000  750.000000  0.000002 
750.000000  751.000000  0.000002 
751.000000  752.000000  0.000002 
752.000000  753.000000  0.000002 
753.000000  754.000000  0.000002 
754.000000  755.000000  0.000002 
755.000000  756.000000  0.000002 
756.000000  757.000000  0.000002 
757.000000  758.000000  0.000002 
758.000000  759.000000  0.000002 
759.000000  760.000000  0.000002 
760.000000  761.000000  0.000002 
761.000000  762.000000  0.000002 
762.000000  763.000000  0.000002 
763.000000  764.000000  0.000002 
764.000000  765.000000  0.000002 
765.000000  766.000000  0.000002 
766.000000  767.000000  0.000002 
767.000000  768.000000  0.000002 
768.000000  769.000000  0.000002 
769.000000  770.000000  0.000002 
770.000000  771.000000  0.000002 
771.000000  772.000000  0.000002 
772.000000  773.000000  0.000002 
773.000000  774.000000  0.000002 
774.000000  775.000000  0.000002 
775.000000  776.000000  0.000002 
776.000000  777.000000  0.000002 
777.000000  778.000000  0.000002 
778.000000  779.000000  0.000002 
779.000000  780.000000  0.000002 
780.000000  781.000000  0.000002 
781.000000  782.000000  0.000002 
782.000000  783.000000  0.000002 
783.000000  784.000000  0.000002 
784.000000  785.000000  0.000002 
785.000000  786.000000  0.000002 
786.000000  787.000000  0.000002 
787.000000  788.000000  0.000002 
788.000000  789.000000  0.000002 
789.000000  790.000000  0.000002 
790.000000  791.000000  0.000002 
791.000000  792.000000  0.000002 
792.000000  793.000000  0.000002 
793.000000  794.000000  0.000002 
794.000000  795.000000  0.000002 
795.000000  796.000000  0.000002 
796.000000  797.000000  0.000002 
797.000000  798.000000  0.000002 
798.000000  799.000000  0.000002 
799.000000  800.000000  0.000002 
800.000000  801.000000  0.000002 
801.000000  802.000000  0.000002 
802.000000  803.000000  0.000002 
803.000000  804.000000  0.000001 
804.000000  805.000000  0.000001 
805.000000  806.000000  0.000001 
806.000000  807.000000  0.000001 
807.000000  808.000000  0.000001 
808.000000  809.000000  0.000001 
809.000000  810.000000  0.000001 
810.000000  811.000000  0.000001 
811.000000  812.000000  0.000001 
812.000000  813.000000  0.000001 
813.000000  814.000000  0.000001 
814.000000  815.000000  0.000001 
815.000000  816.000000  0.000001 
816.000000  817.000000  0.000001 
817.000000  818.000000  0.000001 
818.000000  819.000000  0.000001 
819.000000  820.000000  0.000001 
820.000000  821.000000  0.000001 
821.000000  822.000000  0.000001 
822.000000  823.000000  0.000001 
823.000000  824.000000  0.000001 
824.000000  825.000000  0.000001 
825.000000  826.000000  0.000001 
826.000000  827.000000  0.000001 
827.000000  828.000000  0.000001 
828.000000  829.000000  0.000001 
829.000000  830.000000  0.000001 
830.000000  831.000000  0.000001 
831.000000  832.000000  0.000001 
832.000000  833.000000  0.000001 
833.000000  834.000000  0.000001 
834.000000  835.000000  0.000001 
835.000000  836.000000  0.000001 
836.000000  837.000000  0.000001 
837.000000  838.000000  0.000001 
838.000000  839.000000  0.000001 
839.000000  840.000000  0.000001 
840.000000  841.000000  0.000001 
841.000000  842.000000  0.000001 
842.000000  843.000000  0.000001 
843.000000  844.000000  0.000001 
844.000000  845.000000  0.000001 
845.000000  846.000000  0.000001 
846.000000  847.000000  0.000001 
847.000000  848.000000  0.000001 
848.000000  849.000000  0.000001 
849.000000  850.000000  0.000001 
850.000000  851.000000  0.000001 
851.000000  852.000000  0.000001 
852.000000  853.000000  0.000001 
853.000000  854.000000  0.000001 
854.000000  855.000000  0.000001 
855.000000  856.000000  0.000001 
856.000000  857.000000  0.000001 
857.000000  858.000000  0.000001 
858.000000  859.000000  0.000001 
859.000000  860.000000  0.000001 
860.000000  861.000000  0.000001 
861.000000  862.000000  0.000001 
862.000000  863.000000  0.000001 
863.000000  864.000000  0.000001 
864.000000  865.000000  0.000001 
865.000000  866.000000  0.000001 
866.000000  867.000000  0.000001 
867.000000  868.000000  0.000001 
868.000000  869.000000  0.000001 
869.000000  870.000000  0.000001 
870.000000  871.000000  0.000001 
871.000000  872.000000  0.000001 
872.000000  873.000000  0.000001 
873.000000  874.000000  0.000001 
874.000000  875.000000  0.000001 
875.000000  876.000000  0.000001 
876.000000  877.000000  0.000001 
877.000000  878.000000  0.000001 
878.000000  879.000000  0.000001 
879.000000  880.000000  0.000001 
880.000000  881.000000  0.000001 
881.000000  882.000000  0.000001 
882.000000  883.000000  0.000001 
883.000000  884.000000  0.000001 
884.000000  885.000000  0.000001 
885.000000  886.000000  0.000001 
886.000000  887.000000  0.000001 
887.000000  888.000000  0.000001 
888.000000  889.000000  0.000001 
889.000000  890.000000  0.000001 
890.000000  891.000000  0.000001 
891.000000  892.000000  0.000001 
892.000000  893.000000  0.000001 
893.000000  894.000000  0.000001 
894.000000  895.000000  0.000001 
895.000000  896.000000  0.000001 
896.000000  897.000000  0.000001 
897.000000  898.000000  0.000001 
898.000000  899.000000  0.000001 
899.000000  900.000000  0.000001 
900.000000  901.000000  0.000001 
901.000000  902.000000  0.000002 
902.000000  903.000000  0.000002 
903.000000  904.000000  0.000002 
904.000000  905.000000  0.000002 
905.000000  906.000000  0.000002 
906.000000  907.000000  0.000002 
907.000000  908.000000  0.000002 
908.000000  909.000000  0.000002 
909.000000  910.000000  0.000002 
910.000000  911.000000  0.000002 
911.000000  912.000000  0.000002 
912.000000  913.000000  0.000002 
913.000000  914.000000  0.000002 
914.000000  915.000000  0.000002 
915.000000  916.000000  0.000002 
916.000000  917.000000  0.000002 
917.000000  918.000000  0.000002 
918.000000  919.000000  0.000002 
919.000000  920.000000  0.000002 
920.000000  921.000000  0.000002 
921.000000  922.000000  0.000002 
922.000000  923.000000  0.000002 
923.000000  924.000000  0.000002 
924.000000  925.000000  0.000002 
925.000000  926.000000  0.000002 
926.000000  927.000000  0.000002 
927.000000  928.000000  0.000002 
928.000000  929.000000  0.000002 
929.000000  930.000000  0.000002 
930.000000  931.000000  0.000002 
931.000000  932.000000  0.000002 
932.000000  933.000000  0.000002 
933.000000  934.000000  0.000002 
934.000000  935.000000  0.000002 
935.000000  936.000000  0.000002 
936.000000  937.000000  0.000002 
937.000000  938.000000  0.000002 
