20.000000  21.000000  0.000386 
21.000000  22.000000  0.000438 
22.000000  23.000000  0.000492 
23.000000  24.000000  0.000548 
24.000000  25.000000  0.000606 
25.000000  26.000000  0.000665 
26.000000  27.000000  0.000726 
27.000000  28.000000  0.000787 
28.000000  29.000000  0.000850 
29.000000  30.000000  0.000913 
30.000000  31.000000  0.000977 
31.000000  32.000000  0.001041 
32.000000  33.000000  0.001106 
33.000000  34.000000  0.001171 
34.000000  35.000000  0.001236 
35.000000  36.000000  0.001301 
36.000000  37.000000  0.001367 
37.000000  38.000000  0.001432 
38.000000  39.000000  0.001498 
39.000000  40.000000  0.001563 
40.000000  41.000000  0.001628 
41.000000  42.000000  0.001692 
42.000000  43.000000  0.001756 
43.000000  44.000000  0.001819 
44.000000  45.000000  0.001882 
45.000000  46.000000  0.001944 
46.000000  47.000000  0.002005 
47.000000  48.000000  0.002065 
48.000000  49.000000  0.002124 
49.000000  50.000000  0.002182 
50.000000  51.000000  0.002239 
51.000000  52.000000  0.002294 
52.000000  53.000000  0.002349 
53.000000  54.000000  0.002401 
54.000000  55.000000  0.002453 
55.000000  56.000000  0.002503 
56.000000  57.000000  0.002552 
57.000000  58.000000  0.002599 
58.000000  59.000000  0.002645 
59.000000  60.000000  0.002690 
60.000000  61.000000  0.002733 
61.000000  62.000000  0.002775 
62.000000  63.000000  0.002815 
63.000000  64.000000  0.002854 
64.000000  65.000000  0.002892 
65.000000  66.000000  0.002928 
66.000000  67.000000  0.002963 
67.000000  68.000000  0.002997 
68.000000  69.000000  0.003029 
69.000000  70.000000  0.003060 
70.000000  71.000000  0.003091 
71.000000  72.000000  0.003120 
72.000000  73.000000  0.003148 
73.000000  74.000000  0.003174 
74.000000  75.000000  0.003200 
75.000000  76.000000  0.003225 
76.000000  77.000000  0.003249 
77.000000  78.000000  0.003272 
78.000000  79.000000  0.003295 
79.000000  80.000000  0.003316 
80.000000  81.000000  0.003337 
81.000000  82.000000  0.003356 
82.000000  83.000000  0.003375 
83.000000  84.000000  0.003394 
84.000000  85.000000  0.003412 
85.000000  86.000000  0.003429 
86.000000  87.000000  0.003445 
87.000000  88.000000  0.003461 
88.000000  89.000000  0.003477 
89.000000  90.000000  0.003492 
90.000000  91.000000  0.003506 
91.000000  92.000000  0.003520 
92.000000  93.000000  0.003534 
93.000000  94.000000  0.003547 
94.000000  95.000000  0.003560 
95.000000  96.000000  0.003573 
96.000000  97.000000  0.003585 
97.000000  98.000000  0.003597 
98.000000  99.000000  0.003608 
99.000000  100.000000  0.003620 
100.000000  101.000000  0.003631 
101.000000  102.000000  0.003642 
102.000000  103.000000  0.003653 
103.000000  104.000000  0.003663 
104.000000  105.000000  0.003674 
105.000000  106.000000  0.003684 
106.000000  107.000000  0.003694 
107.000000  108.000000  0.003704 
108.000000  109.000000  0.003715 
109.000000  110.000000  0.003725 
110.000000  111.000000  0.003735 
111.000000  112.000000  0.003744 
112.000000  113.000000  0.003754 
113.000000  114.000000  0.003764 
114.000000  115.000000  0.003774 
115.000000  116.000000  0.003784 
116.000000  117.000000  0.003794 
117.000000  118.000000  0.003804 
118.000000  119.000000  0.003814 
119.000000  120.000000  0.003824 
120.000000  121.000000  0.003834 
121.000000  122.000000  0.003845 
122.000000  123.000000  0.003855 
123.000000  124.000000  0.003865 
124.000000  125.000000  0.003876 
125.000000  126.000000  0.003886 
126.000000  127.000000  0.003897 
127.000000  128.000000  0.003908 
128.000000  129.000000  0.003919 
129.000000  130.000000  0.003930 
130.000000  131.000000  0.003941 
131.000000  132.000000  0.003952 
132.000000  133.000000  0.003963 
133.000000  134.000000  0.003974 
134.000000  135.000000  0.003986 
135.000000  136.000000  0.003997 
136.000000  137.000000  0.004009 
137.000000  138.000000  0.004021 
138.000000  139.000000  0.004033 
139.000000  140.000000  0.004045 
140.000000  141.000000  0.004057 
141.000000  142.000000  0.004069 
142.000000  143.000000  0.004081 
143.000000  144.000000  0.004094 
144.000000  145.000000  0.004106 
145.000000  146.000000  0.004119 
146.000000  147.000000  0.004131 
147.000000  148.000000  0.004144 
148.000000  149.000000  0.004157 
149.000000  150.000000  0.004170 
150.000000  151.000000  0.004183 
151.000000  152.000000  0.004196 
152.000000  153.000000  0.004209 
153.000000  154.000000  0.004222 
154.000000  155.000000  0.004235 
155.000000  156.000000  0.004248 
156.000000  157.000000  0.004262 
157.000000  158.000000  0.004275 
158.000000  159.000000  0.004289 
159.000000  160.000000  0.004302 
160.000000  161.000000  0.004316 
161.000000  162.000000  0.004329 
162.000000  163.000000  0.004343 
163.000000  164.000000  0.004357 
164.000000  165.000000  0.004370 
165.000000  166.000000  0.004384 
166.000000  167.000000  0.004398 
167.000000  168.000000  0.004412 
168.000000  169.000000  0.004425 
169.000000  170.000000  0.004439 
170.000000  171.000000  0.004453 
171.000000  172.000000  0.004467 
172.000000  173.000000  0.004481 
173.000000  174.000000  0.004495 
174.000000  175.000000  0.004509 
175.000000  176.000000  0.004523 
176.000000  177.000000  0.004537 
177.000000  178.000000  0.004551 
178.000000  179.000000  0.004565 
179.000000  180.000000  0.004579 
180.000000  181.000000  0.004593 
181.000000  182.000000  0.004607 
182.000000  183.000000  0.004621 
183.000000  184.000000  0.004635 
184.000000  185.000000  0.004648 
185.000000  186.000000  0.004662 
186.000000  187.000000  0.004676 
187.000000  188.000000  0.004690 
188.000000  189.000000  0.004704 
189.000000  190.000000  0.004718 
190.000000  191.000000  0.004732 
191.000000  192.000000  0.004746 
192.000000  193.000000  0.004759 
193.000000  194.000000  0.004773 
194.000000  195.000000  0.004787 
195.000000  196.000000  0.004800 
196.000000  197.000000  0.004814 
197.000000  198.000000  0.004828 
198.000000  199.000000  0.004841 
199.000000  200.000000  0.004855 
200.000000  201.000000  0.004868 
201.000000  202.000000  0.004882 
202.000000  203.000000  0.004895 
203.000000  204.000000  0.004908 
204.000000  205.000000  0.004922 
205.000000  206.000000  0.004935 
206.000000  207.000000  0.004948 
207.000000  208.000000  0.004961 
208.000000  209.000000  0.004974 
209.000000  210.000000  0.004987 
210.000000  211.000000  0.005000 
211.000000  212.000000  0.005013 
212.000000  213.000000  0.005026 
213.000000  214.000000  0.005038 
214.000000  215.000000  0.005051 
215.000000  216.000000  0.005064 
216.000000  217.000000  0.005076 
217.000000  218.000000  0.005089 
218.000000  219.000000  0.005101 
219.000000  220.000000  0.005113 
220.000000  221.000000  0.005125 
221.000000  222.000000  0.005137 
222.000000  223.000000  0.005149 
223.000000  224.000000  0.005161 
224.000000  225.000000  0.005173 
225.000000  226.000000  0.005185 
226.000000  227.000000  0.005197 
227.000000  228.000000  0.005208 
228.000000  229.000000  0.005220 
229.000000  230.000000  0.005231 
230.000000  231.000000  0.005242 
231.000000  232.000000  0.005254 
232.000000  233.000000  0.005265 
233.000000  234.000000  0.005276 
234.000000  235.000000  0.005287 
235.000000  236.000000  0.005298 
236.000000  237.000000  0.005308 
237.000000  238.000000  0.005319 
238.000000  239.000000  0.005330 
239.000000  240.000000  0.005340 
240.000000  241.000000  0.005350 
241.000000  242.000000  0.005361 
242.000000  243.000000  0.005371 
243.000000  244.000000  0.005381 
244.000000  245.000000  0.005391 
245.000000  246.000000  0.005401 
246.000000  247.000000  0.005411 
247.000000  248.000000  0.005420 
248.000000  249.000000  0.005430 
249.000000  250.000000  0.005439 
250.000000  251.000000  0.005449 
251.000000  252.000000  0.005458 
252.000000  253.000000  0.005467 
253.000000  254.000000  0.005477 
254.000000  255.000000  0.005486 
255.000000  256.000000  0.005495 
256.000000  257.000000  0.005503 
257.000000  258.000000  0.005512 
258.000000  259.000000  0.005521 
259.000000  260.000000  0.005530 
260.000000  261.000000  0.005538 
261.000000  262.000000  0.005547 
262.000000  263.000000  0.005555 
263.000000  264.000000  0.005563 
264.000000  265.000000  0.005571 
265.000000  266.000000  0.005580 
266.000000  267.000000  0.005588 
267.000000  268.000000  0.005595 
268.000000  269.000000  0.005603 
269.000000  270.000000  0.005611 
270.000000  271.000000  0.005619 
271.000000  272.000000  0.005627 
272.000000  273.000000  0.005634 
273.000000  274.000000  0.005642 
274.000000  275.000000  0.005649 
275.000000  276.000000  0.005656 
276.000000  277.000000  0.005664 
277.000000  278.000000  0.005671 
278.000000  279.000000  0.005678 
279.000000  280.000000  0.005685 
280.000000  281.000000  0.005692 
281.000000  282.000000  0.005699 
282.000000  283.000000  0.005706 
283.000000  284.000000  0.005713 
284.000000  285.000000  0.005720 
285.000000  286.000000  0.005727 
286.000000  287.000000  0.005733 
287.000000  288.000000  0.005740 
288.000000  289.000000  0.005746 
289.000000  290.000000  0.005753 
290.000000  291.000000  0.005759 
291.000000  292.000000  0.005766 
292.000000  293.000000  0.005772 
293.000000  294.000000  0.005779 
294.000000  295.000000  0.005785 
295.000000  296.000000  0.005791 
296.000000  297.000000  0.005797 
297.000000  298.000000  0.005803 
298.000000  299.000000  0.005810 
299.000000  300.000000  0.005816 
300.000000  301.000000  0.005822 
301.000000  302.000000  0.005828 
302.000000  303.000000  0.005834 
303.000000  304.000000  0.005840 
304.000000  305.000000  0.005845 
305.000000  306.000000  0.005851 
306.000000  307.000000  0.005857 
307.000000  308.000000  0.005863 
308.000000  309.000000  0.005869 
309.000000  310.000000  0.005875 
310.000000  311.000000  0.005880 
311.000000  312.000000  0.005886 
312.000000  313.000000  0.005892 
313.000000  314.000000  0.005897 
314.000000  315.000000  0.005903 
315.000000  316.000000  0.005909 
316.000000  317.000000  0.005914 
317.000000  318.000000  0.005920 
318.000000  319.000000  0.005925 
319.000000  320.000000  0.005931 
320.000000  321.000000  0.005936 
321.000000  322.000000  0.005942 
322.000000  323.000000  0.005947 
323.000000  324.000000  0.005953 
324.000000  325.000000  0.005958 
325.000000  326.000000  0.005964 
326.000000  327.000000  0.005969 
327.000000  328.000000  0.005974 
328.000000  329.000000  0.005980 
329.000000  330.000000  0.005985 
330.000000  331.000000  0.005991 
331.000000  332.000000  0.005996 
332.000000  333.000000  0.006001 
333.000000  334.000000  0.006007 
334.000000  335.000000  0.006012 
335.000000  336.000000  0.006017 
336.000000  337.000000  0.006023 
337.000000  338.000000  0.006028 
338.000000  339.000000  0.006033 
339.000000  340.000000  0.006039 
340.000000  341.000000  0.006044 
341.000000  342.000000  0.006049 
342.000000  343.000000  0.006055 
343.000000  344.000000  0.006060 
344.000000  345.000000  0.006065 
345.000000  346.000000  0.006071 
346.000000  347.000000  0.006076 
347.000000  348.000000  0.006081 
348.000000  349.000000  0.006087 
349.000000  350.000000  0.006092 
350.000000  351.000000  0.006097 
351.000000  352.000000  0.006102 
352.000000  353.000000  0.006108 
353.000000  354.000000  0.006113 
354.000000  355.000000  0.006118 
355.000000  356.000000  0.006124 
356.000000  357.000000  0.006129 
357.000000  358.000000  0.006134 
358.000000  359.000000  0.006140 
359.000000  360.000000  0.006145 
360.000000  361.000000  0.006150 
361.000000  362.000000  0.006156 
362.000000  363.000000  0.006161 
363.000000  364.000000  0.006166 
364.000000  365.000000  0.006172 
365.000000  366.000000  0.006177 
366.000000  367.000000  0.006182 
367.000000  368.000000  0.006188 
368.000000  369.000000  0.006193 
369.000000  370.000000  0.006198 
370.000000  371.000000  0.006204 
371.000000  372.000000  0.006209 
372.000000  373.000000  0.006214 
373.000000  374.000000  0.006220 
374.000000  375.000000  0.006225 
375.000000  376.000000  0.006231 
376.000000  377.000000  0.006236 
377.000000  378.000000  0.006241 
378.000000  379.000000  0.006247 
379.000000  380.000000  0.006252 
380.000000  381.000000  0.006257 
381.000000  382.000000  0.006263 
382.000000  383.000000  0.006268 
383.000000  384.000000  0.006274 
384.000000  385.000000  0.006279 
385.000000  386.000000  0.006285 
386.000000  387.000000  0.006290 
387.000000  388.000000  0.006295 
388.000000  389.000000  0.006301 
389.000000  390.000000  0.006306 
390.000000  391.000000  0.006312 
391.000000  392.000000  0.006317 
392.000000  393.000000  0.006323 
393.000000  394.000000  0.006328 
394.000000  395.000000  0.006334 
395.000000  396.000000  0.006339 
396.000000  397.000000  0.006345 
397.000000  398.000000  0.006350 
398.000000  399.000000  0.006356 
399.000000  400.000000  0.006361 
400.000000  401.000000  0.006367 
401.000000  402.000000  0.006372 
402.000000  403.000000  0.006378 
403.000000  404.000000  0.006383 
404.000000  405.000000  0.006389 
405.000000  406.000000  0.006394 
406.000000  407.000000  0.006400 
407.000000  408.000000  0.006405 
408.000000  409.000000  0.006411 
409.000000  410.000000  0.006416 
410.000000  411.000000  0.006422 
411.000000  412.000000  0.006427 
412.000000  413.000000  0.006433 
413.000000  414.000000  0.006438 
414.000000  415.000000  0.006444 
415.000000  416.000000  0.006449 
416.000000  417.000000  0.006455 
417.000000  418.000000  0.006460 
418.000000  419.000000  0.006466 
419.000000  420.000000  0.006472 
420.000000  421.000000  0.006477 
421.000000  422.000000  0.006483 
422.000000  423.000000  0.006488 
423.000000  424.000000  0.006494 
424.000000  425.000000  0.006499 
425.000000  426.000000  0.006505 
426.000000  427.000000  0.006510 
427.000000  428.000000  0.006516 
428.000000  429.000000  0.006522 
429.000000  430.000000  0.006527 
430.000000  431.000000  0.006533 
431.000000  432.000000  0.006538 
432.000000  433.000000  0.006544 
433.000000  434.000000  0.006549 
434.000000  435.000000  0.006555 
435.000000  436.000000  0.006560 
436.000000  437.000000  0.006566 
437.000000  438.000000  0.006571 
438.000000  439.000000  0.006577 
439.000000  440.000000  0.006583 
440.000000  441.000000  0.006588 
441.000000  442.000000  0.006594 
442.000000  443.000000  0.006599 
443.000000  444.000000  0.006605 
444.000000  445.000000  0.006610 
445.000000  446.000000  0.006616 
446.000000  447.000000  0.006621 
447.000000  448.000000  0.006627 
448.000000  449.000000  0.006632 
449.000000  450.000000  0.006638 
450.000000  451.000000  0.006643 
451.000000  452.000000  0.006649 
452.000000  453.000000  0.006654 
453.000000  454.000000  0.006660 
454.000000  455.000000  0.006665 
455.000000  456.000000  0.006671 
456.000000  457.000000  0.006676 
457.000000  458.000000  0.006682 
458.000000  459.000000  0.006687 
459.000000  460.000000  0.006693 
460.000000  461.000000  0.006698 
461.000000  462.000000  0.006704 
462.000000  463.000000  0.006709 
463.000000  464.000000  0.006714 
464.000000  465.000000  0.006720 
465.000000  466.000000  0.006725 
466.000000  467.000000  0.006731 
467.000000  468.000000  0.006736 
468.000000  469.000000  0.006742 
469.000000  470.000000  0.006747 
470.000000  471.000000  0.006752 
471.000000  472.000000  0.006758 
472.000000  473.000000  0.006763 
473.000000  474.000000  0.006768 
474.000000  475.000000  0.006774 
475.000000  476.000000  0.006779 
476.000000  477.000000  0.006784 
477.000000  478.000000  0.006790 
478.000000  479.000000  0.006795 
479.000000  480.000000  0.006800 
480.000000  481.000000  0.006806 
481.000000  482.000000  0.006811 
482.000000  483.000000  0.006816 
483.000000  484.000000  0.006822 
484.000000  485.000000  0.006827 
485.000000  486.000000  0.006832 
486.000000  487.000000  0.006837 
487.000000  488.000000  0.006842 
488.000000  489.000000  0.006848 
489.000000  490.000000  0.006853 
490.000000  491.000000  0.006858 
491.000000  492.000000  0.006863 
492.000000  493.000000  0.006868 
493.000000  494.000000  0.006874 
494.000000  495.000000  0.006879 
495.000000  496.000000  0.006884 
496.000000  497.000000  0.006889 
497.000000  498.000000  0.006894 
498.000000  499.000000  0.006899 
499.000000  500.000000  0.006904 
500.000000  501.000000  0.006909 
501.000000  502.000000  0.006914 
502.000000  503.000000  0.006919 
503.000000  504.000000  0.006924 
504.000000  505.000000  0.006929 
505.000000  506.000000  0.006934 
506.000000  507.000000  0.006939 
507.000000  508.000000  0.006944 
508.000000  509.000000  0.006949 
509.000000  510.000000  0.006954 
510.000000  511.000000  0.006959 
511.000000  512.000000  0.006964 
512.000000  513.000000  0.006969 
513.000000  514.000000  0.006974 
514.000000  515.000000  0.006979 
515.000000  516.000000  0.006984 
516.000000  517.000000  0.006989 
517.000000  518.000000  0.006993 
518.000000  519.000000  0.006998 
519.000000  520.000000  0.007003 
520.000000  521.000000  0.007008 
521.000000  522.000000  0.007013 
522.000000  523.000000  0.007017 
523.000000  524.000000  0.007022 
524.000000  525.000000  0.007027 
525.000000  526.000000  0.007031 
526.000000  527.000000  0.007036 
527.000000  528.000000  0.007041 
528.000000  529.000000  0.007045 
529.000000  530.000000  0.007050 
530.000000  531.000000  0.007055 
531.000000  532.000000  0.007059 
532.000000  533.000000  0.007064 
533.000000  534.000000  0.007068 
534.000000  535.000000  0.007073 
535.000000  536.000000  0.007078 
536.000000  537.000000  0.007082 
537.000000  538.000000  0.007087 
538.000000  539.000000  0.007091 
539.000000  540.000000  0.007096 
540.000000  541.000000  0.007100 
541.000000  542.000000  0.007104 
542.000000  543.000000  0.007109 
543.000000  544.000000  0.007113 
544.000000  545.000000  0.007118 
545.000000  546.000000  0.007122 
546.000000  547.000000  0.007126 
547.000000  548.000000  0.007131 
548.000000  549.000000  0.007135 
549.000000  550.000000  0.007139 
550.000000  551.000000  0.007144 
551.000000  552.000000  0.007148 
552.000000  553.000000  0.007152 
553.000000  554.000000  0.007156 
554.000000  555.000000  0.007160 
555.000000  556.000000  0.007165 
556.000000  557.000000  0.007169 
557.000000  558.000000  0.007173 
558.000000  559.000000  0.007177 
559.000000  560.000000  0.007181 
560.000000  561.000000  0.007185 
561.000000  562.000000  0.007189 
562.000000  563.000000  0.007193 
563.000000  564.000000  0.007197 
564.000000  565.000000  0.007201 
565.000000  566.000000  0.007205 
566.000000  567.000000  0.007209 
567.000000  568.000000  0.007213 
568.000000  569.000000  0.007217 
569.000000  570.000000  0.007221 
570.000000  571.000000  0.007225 
571.000000  572.000000  0.007229 
572.000000  573.000000  0.007233 
573.000000  574.000000  0.007237 
574.000000  575.000000  0.007241 
575.000000  576.000000  0.007244 
576.000000  577.000000  0.007248 
577.000000  578.000000  0.007252 
578.000000  579.000000  0.007256 
579.000000  580.000000  0.007259 
580.000000  581.000000  0.007263 
581.000000  582.000000  0.007267 
582.000000  583.000000  0.007270 
583.000000  584.000000  0.007274 
584.000000  585.000000  0.007278 
585.000000  586.000000  0.007281 
586.000000  587.000000  0.007285 
587.000000  588.000000  0.007289 
588.000000  589.000000  0.007292 
589.000000  590.000000  0.007296 
590.000000  591.000000  0.007299 
591.000000  592.000000  0.007303 
592.000000  593.000000  0.007306 
593.000000  594.000000  0.007310 
594.000000  595.000000  0.007313 
595.000000  596.000000  0.007317 
596.000000  597.000000  0.007320 
597.000000  598.000000  0.007323 
598.000000  599.000000  0.007327 
599.000000  600.000000  0.007330 
600.000000  601.000000  0.007333 
601.000000  602.000000  0.007337 
602.000000  603.000000  0.007340 
603.000000  604.000000  0.007343 
604.000000  605.000000  0.007347 
605.000000  606.000000  0.007350 
606.000000  607.000000  0.007353 
607.000000  608.000000  0.007356 
608.000000  609.000000  0.007360 
609.000000  610.000000  0.007363 
610.000000  611.000000  0.007366 
611.000000  612.000000  0.007369 
612.000000  613.000000  0.007372 
613.000000  614.000000  0.007375 
614.000000  615.000000  0.007378 
615.000000  616.000000  0.007381 
616.000000  617.000000  0.007385 
617.000000  618.000000  0.007388 
618.000000  619.000000  0.007391 
619.000000  620.000000  0.007394 
620.000000  621.000000  0.007397 
621.000000  622.000000  0.007400 
622.000000  623.000000  0.007402 
623.000000  624.000000  0.007405 
624.000000  625.000000  0.007408 
625.000000  626.000000  0.007411 
626.000000  627.000000  0.007414 
627.000000  628.000000  0.007417 
628.000000  629.000000  0.007420 
629.000000  630.000000  0.007423 
630.000000  631.000000  0.007425 
631.000000  632.000000  0.007428 
632.000000  633.000000  0.007431 
633.000000  634.000000  0.007434 
634.000000  635.000000  0.007437 
635.000000  636.000000  0.007439 
636.000000  637.000000  0.007442 
637.000000  638.000000  0.007445 
638.000000  639.000000  0.007447 
639.000000  640.000000  0.007450 
640.000000  641.000000  0.007453 
641.000000  642.000000  0.007455 
642.000000  643.000000  0.007458 
643.000000  644.000000  0.007461 
644.000000  645.000000  0.007463 
645.000000  646.000000  0.007466 
646.000000  647.000000  0.007468 
647.000000  648.000000  0.007471 
648.000000  649.000000  0.007473 
649.000000  650.000000  0.007476 
650.000000  651.000000  0.007478 
651.000000  652.000000  0.007481 
652.000000  653.000000  0.007483 
653.000000  654.000000  0.007486 
654.000000  655.000000  0.007488 
655.000000  656.000000  0.007490 
656.000000  657.000000  0.007493 
657.000000  658.000000  0.007495 
658.000000  659.000000  0.007498 
659.000000  660.000000  0.007500 
660.000000  661.000000  0.007502 
661.000000  662.000000  0.007505 
662.000000  663.000000  0.007507 
663.000000  664.000000  0.007509 
664.000000  665.000000  0.007512 
665.000000  666.000000  0.007514 
666.000000  667.000000  0.007516 
667.000000  668.000000  0.007518 
668.000000  669.000000  0.007520 
669.000000  670.000000  0.007523 
670.000000  671.000000  0.007525 
671.000000  672.000000  0.007527 
672.000000  673.000000  0.007529 
673.000000  674.000000  0.007531 
674.000000  675.000000  0.007534 
675.000000  676.000000  0.007536 
676.000000  677.000000  0.007538 
677.000000  678.000000  0.007540 
678.000000  679.000000  0.007542 
679.000000  680.000000  0.007544 
680.000000  681.000000  0.007546 
681.000000  682.000000  0.007548 
682.000000  683.000000  0.007550 
683.000000  684.000000  0.007552 
684.000000  685.000000  0.007554 
685.000000  686.000000  0.007556 
686.000000  687.000000  0.007558 
687.000000  688.000000  0.007560 
688.000000  689.000000  0.007562 
689.000000  690.000000  0.007564 
690.000000  691.000000  0.007566 
691.000000  692.000000  0.007568 
692.000000  693.000000  0.007570 
693.000000  694.000000  0.007572 
694.000000  695.000000  0.007573 
695.000000  696.000000  0.007575 
696.000000  697.000000  0.007577 
697.000000  698.000000  0.007579 
698.000000  699.000000  0.007581 
699.000000  700.000000  0.007583 
700.000000  701.000000  0.007584 
701.000000  702.000000  0.007586 
702.000000  703.000000  0.007588 
703.000000  704.000000  0.007590 
704.000000  705.000000  0.007592 
705.000000  706.000000  0.007593 
706.000000  707.000000  0.007595 
707.000000  708.000000  0.007597 
708.000000  709.000000  0.007598 
709.000000  710.000000  0.007600 
710.000000  711.000000  0.007602 
711.000000  712.000000  0.007603 
712.000000  713.000000  0.007605 
713.000000  714.000000  0.007607 
714.000000  715.000000  0.007608 
715.000000  716.000000  0.007610 
716.000000  717.000000  0.007612 
717.000000  718.000000  0.007613 
718.000000  719.000000  0.007615 
719.000000  720.000000  0.007616 
720.000000  721.000000  0.007618 
721.000000  722.000000  0.007620 
722.000000  723.000000  0.007621 
723.000000  724.000000  0.007623 
724.000000  725.000000  0.007624 
725.000000  726.000000  0.007626 
726.000000  727.000000  0.007627 
727.000000  728.000000  0.007629 
728.000000  729.000000  0.007630 
729.000000  730.000000  0.007632 
730.000000  731.000000  0.007633 
731.000000  732.000000  0.007635 
732.000000  733.000000  0.007636 
733.000000  734.000000  0.007638 
734.000000  735.000000  0.007639 
735.000000  736.000000  0.007641 
736.000000  737.000000  0.007642 
737.000000  738.000000  0.007643 
738.000000  739.000000  0.007645 
739.000000  740.000000  0.007646 
740.000000  741.000000  0.007647 
741.000000  742.000000  0.007649 
742.000000  743.000000  0.007650 
743.000000  744.000000  0.007652 
744.000000  745.000000  0.007653 
745.000000  746.000000  0.007654 
746.000000  747.000000  0.007656 
747.000000  748.000000  0.007657 
748.000000  749.000000  0.007658 
749.000000  750.000000  0.007660 
750.000000  751.000000  0.007661 
751.000000  752.000000  0.007662 
752.000000  753.000000  0.007663 
753.000000  754.000000  0.007665 
754.000000  755.000000  0.007666 
755.000000  756.000000  0.007667 
756.000000  757.000000  0.007668 
757.000000  758.000000  0.007670 
758.000000  759.000000  0.007671 
759.000000  760.000000  0.007672 
760.000000  761.000000  0.007673 
761.000000  762.000000  0.007674 
762.000000  763.000000  0.007676 
763.000000  764.000000  0.007677 
764.000000  765.000000  0.007678 
765.000000  766.000000  0.007679 
766.000000  767.000000  0.007680 
767.000000  768.000000  0.007681 
768.000000  769.000000  0.007683 
769.000000  770.000000  0.007684 
770.000000  771.000000  0.007685 
771.000000  772.000000  0.007686 
772.000000  773.000000  0.007687 
773.000000  774.000000  0.007688 
774.000000  775.000000  0.007689 
775.000000  776.000000  0.007690 
776.000000  777.000000  0.007691 
777.000000  778.000000  0.007693 
778.000000  779.000000  0.007694 
779.000000  780.000000  0.007695 
780.000000  781.000000  0.007696 
781.000000  782.000000  0.007697 
782.000000  783.000000  0.007698 
783.000000  784.000000  0.007699 
784.000000  785.000000  0.007700 
785.000000  786.000000  0.007701 
786.000000  787.000000  0.007702 
787.000000  788.000000  0.007703 
788.000000  789.000000  0.007704 
789.000000  790.000000  0.007705 
790.000000  791.000000  0.007706 
791.000000  792.000000  0.007707 
792.000000  793.000000  0.007708 
793.000000  794.000000  0.007709 
794.000000  795.000000  0.007710 
795.000000  796.000000  0.007711 
796.000000  797.000000  0.007712 
797.000000  798.000000  0.007713 
798.000000  799.000000  0.007714 
799.000000  800.000000  0.007714 
800.000000  801.000000  0.007715 
801.000000  802.000000  0.007716 
802.000000  803.000000  0.007717 
803.000000  804.000000  0.007718 
804.000000  805.000000  0.007719 
805.000000  806.000000  0.007720 
806.000000  807.000000  0.007721 
807.000000  808.000000  0.007722 
808.000000  809.000000  0.007723 
809.000000  810.000000  0.007723 
810.000000  811.000000  0.007724 
811.000000  812.000000  0.007725 
812.000000  813.000000  0.007726 
813.000000  814.000000  0.007727 
814.000000  815.000000  0.007728 
815.000000  816.000000  0.007728 
816.000000  817.000000  0.007729 
817.000000  818.000000  0.007730 
818.000000  819.000000  0.007731 
819.000000  820.000000  0.007732 
820.000000  821.000000  0.007733 
821.000000  822.000000  0.007733 
822.000000  823.000000  0.007734 
823.000000  824.000000  0.007735 
824.000000  825.000000  0.007736 
825.000000  826.000000  0.007737 
826.000000  827.000000  0.007737 
827.000000  828.000000  0.007738 
828.000000  829.000000  0.007739 
829.000000  830.000000  0.007740 
830.000000  831.000000  0.007740 
831.000000  832.000000  0.007741 
832.000000  833.000000  0.007742 
833.000000  834.000000  0.007743 
834.000000  835.000000  0.007743 
835.000000  836.000000  0.007744 
836.000000  837.000000  0.007745 
837.000000  838.000000  0.007745 
838.000000  839.000000  0.007746 
839.000000  840.000000  0.007747 
840.000000  841.000000  0.007748 
841.000000  842.000000  0.007748 
842.000000  843.000000  0.007749 
843.000000  844.000000  0.007750 
844.000000  845.000000  0.007750 
845.000000  846.000000  0.007751 
846.000000  847.000000  0.007752 
847.000000  848.000000  0.007752 
848.000000  849.000000  0.007753 
849.000000  850.000000  0.007754 
850.000000  851.000000  0.007754 
851.000000  852.000000  0.007755 
852.000000  853.000000  0.007756 
853.000000  854.000000  0.007756 
854.000000  855.000000  0.007757 
855.000000  856.000000  0.007758 
856.000000  857.000000  0.007758 
857.000000  858.000000  0.007759 
858.000000  859.000000  0.007759 
859.000000  860.000000  0.007760 
860.000000  861.000000  0.007761 
861.000000  862.000000  0.007761 
862.000000  863.000000  0.007762 
863.000000  864.000000  0.007763 
864.000000  865.000000  0.007763 
865.000000  866.000000  0.007764 
866.000000  867.000000  0.007764 
867.000000  868.000000  0.007765 
868.000000  869.000000  0.007765 
869.000000  870.000000  0.007766 
870.000000  871.000000  0.007767 
871.000000  872.000000  0.007767 
872.000000  873.000000  0.007768 
873.000000  874.000000  0.007768 
874.000000  875.000000  0.007769 
875.000000  876.000000  0.007769 
876.000000  877.000000  0.007770 
877.000000  878.000000  0.007771 
878.000000  879.000000  0.007771 
879.000000  880.000000  0.007772 
880.000000  881.000000  0.007772 
881.000000  882.000000  0.007773 
882.000000  883.000000  0.007773 
883.000000  884.000000  0.007774 
884.000000  885.000000  0.007774 
885.000000  886.000000  0.007775 
886.000000  887.000000  0.007775 
887.000000  888.000000  0.007776 
888.000000  889.000000  0.007776 
889.000000  890.000000  0.007777 
890.000000  891.000000  0.007777 
891.000000  892.000000  0.007778 
892.000000  893.000000  0.007778 
893.000000  894.000000  0.007779 
894.000000  895.000000  0.007779 
895.000000  896.000000  0.007780 
896.000000  897.000000  0.007780 
897.000000  898.000000  0.007781 
898.000000  899.000000  0.007781 
899.000000  900.000000  0.007782 
900.000000  901.000000  0.007782 
901.000000  902.000000  0.007783 
902.000000  903.000000  0.007783 
903.000000  904.000000  0.007783 
904.000000  905.000000  0.007784 
905.000000  906.000000  0.007784 
906.000000  907.000000  0.007785 
907.000000  908.000000  0.007785 
908.000000  909.000000  0.007786 
909.000000  910.000000  0.007786 
910.000000  911.000000  0.007787 
911.000000  912.000000  0.007787 
912.000000  913.000000  0.007787 
913.000000  914.000000  0.007788 
914.000000  915.000000  0.007788 
915.000000  916.000000  0.007789 
916.000000  917.000000  0.007789 
917.000000  918.000000  0.007790 
918.000000  919.000000  0.007790 
919.000000  920.000000  0.007790 
920.000000  921.000000  0.007791 
921.000000  922.000000  0.007791 
922.000000  923.000000  0.007792 
923.000000  924.000000  0.007792 
924.000000  925.000000  0.007792 
925.000000  926.000000  0.007793 
926.000000  927.000000  0.007793 
927.000000  928.000000  0.007794 
928.000000  929.000000  0.007794 
929.000000  930.000000  0.007794 
930.000000  931.000000  0.007795 
931.000000  932.000000  0.007795 
932.000000  933.000000  0.007795 
933.000000  934.000000  0.007796 
934.000000  935.000000  0.007796 
935.000000  936.000000  0.007797 
936.000000  937.000000  0.007797 
937.000000  938.000000  0.007797 
