20.000000  21.000000  0.001525 
21.000000  22.000000  0.001510 
22.000000  23.000000  0.001494 
23.000000  24.000000  0.001478 
24.000000  25.000000  0.001462 
25.000000  26.000000  0.001445 
26.000000  27.000000  0.001427 
27.000000  28.000000  0.001410 
28.000000  29.000000  0.001392 
29.000000  30.000000  0.001375 
30.000000  31.000000  0.001357 
31.000000  32.000000  0.001339 
32.000000  33.000000  0.001321 
33.000000  34.000000  0.001302 
34.000000  35.000000  0.001284 
35.000000  36.000000  0.001266 
36.000000  37.000000  0.001248 
37.000000  38.000000  0.001229 
38.000000  39.000000  0.001211 
39.000000  40.000000  0.001193 
40.000000  41.000000  0.001175 
41.000000  42.000000  0.001157 
42.000000  43.000000  0.001139 
43.000000  44.000000  0.001121 
44.000000  45.000000  0.001103 
45.000000  46.000000  0.001086 
46.000000  47.000000  0.001068 
47.000000  48.000000  0.001051 
48.000000  49.000000  0.001034 
49.000000  50.000000  0.001017 
50.000000  51.000000  0.001000 
51.000000  52.000000  0.000984 
52.000000  53.000000  0.000967 
53.000000  54.000000  0.000952 
54.000000  55.000000  0.000936 
55.000000  56.000000  0.000921 
56.000000  57.000000  0.000905 
57.000000  58.000000  0.000891 
58.000000  59.000000  0.000876 
59.000000  60.000000  0.000862 
60.000000  61.000000  0.000848 
61.000000  62.000000  0.000835 
62.000000  63.000000  0.000821 
63.000000  64.000000  0.000809 
64.000000  65.000000  0.000796 
65.000000  66.000000  0.000784 
66.000000  67.000000  0.000772 
67.000000  68.000000  0.000760 
68.000000  69.000000  0.000749 
69.000000  70.000000  0.000738 
70.000000  71.000000  0.000727 
71.000000  72.000000  0.000717 
72.000000  73.000000  0.000707 
73.000000  74.000000  0.000697 
74.000000  75.000000  0.000687 
75.000000  76.000000  0.000678 
76.000000  77.000000  0.000669 
77.000000  78.000000  0.000661 
78.000000  79.000000  0.000652 
79.000000  80.000000  0.000644 
80.000000  81.000000  0.000636 
81.000000  82.000000  0.000628 
82.000000  83.000000  0.000621 
83.000000  84.000000  0.000614 
84.000000  85.000000  0.000607 
85.000000  86.000000  0.000600 
86.000000  87.000000  0.000593 
87.000000  88.000000  0.000587 
88.000000  89.000000  0.000581 
89.000000  90.000000  0.000575 
90.000000  91.000000  0.000569 
91.000000  92.000000  0.000563 
92.000000  93.000000  0.000558 
93.000000  94.000000  0.000553 
94.000000  95.000000  0.000547 
95.000000  96.000000  0.000542 
96.000000  97.000000  0.000537 
97.000000  98.000000  0.000533 
98.000000  99.000000  0.000528 
99.000000  100.000000  0.000523 
100.000000  101.000000  0.000519 
101.000000  102.000000  0.000515 
102.000000  103.000000  0.000511 
103.000000  104.000000  0.000506 
104.000000  105.000000  0.000502 
105.000000  106.000000  0.000498 
106.000000  107.000000  0.000495 
107.000000  108.000000  0.000491 
108.000000  109.000000  0.000487 
109.000000  110.000000  0.000483 
110.000000  111.000000  0.000480 
111.000000  112.000000  0.000476 
112.000000  113.000000  0.000473 
113.000000  114.000000  0.000469 
114.000000  115.000000  0.000466 
115.000000  116.000000  0.000463 
116.000000  117.000000  0.000459 
117.000000  118.000000  0.000456 
118.000000  119.000000  0.000453 
119.000000  120.000000  0.000450 
120.000000  121.000000  0.000446 
121.000000  122.000000  0.000443 
122.000000  123.000000  0.000440 
123.000000  124.000000  0.000437 
124.000000  125.000000  0.000434 
125.000000  126.000000  0.000431 
126.000000  127.000000  0.000428 
127.000000  128.000000  0.000425 
128.000000  129.000000  0.000422 
129.000000  130.000000  0.000419 
130.000000  131.000000  0.000416 
131.000000  132.000000  0.000413 
132.000000  133.000000  0.000410 
133.000000  134.000000  0.000407 
134.000000  135.000000  0.000404 
135.000000  136.000000  0.000401 
136.000000  137.000000  0.000398 
137.000000  138.000000  0.000395 
138.000000  139.000000  0.000392 
139.000000  140.000000  0.000389 
140.000000  141.000000  0.000386 
141.000000  142.000000  0.000383 
142.000000  143.000000  0.000380 
143.000000  144.000000  0.000377 
144.000000  145.000000  0.000375 
145.000000  146.000000  0.000372 
146.000000  147.000000  0.000369 
147.000000  148.000000  0.000366 
148.000000  149.000000  0.000363 
149.000000  150.000000  0.000360 
150.000000  151.000000  0.000357 
151.000000  152.000000  0.000355 
152.000000  153.000000  0.000352 
153.000000  154.000000  0.000349 
154.000000  155.000000  0.000346 
155.000000  156.000000  0.000343 
156.000000  157.000000  0.000341 
157.000000  158.000000  0.000338 
158.000000  159.000000  0.000335 
159.000000  160.000000  0.000332 
160.000000  161.000000  0.000330 
161.000000  162.000000  0.000327 
162.000000  163.000000  0.000324 
163.000000  164.000000  0.000322 
164.000000  165.000000  0.000319 
165.000000  166.000000  0.000316 
166.000000  167.000000  0.000314 
167.000000  168.000000  0.000311 
168.000000  169.000000  0.000309 
169.000000  170.000000  0.000306 
170.000000  171.000000  0.000303 
171.000000  172.000000  0.000301 
172.000000  173.000000  0.000298 
173.000000  174.000000  0.000296 
174.000000  175.000000  0.000293 
175.000000  176.000000  0.000291 
176.000000  177.000000  0.000288 
177.000000  178.000000  0.000286 
178.000000  179.000000  0.000284 
179.000000  180.000000  0.000281 
180.000000  181.000000  0.000279 
181.000000  182.000000  0.000277 
182.000000  183.000000  0.000274 
183.000000  184.000000  0.000272 
184.000000  185.000000  0.000270 
185.000000  186.000000  0.000268 
186.000000  187.000000  0.000265 
187.000000  188.000000  0.000263 
188.000000  189.000000  0.000261 
189.000000  190.000000  0.000259 
190.000000  191.000000  0.000257 
191.000000  192.000000  0.000255 
192.000000  193.000000  0.000253 
193.000000  194.000000  0.000251 
194.000000  195.000000  0.000249 
195.000000  196.000000  0.000247 
196.000000  197.000000  0.000245 
197.000000  198.000000  0.000243 
198.000000  199.000000  0.000241 
199.000000  200.000000  0.000239 
200.000000  201.000000  0.000237 
201.000000  202.000000  0.000235 
202.000000  203.000000  0.000233 
203.000000  204.000000  0.000232 
204.000000  205.000000  0.000230 
205.000000  206.000000  0.000228 
206.000000  207.000000  0.000226 
207.000000  208.000000  0.000225 
208.000000  209.000000  0.000223 
209.000000  210.000000  0.000222 
210.000000  211.000000  0.000220 
211.000000  212.000000  0.000218 
212.000000  213.000000  0.000217 
213.000000  214.000000  0.000215 
214.000000  215.000000  0.000214 
215.000000  216.000000  0.000212 
216.000000  217.000000  0.000211 
217.000000  218.000000  0.000210 
218.000000  219.000000  0.000208 
219.000000  220.000000  0.000207 
220.000000  221.000000  0.000205 
221.000000  222.000000  0.000204 
222.000000  223.000000  0.000203 
223.000000  224.000000  0.000202 
224.000000  225.000000  0.000200 
225.000000  226.000000  0.000199 
226.000000  227.000000  0.000198 
227.000000  228.000000  0.000197 
228.000000  229.000000  0.000196 
229.000000  230.000000  0.000195 
230.000000  231.000000  0.000194 
231.000000  232.000000  0.000192 
232.000000  233.000000  0.000191 
233.000000  234.000000  0.000190 
234.000000  235.000000  0.000189 
235.000000  236.000000  0.000188 
236.000000  237.000000  0.000187 
237.000000  238.000000  0.000186 
238.000000  239.000000  0.000186 
239.000000  240.000000  0.000185 
240.000000  241.000000  0.000184 
241.000000  242.000000  0.000183 
242.000000  243.000000  0.000182 
243.000000  244.000000  0.000181 
244.000000  245.000000  0.000180 
245.000000  246.000000  0.000180 
246.000000  247.000000  0.000179 
247.000000  248.000000  0.000178 
248.000000  249.000000  0.000177 
249.000000  250.000000  0.000176 
250.000000  251.000000  0.000176 
251.000000  252.000000  0.000175 
252.000000  253.000000  0.000174 
253.000000  254.000000  0.000174 
254.000000  255.000000  0.000173 
255.000000  256.000000  0.000172 
256.000000  257.000000  0.000172 
257.000000  258.000000  0.000171 
258.000000  259.000000  0.000171 
259.000000  260.000000  0.000170 
260.000000  261.000000  0.000169 
261.000000  262.000000  0.000169 
262.000000  263.000000  0.000168 
263.000000  264.000000  0.000168 
264.000000  265.000000  0.000167 
265.000000  266.000000  0.000167 
266.000000  267.000000  0.000166 
267.000000  268.000000  0.000166 
268.000000  269.000000  0.000165 
269.000000  270.000000  0.000165 
270.000000  271.000000  0.000164 
271.000000  272.000000  0.000164 
272.000000  273.000000  0.000163 
273.000000  274.000000  0.000163 
274.000000  275.000000  0.000162 
275.000000  276.000000  0.000162 
276.000000  277.000000  0.000161 
277.000000  278.000000  0.000161 
278.000000  279.000000  0.000160 
279.000000  280.000000  0.000160 
280.000000  281.000000  0.000160 
281.000000  282.000000  0.000159 
282.000000  283.000000  0.000159 
283.000000  284.000000  0.000158 
284.000000  285.000000  0.000158 
285.000000  286.000000  0.000157 
286.000000  287.000000  0.000157 
287.000000  288.000000  0.000157 
288.000000  289.000000  0.000156 
289.000000  290.000000  0.000156 
290.000000  291.000000  0.000155 
291.000000  292.000000  0.000155 
292.000000  293.000000  0.000155 
293.000000  294.000000  0.000154 
294.000000  295.000000  0.000154 
295.000000  296.000000  0.000154 
296.000000  297.000000  0.000153 
297.000000  298.000000  0.000153 
298.000000  299.000000  0.000152 
299.000000  300.000000  0.000152 
300.000000  301.000000  0.000152 
301.000000  302.000000  0.000151 
302.000000  303.000000  0.000151 
303.000000  304.000000  0.000150 
304.000000  305.000000  0.000150 
305.000000  306.000000  0.000150 
306.000000  307.000000  0.000149 
307.000000  308.000000  0.000149 
308.000000  309.000000  0.000149 
309.000000  310.000000  0.000148 
310.000000  311.000000  0.000148 
311.000000  312.000000  0.000147 
312.000000  313.000000  0.000147 
313.000000  314.000000  0.000147 
314.000000  315.000000  0.000146 
315.000000  316.000000  0.000146 
316.000000  317.000000  0.000145 
317.000000  318.000000  0.000145 
318.000000  319.000000  0.000145 
319.000000  320.000000  0.000144 
320.000000  321.000000  0.000144 
321.000000  322.000000  0.000143 
322.000000  323.000000  0.000143 
323.000000  324.000000  0.000143 
324.000000  325.000000  0.000142 
325.000000  326.000000  0.000142 
326.000000  327.000000  0.000141 
327.000000  328.000000  0.000141 
328.000000  329.000000  0.000141 
329.000000  330.000000  0.000140 
330.000000  331.000000  0.000140 
331.000000  332.000000  0.000139 
332.000000  333.000000  0.000139 
333.000000  334.000000  0.000138 
334.000000  335.000000  0.000138 
335.000000  336.000000  0.000138 
336.000000  337.000000  0.000137 
337.000000  338.000000  0.000137 
338.000000  339.000000  0.000136 
339.000000  340.000000  0.000136 
340.000000  341.000000  0.000135 
341.000000  342.000000  0.000135 
342.000000  343.000000  0.000135 
343.000000  344.000000  0.000134 
344.000000  345.000000  0.000134 
345.000000  346.000000  0.000133 
346.000000  347.000000  0.000133 
347.000000  348.000000  0.000132 
348.000000  349.000000  0.000132 
349.000000  350.000000  0.000131 
350.000000  351.000000  0.000131 
351.000000  352.000000  0.000130 
352.000000  353.000000  0.000130 
353.000000  354.000000  0.000129 
354.000000  355.000000  0.000129 
355.000000  356.000000  0.000128 
356.000000  357.000000  0.000128 
357.000000  358.000000  0.000128 
358.000000  359.000000  0.000127 
359.000000  360.000000  0.000127 
360.000000  361.000000  0.000126 
361.000000  362.000000  0.000126 
362.000000  363.000000  0.000125 
363.000000  364.000000  0.000125 
364.000000  365.000000  0.000124 
365.000000  366.000000  0.000124 
366.000000  367.000000  0.000123 
367.000000  368.000000  0.000123 
368.000000  369.000000  0.000122 
369.000000  370.000000  0.000122 
370.000000  371.000000  0.000121 
371.000000  372.000000  0.000121 
372.000000  373.000000  0.000120 
373.000000  374.000000  0.000120 
374.000000  375.000000  0.000119 
375.000000  376.000000  0.000119 
376.000000  377.000000  0.000118 
377.000000  378.000000  0.000118 
378.000000  379.000000  0.000117 
379.000000  380.000000  0.000117 
380.000000  381.000000  0.000116 
381.000000  382.000000  0.000116 
382.000000  383.000000  0.000115 
383.000000  384.000000  0.000115 
384.000000  385.000000  0.000114 
385.000000  386.000000  0.000114 
386.000000  387.000000  0.000113 
387.000000  388.000000  0.000113 
388.000000  389.000000  0.000112 
389.000000  390.000000  0.000112 
390.000000  391.000000  0.000111 
391.000000  392.000000  0.000110 
392.000000  393.000000  0.000110 
393.000000  394.000000  0.000109 
394.000000  395.000000  0.000109 
395.000000  396.000000  0.000108 
396.000000  397.000000  0.000108 
397.000000  398.000000  0.000107 
398.000000  399.000000  0.000107 
399.000000  400.000000  0.000106 
400.000000  401.000000  0.000106 
401.000000  402.000000  0.000105 
402.000000  403.000000  0.000105 
403.000000  404.000000  0.000104 
404.000000  405.000000  0.000104 
405.000000  406.000000  0.000103 
406.000000  407.000000  0.000103 
407.000000  408.000000  0.000102 
408.000000  409.000000  0.000102 
409.000000  410.000000  0.000101 
410.000000  411.000000  0.000101 
411.000000  412.000000  0.000100 
412.000000  413.000000  0.000100 
413.000000  414.000000  0.000099 
414.000000  415.000000  0.000099 
415.000000  416.000000  0.000098 
416.000000  417.000000  0.000098 
417.000000  418.000000  0.000097 
418.000000  419.000000  0.000097 
419.000000  420.000000  0.000096 
420.000000  421.000000  0.000096 
421.000000  422.000000  0.000095 
422.000000  423.000000  0.000095 
423.000000  424.000000  0.000094 
424.000000  425.000000  0.000094 
425.000000  426.000000  0.000093 
426.000000  427.000000  0.000093 
427.000000  428.000000  0.000092 
428.000000  429.000000  0.000092 
429.000000  430.000000  0.000091 
430.000000  431.000000  0.000091 
431.000000  432.000000  0.000090 
432.000000  433.000000  0.000090 
433.000000  434.000000  0.000089 
434.000000  435.000000  0.000089 
435.000000  436.000000  0.000088 
436.000000  437.000000  0.000088 
437.000000  438.000000  0.000087 
438.000000  439.000000  0.000087 
439.000000  440.000000  0.000086 
440.000000  441.000000  0.000086 
441.000000  442.000000  0.000085 
442.000000  443.000000  0.000085 
443.000000  444.000000  0.000085 
444.000000  445.000000  0.000084 
445.000000  446.000000  0.000084 
446.000000  447.000000  0.000083 
447.000000  448.000000  0.000083 
448.000000  449.000000  0.000082 
449.000000  450.000000  0.000082 
450.000000  451.000000  0.000081 
451.000000  452.000000  0.000081 
452.000000  453.000000  0.000080 
453.000000  454.000000  0.000080 
454.000000  455.000000  0.000079 
455.000000  456.000000  0.000079 
456.000000  457.000000  0.000079 
457.000000  458.000000  0.000078 
458.000000  459.000000  0.000078 
459.000000  460.000000  0.000077 
460.000000  461.000000  0.000077 
461.000000  462.000000  0.000076 
462.000000  463.000000  0.000076 
463.000000  464.000000  0.000075 
464.000000  465.000000  0.000075 
465.000000  466.000000  0.000075 
466.000000  467.000000  0.000074 
467.000000  468.000000  0.000074 
468.000000  469.000000  0.000073 
469.000000  470.000000  0.000073 
470.000000  471.000000  0.000072 
471.000000  472.000000  0.000072 
472.000000  473.000000  0.000072 
473.000000  474.000000  0.000071 
474.000000  475.000000  0.000071 
475.000000  476.000000  0.000070 
476.000000  477.000000  0.000070 
477.000000  478.000000  0.000070 
478.000000  479.000000  0.000069 
479.000000  480.000000  0.000069 
480.000000  481.000000  0.000068 
481.000000  482.000000  0.000068 
482.000000  483.000000  0.000068 
483.000000  484.000000  0.000067 
484.000000  485.000000  0.000067 
485.000000  486.000000  0.000066 
486.000000  487.000000  0.000066 
487.000000  488.000000  0.000066 
488.000000  489.000000  0.000065 
489.000000  490.000000  0.000065 
490.000000  491.000000  0.000064 
491.000000  492.000000  0.000064 
492.000000  493.000000  0.000064 
493.000000  494.000000  0.000063 
494.000000  495.000000  0.000063 
495.000000  496.000000  0.000063 
496.000000  497.000000  0.000062 
497.000000  498.000000  0.000062 
498.000000  499.000000  0.000061 
499.000000  500.000000  0.000061 
500.000000  501.000000  0.000061 
501.000000  502.000000  0.000060 
502.000000  503.000000  0.000060 
503.000000  504.000000  0.000060 
504.000000  505.000000  0.000059 
505.000000  506.000000  0.000059 
506.000000  507.000000  0.000059 
507.000000  508.000000  0.000058 
508.000000  509.000000  0.000058 
509.000000  510.000000  0.000058 
510.000000  511.000000  0.000057 
511.000000  512.000000  0.000057 
512.000000  513.000000  0.000057 
513.000000  514.000000  0.000056 
514.000000  515.000000  0.000056 
515.000000  516.000000  0.000056 
516.000000  517.000000  0.000055 
517.000000  518.000000  0.000055 
518.000000  519.000000  0.000055 
519.000000  520.000000  0.000054 
520.000000  521.000000  0.000054 
521.000000  522.000000  0.000054 
522.000000  523.000000  0.000053 
523.000000  524.000000  0.000053 
524.000000  525.000000  0.000053 
525.000000  526.000000  0.000052 
526.000000  527.000000  0.000052 
527.000000  528.000000  0.000052 
528.000000  529.000000  0.000051 
529.000000  530.000000  0.000051 
530.000000  531.000000  0.000051 
531.000000  532.000000  0.000051 
532.000000  533.000000  0.000050 
533.000000  534.000000  0.000050 
534.000000  535.000000  0.000050 
535.000000  536.000000  0.000049 
536.000000  537.000000  0.000049 
537.000000  538.000000  0.000049 
538.000000  539.000000  0.000049 
539.000000  540.000000  0.000048 
540.000000  541.000000  0.000048 
541.000000  542.000000  0.000048 
542.000000  543.000000  0.000047 
543.000000  544.000000  0.000047 
544.000000  545.000000  0.000047 
545.000000  546.000000  0.000047 
546.000000  547.000000  0.000046 
547.000000  548.000000  0.000046 
548.000000  549.000000  0.000046 
549.000000  550.000000  0.000046 
550.000000  551.000000  0.000045 
551.000000  552.000000  0.000045 
552.000000  553.000000  0.000045 
553.000000  554.000000  0.000044 
554.000000  555.000000  0.000044 
555.000000  556.000000  0.000044 
556.000000  557.000000  0.000044 
557.000000  558.000000  0.000043 
558.000000  559.000000  0.000043 
559.000000  560.000000  0.000043 
560.000000  561.000000  0.000043 
561.000000  562.000000  0.000043 
562.000000  563.000000  0.000042 
563.000000  564.000000  0.000042 
564.000000  565.000000  0.000042 
565.000000  566.000000  0.000042 
566.000000  567.000000  0.000041 
567.000000  568.000000  0.000041 
568.000000  569.000000  0.000041 
569.000000  570.000000  0.000041 
570.000000  571.000000  0.000040 
571.000000  572.000000  0.000040 
572.000000  573.000000  0.000040 
573.000000  574.000000  0.000040 
574.000000  575.000000  0.000040 
575.000000  576.000000  0.000039 
576.000000  577.000000  0.000039 
577.000000  578.000000  0.000039 
578.000000  579.000000  0.000039 
579.000000  580.000000  0.000038 
580.000000  581.000000  0.000038 
581.000000  582.000000  0.000038 
582.000000  583.000000  0.000038 
583.000000  584.000000  0.000038 
584.000000  585.000000  0.000037 
585.000000  586.000000  0.000037 
586.000000  587.000000  0.000037 
587.000000  588.000000  0.000037 
588.000000  589.000000  0.000037 
589.000000  590.000000  0.000036 
590.000000  591.000000  0.000036 
591.000000  592.000000  0.000036 
592.000000  593.000000  0.000036 
593.000000  594.000000  0.000036 
594.000000  595.000000  0.000035 
595.000000  596.000000  0.000035 
596.000000  597.000000  0.000035 
597.000000  598.000000  0.000035 
598.000000  599.000000  0.000035 
599.000000  600.000000  0.000034 
600.000000  601.000000  0.000034 
601.000000  602.000000  0.000034 
602.000000  603.000000  0.000034 
603.000000  604.000000  0.000034 
604.000000  605.000000  0.000034 
605.000000  606.000000  0.000033 
606.000000  607.000000  0.000033 
607.000000  608.000000  0.000033 
608.000000  609.000000  0.000033 
609.000000  610.000000  0.000033 
610.000000  611.000000  0.000033 
611.000000  612.000000  0.000032 
612.000000  613.000000  0.000032 
613.000000  614.000000  0.000032 
614.000000  615.000000  0.000032 
615.000000  616.000000  0.000032 
616.000000  617.000000  0.000032 
617.000000  618.000000  0.000031 
618.000000  619.000000  0.000031 
619.000000  620.000000  0.000031 
620.000000  621.000000  0.000031 
621.000000  622.000000  0.000031 
622.000000  623.000000  0.000031 
623.000000  624.000000  0.000030 
624.000000  625.000000  0.000030 
625.000000  626.000000  0.000030 
626.000000  627.000000  0.000030 
627.000000  628.000000  0.000030 
628.000000  629.000000  0.000030 
629.000000  630.000000  0.000030 
630.000000  631.000000  0.000029 
631.000000  632.000000  0.000029 
632.000000  633.000000  0.000029 
633.000000  634.000000  0.000029 
634.000000  635.000000  0.000029 
635.000000  636.000000  0.000029 
636.000000  637.000000  0.000029 
637.000000  638.000000  0.000028 
638.000000  639.000000  0.000028 
639.000000  640.000000  0.000028 
640.000000  641.000000  0.000028 
641.000000  642.000000  0.000028 
642.000000  643.000000  0.000028 
643.000000  644.000000  0.000028 
644.000000  645.000000  0.000028 
645.000000  646.000000  0.000027 
646.000000  647.000000  0.000027 
647.000000  648.000000  0.000027 
648.000000  649.000000  0.000027 
649.000000  650.000000  0.000027 
650.000000  651.000000  0.000027 
651.000000  652.000000  0.000027 
652.000000  653.000000  0.000027 
653.000000  654.000000  0.000026 
654.000000  655.000000  0.000026 
655.000000  656.000000  0.000026 
656.000000  657.000000  0.000026 
657.000000  658.000000  0.000026 
658.000000  659.000000  0.000026 
659.000000  660.000000  0.000026 
660.000000  661.000000  0.000026 
661.000000  662.000000  0.000026 
662.000000  663.000000  0.000025 
663.000000  664.000000  0.000025 
664.000000  665.000000  0.000025 
665.000000  666.000000  0.000025 
666.000000  667.000000  0.000025 
667.000000  668.000000  0.000025 
668.000000  669.000000  0.000025 
669.000000  670.000000  0.000025 
670.000000  671.000000  0.000025 
671.000000  672.000000  0.000024 
672.000000  673.000000  0.000024 
673.000000  674.000000  0.000024 
674.000000  675.000000  0.000024 
675.000000  676.000000  0.000024 
676.000000  677.000000  0.000024 
677.000000  678.000000  0.000024 
678.000000  679.000000  0.000024 
679.000000  680.000000  0.000024 
680.000000  681.000000  0.000024 
681.000000  682.000000  0.000023 
682.000000  683.000000  0.000023 
683.000000  684.000000  0.000023 
684.000000  685.000000  0.000023 
685.000000  686.000000  0.000023 
686.000000  687.000000  0.000023 
687.000000  688.000000  0.000023 
688.000000  689.000000  0.000023 
689.000000  690.000000  0.000023 
690.000000  691.000000  0.000023 
691.000000  692.000000  0.000023 
692.000000  693.000000  0.000022 
693.000000  694.000000  0.000022 
694.000000  695.000000  0.000022 
695.000000  696.000000  0.000022 
696.000000  697.000000  0.000022 
697.000000  698.000000  0.000022 
698.000000  699.000000  0.000022 
699.000000  700.000000  0.000022 
700.000000  701.000000  0.000022 
701.000000  702.000000  0.000022 
702.000000  703.000000  0.000022 
703.000000  704.000000  0.000022 
704.000000  705.000000  0.000021 
705.000000  706.000000  0.000021 
706.000000  707.000000  0.000021 
707.000000  708.000000  0.000021 
708.000000  709.000000  0.000021 
709.000000  710.000000  0.000021 
710.000000  711.000000  0.000021 
711.000000  712.000000  0.000021 
712.000000  713.000000  0.000021 
713.000000  714.000000  0.000021 
714.000000  715.000000  0.000021 
715.000000  716.000000  0.000021 
716.000000  717.000000  0.000021 
717.000000  718.000000  0.000020 
718.000000  719.000000  0.000020 
719.000000  720.000000  0.000020 
720.000000  721.000000  0.000020 
721.000000  722.000000  0.000020 
722.000000  723.000000  0.000020 
723.000000  724.000000  0.000020 
724.000000  725.000000  0.000020 
725.000000  726.000000  0.000020 
726.000000  727.000000  0.000020 
727.000000  728.000000  0.000020 
728.000000  729.000000  0.000020 
729.000000  730.000000  0.000020 
730.000000  731.000000  0.000020 
731.000000  732.000000  0.000020 
732.000000  733.000000  0.000019 
733.000000  734.000000  0.000019 
734.000000  735.000000  0.000019 
735.000000  736.000000  0.000019 
736.000000  737.000000  0.000019 
737.000000  738.000000  0.000019 
738.000000  739.000000  0.000019 
739.000000  740.000000  0.000019 
740.000000  741.000000  0.000019 
741.000000  742.000000  0.000019 
742.000000  743.000000  0.000019 
743.000000  744.000000  0.000019 
744.000000  745.000000  0.000019 
745.000000  746.000000  0.000019 
746.000000  747.000000  0.000019 
747.000000  748.000000  0.000019 
748.000000  749.000000  0.000018 
749.000000  750.000000  0.000018 
750.000000  751.000000  0.000018 
751.000000  752.000000  0.000018 
752.000000  753.000000  0.000018 
753.000000  754.000000  0.000018 
754.000000  755.000000  0.000018 
755.000000  756.000000  0.000018 
756.000000  757.000000  0.000018 
757.000000  758.000000  0.000018 
758.000000  759.000000  0.000018 
759.000000  760.000000  0.000018 
760.000000  761.000000  0.000018 
761.000000  762.000000  0.000018 
762.000000  763.000000  0.000018 
763.000000  764.000000  0.000018 
764.000000  765.000000  0.000018 
765.000000  766.000000  0.000018 
766.000000  767.000000  0.000018 
767.000000  768.000000  0.000017 
768.000000  769.000000  0.000017 
769.000000  770.000000  0.000017 
770.000000  771.000000  0.000017 
771.000000  772.000000  0.000017 
772.000000  773.000000  0.000017 
773.000000  774.000000  0.000017 
774.000000  775.000000  0.000017 
775.000000  776.000000  0.000017 
776.000000  777.000000  0.000017 
777.000000  778.000000  0.000017 
778.000000  779.000000  0.000017 
779.000000  780.000000  0.000017 
780.000000  781.000000  0.000017 
781.000000  782.000000  0.000017 
782.000000  783.000000  0.000017 
783.000000  784.000000  0.000017 
784.000000  785.000000  0.000017 
785.000000  786.000000  0.000017 
786.000000  787.000000  0.000017 
787.000000  788.000000  0.000017 
788.000000  789.000000  0.000017 
789.000000  790.000000  0.000017 
790.000000  791.000000  0.000016 
791.000000  792.000000  0.000016 
792.000000  793.000000  0.000016 
793.000000  794.000000  0.000016 
794.000000  795.000000  0.000016 
795.000000  796.000000  0.000016 
796.000000  797.000000  0.000016 
797.000000  798.000000  0.000016 
798.000000  799.000000  0.000016 
799.000000  800.000000  0.000016 
800.000000  801.000000  0.000016 
801.000000  802.000000  0.000016 
802.000000  803.000000  0.000016 
803.000000  804.000000  0.000016 
804.000000  805.000000  0.000016 
805.000000  806.000000  0.000016 
806.000000  807.000000  0.000016 
807.000000  808.000000  0.000016 
808.000000  809.000000  0.000016 
809.000000  810.000000  0.000016 
810.000000  811.000000  0.000016 
811.000000  812.000000  0.000016 
812.000000  813.000000  0.000016 
813.000000  814.000000  0.000016 
814.000000  815.000000  0.000016 
815.000000  816.000000  0.000016 
816.000000  817.000000  0.000016 
817.000000  818.000000  0.000015 
818.000000  819.000000  0.000015 
819.000000  820.000000  0.000015 
820.000000  821.000000  0.000015 
821.000000  822.000000  0.000015 
822.000000  823.000000  0.000015 
823.000000  824.000000  0.000015 
824.000000  825.000000  0.000015 
825.000000  826.000000  0.000015 
826.000000  827.000000  0.000015 
827.000000  828.000000  0.000015 
828.000000  829.000000  0.000015 
829.000000  830.000000  0.000015 
830.000000  831.000000  0.000015 
831.000000  832.000000  0.000015 
832.000000  833.000000  0.000015 
833.000000  834.000000  0.000015 
834.000000  835.000000  0.000015 
835.000000  836.000000  0.000015 
836.000000  837.000000  0.000015 
837.000000  838.000000  0.000015 
838.000000  839.000000  0.000015 
839.000000  840.000000  0.000015 
840.000000  841.000000  0.000015 
841.000000  842.000000  0.000015 
842.000000  843.000000  0.000015 
843.000000  844.000000  0.000015 
844.000000  845.000000  0.000015 
845.000000  846.000000  0.000015 
846.000000  847.000000  0.000015 
847.000000  848.000000  0.000015 
848.000000  849.000000  0.000015 
849.000000  850.000000  0.000015 
850.000000  851.000000  0.000015 
851.000000  852.000000  0.000015 
852.000000  853.000000  0.000014 
853.000000  854.000000  0.000014 
854.000000  855.000000  0.000014 
855.000000  856.000000  0.000014 
856.000000  857.000000  0.000014 
857.000000  858.000000  0.000014 
858.000000  859.000000  0.000014 
859.000000  860.000000  0.000014 
860.000000  861.000000  0.000014 
861.000000  862.000000  0.000014 
862.000000  863.000000  0.000014 
863.000000  864.000000  0.000014 
864.000000  865.000000  0.000014 
865.000000  866.000000  0.000014 
866.000000  867.000000  0.000014 
867.000000  868.000000  0.000014 
868.000000  869.000000  0.000014 
869.000000  870.000000  0.000014 
870.000000  871.000000  0.000014 
871.000000  872.000000  0.000014 
872.000000  873.000000  0.000014 
873.000000  874.000000  0.000014 
874.000000  875.000000  0.000014 
875.000000  876.000000  0.000014 
876.000000  877.000000  0.000014 
877.000000  878.000000  0.000014 
878.000000  879.000000  0.000014 
879.000000  880.000000  0.000014 
880.000000  881.000000  0.000014 
881.000000  882.000000  0.000014 
882.000000  883.000000  0.000014 
883.000000  884.000000  0.000014 
884.000000  885.000000  0.000014 
885.000000  886.000000  0.000014 
886.000000  887.000000  0.000014 
887.000000  888.000000  0.000014 
888.000000  889.000000  0.000014 
889.000000  890.000000  0.000014 
890.000000  891.000000  0.000014 
891.000000  892.000000  0.000014 
892.000000  893.000000  0.000014 
893.000000  894.000000  0.000014 
894.000000  895.000000  0.000014 
895.000000  896.000000  0.000014 
896.000000  897.000000  0.000014 
897.000000  898.000000  0.000014 
898.000000  899.000000  0.000014 
899.000000  900.000000  0.000014 
900.000000  901.000000  0.000014 
901.000000  902.000000  0.000014 
902.000000  903.000000  0.000013 
903.000000  904.000000  0.000013 
904.000000  905.000000  0.000013 
905.000000  906.000000  0.000013 
906.000000  907.000000  0.000013 
907.000000  908.000000  0.000013 
908.000000  909.000000  0.000013 
909.000000  910.000000  0.000013 
910.000000  911.000000  0.000013 
911.000000  912.000000  0.000013 
912.000000  913.000000  0.000013 
913.000000  914.000000  0.000013 
914.000000  915.000000  0.000013 
915.000000  916.000000  0.000013 
916.000000  917.000000  0.000013 
917.000000  918.000000  0.000013 
918.000000  919.000000  0.000013 
919.000000  920.000000  0.000013 
920.000000  921.000000  0.000013 
921.000000  922.000000  0.000013 
922.000000  923.000000  0.000013 
923.000000  924.000000  0.000013 
924.000000  925.000000  0.000013 
925.000000  926.000000  0.000013 
926.000000  927.000000  0.000013 
927.000000  928.000000  0.000013 
928.000000  929.000000  0.000013 
929.000000  930.000000  0.000013 
930.000000  931.000000  0.000013 
931.000000  932.000000  0.000013 
932.000000  933.000000  0.000013 
933.000000  934.000000  0.000013 
934.000000  935.000000  0.000013 
935.000000  936.000000  0.000013 
936.000000  937.000000  0.000013 
937.000000  938.000000  0.000013 
