20.000000  21.000000  -0.000000 
21.000000  22.000000  -0.000000 
22.000000  23.000000  -0.000000 
23.000000  24.000000  -0.000000 
24.000000  25.000000  -0.000000 
25.000000  26.000000  -0.000000 
26.000000  27.000000  -0.000000 
27.000000  28.000000  -0.000000 
28.000000  29.000000  -0.000000 
29.000000  30.000000  -0.000000 
30.000000  31.000000  -0.000000 
31.000000  32.000000  -0.000000 
32.000000  33.000000  -0.000000 
33.000000  34.000000  -0.000000 
34.000000  35.000000  -0.000000 
35.000000  36.000000  -0.000000 
36.000000  37.000000  -0.000000 
37.000000  38.000000  -0.000000 
38.000000  39.000000  -0.000000 
39.000000  40.000000  -0.000000 
40.000000  41.000000  -0.000000 
41.000000  42.000000  -0.000000 
42.000000  43.000000  -0.000000 
43.000000  44.000000  -0.000000 
44.000000  45.000000  -0.000000 
45.000000  46.000000  -0.000000 
46.000000  47.000000  -0.000000 
47.000000  48.000000  -0.000000 
48.000000  49.000000  -0.000000 
49.000000  50.000000  -0.000000 
50.000000  51.000000  -0.000000 
51.000000  52.000000  -0.000000 
52.000000  53.000000  -0.000000 
53.000000  54.000000  -0.000000 
54.000000  55.000000  -0.000000 
55.000000  56.000000  -0.000000 
56.000000  57.000000  -0.000000 
57.000000  58.000000  -0.000000 
58.000000  59.000000  -0.000000 
59.000000  60.000000  -0.000000 
60.000000  61.000000  -0.000000 
61.000000  62.000000  -0.000000 
62.000000  63.000000  -0.000000 
63.000000  64.000000  -0.000000 
64.000000  65.000000  -0.000000 
65.000000  66.000000  -0.000000 
66.000000  67.000000  -0.000000 
67.000000  68.000000  -0.000000 
68.000000  69.000000  -0.000000 
69.000000  70.000000  -0.000000 
70.000000  71.000000  -0.000000 
71.000000  72.000000  -0.000000 
72.000000  73.000000  -0.000000 
73.000000  74.000000  -0.000000 
74.000000  75.000000  -0.000000 
75.000000  76.000000  -0.000000 
76.000000  77.000000  -0.000000 
77.000000  78.000000  -0.000000 
78.000000  79.000000  -0.000000 
79.000000  80.000000  -0.000000 
80.000000  81.000000  -0.000000 
81.000000  82.000000  -0.000000 
82.000000  83.000000  -0.000000 
83.000000  84.000000  -0.000000 
84.000000  85.000000  -0.000000 
85.000000  86.000000  -0.000000 
86.000000  87.000000  -0.000000 
87.000000  88.000000  -0.000000 
88.000000  89.000000  -0.000000 
89.000000  90.000000  -0.000000 
90.000000  91.000000  -0.000000 
91.000000  92.000000  -0.000000 
92.000000  93.000000  -0.000000 
93.000000  94.000000  -0.000001 
94.000000  95.000000  -0.000001 
95.000000  96.000000  -0.000001 
96.000000  97.000000  -0.000001 
97.000000  98.000000  -0.000001 
98.000000  99.000000  -0.000001 
99.000000  100.000000  -0.000001 
100.000000  101.000000  -0.000001 
101.000000  102.000000  -0.000001 
102.000000  103.000000  -0.000001 
103.000000  104.000000  -0.000002 
104.000000  105.000000  -0.000002 
105.000000  106.000000  -0.000002 
106.000000  107.000000  -0.000002 
107.000000  108.000000  -0.000002 
108.000000  109.000000  -0.000002 
109.000000  110.000000  -0.000002 
110.000000  111.000000  -0.000002 
111.000000  112.000000  -0.000003 
112.000000  113.000000  -0.000003 
113.000000  114.000000  -0.000003 
114.000000  115.000000  -0.000003 
115.000000  116.000000  -0.000003 
116.000000  117.000000  -0.000003 
117.000000  118.000000  -0.000003 
118.000000  119.000000  -0.000003 
119.000000  120.000000  -0.000003 
120.000000  121.000000  -0.000003 
121.000000  122.000000  -0.000002 
122.000000  123.000000  -0.000002 
123.000000  124.000000  -0.000002 
124.000000  125.000000  -0.000002 
125.000000  126.000000  -0.000001 
126.000000  127.000000  -0.000001 
127.000000  128.000000  -0.000000 
128.000000  129.000000  0.000000 
129.000000  130.000000  0.000001 
130.000000  131.000000  0.000002 
131.000000  132.000000  0.000003 
132.000000  133.000000  0.000003 
133.000000  134.000000  0.000005 
134.000000  135.000000  0.000006 
135.000000  136.000000  0.000007 
136.000000  137.000000  0.000008 
137.000000  138.000000  0.000010 
138.000000  139.000000  0.000011 
139.000000  140.000000  0.000013 
140.000000  141.000000  0.000015 
141.000000  142.000000  0.000017 
142.000000  143.000000  0.000019 
143.000000  144.000000  0.000021 
144.000000  145.000000  0.000023 
145.000000  146.000000  0.000026 
146.000000  147.000000  0.000028 
147.000000  148.000000  0.000031 
148.000000  149.000000  0.000034 
149.000000  150.000000  0.000037 
150.000000  151.000000  0.000040 
151.000000  152.000000  0.000043 
152.000000  153.000000  0.000047 
153.000000  154.000000  0.000050 
154.000000  155.000000  0.000054 
155.000000  156.000000  0.000057 
156.000000  157.000000  0.000061 
157.000000  158.000000  0.000065 
158.000000  159.000000  0.000070 
159.000000  160.000000  0.000074 
160.000000  161.000000  0.000078 
161.000000  162.000000  0.000083 
162.000000  163.000000  0.000087 
163.000000  164.000000  0.000092 
164.000000  165.000000  0.000097 
165.000000  166.000000  0.000102 
166.000000  167.000000  0.000107 
167.000000  168.000000  0.000112 
168.000000  169.000000  0.000117 
169.000000  170.000000  0.000122 
170.000000  171.000000  0.000127 
171.000000  172.000000  0.000133 
172.000000  173.000000  0.000138 
173.000000  174.000000  0.000143 
174.000000  175.000000  0.000149 
175.000000  176.000000  0.000154 
176.000000  177.000000  0.000160 
177.000000  178.000000  0.000166 
178.000000  179.000000  0.000171 
179.000000  180.000000  0.000177 
180.000000  181.000000  0.000183 
181.000000  182.000000  0.000188 
182.000000  183.000000  0.000194 
183.000000  184.000000  0.000200 
184.000000  185.000000  0.000205 
185.000000  186.000000  0.000211 
186.000000  187.000000  0.000217 
187.000000  188.000000  0.000222 
188.000000  189.000000  0.000228 
189.000000  190.000000  0.000233 
190.000000  191.000000  0.000239 
191.000000  192.000000  0.000244 
192.000000  193.000000  0.000250 
193.000000  194.000000  0.000255 
194.000000  195.000000  0.000260 
195.000000  196.000000  0.000265 
196.000000  197.000000  0.000270 
197.000000  198.000000  0.000275 
198.000000  199.000000  0.000280 
199.000000  200.000000  0.000285 
200.000000  201.000000  0.000290 
201.000000  202.000000  0.000295 
202.000000  203.000000  0.000299 
203.000000  204.000000  0.000304 
204.000000  205.000000  0.000308 
205.000000  206.000000  0.000313 
206.000000  207.000000  0.000317 
207.000000  208.000000  0.000321 
208.000000  209.000000  0.000325 
209.000000  210.000000  0.000329 
210.000000  211.000000  0.000333 
211.000000  212.000000  0.000336 
212.000000  213.000000  0.000340 
213.000000  214.000000  0.000343 
214.000000  215.000000  0.000347 
215.000000  216.000000  0.000350 
216.000000  217.000000  0.000353 
217.000000  218.000000  0.000356 
218.000000  219.000000  0.000359 
219.000000  220.000000  0.000361 
220.000000  221.000000  0.000364 
221.000000  222.000000  0.000366 
222.000000  223.000000  0.000369 
223.000000  224.000000  0.000371 
224.000000  225.000000  0.000373 
225.000000  226.000000  0.000375 
226.000000  227.000000  0.000377 
227.000000  228.000000  0.000378 
228.000000  229.000000  0.000380 
229.000000  230.000000  0.000381 
230.000000  231.000000  0.000383 
231.000000  232.000000  0.000384 
232.000000  233.000000  0.000385 
233.000000  234.000000  0.000386 
234.000000  235.000000  0.000387 
235.000000  236.000000  0.000388 
236.000000  237.000000  0.000388 
237.000000  238.000000  0.000389 
238.000000  239.000000  0.000389 
239.000000  240.000000  0.000390 
240.000000  241.000000  0.000390 
241.000000  242.000000  0.000390 
242.000000  243.000000  0.000390 
243.000000  244.000000  0.000390 
244.000000  245.000000  0.000390 
245.000000  246.000000  0.000389 
246.000000  247.000000  0.000389 
247.000000  248.000000  0.000388 
248.000000  249.000000  0.000388 
249.000000  250.000000  0.000387 
250.000000  251.000000  0.000386 
251.000000  252.000000  0.000385 
252.000000  253.000000  0.000384 
253.000000  254.000000  0.000383 
254.000000  255.000000  0.000382 
255.000000  256.000000  0.000381 
256.000000  257.000000  0.000380 
257.000000  258.000000  0.000378 
258.000000  259.000000  0.000377 
259.000000  260.000000  0.000375 
260.000000  261.000000  0.000374 
261.000000  262.000000  0.000372 
262.000000  263.000000  0.000371 
263.000000  264.000000  0.000369 
264.000000  265.000000  0.000367 
265.000000  266.000000  0.000365 
266.000000  267.000000  0.000363 
267.000000  268.000000  0.000361 
268.000000  269.000000  0.000359 
269.000000  270.000000  0.000357 
270.000000  271.000000  0.000355 
271.000000  272.000000  0.000353 
272.000000  273.000000  0.000351 
273.000000  274.000000  0.000348 
274.000000  275.000000  0.000346 
275.000000  276.000000  0.000344 
276.000000  277.000000  0.000341 
277.000000  278.000000  0.000339 
278.000000  279.000000  0.000336 
279.000000  280.000000  0.000334 
280.000000  281.000000  0.000331 
281.000000  282.000000  0.000329 
282.000000  283.000000  0.000326 
283.000000  284.000000  0.000324 
284.000000  285.000000  0.000321 
285.000000  286.000000  0.000318 
286.000000  287.000000  0.000316 
287.000000  288.000000  0.000313 
288.000000  289.000000  0.000310 
289.000000  290.000000  0.000308 
290.000000  291.000000  0.000305 
291.000000  292.000000  0.000302 
292.000000  293.000000  0.000300 
293.000000  294.000000  0.000297 
294.000000  295.000000  0.000294 
295.000000  296.000000  0.000291 
296.000000  297.000000  0.000288 
297.000000  298.000000  0.000286 
298.000000  299.000000  0.000283 
299.000000  300.000000  0.000280 
300.000000  301.000000  0.000277 
301.000000  302.000000  0.000275 
302.000000  303.000000  0.000272 
303.000000  304.000000  0.000269 
304.000000  305.000000  0.000266 
305.000000  306.000000  0.000263 
306.000000  307.000000  0.000261 
307.000000  308.000000  0.000258 
308.000000  309.000000  0.000255 
309.000000  310.000000  0.000252 
310.000000  311.000000  0.000250 
311.000000  312.000000  0.000247 
312.000000  313.000000  0.000244 
313.000000  314.000000  0.000241 
314.000000  315.000000  0.000239 
315.000000  316.000000  0.000236 
316.000000  317.000000  0.000233 
317.000000  318.000000  0.000231 
318.000000  319.000000  0.000228 
319.000000  320.000000  0.000225 
320.000000  321.000000  0.000223 
321.000000  322.000000  0.000220 
322.000000  323.000000  0.000217 
323.000000  324.000000  0.000215 
324.000000  325.000000  0.000212 
325.000000  326.000000  0.000210 
326.000000  327.000000  0.000207 
327.000000  328.000000  0.000205 
328.000000  329.000000  0.000202 
329.000000  330.000000  0.000200 
330.000000  331.000000  0.000197 
331.000000  332.000000  0.000195 
332.000000  333.000000  0.000192 
333.000000  334.000000  0.000190 
334.000000  335.000000  0.000187 
335.000000  336.000000  0.000185 
336.000000  337.000000  0.000183 
337.000000  338.000000  0.000180 
338.000000  339.000000  0.000178 
339.000000  340.000000  0.000176 
340.000000  341.000000  0.000173 
341.000000  342.000000  0.000171 
342.000000  343.000000  0.000169 
343.000000  344.000000  0.000167 
344.000000  345.000000  0.000164 
345.000000  346.000000  0.000162 
346.000000  347.000000  0.000160 
347.000000  348.000000  0.000158 
348.000000  349.000000  0.000156 
349.000000  350.000000  0.000154 
350.000000  351.000000  0.000152 
351.000000  352.000000  0.000150 
352.000000  353.000000  0.000148 
353.000000  354.000000  0.000146 
354.000000  355.000000  0.000144 
355.000000  356.000000  0.000142 
356.000000  357.000000  0.000140 
357.000000  358.000000  0.000138 
358.000000  359.000000  0.000136 
359.000000  360.000000  0.000134 
360.000000  361.000000  0.000132 
361.000000  362.000000  0.000130 
362.000000  363.000000  0.000129 
363.000000  364.000000  0.000127 
364.000000  365.000000  0.000125 
365.000000  366.000000  0.000123 
366.000000  367.000000  0.000122 
367.000000  368.000000  0.000120 
368.000000  369.000000  0.000118 
369.000000  370.000000  0.000116 
370.000000  371.000000  0.000115 
371.000000  372.000000  0.000113 
372.000000  373.000000  0.000112 
373.000000  374.000000  0.000110 
374.000000  375.000000  0.000108 
375.000000  376.000000  0.000107 
376.000000  377.000000  0.000105 
377.000000  378.000000  0.000104 
378.000000  379.000000  0.000102 
379.000000  380.000000  0.000101 
380.000000  381.000000  0.000099 
381.000000  382.000000  0.000098 
382.000000  383.000000  0.000096 
383.000000  384.000000  0.000095 
384.000000  385.000000  0.000094 
385.000000  386.000000  0.000092 
386.000000  387.000000  0.000091 
387.000000  388.000000  0.000090 
388.000000  389.000000  0.000088 
389.000000  390.000000  0.000087 
390.000000  391.000000  0.000086 
391.000000  392.000000  0.000085 
392.000000  393.000000  0.000083 
393.000000  394.000000  0.000082 
394.000000  395.000000  0.000081 
395.000000  396.000000  0.000080 
396.000000  397.000000  0.000078 
397.000000  398.000000  0.000077 
398.000000  399.000000  0.000076 
399.000000  400.000000  0.000075 
400.000000  401.000000  0.000074 
401.000000  402.000000  0.000073 
402.000000  403.000000  0.000072 
403.000000  404.000000  0.000071 
404.000000  405.000000  0.000070 
405.000000  406.000000  0.000069 
406.000000  407.000000  0.000068 
407.000000  408.000000  0.000067 
408.000000  409.000000  0.000066 
409.000000  410.000000  0.000065 
410.000000  411.000000  0.000064 
411.000000  412.000000  0.000063 
412.000000  413.000000  0.000062 
413.000000  414.000000  0.000061 
414.000000  415.000000  0.000060 
415.000000  416.000000  0.000059 
416.000000  417.000000  0.000058 
417.000000  418.000000  0.000057 
418.000000  419.000000  0.000056 
419.000000  420.000000  0.000056 
420.000000  421.000000  0.000055 
421.000000  422.000000  0.000054 
422.000000  423.000000  0.000053 
423.000000  424.000000  0.000052 
424.000000  425.000000  0.000052 
425.000000  426.000000  0.000051 
426.000000  427.000000  0.000050 
427.000000  428.000000  0.000049 
428.000000  429.000000  0.000049 
429.000000  430.000000  0.000048 
430.000000  431.000000  0.000047 
431.000000  432.000000  0.000046 
432.000000  433.000000  0.000046 
433.000000  434.000000  0.000045 
434.000000  435.000000  0.000044 
435.000000  436.000000  0.000044 
436.000000  437.000000  0.000043 
437.000000  438.000000  0.000042 
438.000000  439.000000  0.000042 
439.000000  440.000000  0.000041 
440.000000  441.000000  0.000041 
441.000000  442.000000  0.000040 
442.000000  443.000000  0.000039 
443.000000  444.000000  0.000039 
444.000000  445.000000  0.000038 
445.000000  446.000000  0.000038 
446.000000  447.000000  0.000037 
447.000000  448.000000  0.000036 
448.000000  449.000000  0.000036 
449.000000  450.000000  0.000035 
450.000000  451.000000  0.000035 
451.000000  452.000000  0.000034 
452.000000  453.000000  0.000034 
453.000000  454.000000  0.000033 
454.000000  455.000000  0.000033 
455.000000  456.000000  0.000032 
456.000000  457.000000  0.000032 
457.000000  458.000000  0.000031 
458.000000  459.000000  0.000031 
459.000000  460.000000  0.000030 
460.000000  461.000000  0.000030 
461.000000  462.000000  0.000030 
462.000000  463.000000  0.000029 
463.000000  464.000000  0.000029 
464.000000  465.000000  0.000028 
465.000000  466.000000  0.000028 
466.000000  467.000000  0.000027 
467.000000  468.000000  0.000027 
468.000000  469.000000  0.000027 
469.000000  470.000000  0.000026 
470.000000  471.000000  0.000026 
471.000000  472.000000  0.000025 
472.000000  473.000000  0.000025 
473.000000  474.000000  0.000025 
474.000000  475.000000  0.000024 
475.000000  476.000000  0.000024 
476.000000  477.000000  0.000024 
477.000000  478.000000  0.000023 
478.000000  479.000000  0.000023 
479.000000  480.000000  0.000023 
480.000000  481.000000  0.000022 
481.000000  482.000000  0.000022 
482.000000  483.000000  0.000022 
483.000000  484.000000  0.000021 
484.000000  485.000000  0.000021 
485.000000  486.000000  0.000021 
486.000000  487.000000  0.000020 
487.000000  488.000000  0.000020 
488.000000  489.000000  0.000020 
489.000000  490.000000  0.000020 
490.000000  491.000000  0.000019 
491.000000  492.000000  0.000019 
492.000000  493.000000  0.000019 
493.000000  494.000000  0.000019 
494.000000  495.000000  0.000018 
495.000000  496.000000  0.000018 
496.000000  497.000000  0.000018 
497.000000  498.000000  0.000017 
498.000000  499.000000  0.000017 
499.000000  500.000000  0.000017 
500.000000  501.000000  0.000017 
501.000000  502.000000  0.000017 
502.000000  503.000000  0.000016 
503.000000  504.000000  0.000016 
504.000000  505.000000  0.000016 
505.000000  506.000000  0.000016 
506.000000  507.000000  0.000015 
507.000000  508.000000  0.000015 
508.000000  509.000000  0.000015 
509.000000  510.000000  0.000015 
510.000000  511.000000  0.000015 
511.000000  512.000000  0.000014 
512.000000  513.000000  0.000014 
513.000000  514.000000  0.000014 
514.000000  515.000000  0.000014 
515.000000  516.000000  0.000014 
516.000000  517.000000  0.000013 
517.000000  518.000000  0.000013 
518.000000  519.000000  0.000013 
519.000000  520.000000  0.000013 
520.000000  521.000000  0.000013 
521.000000  522.000000  0.000013 
522.000000  523.000000  0.000012 
523.000000  524.000000  0.000012 
524.000000  525.000000  0.000012 
525.000000  526.000000  0.000012 
526.000000  527.000000  0.000012 
527.000000  528.000000  0.000012 
528.000000  529.000000  0.000011 
529.000000  530.000000  0.000011 
530.000000  531.000000  0.000011 
531.000000  532.000000  0.000011 
532.000000  533.000000  0.000011 
533.000000  534.000000  0.000011 
534.000000  535.000000  0.000011 
535.000000  536.000000  0.000010 
536.000000  537.000000  0.000010 
537.000000  538.000000  0.000010 
538.000000  539.000000  0.000010 
539.000000  540.000000  0.000010 
540.000000  541.000000  0.000010 
541.000000  542.000000  0.000010 
542.000000  543.000000  0.000010 
543.000000  544.000000  0.000009 
544.000000  545.000000  0.000009 
545.000000  546.000000  0.000009 
546.000000  547.000000  0.000009 
547.000000  548.000000  0.000009 
548.000000  549.000000  0.000009 
549.000000  550.000000  0.000009 
550.000000  551.000000  0.000009 
551.000000  552.000000  0.000009 
552.000000  553.000000  0.000008 
553.000000  554.000000  0.000008 
554.000000  555.000000  0.000008 
555.000000  556.000000  0.000008 
556.000000  557.000000  0.000008 
557.000000  558.000000  0.000008 
558.000000  559.000000  0.000008 
559.000000  560.000000  0.000008 
560.000000  561.000000  0.000008 
561.000000  562.000000  0.000008 
562.000000  563.000000  0.000007 
563.000000  564.000000  0.000007 
564.000000  565.000000  0.000007 
565.000000  566.000000  0.000007 
566.000000  567.000000  0.000007 
567.000000  568.000000  0.000007 
568.000000  569.000000  0.000007 
569.000000  570.000000  0.000007 
570.000000  571.000000  0.000007 
571.000000  572.000000  0.000007 
572.000000  573.000000  0.000007 
573.000000  574.000000  0.000007 
574.000000  575.000000  0.000006 
575.000000  576.000000  0.000006 
576.000000  577.000000  0.000006 
577.000000  578.000000  0.000006 
578.000000  579.000000  0.000006 
579.000000  580.000000  0.000006 
580.000000  581.000000  0.000006 
581.000000  582.000000  0.000006 
582.000000  583.000000  0.000006 
583.000000  584.000000  0.000006 
584.000000  585.000000  0.000006 
585.000000  586.000000  0.000006 
586.000000  587.000000  0.000006 
587.000000  588.000000  0.000006 
588.000000  589.000000  0.000006 
589.000000  590.000000  0.000006 
590.000000  591.000000  0.000005 
591.000000  592.000000  0.000005 
592.000000  593.000000  0.000005 
593.000000  594.000000  0.000005 
594.000000  595.000000  0.000005 
595.000000  596.000000  0.000005 
596.000000  597.000000  0.000005 
597.000000  598.000000  0.000005 
598.000000  599.000000  0.000005 
599.000000  600.000000  0.000005 
600.000000  601.000000  0.000005 
601.000000  602.000000  0.000005 
602.000000  603.000000  0.000005 
603.000000  604.000000  0.000005 
604.000000  605.000000  0.000005 
605.000000  606.000000  0.000005 
606.000000  607.000000  0.000005 
607.000000  608.000000  0.000005 
608.000000  609.000000  0.000005 
609.000000  610.000000  0.000005 
610.000000  611.000000  0.000005 
611.000000  612.000000  0.000004 
612.000000  613.000000  0.000004 
613.000000  614.000000  0.000004 
614.000000  615.000000  0.000004 
615.000000  616.000000  0.000004 
616.000000  617.000000  0.000004 
617.000000  618.000000  0.000004 
618.000000  619.000000  0.000004 
619.000000  620.000000  0.000004 
620.000000  621.000000  0.000004 
621.000000  622.000000  0.000004 
622.000000  623.000000  0.000004 
623.000000  624.000000  0.000004 
624.000000  625.000000  0.000004 
625.000000  626.000000  0.000004 
626.000000  627.000000  0.000004 
627.000000  628.000000  0.000004 
628.000000  629.000000  0.000004 
629.000000  630.000000  0.000004 
630.000000  631.000000  0.000004 
631.000000  632.000000  0.000004 
632.000000  633.000000  0.000004 
633.000000  634.000000  0.000004 
634.000000  635.000000  0.000004 
635.000000  636.000000  0.000004 
636.000000  637.000000  0.000004 
637.000000  638.000000  0.000004 
638.000000  639.000000  0.000004 
639.000000  640.000000  0.000004 
640.000000  641.000000  0.000004 
641.000000  642.000000  0.000004 
642.000000  643.000000  0.000003 
643.000000  644.000000  0.000003 
644.000000  645.000000  0.000003 
645.000000  646.000000  0.000003 
646.000000  647.000000  0.000003 
647.000000  648.000000  0.000003 
648.000000  649.000000  0.000003 
649.000000  650.000000  0.000003 
650.000000  651.000000  0.000003 
651.000000  652.000000  0.000003 
652.000000  653.000000  0.000003 
653.000000  654.000000  0.000003 
654.000000  655.000000  0.000003 
655.000000  656.000000  0.000003 
656.000000  657.000000  0.000003 
657.000000  658.000000  0.000003 
658.000000  659.000000  0.000003 
659.000000  660.000000  0.000003 
660.000000  661.000000  0.000003 
661.000000  662.000000  0.000003 
662.000000  663.000000  0.000003 
663.000000  664.000000  0.000003 
664.000000  665.000000  0.000003 
665.000000  666.000000  0.000003 
666.000000  667.000000  0.000003 
667.000000  668.000000  0.000003 
668.000000  669.000000  0.000003 
669.000000  670.000000  0.000003 
670.000000  671.000000  0.000003 
671.000000  672.000000  0.000003 
672.000000  673.000000  0.000003 
673.000000  674.000000  0.000003 
674.000000  675.000000  0.000003 
675.000000  676.000000  0.000003 
676.000000  677.000000  0.000003 
677.000000  678.000000  0.000003 
678.000000  679.000000  0.000003 
679.000000  680.000000  0.000003 
680.000000  681.000000  0.000003 
681.000000  682.000000  0.000003 
682.000000  683.000000  0.000003 
683.000000  684.000000  0.000003 
684.000000  685.000000  0.000003 
685.000000  686.000000  0.000003 
686.000000  687.000000  0.000003 
687.000000  688.000000  0.000003 
688.000000  689.000000  0.000003 
689.000000  690.000000  0.000003 
690.000000  691.000000  0.000003 
691.000000  692.000000  0.000003 
692.000000  693.000000  0.000003 
693.000000  694.000000  0.000003 
694.000000  695.000000  0.000003 
695.000000  696.000000  0.000003 
696.000000  697.000000  0.000003 
697.000000  698.000000  0.000003 
698.000000  699.000000  0.000003 
699.000000  700.000000  0.000003 
700.000000  701.000000  0.000003 
701.000000  702.000000  0.000003 
702.000000  703.000000  0.000003 
703.000000  704.000000  0.000002 
704.000000  705.000000  0.000002 
705.000000  706.000000  0.000002 
706.000000  707.000000  0.000002 
707.000000  708.000000  0.000002 
708.000000  709.000000  0.000002 
709.000000  710.000000  0.000002 
710.000000  711.000000  0.000002 
711.000000  712.000000  0.000002 
712.000000  713.000000  0.000002 
713.000000  714.000000  0.000002 
714.000000  715.000000  0.000002 
715.000000  716.000000  0.000002 
716.000000  717.000000  0.000002 
717.000000  718.000000  0.000002 
718.000000  719.000000  0.000002 
719.000000  720.000000  0.000002 
720.000000  721.000000  0.000002 
721.000000  722.000000  0.000002 
722.000000  723.000000  0.000002 
723.000000  724.000000  0.000002 
724.000000  725.000000  0.000002 
725.000000  726.000000  0.000002 
726.000000  727.000000  0.000002 
727.000000  728.000000  0.000002 
728.000000  729.000000  0.000002 
729.000000  730.000000  0.000002 
730.000000  731.000000  0.000002 
731.000000  732.000000  0.000002 
732.000000  733.000000  0.000002 
733.000000  734.000000  0.000002 
734.000000  735.000000  0.000002 
735.000000  736.000000  0.000002 
736.000000  737.000000  0.000002 
737.000000  738.000000  0.000002 
738.000000  739.000000  0.000002 
739.000000  740.000000  0.000002 
740.000000  741.000000  0.000002 
741.000000  742.000000  0.000002 
742.000000  743.000000  0.000002 
743.000000  744.000000  0.000002 
744.000000  745.000000  0.000002 
745.000000  746.000000  0.000002 
746.000000  747.000000  0.000002 
747.000000  748.000000  0.000002 
748.000000  749.000000  0.000002 
749.000000  750.000000  0.000002 
750.000000  751.000000  0.000002 
751.000000  752.000000  0.000002 
752.000000  753.000000  0.000002 
753.000000  754.000000  0.000002 
754.000000  755.000000  0.000002 
755.000000  756.000000  0.000002 
756.000000  757.000000  0.000002 
757.000000  758.000000  0.000002 
758.000000  759.000000  0.000002 
759.000000  760.000000  0.000002 
760.000000  761.000000  0.000002 
761.000000  762.000000  0.000002 
762.000000  763.000000  0.000002 
763.000000  764.000000  0.000002 
764.000000  765.000000  0.000002 
765.000000  766.000000  0.000002 
766.000000  767.000000  0.000002 
767.000000  768.000000  0.000002 
768.000000  769.000000  0.000002 
769.000000  770.000000  0.000002 
770.000000  771.000000  0.000002 
771.000000  772.000000  0.000002 
772.000000  773.000000  0.000002 
773.000000  774.000000  0.000002 
774.000000  775.000000  0.000002 
775.000000  776.000000  0.000002 
776.000000  777.000000  0.000002 
777.000000  778.000000  0.000002 
778.000000  779.000000  0.000002 
779.000000  780.000000  0.000002 
780.000000  781.000000  0.000002 
781.000000  782.000000  0.000002 
782.000000  783.000000  0.000002 
783.000000  784.000000  0.000002 
784.000000  785.000000  0.000002 
785.000000  786.000000  0.000002 
786.000000  787.000000  0.000002 
787.000000  788.000000  0.000002 
788.000000  789.000000  0.000002 
789.000000  790.000000  0.000002 
790.000000  791.000000  0.000002 
791.000000  792.000000  0.000002 
792.000000  793.000000  0.000002 
793.000000  794.000000  0.000002 
794.000000  795.000000  0.000002 
795.000000  796.000000  0.000002 
796.000000  797.000000  0.000002 
797.000000  798.000000  0.000002 
798.000000  799.000000  0.000002 
799.000000  800.000000  0.000002 
800.000000  801.000000  0.000002 
801.000000  802.000000  0.000002 
802.000000  803.000000  0.000002 
803.000000  804.000000  0.000002 
804.000000  805.000000  0.000002 
805.000000  806.000000  0.000002 
806.000000  807.000000  0.000002 
807.000000  808.000000  0.000002 
808.000000  809.000000  0.000002 
809.000000  810.000000  0.000002 
810.000000  811.000000  0.000002 
811.000000  812.000000  0.000002 
812.000000  813.000000  0.000002 
813.000000  814.000000  0.000002 
814.000000  815.000000  0.000002 
815.000000  816.000000  0.000002 
816.000000  817.000000  0.000002 
817.000000  818.000000  0.000002 
818.000000  819.000000  0.000002 
819.000000  820.000000  0.000002 
820.000000  821.000000  0.000002 
821.000000  822.000000  0.000002 
822.000000  823.000000  0.000002 
823.000000  824.000000  0.000002 
824.000000  825.000000  0.000002 
825.000000  826.000000  0.000002 
826.000000  827.000000  0.000002 
827.000000  828.000000  0.000002 
828.000000  829.000000  0.000002 
829.000000  830.000000  0.000002 
830.000000  831.000000  0.000002 
831.000000  832.000000  0.000002 
832.000000  833.000000  0.000002 
833.000000  834.000000  0.000002 
834.000000  835.000000  0.000002 
835.000000  836.000000  0.000002 
836.000000  837.000000  0.000002 
837.000000  838.000000  0.000002 
838.000000  839.000000  0.000002 
839.000000  840.000000  0.000002 
840.000000  841.000000  0.000002 
841.000000  842.000000  0.000002 
842.000000  843.000000  0.000002 
843.000000  844.000000  0.000002 
844.000000  845.000000  0.000002 
845.000000  846.000000  0.000002 
846.000000  847.000000  0.000002 
847.000000  848.000000  0.000002 
848.000000  849.000000  0.000002 
849.000000  850.000000  0.000002 
850.000000  851.000000  0.000002 
851.000000  852.000000  0.000002 
852.000000  853.000000  0.000002 
853.000000  854.000000  0.000002 
854.000000  855.000000  0.000002 
855.000000  856.000000  0.000002 
856.000000  857.000000  0.000002 
857.000000  858.000000  0.000002 
858.000000  859.000000  0.000002 
859.000000  860.000000  0.000002 
860.000000  861.000000  0.000002 
861.000000  862.000000  0.000002 
862.000000  863.000000  0.000002 
863.000000  864.000000  0.000002 
864.000000  865.000000  0.000002 
865.000000  866.000000  0.000002 
866.000000  867.000000  0.000002 
867.000000  868.000000  0.000002 
868.000000  869.000000  0.000002 
869.000000  870.000000  0.000002 
870.000000  871.000000  0.000002 
871.000000  872.000000  0.000002 
872.000000  873.000000  0.000002 
873.000000  874.000000  0.000002 
874.000000  875.000000  0.000002 
875.000000  876.000000  0.000002 
876.000000  877.000000  0.000002 
877.000000  878.000000  0.000002 
878.000000  879.000000  0.000002 
879.000000  880.000000  0.000002 
880.000000  881.000000  0.000002 
881.000000  882.000000  0.000002 
882.000000  883.000000  0.000002 
883.000000  884.000000  0.000002 
884.000000  885.000000  0.000002 
885.000000  886.000000  0.000002 
886.000000  887.000000  0.000002 
887.000000  888.000000  0.000002 
888.000000  889.000000  0.000002 
889.000000  890.000000  0.000002 
890.000000  891.000000  0.000002 
891.000000  892.000000  0.000002 
892.000000  893.000000  0.000002 
893.000000  894.000000  0.000002 
894.000000  895.000000  0.000002 
895.000000  896.000000  0.000002 
896.000000  897.000000  0.000002 
897.000000  898.000000  0.000002 
898.000000  899.000000  0.000002 
899.000000  900.000000  0.000002 
900.000000  901.000000  0.000002 
901.000000  902.000000  0.000002 
902.000000  903.000000  0.000002 
903.000000  904.000000  0.000002 
904.000000  905.000000  0.000002 
905.000000  906.000000  0.000002 
906.000000  907.000000  0.000002 
907.000000  908.000000  0.000002 
908.000000  909.000000  0.000002 
909.000000  910.000000  0.000002 
910.000000  911.000000  0.000002 
911.000000  912.000000  0.000002 
912.000000  913.000000  0.000002 
913.000000  914.000000  0.000002 
914.000000  915.000000  0.000002 
915.000000  916.000000  0.000002 
916.000000  917.000000  0.000002 
917.000000  918.000000  0.000002 
918.000000  919.000000  0.000002 
919.000000  920.000000  0.000002 
920.000000  921.000000  0.000002 
921.000000  922.000000  0.000002 
922.000000  923.000000  0.000002 
923.000000  924.000000  0.000002 
924.000000  925.000000  0.000002 
925.000000  926.000000  0.000002 
926.000000  927.000000  0.000002 
927.000000  928.000000  0.000002 
928.000000  929.000000  0.000002 
929.000000  930.000000  0.000002 
930.000000  931.000000  0.000002 
931.000000  932.000000  0.000002 
932.000000  933.000000  0.000002 
933.000000  934.000000  0.000002 
934.000000  935.000000  0.000002 
935.000000  936.000000  0.000002 
936.000000  937.000000  0.000002 
937.000000  938.000000  0.000002 
938.000000  939.000000  0.000002 
939.000000  940.000000  0.000002 
940.000000  941.000000  0.000002 
941.000000  942.000000  0.000002 
942.000000  943.000000  0.000002 
943.000000  944.000000  0.000002 
