20.000000  21.000000  0.004065 
21.000000  22.000000  0.003964 
22.000000  23.000000  0.003866 
23.000000  24.000000  0.003771 
24.000000  25.000000  0.003680 
25.000000  26.000000  0.003591 
26.000000  27.000000  0.003506 
27.000000  28.000000  0.003424 
28.000000  29.000000  0.003345 
29.000000  30.000000  0.003269 
30.000000  31.000000  0.003195 
31.000000  32.000000  0.003125 
32.000000  33.000000  0.003056 
33.000000  34.000000  0.002990 
34.000000  35.000000  0.002926 
35.000000  36.000000  0.002863 
36.000000  37.000000  0.002803 
37.000000  38.000000  0.002744 
38.000000  39.000000  0.002687 
39.000000  40.000000  0.002631 
40.000000  41.000000  0.002577 
41.000000  42.000000  0.002524 
42.000000  43.000000  0.002472 
43.000000  44.000000  0.002421 
44.000000  45.000000  0.002371 
45.000000  46.000000  0.002323 
46.000000  47.000000  0.002275 
47.000000  48.000000  0.002228 
48.000000  49.000000  0.002183 
49.000000  50.000000  0.002138 
50.000000  51.000000  0.002094 
51.000000  52.000000  0.002050 
52.000000  53.000000  0.002008 
53.000000  54.000000  0.001966 
54.000000  55.000000  0.001925 
55.000000  56.000000  0.001885 
56.000000  57.000000  0.001846 
57.000000  58.000000  0.001807 
58.000000  59.000000  0.001769 
59.000000  60.000000  0.001732 
60.000000  61.000000  0.001695 
61.000000  62.000000  0.001659 
62.000000  63.000000  0.001624 
63.000000  64.000000  0.001589 
64.000000  65.000000  0.001556 
65.000000  66.000000  0.001522 
66.000000  67.000000  0.001490 
67.000000  68.000000  0.001458 
68.000000  69.000000  0.001426 
69.000000  70.000000  0.001396 
70.000000  71.000000  0.001366 
71.000000  72.000000  0.001336 
72.000000  73.000000  0.001307 
73.000000  74.000000  0.001279 
74.000000  75.000000  0.001251 
75.000000  76.000000  0.001224 
76.000000  77.000000  0.001198 
77.000000  78.000000  0.001172 
78.000000  79.000000  0.001147 
79.000000  80.000000  0.001122 
80.000000  81.000000  0.001097 
81.000000  82.000000  0.001074 
82.000000  83.000000  0.001051 
83.000000  84.000000  0.001028 
84.000000  85.000000  0.001006 
85.000000  86.000000  0.000984 
86.000000  87.000000  0.000963 
87.000000  88.000000  0.000943 
88.000000  89.000000  0.000923 
89.000000  90.000000  0.000903 
90.000000  91.000000  0.000884 
91.000000  92.000000  0.000865 
92.000000  93.000000  0.000847 
93.000000  94.000000  0.000829 
94.000000  95.000000  0.000812 
95.000000  96.000000  0.000795 
96.000000  97.000000  0.000779 
97.000000  98.000000  0.000763 
98.000000  99.000000  0.000747 
99.000000  100.000000  0.000732 
100.000000  101.000000  0.000718 
101.000000  102.000000  0.000703 
102.000000  103.000000  0.000689 
103.000000  104.000000  0.000676 
104.000000  105.000000  0.000663 
105.000000  106.000000  0.000650 
106.000000  107.000000  0.000637 
107.000000  108.000000  0.000625 
108.000000  109.000000  0.000613 
109.000000  110.000000  0.000602 
110.000000  111.000000  0.000591 
111.000000  112.000000  0.000580 
112.000000  113.000000  0.000569 
113.000000  114.000000  0.000559 
114.000000  115.000000  0.000549 
115.000000  116.000000  0.000539 
116.000000  117.000000  0.000530 
117.000000  118.000000  0.000521 
118.000000  119.000000  0.000512 
119.000000  120.000000  0.000503 
120.000000  121.000000  0.000495 
121.000000  122.000000  0.000486 
122.000000  123.000000  0.000478 
123.000000  124.000000  0.000471 
124.000000  125.000000  0.000463 
125.000000  126.000000  0.000456 
126.000000  127.000000  0.000449 
127.000000  128.000000  0.000442 
128.000000  129.000000  0.000435 
129.000000  130.000000  0.000429 
130.000000  131.000000  0.000422 
131.000000  132.000000  0.000416 
132.000000  133.000000  0.000410 
133.000000  134.000000  0.000404 
134.000000  135.000000  0.000399 
135.000000  136.000000  0.000393 
136.000000  137.000000  0.000388 
137.000000  138.000000  0.000383 
138.000000  139.000000  0.000377 
139.000000  140.000000  0.000373 
140.000000  141.000000  0.000368 
141.000000  142.000000  0.000363 
142.000000  143.000000  0.000359 
143.000000  144.000000  0.000354 
144.000000  145.000000  0.000350 
145.000000  146.000000  0.000346 
146.000000  147.000000  0.000341 
147.000000  148.000000  0.000338 
148.000000  149.000000  0.000334 
149.000000  150.000000  0.000330 
150.000000  151.000000  0.000326 
151.000000  152.000000  0.000323 
152.000000  153.000000  0.000319 
153.000000  154.000000  0.000316 
154.000000  155.000000  0.000312 
155.000000  156.000000  0.000309 
156.000000  157.000000  0.000306 
157.000000  158.000000  0.000303 
158.000000  159.000000  0.000300 
159.000000  160.000000  0.000297 
160.000000  161.000000  0.000294 
161.000000  162.000000  0.000292 
162.000000  163.000000  0.000289 
163.000000  164.000000  0.000286 
164.000000  165.000000  0.000284 
165.000000  166.000000  0.000281 
166.000000  167.000000  0.000279 
167.000000  168.000000  0.000276 
168.000000  169.000000  0.000274 
169.000000  170.000000  0.000272 
170.000000  171.000000  0.000270 
171.000000  172.000000  0.000267 
172.000000  173.000000  0.000265 
173.000000  174.000000  0.000263 
174.000000  175.000000  0.000261 
175.000000  176.000000  0.000259 
176.000000  177.000000  0.000257 
177.000000  178.000000  0.000256 
178.000000  179.000000  0.000254 
179.000000  180.000000  0.000252 
180.000000  181.000000  0.000250 
181.000000  182.000000  0.000249 
182.000000  183.000000  0.000247 
183.000000  184.000000  0.000245 
184.000000  185.000000  0.000244 
185.000000  186.000000  0.000242 
186.000000  187.000000  0.000241 
187.000000  188.000000  0.000239 
188.000000  189.000000  0.000238 
189.000000  190.000000  0.000236 
190.000000  191.000000  0.000235 
191.000000  192.000000  0.000234 
192.000000  193.000000  0.000232 
193.000000  194.000000  0.000231 
194.000000  195.000000  0.000230 
195.000000  196.000000  0.000228 
196.000000  197.000000  0.000227 
197.000000  198.000000  0.000226 
198.000000  199.000000  0.000225 
199.000000  200.000000  0.000224 
200.000000  201.000000  0.000223 
201.000000  202.000000  0.000222 
202.000000  203.000000  0.000220 
203.000000  204.000000  0.000219 
204.000000  205.000000  0.000218 
205.000000  206.000000  0.000217 
206.000000  207.000000  0.000216 
207.000000  208.000000  0.000215 
208.000000  209.000000  0.000214 
209.000000  210.000000  0.000214 
210.000000  211.000000  0.000213 
211.000000  212.000000  0.000212 
212.000000  213.000000  0.000211 
213.000000  214.000000  0.000210 
214.000000  215.000000  0.000209 
215.000000  216.000000  0.000208 
216.000000  217.000000  0.000208 
217.000000  218.000000  0.000207 
218.000000  219.000000  0.000206 
219.000000  220.000000  0.000205 
220.000000  221.000000  0.000204 
221.000000  222.000000  0.000204 
222.000000  223.000000  0.000203 
223.000000  224.000000  0.000202 
224.000000  225.000000  0.000201 
225.000000  226.000000  0.000201 
226.000000  227.000000  0.000200 
227.000000  228.000000  0.000199 
228.000000  229.000000  0.000199 
229.000000  230.000000  0.000198 
230.000000  231.000000  0.000197 
231.000000  232.000000  0.000197 
232.000000  233.000000  0.000196 
233.000000  234.000000  0.000195 
234.000000  235.000000  0.000195 
235.000000  236.000000  0.000194 
236.000000  237.000000  0.000194 
237.000000  238.000000  0.000193 
238.000000  239.000000  0.000192 
239.000000  240.000000  0.000192 
240.000000  241.000000  0.000191 
241.000000  242.000000  0.000191 
242.000000  243.000000  0.000190 
243.000000  244.000000  0.000189 
244.000000  245.000000  0.000189 
245.000000  246.000000  0.000188 
246.000000  247.000000  0.000188 
247.000000  248.000000  0.000187 
248.000000  249.000000  0.000187 
249.000000  250.000000  0.000186 
250.000000  251.000000  0.000186 
251.000000  252.000000  0.000185 
252.000000  253.000000  0.000184 
253.000000  254.000000  0.000184 
254.000000  255.000000  0.000183 
255.000000  256.000000  0.000183 
256.000000  257.000000  0.000182 
257.000000  258.000000  0.000182 
258.000000  259.000000  0.000181 
259.000000  260.000000  0.000181 
260.000000  261.000000  0.000180 
261.000000  262.000000  0.000180 
262.000000  263.000000  0.000179 
263.000000  264.000000  0.000179 
264.000000  265.000000  0.000178 
265.000000  266.000000  0.000178 
266.000000  267.000000  0.000177 
267.000000  268.000000  0.000177 
268.000000  269.000000  0.000176 
269.000000  270.000000  0.000175 
270.000000  271.000000  0.000175 
271.000000  272.000000  0.000174 
272.000000  273.000000  0.000174 
273.000000  274.000000  0.000173 
274.000000  275.000000  0.000173 
275.000000  276.000000  0.000172 
276.000000  277.000000  0.000172 
277.000000  278.000000  0.000171 
278.000000  279.000000  0.000171 
279.000000  280.000000  0.000170 
280.000000  281.000000  0.000170 
281.000000  282.000000  0.000169 
282.000000  283.000000  0.000169 
283.000000  284.000000  0.000168 
284.000000  285.000000  0.000168 
285.000000  286.000000  0.000167 
286.000000  287.000000  0.000167 
287.000000  288.000000  0.000166 
288.000000  289.000000  0.000165 
289.000000  290.000000  0.000165 
290.000000  291.000000  0.000164 
291.000000  292.000000  0.000164 
292.000000  293.000000  0.000163 
293.000000  294.000000  0.000163 
294.000000  295.000000  0.000162 
295.000000  296.000000  0.000162 
296.000000  297.000000  0.000161 
297.000000  298.000000  0.000161 
298.000000  299.000000  0.000160 
299.000000  300.000000  0.000159 
300.000000  301.000000  0.000159 
301.000000  302.000000  0.000158 
302.000000  303.000000  0.000158 
303.000000  304.000000  0.000157 
304.000000  305.000000  0.000157 
305.000000  306.000000  0.000156 
306.000000  307.000000  0.000156 
307.000000  308.000000  0.000155 
308.000000  309.000000  0.000154 
309.000000  310.000000  0.000154 
310.000000  311.000000  0.000153 
311.000000  312.000000  0.000153 
312.000000  313.000000  0.000152 
313.000000  314.000000  0.000152 
314.000000  315.000000  0.000151 
315.000000  316.000000  0.000150 
316.000000  317.000000  0.000150 
317.000000  318.000000  0.000149 
318.000000  319.000000  0.000149 
319.000000  320.000000  0.000148 
320.000000  321.000000  0.000148 
321.000000  322.000000  0.000147 
322.000000  323.000000  0.000146 
323.000000  324.000000  0.000146 
324.000000  325.000000  0.000145 
325.000000  326.000000  0.000145 
326.000000  327.000000  0.000144 
327.000000  328.000000  0.000143 
328.000000  329.000000  0.000143 
329.000000  330.000000  0.000142 
330.000000  331.000000  0.000142 
331.000000  332.000000  0.000141 
332.000000  333.000000  0.000140 
333.000000  334.000000  0.000140 
334.000000  335.000000  0.000139 
335.000000  336.000000  0.000139 
336.000000  337.000000  0.000138 
337.000000  338.000000  0.000137 
338.000000  339.000000  0.000137 
339.000000  340.000000  0.000136 
340.000000  341.000000  0.000136 
341.000000  342.000000  0.000135 
342.000000  343.000000  0.000134 
343.000000  344.000000  0.000134 
344.000000  345.000000  0.000133 
345.000000  346.000000  0.000133 
346.000000  347.000000  0.000132 
347.000000  348.000000  0.000131 
348.000000  349.000000  0.000131 
349.000000  350.000000  0.000130 
350.000000  351.000000  0.000130 
351.000000  352.000000  0.000129 
352.000000  353.000000  0.000128 
353.000000  354.000000  0.000128 
354.000000  355.000000  0.000127 
355.000000  356.000000  0.000127 
356.000000  357.000000  0.000126 
357.000000  358.000000  0.000125 
358.000000  359.000000  0.000125 
359.000000  360.000000  0.000124 
360.000000  361.000000  0.000124 
361.000000  362.000000  0.000123 
362.000000  363.000000  0.000122 
363.000000  364.000000  0.000122 
364.000000  365.000000  0.000121 
365.000000  366.000000  0.000121 
366.000000  367.000000  0.000120 
367.000000  368.000000  0.000119 
368.000000  369.000000  0.000119 
369.000000  370.000000  0.000118 
370.000000  371.000000  0.000118 
371.000000  372.000000  0.000117 
372.000000  373.000000  0.000116 
373.000000  374.000000  0.000116 
374.000000  375.000000  0.000115 
375.000000  376.000000  0.000115 
376.000000  377.000000  0.000114 
377.000000  378.000000  0.000113 
378.000000  379.000000  0.000113 
379.000000  380.000000  0.000112 
380.000000  381.000000  0.000112 
381.000000  382.000000  0.000111 
382.000000  383.000000  0.000110 
383.000000  384.000000  0.000110 
384.000000  385.000000  0.000109 
385.000000  386.000000  0.000109 
386.000000  387.000000  0.000108 
387.000000  388.000000  0.000108 
388.000000  389.000000  0.000107 
389.000000  390.000000  0.000106 
390.000000  391.000000  0.000106 
391.000000  392.000000  0.000105 
392.000000  393.000000  0.000105 
393.000000  394.000000  0.000104 
394.000000  395.000000  0.000104 
395.000000  396.000000  0.000103 
396.000000  397.000000  0.000102 
397.000000  398.000000  0.000102 
398.000000  399.000000  0.000101 
399.000000  400.000000  0.000101 
400.000000  401.000000  0.000100 
401.000000  402.000000  0.000100 
402.000000  403.000000  0.000099 
403.000000  404.000000  0.000098 
404.000000  405.000000  0.000098 
405.000000  406.000000  0.000097 
406.000000  407.000000  0.000097 
407.000000  408.000000  0.000096 
408.000000  409.000000  0.000096 
409.000000  410.000000  0.000095 
410.000000  411.000000  0.000095 
411.000000  412.000000  0.000094 
412.000000  413.000000  0.000094 
413.000000  414.000000  0.000093 
414.000000  415.000000  0.000093 
415.000000  416.000000  0.000092 
416.000000  417.000000  0.000091 
417.000000  418.000000  0.000091 
418.000000  419.000000  0.000090 
419.000000  420.000000  0.000090 
420.000000  421.000000  0.000089 
421.000000  422.000000  0.000089 
422.000000  423.000000  0.000088 
423.000000  424.000000  0.000088 
424.000000  425.000000  0.000087 
425.000000  426.000000  0.000087 
426.000000  427.000000  0.000086 
427.000000  428.000000  0.000086 
428.000000  429.000000  0.000085 
429.000000  430.000000  0.000085 
430.000000  431.000000  0.000084 
431.000000  432.000000  0.000084 
432.000000  433.000000  0.000083 
433.000000  434.000000  0.000083 
434.000000  435.000000  0.000082 
435.000000  436.000000  0.000082 
436.000000  437.000000  0.000081 
437.000000  438.000000  0.000081 
438.000000  439.000000  0.000080 
439.000000  440.000000  0.000080 
440.000000  441.000000  0.000079 
441.000000  442.000000  0.000079 
442.000000  443.000000  0.000078 
443.000000  444.000000  0.000078 
444.000000  445.000000  0.000078 
445.000000  446.000000  0.000077 
446.000000  447.000000  0.000077 
447.000000  448.000000  0.000076 
448.000000  449.000000  0.000076 
449.000000  450.000000  0.000075 
450.000000  451.000000  0.000075 
451.000000  452.000000  0.000074 
452.000000  453.000000  0.000074 
453.000000  454.000000  0.000073 
454.000000  455.000000  0.000073 
455.000000  456.000000  0.000073 
456.000000  457.000000  0.000072 
457.000000  458.000000  0.000072 
458.000000  459.000000  0.000071 
459.000000  460.000000  0.000071 
460.000000  461.000000  0.000070 
461.000000  462.000000  0.000070 
462.000000  463.000000  0.000070 
463.000000  464.000000  0.000069 
464.000000  465.000000  0.000069 
465.000000  466.000000  0.000068 
466.000000  467.000000  0.000068 
467.000000  468.000000  0.000067 
468.000000  469.000000  0.000067 
469.000000  470.000000  0.000067 
470.000000  471.000000  0.000066 
471.000000  472.000000  0.000066 
472.000000  473.000000  0.000065 
473.000000  474.000000  0.000065 
474.000000  475.000000  0.000065 
475.000000  476.000000  0.000064 
476.000000  477.000000  0.000064 
477.000000  478.000000  0.000063 
478.000000  479.000000  0.000063 
479.000000  480.000000  0.000063 
480.000000  481.000000  0.000062 
481.000000  482.000000  0.000062 
482.000000  483.000000  0.000062 
483.000000  484.000000  0.000061 
484.000000  485.000000  0.000061 
485.000000  486.000000  0.000060 
486.000000  487.000000  0.000060 
487.000000  488.000000  0.000060 
488.000000  489.000000  0.000059 
489.000000  490.000000  0.000059 
490.000000  491.000000  0.000059 
491.000000  492.000000  0.000058 
492.000000  493.000000  0.000058 
493.000000  494.000000  0.000058 
494.000000  495.000000  0.000057 
495.000000  496.000000  0.000057 
496.000000  497.000000  0.000056 
497.000000  498.000000  0.000056 
498.000000  499.000000  0.000056 
499.000000  500.000000  0.000055 
500.000000  501.000000  0.000055 
501.000000  502.000000  0.000055 
502.000000  503.000000  0.000054 
503.000000  504.000000  0.000054 
504.000000  505.000000  0.000054 
505.000000  506.000000  0.000053 
506.000000  507.000000  0.000053 
507.000000  508.000000  0.000053 
508.000000  509.000000  0.000052 
509.000000  510.000000  0.000052 
510.000000  511.000000  0.000052 
511.000000  512.000000  0.000052 
512.000000  513.000000  0.000051 
513.000000  514.000000  0.000051 
514.000000  515.000000  0.000051 
515.000000  516.000000  0.000050 
516.000000  517.000000  0.000050 
517.000000  518.000000  0.000050 
518.000000  519.000000  0.000049 
519.000000  520.000000  0.000049 
520.000000  521.000000  0.000049 
521.000000  522.000000  0.000048 
522.000000  523.000000  0.000048 
523.000000  524.000000  0.000048 
524.000000  525.000000  0.000048 
525.000000  526.000000  0.000047 
526.000000  527.000000  0.000047 
527.000000  528.000000  0.000047 
528.000000  529.000000  0.000046 
529.000000  530.000000  0.000046 
530.000000  531.000000  0.000046 
531.000000  532.000000  0.000046 
532.000000  533.000000  0.000045 
533.000000  534.000000  0.000045 
534.000000  535.000000  0.000045 
535.000000  536.000000  0.000045 
536.000000  537.000000  0.000044 
537.000000  538.000000  0.000044 
538.000000  539.000000  0.000044 
539.000000  540.000000  0.000044 
540.000000  541.000000  0.000043 
541.000000  542.000000  0.000043 
542.000000  543.000000  0.000043 
543.000000  544.000000  0.000043 
544.000000  545.000000  0.000042 
545.000000  546.000000  0.000042 
546.000000  547.000000  0.000042 
547.000000  548.000000  0.000042 
548.000000  549.000000  0.000041 
549.000000  550.000000  0.000041 
550.000000  551.000000  0.000041 
551.000000  552.000000  0.000041 
552.000000  553.000000  0.000040 
553.000000  554.000000  0.000040 
554.000000  555.000000  0.000040 
555.000000  556.000000  0.000040 
556.000000  557.000000  0.000039 
557.000000  558.000000  0.000039 
558.000000  559.000000  0.000039 
559.000000  560.000000  0.000039 
560.000000  561.000000  0.000039 
561.000000  562.000000  0.000038 
562.000000  563.000000  0.000038 
563.000000  564.000000  0.000038 
564.000000  565.000000  0.000038 
565.000000  566.000000  0.000037 
566.000000  567.000000  0.000037 
567.000000  568.000000  0.000037 
568.000000  569.000000  0.000037 
569.000000  570.000000  0.000037 
570.000000  571.000000  0.000036 
571.000000  572.000000  0.000036 
572.000000  573.000000  0.000036 
573.000000  574.000000  0.000036 
574.000000  575.000000  0.000036 
575.000000  576.000000  0.000035 
576.000000  577.000000  0.000035 
577.000000  578.000000  0.000035 
578.000000  579.000000  0.000035 
579.000000  580.000000  0.000035 
580.000000  581.000000  0.000034 
581.000000  582.000000  0.000034 
582.000000  583.000000  0.000034 
583.000000  584.000000  0.000034 
584.000000  585.000000  0.000034 
585.000000  586.000000  0.000033 
586.000000  587.000000  0.000033 
587.000000  588.000000  0.000033 
588.000000  589.000000  0.000033 
589.000000  590.000000  0.000033 
590.000000  591.000000  0.000033 
591.000000  592.000000  0.000032 
592.000000  593.000000  0.000032 
593.000000  594.000000  0.000032 
594.000000  595.000000  0.000032 
595.000000  596.000000  0.000032 
596.000000  597.000000  0.000032 
597.000000  598.000000  0.000031 
598.000000  599.000000  0.000031 
599.000000  600.000000  0.000031 
600.000000  601.000000  0.000031 
601.000000  602.000000  0.000031 
602.000000  603.000000  0.000031 
603.000000  604.000000  0.000030 
604.000000  605.000000  0.000030 
605.000000  606.000000  0.000030 
606.000000  607.000000  0.000030 
607.000000  608.000000  0.000030 
608.000000  609.000000  0.000030 
609.000000  610.000000  0.000029 
610.000000  611.000000  0.000029 
611.000000  612.000000  0.000029 
612.000000  613.000000  0.000029 
613.000000  614.000000  0.000029 
614.000000  615.000000  0.000029 
615.000000  616.000000  0.000029 
616.000000  617.000000  0.000028 
617.000000  618.000000  0.000028 
618.000000  619.000000  0.000028 
619.000000  620.000000  0.000028 
620.000000  621.000000  0.000028 
621.000000  622.000000  0.000028 
622.000000  623.000000  0.000028 
623.000000  624.000000  0.000027 
624.000000  625.000000  0.000027 
625.000000  626.000000  0.000027 
626.000000  627.000000  0.000027 
627.000000  628.000000  0.000027 
628.000000  629.000000  0.000027 
629.000000  630.000000  0.000027 
630.000000  631.000000  0.000027 
631.000000  632.000000  0.000026 
632.000000  633.000000  0.000026 
633.000000  634.000000  0.000026 
634.000000  635.000000  0.000026 
635.000000  636.000000  0.000026 
636.000000  637.000000  0.000026 
637.000000  638.000000  0.000026 
638.000000  639.000000  0.000026 
639.000000  640.000000  0.000025 
640.000000  641.000000  0.000025 
641.000000  642.000000  0.000025 
642.000000  643.000000  0.000025 
643.000000  644.000000  0.000025 
644.000000  645.000000  0.000025 
645.000000  646.000000  0.000025 
646.000000  647.000000  0.000025 
647.000000  648.000000  0.000024 
648.000000  649.000000  0.000024 
649.000000  650.000000  0.000024 
650.000000  651.000000  0.000024 
651.000000  652.000000  0.000024 
652.000000  653.000000  0.000024 
653.000000  654.000000  0.000024 
654.000000  655.000000  0.000024 
655.000000  656.000000  0.000024 
656.000000  657.000000  0.000024 
657.000000  658.000000  0.000023 
658.000000  659.000000  0.000023 
659.000000  660.000000  0.000023 
660.000000  661.000000  0.000023 
661.000000  662.000000  0.000023 
662.000000  663.000000  0.000023 
663.000000  664.000000  0.000023 
664.000000  665.000000  0.000023 
665.000000  666.000000  0.000023 
666.000000  667.000000  0.000023 
667.000000  668.000000  0.000022 
668.000000  669.000000  0.000022 
669.000000  670.000000  0.000022 
670.000000  671.000000  0.000022 
671.000000  672.000000  0.000022 
672.000000  673.000000  0.000022 
673.000000  674.000000  0.000022 
674.000000  675.000000  0.000022 
675.000000  676.000000  0.000022 
676.000000  677.000000  0.000022 
677.000000  678.000000  0.000021 
678.000000  679.000000  0.000021 
679.000000  680.000000  0.000021 
680.000000  681.000000  0.000021 
681.000000  682.000000  0.000021 
682.000000  683.000000  0.000021 
683.000000  684.000000  0.000021 
684.000000  685.000000  0.000021 
685.000000  686.000000  0.000021 
686.000000  687.000000  0.000021 
687.000000  688.000000  0.000021 
688.000000  689.000000  0.000021 
689.000000  690.000000  0.000020 
690.000000  691.000000  0.000020 
691.000000  692.000000  0.000020 
692.000000  693.000000  0.000020 
693.000000  694.000000  0.000020 
694.000000  695.000000  0.000020 
695.000000  696.000000  0.000020 
696.000000  697.000000  0.000020 
697.000000  698.000000  0.000020 
698.000000  699.000000  0.000020 
699.000000  700.000000  0.000020 
700.000000  701.000000  0.000020 
701.000000  702.000000  0.000020 
702.000000  703.000000  0.000020 
703.000000  704.000000  0.000019 
704.000000  705.000000  0.000019 
705.000000  706.000000  0.000019 
706.000000  707.000000  0.000019 
707.000000  708.000000  0.000019 
708.000000  709.000000  0.000019 
709.000000  710.000000  0.000019 
710.000000  711.000000  0.000019 
711.000000  712.000000  0.000019 
712.000000  713.000000  0.000019 
713.000000  714.000000  0.000019 
714.000000  715.000000  0.000019 
715.000000  716.000000  0.000019 
716.000000  717.000000  0.000019 
717.000000  718.000000  0.000019 
718.000000  719.000000  0.000018 
719.000000  720.000000  0.000018 
720.000000  721.000000  0.000018 
721.000000  722.000000  0.000018 
722.000000  723.000000  0.000018 
723.000000  724.000000  0.000018 
724.000000  725.000000  0.000018 
725.000000  726.000000  0.000018 
726.000000  727.000000  0.000018 
727.000000  728.000000  0.000018 
728.000000  729.000000  0.000018 
729.000000  730.000000  0.000018 
730.000000  731.000000  0.000018 
731.000000  732.000000  0.000018 
732.000000  733.000000  0.000018 
733.000000  734.000000  0.000018 
734.000000  735.000000  0.000017 
735.000000  736.000000  0.000017 
736.000000  737.000000  0.000017 
737.000000  738.000000  0.000017 
738.000000  739.000000  0.000017 
739.000000  740.000000  0.000017 
740.000000  741.000000  0.000017 
741.000000  742.000000  0.000017 
742.000000  743.000000  0.000017 
743.000000  744.000000  0.000017 
744.000000  745.000000  0.000017 
745.000000  746.000000  0.000017 
746.000000  747.000000  0.000017 
747.000000  748.000000  0.000017 
748.000000  749.000000  0.000017 
749.000000  750.000000  0.000017 
750.000000  751.000000  0.000017 
751.000000  752.000000  0.000017 
752.000000  753.000000  0.000017 
753.000000  754.000000  0.000017 
754.000000  755.000000  0.000016 
755.000000  756.000000  0.000016 
756.000000  757.000000  0.000016 
757.000000  758.000000  0.000016 
758.000000  759.000000  0.000016 
759.000000  760.000000  0.000016 
760.000000  761.000000  0.000016 
761.000000  762.000000  0.000016 
762.000000  763.000000  0.000016 
763.000000  764.000000  0.000016 
764.000000  765.000000  0.000016 
765.000000  766.000000  0.000016 
766.000000  767.000000  0.000016 
767.000000  768.000000  0.000016 
768.000000  769.000000  0.000016 
769.000000  770.000000  0.000016 
770.000000  771.000000  0.000016 
771.000000  772.000000  0.000016 
772.000000  773.000000  0.000016 
773.000000  774.000000  0.000016 
774.000000  775.000000  0.000016 
775.000000  776.000000  0.000016 
776.000000  777.000000  0.000016 
777.000000  778.000000  0.000015 
778.000000  779.000000  0.000015 
779.000000  780.000000  0.000015 
780.000000  781.000000  0.000015 
781.000000  782.000000  0.000015 
782.000000  783.000000  0.000015 
783.000000  784.000000  0.000015 
784.000000  785.000000  0.000015 
785.000000  786.000000  0.000015 
786.000000  787.000000  0.000015 
787.000000  788.000000  0.000015 
788.000000  789.000000  0.000015 
789.000000  790.000000  0.000015 
790.000000  791.000000  0.000015 
791.000000  792.000000  0.000015 
792.000000  793.000000  0.000015 
793.000000  794.000000  0.000015 
794.000000  795.000000  0.000015 
795.000000  796.000000  0.000015 
796.000000  797.000000  0.000015 
797.000000  798.000000  0.000015 
798.000000  799.000000  0.000015 
799.000000  800.000000  0.000015 
800.000000  801.000000  0.000015 
801.000000  802.000000  0.000015 
802.000000  803.000000  0.000015 
803.000000  804.000000  0.000015 
804.000000  805.000000  0.000015 
805.000000  806.000000  0.000015 
806.000000  807.000000  0.000014 
807.000000  808.000000  0.000014 
808.000000  809.000000  0.000014 
809.000000  810.000000  0.000014 
810.000000  811.000000  0.000014 
811.000000  812.000000  0.000014 
812.000000  813.000000  0.000014 
813.000000  814.000000  0.000014 
814.000000  815.000000  0.000014 
815.000000  816.000000  0.000014 
816.000000  817.000000  0.000014 
817.000000  818.000000  0.000014 
818.000000  819.000000  0.000014 
819.000000  820.000000  0.000014 
820.000000  821.000000  0.000014 
821.000000  822.000000  0.000014 
822.000000  823.000000  0.000014 
823.000000  824.000000  0.000014 
824.000000  825.000000  0.000014 
825.000000  826.000000  0.000014 
826.000000  827.000000  0.000014 
827.000000  828.000000  0.000014 
828.000000  829.000000  0.000014 
829.000000  830.000000  0.000014 
830.000000  831.000000  0.000014 
831.000000  832.000000  0.000014 
832.000000  833.000000  0.000014 
833.000000  834.000000  0.000014 
834.000000  835.000000  0.000014 
835.000000  836.000000  0.000014 
836.000000  837.000000  0.000014 
837.000000  838.000000  0.000014 
838.000000  839.000000  0.000014 
839.000000  840.000000  0.000014 
840.000000  841.000000  0.000014 
841.000000  842.000000  0.000014 
842.000000  843.000000  0.000014 
843.000000  844.000000  0.000014 
844.000000  845.000000  0.000013 
845.000000  846.000000  0.000013 
846.000000  847.000000  0.000013 
847.000000  848.000000  0.000013 
848.000000  849.000000  0.000013 
849.000000  850.000000  0.000013 
850.000000  851.000000  0.000013 
851.000000  852.000000  0.000013 
852.000000  853.000000  0.000013 
853.000000  854.000000  0.000013 
854.000000  855.000000  0.000013 
855.000000  856.000000  0.000013 
856.000000  857.000000  0.000013 
857.000000  858.000000  0.000013 
858.000000  859.000000  0.000013 
859.000000  860.000000  0.000013 
860.000000  861.000000  0.000013 
861.000000  862.000000  0.000013 
862.000000  863.000000  0.000013 
863.000000  864.000000  0.000013 
864.000000  865.000000  0.000013 
865.000000  866.000000  0.000013 
866.000000  867.000000  0.000013 
867.000000  868.000000  0.000013 
868.000000  869.000000  0.000013 
869.000000  870.000000  0.000013 
870.000000  871.000000  0.000013 
871.000000  872.000000  0.000013 
872.000000  873.000000  0.000013 
873.000000  874.000000  0.000013 
874.000000  875.000000  0.000013 
875.000000  876.000000  0.000013 
876.000000  877.000000  0.000013 
877.000000  878.000000  0.000013 
878.000000  879.000000  0.000013 
879.000000  880.000000  0.000013 
880.000000  881.000000  0.000013 
881.000000  882.000000  0.000013 
882.000000  883.000000  0.000013 
883.000000  884.000000  0.000013 
884.000000  885.000000  0.000013 
885.000000  886.000000  0.000013 
886.000000  887.000000  0.000013 
887.000000  888.000000  0.000013 
888.000000  889.000000  0.000013 
889.000000  890.000000  0.000013 
890.000000  891.000000  0.000013 
891.000000  892.000000  0.000013 
892.000000  893.000000  0.000013 
893.000000  894.000000  0.000013 
894.000000  895.000000  0.000013 
895.000000  896.000000  0.000013 
896.000000  897.000000  0.000013 
897.000000  898.000000  0.000013 
898.000000  899.000000  0.000013 
899.000000  900.000000  0.000013 
900.000000  901.000000  0.000013 
901.000000  902.000000  0.000012 
902.000000  903.000000  0.000012 
903.000000  904.000000  0.000012 
904.000000  905.000000  0.000012 
905.000000  906.000000  0.000012 
906.000000  907.000000  0.000012 
907.000000  908.000000  0.000012 
908.000000  909.000000  0.000012 
909.000000  910.000000  0.000012 
910.000000  911.000000  0.000012 
911.000000  912.000000  0.000012 
912.000000  913.000000  0.000012 
913.000000  914.000000  0.000012 
914.000000  915.000000  0.000012 
915.000000  916.000000  0.000012 
916.000000  917.000000  0.000012 
917.000000  918.000000  0.000012 
918.000000  919.000000  0.000012 
919.000000  920.000000  0.000012 
920.000000  921.000000  0.000012 
921.000000  922.000000  0.000012 
922.000000  923.000000  0.000012 
923.000000  924.000000  0.000012 
924.000000  925.000000  0.000012 
925.000000  926.000000  0.000012 
926.000000  927.000000  0.000012 
927.000000  928.000000  0.000012 
928.000000  929.000000  0.000012 
929.000000  930.000000  0.000012 
930.000000  931.000000  0.000012 
931.000000  932.000000  0.000012 
932.000000  933.000000  0.000012 
933.000000  934.000000  0.000012 
934.000000  935.000000  0.000012 
935.000000  936.000000  0.000012 
936.000000  937.000000  0.000012 
937.000000  938.000000  0.000012 
938.000000  939.000000  0.000012 
939.000000  940.000000  0.000012 
940.000000  941.000000  0.000012 
941.000000  942.000000  0.000012 
942.000000  943.000000  0.000012 
943.000000  944.000000  0.000012 
