20.000000  21.000000  0.032289 
21.000000  22.000000  0.031427 
22.000000  23.000000  0.030572 
23.000000  24.000000  0.029727 
24.000000  25.000000  0.028893 
25.000000  26.000000  0.028070 
26.000000  27.000000  0.027261 
27.000000  28.000000  0.026465 
28.000000  29.000000  0.025685 
29.000000  30.000000  0.024919 
30.000000  31.000000  0.024170 
31.000000  32.000000  0.023437 
32.000000  33.000000  0.022721 
33.000000  34.000000  0.022022 
34.000000  35.000000  0.021339 
35.000000  36.000000  0.020674 
36.000000  37.000000  0.020026 
37.000000  38.000000  0.019395 
38.000000  39.000000  0.018781 
39.000000  40.000000  0.018184 
40.000000  41.000000  0.017604 
41.000000  42.000000  0.017040 
42.000000  43.000000  0.016493 
43.000000  44.000000  0.015963 
44.000000  45.000000  0.015448 
45.000000  46.000000  0.014949 
46.000000  47.000000  0.014466 
47.000000  48.000000  0.013998 
48.000000  49.000000  0.013545 
49.000000  50.000000  0.013107 
50.000000  51.000000  0.012684 
51.000000  52.000000  0.012274 
52.000000  53.000000  0.011878 
53.000000  54.000000  0.011496 
54.000000  55.000000  0.011127 
55.000000  56.000000  0.010771 
56.000000  57.000000  0.010427 
57.000000  58.000000  0.010096 
58.000000  59.000000  0.009776 
59.000000  60.000000  0.009468 
60.000000  61.000000  0.009170 
61.000000  62.000000  0.008884 
62.000000  63.000000  0.008608 
63.000000  64.000000  0.008343 
64.000000  65.000000  0.008087 
65.000000  66.000000  0.007840 
66.000000  67.000000  0.007603 
67.000000  68.000000  0.007375 
68.000000  69.000000  0.007155 
69.000000  70.000000  0.006944 
70.000000  71.000000  0.006740 
71.000000  72.000000  0.006544 
72.000000  73.000000  0.006356 
73.000000  74.000000  0.006175 
74.000000  75.000000  0.006000 
75.000000  76.000000  0.005833 
76.000000  77.000000  0.005671 
77.000000  78.000000  0.005516 
78.000000  79.000000  0.005367 
79.000000  80.000000  0.005223 
80.000000  81.000000  0.005085 
81.000000  82.000000  0.004952 
82.000000  83.000000  0.004824 
83.000000  84.000000  0.004701 
84.000000  85.000000  0.004582 
85.000000  86.000000  0.004468 
86.000000  87.000000  0.004359 
87.000000  88.000000  0.004253 
88.000000  89.000000  0.004151 
89.000000  90.000000  0.004053 
90.000000  91.000000  0.003959 
91.000000  92.000000  0.003868 
92.000000  93.000000  0.003781 
93.000000  94.000000  0.003697 
94.000000  95.000000  0.003616 
95.000000  96.000000  0.003537 
96.000000  97.000000  0.003462 
97.000000  98.000000  0.003389 
98.000000  99.000000  0.003319 
99.000000  100.000000  0.003252 
100.000000  101.000000  0.003187 
101.000000  102.000000  0.003124 
102.000000  103.000000  0.003063 
103.000000  104.000000  0.003005 
104.000000  105.000000  0.002948 
105.000000  106.000000  0.002894 
106.000000  107.000000  0.002841 
107.000000  108.000000  0.002790 
108.000000  109.000000  0.002741 
109.000000  110.000000  0.002694 
110.000000  111.000000  0.002648 
111.000000  112.000000  0.002604 
112.000000  113.000000  0.002561 
113.000000  114.000000  0.002519 
114.000000  115.000000  0.002479 
115.000000  116.000000  0.002440 
116.000000  117.000000  0.002403 
117.000000  118.000000  0.002366 
118.000000  119.000000  0.002331 
119.000000  120.000000  0.002297 
120.000000  121.000000  0.002264 
121.000000  122.000000  0.002232 
122.000000  123.000000  0.002201 
123.000000  124.000000  0.002171 
124.000000  125.000000  0.002142 
125.000000  126.000000  0.002114 
126.000000  127.000000  0.002086 
127.000000  128.000000  0.002060 
128.000000  129.000000  0.002034 
129.000000  130.000000  0.002009 
130.000000  131.000000  0.001984 
131.000000  132.000000  0.001961 
132.000000  133.000000  0.001938 
133.000000  134.000000  0.001916 
134.000000  135.000000  0.001894 
135.000000  136.000000  0.001873 
136.000000  137.000000  0.001852 
137.000000  138.000000  0.001832 
138.000000  139.000000  0.001813 
139.000000  140.000000  0.001794 
140.000000  141.000000  0.001776 
141.000000  142.000000  0.001758 
142.000000  143.000000  0.001741 
143.000000  144.000000  0.001724 
144.000000  145.000000  0.001708 
145.000000  146.000000  0.001692 
146.000000  147.000000  0.001676 
147.000000  148.000000  0.001661 
148.000000  149.000000  0.001646 
149.000000  150.000000  0.001632 
150.000000  151.000000  0.001618 
151.000000  152.000000  0.001604 
152.000000  153.000000  0.001591 
153.000000  154.000000  0.001578 
154.000000  155.000000  0.001565 
155.000000  156.000000  0.001553 
156.000000  157.000000  0.001541 
157.000000  158.000000  0.001529 
158.000000  159.000000  0.001518 
159.000000  160.000000  0.001507 
160.000000  161.000000  0.001496 
161.000000  162.000000  0.001485 
162.000000  163.000000  0.001475 
163.000000  164.000000  0.001465 
164.000000  165.000000  0.001455 
165.000000  166.000000  0.001445 
166.000000  167.000000  0.001436 
167.000000  168.000000  0.001427 
168.000000  169.000000  0.001418 
169.000000  170.000000  0.001409 
170.000000  171.000000  0.001401 
171.000000  172.000000  0.001392 
172.000000  173.000000  0.001384 
173.000000  174.000000  0.001376 
174.000000  175.000000  0.001369 
175.000000  176.000000  0.001361 
176.000000  177.000000  0.001354 
177.000000  178.000000  0.001346 
178.000000  179.000000  0.001339 
179.000000  180.000000  0.001332 
180.000000  181.000000  0.001326 
181.000000  182.000000  0.001319 
182.000000  183.000000  0.001313 
183.000000  184.000000  0.001306 
184.000000  185.000000  0.001300 
185.000000  186.000000  0.001294 
186.000000  187.000000  0.001288 
187.000000  188.000000  0.001283 
188.000000  189.000000  0.001277 
189.000000  190.000000  0.001272 
190.000000  191.000000  0.001266 
191.000000  192.000000  0.001261 
192.000000  193.000000  0.001256 
193.000000  194.000000  0.001251 
194.000000  195.000000  0.001246 
195.000000  196.000000  0.001241 
196.000000  197.000000  0.001236 
197.000000  198.000000  0.001232 
198.000000  199.000000  0.001227 
199.000000  200.000000  0.001223 
200.000000  201.000000  0.001218 
201.000000  202.000000  0.001214 
202.000000  203.000000  0.001210 
203.000000  204.000000  0.001206 
204.000000  205.000000  0.001202 
205.000000  206.000000  0.001198 
206.000000  207.000000  0.001194 
207.000000  208.000000  0.001190 
208.000000  209.000000  0.001187 
209.000000  210.000000  0.001183 
210.000000  211.000000  0.001179 
211.000000  212.000000  0.001176 
212.000000  213.000000  0.001172 
213.000000  214.000000  0.001169 
214.000000  215.000000  0.001166 
215.000000  216.000000  0.001162 
216.000000  217.000000  0.001159 
217.000000  218.000000  0.001156 
218.000000  219.000000  0.001153 
219.000000  220.000000  0.001150 
220.000000  221.000000  0.001147 
221.000000  222.000000  0.001144 
222.000000  223.000000  0.001141 
223.000000  224.000000  0.001138 
224.000000  225.000000  0.001135 
225.000000  226.000000  0.001132 
226.000000  227.000000  0.001129 
227.000000  228.000000  0.001126 
228.000000  229.000000  0.001124 
229.000000  230.000000  0.001121 
230.000000  231.000000  0.001118 
231.000000  232.000000  0.001115 
232.000000  233.000000  0.001113 
233.000000  234.000000  0.001110 
234.000000  235.000000  0.001108 
235.000000  236.000000  0.001105 
236.000000  237.000000  0.001102 
237.000000  238.000000  0.001100 
238.000000  239.000000  0.001097 
239.000000  240.000000  0.001095 
240.000000  241.000000  0.001092 
241.000000  242.000000  0.001090 
242.000000  243.000000  0.001087 
243.000000  244.000000  0.001085 
244.000000  245.000000  0.001082 
245.000000  246.000000  0.001080 
246.000000  247.000000  0.001077 
247.000000  248.000000  0.001075 
248.000000  249.000000  0.001073 
249.000000  250.000000  0.001070 
250.000000  251.000000  0.001068 
251.000000  252.000000  0.001065 
252.000000  253.000000  0.001063 
253.000000  254.000000  0.001060 
254.000000  255.000000  0.001058 
255.000000  256.000000  0.001055 
256.000000  257.000000  0.001053 
257.000000  258.000000  0.001050 
258.000000  259.000000  0.001048 
259.000000  260.000000  0.001045 
260.000000  261.000000  0.001043 
261.000000  262.000000  0.001041 
262.000000  263.000000  0.001038 
263.000000  264.000000  0.001036 
264.000000  265.000000  0.001033 
265.000000  266.000000  0.001030 
266.000000  267.000000  0.001028 
267.000000  268.000000  0.001025 
268.000000  269.000000  0.001023 
269.000000  270.000000  0.001020 
270.000000  271.000000  0.001018 
271.000000  272.000000  0.001015 
272.000000  273.000000  0.001012 
273.000000  274.000000  0.001010 
274.000000  275.000000  0.001007 
275.000000  276.000000  0.001005 
276.000000  277.000000  0.001002 
277.000000  278.000000  0.000999 
278.000000  279.000000  0.000997 
279.000000  280.000000  0.000994 
280.000000  281.000000  0.000991 
281.000000  282.000000  0.000988 
282.000000  283.000000  0.000986 
283.000000  284.000000  0.000983 
284.000000  285.000000  0.000980 
285.000000  286.000000  0.000977 
286.000000  287.000000  0.000974 
287.000000  288.000000  0.000972 
288.000000  289.000000  0.000969 
289.000000  290.000000  0.000966 
290.000000  291.000000  0.000963 
291.000000  292.000000  0.000960 
292.000000  293.000000  0.000957 
293.000000  294.000000  0.000954 
294.000000  295.000000  0.000951 
295.000000  296.000000  0.000948 
296.000000  297.000000  0.000945 
297.000000  298.000000  0.000942 
298.000000  299.000000  0.000939 
299.000000  300.000000  0.000936 
300.000000  301.000000  0.000933 
301.000000  302.000000  0.000930 
302.000000  303.000000  0.000927 
303.000000  304.000000  0.000924 
304.000000  305.000000  0.000921 
305.000000  306.000000  0.000918 
306.000000  307.000000  0.000915 
307.000000  308.000000  0.000911 
308.000000  309.000000  0.000908 
309.000000  310.000000  0.000905 
310.000000  311.000000  0.000902 
311.000000  312.000000  0.000899 
312.000000  313.000000  0.000895 
313.000000  314.000000  0.000892 
314.000000  315.000000  0.000889 
315.000000  316.000000  0.000886 
316.000000  317.000000  0.000882 
317.000000  318.000000  0.000879 
318.000000  319.000000  0.000876 
319.000000  320.000000  0.000872 
320.000000  321.000000  0.000869 
321.000000  322.000000  0.000866 
322.000000  323.000000  0.000862 
323.000000  324.000000  0.000859 
324.000000  325.000000  0.000856 
325.000000  326.000000  0.000852 
326.000000  327.000000  0.000849 
327.000000  328.000000  0.000845 
328.000000  329.000000  0.000842 
329.000000  330.000000  0.000838 
330.000000  331.000000  0.000835 
331.000000  332.000000  0.000832 
332.000000  333.000000  0.000828 
333.000000  334.000000  0.000825 
334.000000  335.000000  0.000821 
335.000000  336.000000  0.000818 
336.000000  337.000000  0.000814 
337.000000  338.000000  0.000811 
338.000000  339.000000  0.000807 
339.000000  340.000000  0.000804 
340.000000  341.000000  0.000800 
341.000000  342.000000  0.000797 
342.000000  343.000000  0.000793 
343.000000  344.000000  0.000790 
344.000000  345.000000  0.000786 
345.000000  346.000000  0.000783 
346.000000  347.000000  0.000779 
347.000000  348.000000  0.000775 
348.000000  349.000000  0.000772 
349.000000  350.000000  0.000768 
350.000000  351.000000  0.000765 
351.000000  352.000000  0.000761 
352.000000  353.000000  0.000758 
353.000000  354.000000  0.000754 
354.000000  355.000000  0.000751 
355.000000  356.000000  0.000747 
356.000000  357.000000  0.000744 
357.000000  358.000000  0.000740 
358.000000  359.000000  0.000736 
359.000000  360.000000  0.000733 
360.000000  361.000000  0.000729 
361.000000  362.000000  0.000726 
362.000000  363.000000  0.000722 
363.000000  364.000000  0.000719 
364.000000  365.000000  0.000715 
365.000000  366.000000  0.000712 
366.000000  367.000000  0.000708 
367.000000  368.000000  0.000704 
368.000000  369.000000  0.000701 
369.000000  370.000000  0.000697 
370.000000  371.000000  0.000694 
371.000000  372.000000  0.000690 
372.000000  373.000000  0.000687 
373.000000  374.000000  0.000683 
374.000000  375.000000  0.000680 
375.000000  376.000000  0.000676 
376.000000  377.000000  0.000673 
377.000000  378.000000  0.000669 
378.000000  379.000000  0.000666 
379.000000  380.000000  0.000662 
380.000000  381.000000  0.000659 
381.000000  382.000000  0.000655 
382.000000  383.000000  0.000652 
383.000000  384.000000  0.000648 
384.000000  385.000000  0.000645 
385.000000  386.000000  0.000641 
386.000000  387.000000  0.000638 
387.000000  388.000000  0.000635 
388.000000  389.000000  0.000631 
389.000000  390.000000  0.000628 
390.000000  391.000000  0.000624 
391.000000  392.000000  0.000621 
392.000000  393.000000  0.000618 
393.000000  394.000000  0.000614 
394.000000  395.000000  0.000611 
395.000000  396.000000  0.000607 
396.000000  397.000000  0.000604 
397.000000  398.000000  0.000601 
398.000000  399.000000  0.000597 
399.000000  400.000000  0.000594 
400.000000  401.000000  0.000591 
401.000000  402.000000  0.000587 
402.000000  403.000000  0.000584 
403.000000  404.000000  0.000581 
404.000000  405.000000  0.000578 
405.000000  406.000000  0.000574 
406.000000  407.000000  0.000571 
407.000000  408.000000  0.000568 
408.000000  409.000000  0.000565 
409.000000  410.000000  0.000561 
410.000000  411.000000  0.000558 
411.000000  412.000000  0.000555 
412.000000  413.000000  0.000552 
413.000000  414.000000  0.000549 
414.000000  415.000000  0.000545 
415.000000  416.000000  0.000542 
416.000000  417.000000  0.000539 
417.000000  418.000000  0.000536 
418.000000  419.000000  0.000533 
419.000000  420.000000  0.000530 
420.000000  421.000000  0.000527 
421.000000  422.000000  0.000524 
422.000000  423.000000  0.000520 
423.000000  424.000000  0.000517 
424.000000  425.000000  0.000514 
425.000000  426.000000  0.000511 
426.000000  427.000000  0.000508 
427.000000  428.000000  0.000505 
428.000000  429.000000  0.000502 
429.000000  430.000000  0.000499 
430.000000  431.000000  0.000496 
431.000000  432.000000  0.000493 
432.000000  433.000000  0.000491 
433.000000  434.000000  0.000488 
434.000000  435.000000  0.000485 
435.000000  436.000000  0.000482 
436.000000  437.000000  0.000479 
437.000000  438.000000  0.000476 
438.000000  439.000000  0.000473 
439.000000  440.000000  0.000470 
440.000000  441.000000  0.000468 
441.000000  442.000000  0.000465 
442.000000  443.000000  0.000462 
443.000000  444.000000  0.000459 
444.000000  445.000000  0.000456 
445.000000  446.000000  0.000454 
446.000000  447.000000  0.000451 
447.000000  448.000000  0.000448 
448.000000  449.000000  0.000445 
449.000000  450.000000  0.000443 
450.000000  451.000000  0.000440 
451.000000  452.000000  0.000437 
452.000000  453.000000  0.000435 
453.000000  454.000000  0.000432 
454.000000  455.000000  0.000429 
455.000000  456.000000  0.000427 
456.000000  457.000000  0.000424 
457.000000  458.000000  0.000422 
458.000000  459.000000  0.000419 
459.000000  460.000000  0.000417 
460.000000  461.000000  0.000414 
461.000000  462.000000  0.000411 
462.000000  463.000000  0.000409 
463.000000  464.000000  0.000406 
464.000000  465.000000  0.000404 
465.000000  466.000000  0.000401 
466.000000  467.000000  0.000399 
467.000000  468.000000  0.000397 
468.000000  469.000000  0.000394 
469.000000  470.000000  0.000392 
470.000000  471.000000  0.000389 
471.000000  472.000000  0.000387 
472.000000  473.000000  0.000385 
473.000000  474.000000  0.000382 
474.000000  475.000000  0.000380 
475.000000  476.000000  0.000378 
476.000000  477.000000  0.000375 
477.000000  478.000000  0.000373 
478.000000  479.000000  0.000371 
479.000000  480.000000  0.000368 
480.000000  481.000000  0.000366 
481.000000  482.000000  0.000364 
482.000000  483.000000  0.000362 
483.000000  484.000000  0.000359 
484.000000  485.000000  0.000357 
485.000000  486.000000  0.000355 
486.000000  487.000000  0.000353 
487.000000  488.000000  0.000351 
488.000000  489.000000  0.000348 
489.000000  490.000000  0.000346 
490.000000  491.000000  0.000344 
491.000000  492.000000  0.000342 
492.000000  493.000000  0.000340 
493.000000  494.000000  0.000338 
494.000000  495.000000  0.000336 
495.000000  496.000000  0.000334 
496.000000  497.000000  0.000332 
497.000000  498.000000  0.000330 
498.000000  499.000000  0.000328 
499.000000  500.000000  0.000326 
500.000000  501.000000  0.000324 
501.000000  502.000000  0.000322 
502.000000  503.000000  0.000320 
503.000000  504.000000  0.000318 
504.000000  505.000000  0.000316 
505.000000  506.000000  0.000314 
506.000000  507.000000  0.000312 
507.000000  508.000000  0.000310 
508.000000  509.000000  0.000308 
509.000000  510.000000  0.000306 
510.000000  511.000000  0.000304 
511.000000  512.000000  0.000302 
512.000000  513.000000  0.000301 
513.000000  514.000000  0.000299 
514.000000  515.000000  0.000297 
515.000000  516.000000  0.000295 
516.000000  517.000000  0.000293 
517.000000  518.000000  0.000292 
518.000000  519.000000  0.000290 
519.000000  520.000000  0.000288 
520.000000  521.000000  0.000286 
521.000000  522.000000  0.000284 
522.000000  523.000000  0.000283 
523.000000  524.000000  0.000281 
524.000000  525.000000  0.000279 
525.000000  526.000000  0.000278 
526.000000  527.000000  0.000276 
527.000000  528.000000  0.000274 
528.000000  529.000000  0.000273 
529.000000  530.000000  0.000271 
530.000000  531.000000  0.000269 
531.000000  532.000000  0.000268 
532.000000  533.000000  0.000266 
533.000000  534.000000  0.000265 
534.000000  535.000000  0.000263 
535.000000  536.000000  0.000261 
536.000000  537.000000  0.000260 
537.000000  538.000000  0.000258 
538.000000  539.000000  0.000257 
539.000000  540.000000  0.000255 
540.000000  541.000000  0.000254 
541.000000  542.000000  0.000252 
542.000000  543.000000  0.000251 
543.000000  544.000000  0.000249 
544.000000  545.000000  0.000248 
545.000000  546.000000  0.000246 
546.000000  547.000000  0.000245 
547.000000  548.000000  0.000243 
548.000000  549.000000  0.000242 
549.000000  550.000000  0.000241 
550.000000  551.000000  0.000239 
551.000000  552.000000  0.000238 
552.000000  553.000000  0.000236 
553.000000  554.000000  0.000235 
554.000000  555.000000  0.000234 
555.000000  556.000000  0.000232 
556.000000  557.000000  0.000231 
557.000000  558.000000  0.000230 
558.000000  559.000000  0.000228 
559.000000  560.000000  0.000227 
560.000000  561.000000  0.000226 
561.000000  562.000000  0.000224 
562.000000  563.000000  0.000223 
563.000000  564.000000  0.000222 
564.000000  565.000000  0.000220 
565.000000  566.000000  0.000219 
566.000000  567.000000  0.000218 
567.000000  568.000000  0.000217 
568.000000  569.000000  0.000215 
569.000000  570.000000  0.000214 
570.000000  571.000000  0.000213 
571.000000  572.000000  0.000212 
572.000000  573.000000  0.000211 
573.000000  574.000000  0.000209 
574.000000  575.000000  0.000208 
575.000000  576.000000  0.000207 
576.000000  577.000000  0.000206 
577.000000  578.000000  0.000205 
578.000000  579.000000  0.000204 
579.000000  580.000000  0.000203 
580.000000  581.000000  0.000201 
581.000000  582.000000  0.000200 
582.000000  583.000000  0.000199 
583.000000  584.000000  0.000198 
584.000000  585.000000  0.000197 
585.000000  586.000000  0.000196 
586.000000  587.000000  0.000195 
587.000000  588.000000  0.000194 
588.000000  589.000000  0.000193 
589.000000  590.000000  0.000192 
590.000000  591.000000  0.000191 
591.000000  592.000000  0.000190 
592.000000  593.000000  0.000189 
593.000000  594.000000  0.000188 
594.000000  595.000000  0.000187 
595.000000  596.000000  0.000186 
596.000000  597.000000  0.000185 
597.000000  598.000000  0.000184 
598.000000  599.000000  0.000183 
599.000000  600.000000  0.000182 
600.000000  601.000000  0.000181 
601.000000  602.000000  0.000180 
602.000000  603.000000  0.000179 
603.000000  604.000000  0.000178 
604.000000  605.000000  0.000177 
605.000000  606.000000  0.000176 
606.000000  607.000000  0.000175 
607.000000  608.000000  0.000174 
608.000000  609.000000  0.000173 
609.000000  610.000000  0.000172 
610.000000  611.000000  0.000171 
611.000000  612.000000  0.000171 
612.000000  613.000000  0.000170 
613.000000  614.000000  0.000169 
614.000000  615.000000  0.000168 
615.000000  616.000000  0.000167 
616.000000  617.000000  0.000166 
617.000000  618.000000  0.000165 
618.000000  619.000000  0.000165 
619.000000  620.000000  0.000164 
620.000000  621.000000  0.000163 
621.000000  622.000000  0.000162 
622.000000  623.000000  0.000161 
623.000000  624.000000  0.000161 
624.000000  625.000000  0.000160 
625.000000  626.000000  0.000159 
626.000000  627.000000  0.000158 
627.000000  628.000000  0.000157 
628.000000  629.000000  0.000157 
629.000000  630.000000  0.000156 
630.000000  631.000000  0.000155 
631.000000  632.000000  0.000154 
632.000000  633.000000  0.000154 
633.000000  634.000000  0.000153 
634.000000  635.000000  0.000152 
635.000000  636.000000  0.000151 
636.000000  637.000000  0.000151 
637.000000  638.000000  0.000150 
638.000000  639.000000  0.000149 
639.000000  640.000000  0.000149 
640.000000  641.000000  0.000148 
641.000000  642.000000  0.000147 
642.000000  643.000000  0.000146 
643.000000  644.000000  0.000146 
644.000000  645.000000  0.000145 
645.000000  646.000000  0.000144 
646.000000  647.000000  0.000144 
647.000000  648.000000  0.000143 
648.000000  649.000000  0.000142 
649.000000  650.000000  0.000142 
650.000000  651.000000  0.000141 
651.000000  652.000000  0.000141 
652.000000  653.000000  0.000140 
653.000000  654.000000  0.000139 
654.000000  655.000000  0.000139 
655.000000  656.000000  0.000138 
656.000000  657.000000  0.000137 
657.000000  658.000000  0.000137 
658.000000  659.000000  0.000136 
659.000000  660.000000  0.000136 
660.000000  661.000000  0.000135 
661.000000  662.000000  0.000134 
662.000000  663.000000  0.000134 
663.000000  664.000000  0.000133 
664.000000  665.000000  0.000133 
665.000000  666.000000  0.000132 
666.000000  667.000000  0.000132 
667.000000  668.000000  0.000131 
668.000000  669.000000  0.000130 
669.000000  670.000000  0.000130 
670.000000  671.000000  0.000129 
671.000000  672.000000  0.000129 
672.000000  673.000000  0.000128 
673.000000  674.000000  0.000128 
674.000000  675.000000  0.000127 
675.000000  676.000000  0.000127 
676.000000  677.000000  0.000126 
677.000000  678.000000  0.000126 
678.000000  679.000000  0.000125 
679.000000  680.000000  0.000125 
680.000000  681.000000  0.000124 
681.000000  682.000000  0.000124 
682.000000  683.000000  0.000123 
683.000000  684.000000  0.000123 
684.000000  685.000000  0.000122 
685.000000  686.000000  0.000122 
686.000000  687.000000  0.000121 
687.000000  688.000000  0.000121 
688.000000  689.000000  0.000120 
689.000000  690.000000  0.000120 
690.000000  691.000000  0.000119 
691.000000  692.000000  0.000119 
692.000000  693.000000  0.000118 
693.000000  694.000000  0.000118 
694.000000  695.000000  0.000117 
695.000000  696.000000  0.000117 
696.000000  697.000000  0.000117 
697.000000  698.000000  0.000116 
698.000000  699.000000  0.000116 
699.000000  700.000000  0.000115 
700.000000  701.000000  0.000115 
701.000000  702.000000  0.000114 
702.000000  703.000000  0.000114 
703.000000  704.000000  0.000114 
704.000000  705.000000  0.000113 
705.000000  706.000000  0.000113 
706.000000  707.000000  0.000112 
707.000000  708.000000  0.000112 
708.000000  709.000000  0.000111 
709.000000  710.000000  0.000111 
710.000000  711.000000  0.000111 
711.000000  712.000000  0.000110 
712.000000  713.000000  0.000110 
713.000000  714.000000  0.000110 
714.000000  715.000000  0.000109 
715.000000  716.000000  0.000109 
716.000000  717.000000  0.000108 
717.000000  718.000000  0.000108 
718.000000  719.000000  0.000108 
719.000000  720.000000  0.000107 
720.000000  721.000000  0.000107 
721.000000  722.000000  0.000107 
722.000000  723.000000  0.000106 
723.000000  724.000000  0.000106 
724.000000  725.000000  0.000105 
725.000000  726.000000  0.000105 
726.000000  727.000000  0.000105 
727.000000  728.000000  0.000104 
728.000000  729.000000  0.000104 
729.000000  730.000000  0.000104 
730.000000  731.000000  0.000103 
731.000000  732.000000  0.000103 
732.000000  733.000000  0.000103 
733.000000  734.000000  0.000102 
734.000000  735.000000  0.000102 
735.000000  736.000000  0.000102 
736.000000  737.000000  0.000101 
737.000000  738.000000  0.000101 
738.000000  739.000000  0.000101 
739.000000  740.000000  0.000101 
740.000000  741.000000  0.000100 
741.000000  742.000000  0.000100 
742.000000  743.000000  0.000100 
743.000000  744.000000  0.000099 
744.000000  745.000000  0.000099 
745.000000  746.000000  0.000099 
746.000000  747.000000  0.000098 
747.000000  748.000000  0.000098 
748.000000  749.000000  0.000098 
749.000000  750.000000  0.000098 
750.000000  751.000000  0.000097 
751.000000  752.000000  0.000097 
752.000000  753.000000  0.000097 
753.000000  754.000000  0.000096 
754.000000  755.000000  0.000096 
755.000000  756.000000  0.000096 
756.000000  757.000000  0.000096 
757.000000  758.000000  0.000095 
758.000000  759.000000  0.000095 
759.000000  760.000000  0.000095 
760.000000  761.000000  0.000095 
761.000000  762.000000  0.000094 
762.000000  763.000000  0.000094 
763.000000  764.000000  0.000094 
764.000000  765.000000  0.000094 
765.000000  766.000000  0.000093 
766.000000  767.000000  0.000093 
767.000000  768.000000  0.000093 
768.000000  769.000000  0.000093 
769.000000  770.000000  0.000092 
770.000000  771.000000  0.000092 
771.000000  772.000000  0.000092 
772.000000  773.000000  0.000092 
773.000000  774.000000  0.000091 
774.000000  775.000000  0.000091 
775.000000  776.000000  0.000091 
776.000000  777.000000  0.000091 
777.000000  778.000000  0.000090 
778.000000  779.000000  0.000090 
779.000000  780.000000  0.000090 
780.000000  781.000000  0.000090 
781.000000  782.000000  0.000089 
782.000000  783.000000  0.000089 
783.000000  784.000000  0.000089 
784.000000  785.000000  0.000089 
785.000000  786.000000  0.000089 
786.000000  787.000000  0.000088 
787.000000  788.000000  0.000088 
788.000000  789.000000  0.000088 
789.000000  790.000000  0.000088 
790.000000  791.000000  0.000088 
791.000000  792.000000  0.000087 
792.000000  793.000000  0.000087 
793.000000  794.000000  0.000087 
794.000000  795.000000  0.000087 
795.000000  796.000000  0.000087 
796.000000  797.000000  0.000086 
797.000000  798.000000  0.000086 
798.000000  799.000000  0.000086 
799.000000  800.000000  0.000086 
800.000000  801.000000  0.000086 
801.000000  802.000000  0.000085 
802.000000  803.000000  0.000085 
803.000000  804.000000  0.000085 
804.000000  805.000000  0.000085 
805.000000  806.000000  0.000085 
806.000000  807.000000  0.000084 
807.000000  808.000000  0.000084 
808.000000  809.000000  0.000084 
809.000000  810.000000  0.000084 
810.000000  811.000000  0.000084 
811.000000  812.000000  0.000084 
812.000000  813.000000  0.000083 
813.000000  814.000000  0.000083 
814.000000  815.000000  0.000083 
815.000000  816.000000  0.000083 
816.000000  817.000000  0.000083 
817.000000  818.000000  0.000083 
818.000000  819.000000  0.000082 
819.000000  820.000000  0.000082 
820.000000  821.000000  0.000082 
821.000000  822.000000  0.000082 
822.000000  823.000000  0.000082 
823.000000  824.000000  0.000082 
824.000000  825.000000  0.000081 
825.000000  826.000000  0.000081 
826.000000  827.000000  0.000081 
827.000000  828.000000  0.000081 
828.000000  829.000000  0.000081 
829.000000  830.000000  0.000081 
830.000000  831.000000  0.000081 
831.000000  832.000000  0.000080 
832.000000  833.000000  0.000080 
833.000000  834.000000  0.000080 
834.000000  835.000000  0.000080 
835.000000  836.000000  0.000080 
836.000000  837.000000  0.000080 
837.000000  838.000000  0.000080 
838.000000  839.000000  0.000079 
839.000000  840.000000  0.000079 
840.000000  841.000000  0.000079 
841.000000  842.000000  0.000079 
842.000000  843.000000  0.000079 
843.000000  844.000000  0.000079 
844.000000  845.000000  0.000079 
845.000000  846.000000  0.000079 
846.000000  847.000000  0.000078 
847.000000  848.000000  0.000078 
848.000000  849.000000  0.000078 
849.000000  850.000000  0.000078 
850.000000  851.000000  0.000078 
851.000000  852.000000  0.000078 
852.000000  853.000000  0.000078 
853.000000  854.000000  0.000078 
854.000000  855.000000  0.000077 
855.000000  856.000000  0.000077 
856.000000  857.000000  0.000077 
857.000000  858.000000  0.000077 
858.000000  859.000000  0.000077 
859.000000  860.000000  0.000077 
860.000000  861.000000  0.000077 
861.000000  862.000000  0.000077 
862.000000  863.000000  0.000076 
863.000000  864.000000  0.000076 
864.000000  865.000000  0.000076 
865.000000  866.000000  0.000076 
866.000000  867.000000  0.000076 
867.000000  868.000000  0.000076 
868.000000  869.000000  0.000076 
869.000000  870.000000  0.000076 
870.000000  871.000000  0.000076 
871.000000  872.000000  0.000076 
872.000000  873.000000  0.000075 
873.000000  874.000000  0.000075 
874.000000  875.000000  0.000075 
875.000000  876.000000  0.000075 
876.000000  877.000000  0.000075 
877.000000  878.000000  0.000075 
878.000000  879.000000  0.000075 
879.000000  880.000000  0.000075 
880.000000  881.000000  0.000075 
881.000000  882.000000  0.000075 
882.000000  883.000000  0.000074 
883.000000  884.000000  0.000074 
884.000000  885.000000  0.000074 
885.000000  886.000000  0.000074 
886.000000  887.000000  0.000074 
887.000000  888.000000  0.000074 
888.000000  889.000000  0.000074 
889.000000  890.000000  0.000074 
890.000000  891.000000  0.000074 
891.000000  892.000000  0.000074 
892.000000  893.000000  0.000074 
893.000000  894.000000  0.000073 
894.000000  895.000000  0.000073 
895.000000  896.000000  0.000073 
896.000000  897.000000  0.000073 
897.000000  898.000000  0.000073 
898.000000  899.000000  0.000073 
899.000000  900.000000  0.000073 
900.000000  901.000000  0.000073 
901.000000  902.000000  0.000073 
902.000000  903.000000  0.000073 
903.000000  904.000000  0.000073 
904.000000  905.000000  0.000073 
905.000000  906.000000  0.000073 
906.000000  907.000000  0.000072 
907.000000  908.000000  0.000072 
908.000000  909.000000  0.000072 
909.000000  910.000000  0.000072 
910.000000  911.000000  0.000072 
911.000000  912.000000  0.000072 
912.000000  913.000000  0.000072 
913.000000  914.000000  0.000072 
914.000000  915.000000  0.000072 
915.000000  916.000000  0.000072 
916.000000  917.000000  0.000072 
917.000000  918.000000  0.000072 
918.000000  919.000000  0.000072 
919.000000  920.000000  0.000072 
920.000000  921.000000  0.000072 
921.000000  922.000000  0.000071 
922.000000  923.000000  0.000071 
923.000000  924.000000  0.000071 
924.000000  925.000000  0.000071 
925.000000  926.000000  0.000071 
926.000000  927.000000  0.000071 
927.000000  928.000000  0.000071 
928.000000  929.000000  0.000071 
929.000000  930.000000  0.000071 
930.000000  931.000000  0.000071 
931.000000  932.000000  0.000071 
932.000000  933.000000  0.000071 
933.000000  934.000000  0.000071 
934.000000  935.000000  0.000071 
935.000000  936.000000  0.000071 
936.000000  937.000000  0.000071 
937.000000  938.000000  0.000071 
938.000000  939.000000  0.000070 
939.000000  940.000000  0.000070 
940.000000  941.000000  0.000070 
941.000000  942.000000  0.000070 
942.000000  943.000000  0.000070 
943.000000  944.000000  0.000070 
