20.000000  21.000000  0.000087 
21.000000  22.000000  0.000099 
22.000000  23.000000  0.000111 
23.000000  24.000000  0.000124 
24.000000  25.000000  0.000137 
25.000000  26.000000  0.000150 
26.000000  27.000000  0.000164 
27.000000  28.000000  0.000178 
28.000000  29.000000  0.000193 
29.000000  30.000000  0.000207 
30.000000  31.000000  0.000222 
31.000000  32.000000  0.000238 
32.000000  33.000000  0.000253 
33.000000  34.000000  0.000269 
34.000000  35.000000  0.000285 
35.000000  36.000000  0.000301 
36.000000  37.000000  0.000317 
37.000000  38.000000  0.000333 
38.000000  39.000000  0.000350 
39.000000  40.000000  0.000367 
40.000000  41.000000  0.000384 
41.000000  42.000000  0.000401 
42.000000  43.000000  0.000418 
43.000000  44.000000  0.000435 
44.000000  45.000000  0.000452 
45.000000  46.000000  0.000470 
46.000000  47.000000  0.000487 
47.000000  48.000000  0.000504 
48.000000  49.000000  0.000521 
49.000000  50.000000  0.000538 
50.000000  51.000000  0.000555 
51.000000  52.000000  0.000572 
52.000000  53.000000  0.000588 
53.000000  54.000000  0.000605 
54.000000  55.000000  0.000621 
55.000000  56.000000  0.000637 
56.000000  57.000000  0.000653 
57.000000  58.000000  0.000668 
58.000000  59.000000  0.000683 
59.000000  60.000000  0.000698 
60.000000  61.000000  0.000712 
61.000000  62.000000  0.000727 
62.000000  63.000000  0.000740 
63.000000  64.000000  0.000754 
64.000000  65.000000  0.000767 
65.000000  66.000000  0.000780 
66.000000  67.000000  0.000792 
67.000000  68.000000  0.000804 
68.000000  69.000000  0.000816 
69.000000  70.000000  0.000828 
70.000000  71.000000  0.000839 
71.000000  72.000000  0.000849 
72.000000  73.000000  0.000860 
73.000000  74.000000  0.000870 
74.000000  75.000000  0.000879 
75.000000  76.000000  0.000889 
76.000000  77.000000  0.000898 
77.000000  78.000000  0.000906 
78.000000  79.000000  0.000915 
79.000000  80.000000  0.000923 
80.000000  81.000000  0.000931 
81.000000  82.000000  0.000938 
82.000000  83.000000  0.000945 
83.000000  84.000000  0.000952 
84.000000  85.000000  0.000959 
85.000000  86.000000  0.000966 
86.000000  87.000000  0.000972 
87.000000  88.000000  0.000978 
88.000000  89.000000  0.000984 
89.000000  90.000000  0.000989 
90.000000  91.000000  0.000995 
91.000000  92.000000  0.001000 
92.000000  93.000000  0.001005 
93.000000  94.000000  0.001010 
94.000000  95.000000  0.001014 
95.000000  96.000000  0.001019 
96.000000  97.000000  0.001023 
97.000000  98.000000  0.001027 
98.000000  99.000000  0.001031 
99.000000  100.000000  0.001035 
100.000000  101.000000  0.001039 
101.000000  102.000000  0.001043 
102.000000  103.000000  0.001046 
103.000000  104.000000  0.001050 
104.000000  105.000000  0.001053 
105.000000  106.000000  0.001056 
106.000000  107.000000  0.001059 
107.000000  108.000000  0.001062 
108.000000  109.000000  0.001065 
109.000000  110.000000  0.001068 
110.000000  111.000000  0.001071 
111.000000  112.000000  0.001073 
112.000000  113.000000  0.001076 
113.000000  114.000000  0.001079 
114.000000  115.000000  0.001081 
115.000000  116.000000  0.001084 
116.000000  117.000000  0.001086 
117.000000  118.000000  0.001088 
118.000000  119.000000  0.001091 
119.000000  120.000000  0.001093 
120.000000  121.000000  0.001095 
121.000000  122.000000  0.001097 
122.000000  123.000000  0.001099 
123.000000  124.000000  0.001101 
124.000000  125.000000  0.001103 
125.000000  126.000000  0.001106 
126.000000  127.000000  0.001107 
127.000000  128.000000  0.001109 
128.000000  129.000000  0.001111 
129.000000  130.000000  0.001113 
130.000000  131.000000  0.001115 
131.000000  132.000000  0.001117 
132.000000  133.000000  0.001119 
133.000000  134.000000  0.001121 
134.000000  135.000000  0.001122 
135.000000  136.000000  0.001124 
136.000000  137.000000  0.001126 
137.000000  138.000000  0.001128 
138.000000  139.000000  0.001129 
139.000000  140.000000  0.001131 
140.000000  141.000000  0.001133 
141.000000  142.000000  0.001134 
142.000000  143.000000  0.001136 
143.000000  144.000000  0.001137 
144.000000  145.000000  0.001139 
145.000000  146.000000  0.001141 
146.000000  147.000000  0.001142 
147.000000  148.000000  0.001144 
148.000000  149.000000  0.001145 
149.000000  150.000000  0.001147 
150.000000  151.000000  0.001148 
151.000000  152.000000  0.001150 
152.000000  153.000000  0.001151 
153.000000  154.000000  0.001152 
154.000000  155.000000  0.001154 
155.000000  156.000000  0.001155 
156.000000  157.000000  0.001157 
157.000000  158.000000  0.001158 
158.000000  159.000000  0.001159 
159.000000  160.000000  0.001161 
160.000000  161.000000  0.001162 
161.000000  162.000000  0.001163 
162.000000  163.000000  0.001165 
163.000000  164.000000  0.001166 
164.000000  165.000000  0.001167 
165.000000  166.000000  0.001169 
166.000000  167.000000  0.001170 
167.000000  168.000000  0.001171 
168.000000  169.000000  0.001172 
169.000000  170.000000  0.001174 
170.000000  171.000000  0.001175 
171.000000  172.000000  0.001176 
172.000000  173.000000  0.001177 
173.000000  174.000000  0.001178 
174.000000  175.000000  0.001180 
175.000000  176.000000  0.001181 
176.000000  177.000000  0.001182 
177.000000  178.000000  0.001183 
178.000000  179.000000  0.001184 
179.000000  180.000000  0.001186 
180.000000  181.000000  0.001187 
181.000000  182.000000  0.001188 
182.000000  183.000000  0.001189 
183.000000  184.000000  0.001190 
184.000000  185.000000  0.001192 
185.000000  186.000000  0.001193 
186.000000  187.000000  0.001194 
187.000000  188.000000  0.001195 
188.000000  189.000000  0.001197 
189.000000  190.000000  0.001198 
190.000000  191.000000  0.001199 
191.000000  192.000000  0.001200 
192.000000  193.000000  0.001202 
193.000000  194.000000  0.001203 
194.000000  195.000000  0.001204 
195.000000  196.000000  0.001206 
196.000000  197.000000  0.001207 
197.000000  198.000000  0.001208 
198.000000  199.000000  0.001210 
199.000000  200.000000  0.001211 
200.000000  201.000000  0.001213 
201.000000  202.000000  0.001214 
202.000000  203.000000  0.001216 
203.000000  204.000000  0.001218 
204.000000  205.000000  0.001219 
205.000000  206.000000  0.001221 
206.000000  207.000000  0.001222 
207.000000  208.000000  0.001224 
208.000000  209.000000  0.001226 
209.000000  210.000000  0.001228 
210.000000  211.000000  0.001230 
211.000000  212.000000  0.001232 
212.000000  213.000000  0.001234 
213.000000  214.000000  0.001236 
214.000000  215.000000  0.001238 
215.000000  216.000000  0.001240 
216.000000  217.000000  0.001242 
217.000000  218.000000  0.001244 
218.000000  219.000000  0.001247 
219.000000  220.000000  0.001249 
220.000000  221.000000  0.001252 
221.000000  222.000000  0.001254 
222.000000  223.000000  0.001257 
223.000000  224.000000  0.001259 
224.000000  225.000000  0.001262 
225.000000  226.000000  0.001265 
226.000000  227.000000  0.001268 
227.000000  228.000000  0.001271 
228.000000  229.000000  0.001274 
229.000000  230.000000  0.001277 
230.000000  231.000000  0.001280 
231.000000  232.000000  0.001283 
232.000000  233.000000  0.001287 
233.000000  234.000000  0.001290 
234.000000  235.000000  0.001294 
235.000000  236.000000  0.001297 
236.000000  237.000000  0.001301 
237.000000  238.000000  0.001305 
238.000000  239.000000  0.001309 
239.000000  240.000000  0.001313 
240.000000  241.000000  0.001317 
241.000000  242.000000  0.001321 
242.000000  243.000000  0.001326 
243.000000  244.000000  0.001330 
244.000000  245.000000  0.001334 
245.000000  246.000000  0.001339 
246.000000  247.000000  0.001344 
247.000000  248.000000  0.001349 
248.000000  249.000000  0.001353 
249.000000  250.000000  0.001358 
250.000000  251.000000  0.001364 
251.000000  252.000000  0.001369 
252.000000  253.000000  0.001374 
253.000000  254.000000  0.001380 
254.000000  255.000000  0.001385 
255.000000  256.000000  0.001391 
256.000000  257.000000  0.001396 
257.000000  258.000000  0.001402 
258.000000  259.000000  0.001408 
259.000000  260.000000  0.001414 
260.000000  261.000000  0.001421 
261.000000  262.000000  0.001427 
262.000000  263.000000  0.001433 
263.000000  264.000000  0.001440 
264.000000  265.000000  0.001446 
265.000000  266.000000  0.001453 
266.000000  267.000000  0.001460 
267.000000  268.000000  0.001467 
268.000000  269.000000  0.001474 
269.000000  270.000000  0.001481 
270.000000  271.000000  0.001488 
271.000000  272.000000  0.001496 
272.000000  273.000000  0.001503 
273.000000  274.000000  0.001511 
274.000000  275.000000  0.001518 
275.000000  276.000000  0.001526 
276.000000  277.000000  0.001534 
277.000000  278.000000  0.001542 
278.000000  279.000000  0.001550 
279.000000  280.000000  0.001558 
280.000000  281.000000  0.001567 
281.000000  282.000000  0.001575 
282.000000  283.000000  0.001584 
283.000000  284.000000  0.001592 
284.000000  285.000000  0.001601 
285.000000  286.000000  0.001610 
286.000000  287.000000  0.001619 
287.000000  288.000000  0.001628 
288.000000  289.000000  0.001637 
289.000000  290.000000  0.001646 
290.000000  291.000000  0.001655 
291.000000  292.000000  0.001664 
292.000000  293.000000  0.001674 
293.000000  294.000000  0.001683 
294.000000  295.000000  0.001693 
295.000000  296.000000  0.001703 
296.000000  297.000000  0.001712 
297.000000  298.000000  0.001722 
298.000000  299.000000  0.001732 
299.000000  300.000000  0.001742 
300.000000  301.000000  0.001752 
301.000000  302.000000  0.001763 
302.000000  303.000000  0.001773 
303.000000  304.000000  0.001783 
304.000000  305.000000  0.001794 
305.000000  306.000000  0.001804 
306.000000  307.000000  0.001815 
307.000000  308.000000  0.001825 
308.000000  309.000000  0.001836 
309.000000  310.000000  0.001847 
310.000000  311.000000  0.001857 
311.000000  312.000000  0.001868 
312.000000  313.000000  0.001879 
313.000000  314.000000  0.001890 
314.000000  315.000000  0.001901 
315.000000  316.000000  0.001912 
316.000000  317.000000  0.001924 
317.000000  318.000000  0.001935 
318.000000  319.000000  0.001946 
319.000000  320.000000  0.001957 
320.000000  321.000000  0.001969 
321.000000  322.000000  0.001980 
322.000000  323.000000  0.001992 
323.000000  324.000000  0.002003 
324.000000  325.000000  0.002015 
325.000000  326.000000  0.002026 
326.000000  327.000000  0.002038 
327.000000  328.000000  0.002049 
328.000000  329.000000  0.002061 
329.000000  330.000000  0.002073 
330.000000  331.000000  0.002085 
331.000000  332.000000  0.002096 
332.000000  333.000000  0.002108 
333.000000  334.000000  0.002120 
334.000000  335.000000  0.002132 
335.000000  336.000000  0.002144 
336.000000  337.000000  0.002156 
337.000000  338.000000  0.002168 
338.000000  339.000000  0.002180 
339.000000  340.000000  0.002192 
340.000000  341.000000  0.002203 
341.000000  342.000000  0.002215 
342.000000  343.000000  0.002228 
343.000000  344.000000  0.002240 
344.000000  345.000000  0.002252 
345.000000  346.000000  0.002264 
346.000000  347.000000  0.002276 
347.000000  348.000000  0.002288 
348.000000  349.000000  0.002300 
349.000000  350.000000  0.002312 
350.000000  351.000000  0.002324 
351.000000  352.000000  0.002336 
352.000000  353.000000  0.002348 
353.000000  354.000000  0.002360 
354.000000  355.000000  0.002372 
355.000000  356.000000  0.002384 
356.000000  357.000000  0.002396 
357.000000  358.000000  0.002408 
358.000000  359.000000  0.002421 
359.000000  360.000000  0.002433 
360.000000  361.000000  0.002445 
361.000000  362.000000  0.002457 
362.000000  363.000000  0.002469 
363.000000  364.000000  0.002481 
364.000000  365.000000  0.002493 
365.000000  366.000000  0.002505 
366.000000  367.000000  0.002517 
367.000000  368.000000  0.002528 
368.000000  369.000000  0.002540 
369.000000  370.000000  0.002552 
370.000000  371.000000  0.002564 
371.000000  372.000000  0.002576 
372.000000  373.000000  0.002588 
373.000000  374.000000  0.002600 
374.000000  375.000000  0.002611 
375.000000  376.000000  0.002623 
376.000000  377.000000  0.002635 
377.000000  378.000000  0.002646 
378.000000  379.000000  0.002658 
379.000000  380.000000  0.002670 
380.000000  381.000000  0.002681 
381.000000  382.000000  0.002693 
382.000000  383.000000  0.002704 
383.000000  384.000000  0.002716 
384.000000  385.000000  0.002727 
385.000000  386.000000  0.002739 
386.000000  387.000000  0.002750 
387.000000  388.000000  0.002762 
388.000000  389.000000  0.002773 
389.000000  390.000000  0.002784 
390.000000  391.000000  0.002795 
391.000000  392.000000  0.002807 
392.000000  393.000000  0.002818 
393.000000  394.000000  0.002829 
394.000000  395.000000  0.002840 
395.000000  396.000000  0.002851 
396.000000  397.000000  0.002862 
397.000000  398.000000  0.002873 
398.000000  399.000000  0.002884 
399.000000  400.000000  0.002895 
400.000000  401.000000  0.002905 
401.000000  402.000000  0.002916 
402.000000  403.000000  0.002927 
403.000000  404.000000  0.002938 
404.000000  405.000000  0.002948 
405.000000  406.000000  0.002959 
406.000000  407.000000  0.002969 
407.000000  408.000000  0.002980 
408.000000  409.000000  0.002990 
409.000000  410.000000  0.003001 
410.000000  411.000000  0.003011 
411.000000  412.000000  0.003021 
412.000000  413.000000  0.003032 
413.000000  414.000000  0.003042 
414.000000  415.000000  0.003052 
415.000000  416.000000  0.003062 
416.000000  417.000000  0.003072 
417.000000  418.000000  0.003082 
418.000000  419.000000  0.003092 
419.000000  420.000000  0.003102 
420.000000  421.000000  0.003112 
421.000000  422.000000  0.003121 
422.000000  423.000000  0.003131 
423.000000  424.000000  0.003141 
424.000000  425.000000  0.003150 
425.000000  426.000000  0.003160 
426.000000  427.000000  0.003169 
427.000000  428.000000  0.003179 
428.000000  429.000000  0.003188 
429.000000  430.000000  0.003198 
430.000000  431.000000  0.003207 
431.000000  432.000000  0.003216 
432.000000  433.000000  0.003225 
433.000000  434.000000  0.003235 
434.000000  435.000000  0.003244 
435.000000  436.000000  0.003253 
436.000000  437.000000  0.003262 
437.000000  438.000000  0.003270 
438.000000  439.000000  0.003279 
439.000000  440.000000  0.003288 
440.000000  441.000000  0.003297 
441.000000  442.000000  0.003306 
442.000000  443.000000  0.003314 
443.000000  444.000000  0.003323 
444.000000  445.000000  0.003331 
445.000000  446.000000  0.003340 
446.000000  447.000000  0.003348 
447.000000  448.000000  0.003357 
448.000000  449.000000  0.003365 
449.000000  450.000000  0.003373 
450.000000  451.000000  0.003381 
451.000000  452.000000  0.003389 
452.000000  453.000000  0.003398 
453.000000  454.000000  0.003406 
454.000000  455.000000  0.003414 
455.000000  456.000000  0.003422 
456.000000  457.000000  0.003429 
457.000000  458.000000  0.003437 
458.000000  459.000000  0.003445 
459.000000  460.000000  0.003453 
460.000000  461.000000  0.003460 
461.000000  462.000000  0.003468 
462.000000  463.000000  0.003476 
463.000000  464.000000  0.003483 
464.000000  465.000000  0.003490 
465.000000  466.000000  0.003498 
466.000000  467.000000  0.003505 
467.000000  468.000000  0.003512 
468.000000  469.000000  0.003520 
469.000000  470.000000  0.003527 
470.000000  471.000000  0.003534 
471.000000  472.000000  0.003541 
472.000000  473.000000  0.003548 
473.000000  474.000000  0.003555 
474.000000  475.000000  0.003562 
475.000000  476.000000  0.003569 
476.000000  477.000000  0.003576 
477.000000  478.000000  0.003582 
478.000000  479.000000  0.003589 
479.000000  480.000000  0.003596 
480.000000  481.000000  0.003602 
481.000000  482.000000  0.003609 
482.000000  483.000000  0.003616 
483.000000  484.000000  0.003622 
484.000000  485.000000  0.003628 
485.000000  486.000000  0.003635 
486.000000  487.000000  0.003641 
487.000000  488.000000  0.003647 
488.000000  489.000000  0.003654 
489.000000  490.000000  0.003660 
490.000000  491.000000  0.003666 
491.000000  492.000000  0.003672 
492.000000  493.000000  0.003678 
493.000000  494.000000  0.003684 
494.000000  495.000000  0.003690 
495.000000  496.000000  0.003696 
496.000000  497.000000  0.003702 
497.000000  498.000000  0.003708 
498.000000  499.000000  0.003713 
499.000000  500.000000  0.003719 
500.000000  501.000000  0.003725 
501.000000  502.000000  0.003730 
502.000000  503.000000  0.003736 
503.000000  504.000000  0.003741 
504.000000  505.000000  0.003747 
505.000000  506.000000  0.003752 
506.000000  507.000000  0.003758 
507.000000  508.000000  0.003763 
508.000000  509.000000  0.003768 
509.000000  510.000000  0.003774 
510.000000  511.000000  0.003779 
511.000000  512.000000  0.003784 
512.000000  513.000000  0.003789 
513.000000  514.000000  0.003794 
514.000000  515.000000  0.003799 
515.000000  516.000000  0.003804 
516.000000  517.000000  0.003809 
517.000000  518.000000  0.003814 
518.000000  519.000000  0.003819 
519.000000  520.000000  0.003824 
520.000000  521.000000  0.003829 
521.000000  522.000000  0.003833 
522.000000  523.000000  0.003838 
523.000000  524.000000  0.003843 
524.000000  525.000000  0.003847 
525.000000  526.000000  0.003852 
526.000000  527.000000  0.003857 
527.000000  528.000000  0.003861 
528.000000  529.000000  0.003866 
529.000000  530.000000  0.003870 
530.000000  531.000000  0.003875 
531.000000  532.000000  0.003879 
532.000000  533.000000  0.003883 
533.000000  534.000000  0.003888 
534.000000  535.000000  0.003892 
535.000000  536.000000  0.003896 
536.000000  537.000000  0.003900 
537.000000  538.000000  0.003904 
538.000000  539.000000  0.003909 
539.000000  540.000000  0.003913 
540.000000  541.000000  0.003917 
541.000000  542.000000  0.003921 
542.000000  543.000000  0.003925 
543.000000  544.000000  0.003929 
544.000000  545.000000  0.003932 
545.000000  546.000000  0.003936 
546.000000  547.000000  0.003940 
547.000000  548.000000  0.003944 
548.000000  549.000000  0.003948 
549.000000  550.000000  0.003952 
550.000000  551.000000  0.003955 
551.000000  552.000000  0.003959 
552.000000  553.000000  0.003963 
553.000000  554.000000  0.003966 
554.000000  555.000000  0.003970 
555.000000  556.000000  0.003973 
556.000000  557.000000  0.003977 
557.000000  558.000000  0.003980 
558.000000  559.000000  0.003984 
559.000000  560.000000  0.003987 
560.000000  561.000000  0.003991 
561.000000  562.000000  0.003994 
562.000000  563.000000  0.003997 
563.000000  564.000000  0.004001 
564.000000  565.000000  0.004004 
565.000000  566.000000  0.004007 
566.000000  567.000000  0.004010 
567.000000  568.000000  0.004014 
568.000000  569.000000  0.004017 
569.000000  570.000000  0.004020 
570.000000  571.000000  0.004023 
571.000000  572.000000  0.004026 
572.000000  573.000000  0.004029 
573.000000  574.000000  0.004032 
574.000000  575.000000  0.004035 
575.000000  576.000000  0.004038 
576.000000  577.000000  0.004041 
577.000000  578.000000  0.004044 
578.000000  579.000000  0.004047 
579.000000  580.000000  0.004050 
580.000000  581.000000  0.004053 
581.000000  582.000000  0.004056 
582.000000  583.000000  0.004058 
583.000000  584.000000  0.004061 
584.000000  585.000000  0.004064 
585.000000  586.000000  0.004067 
586.000000  587.000000  0.004069 
587.000000  588.000000  0.004072 
588.000000  589.000000  0.004075 
589.000000  590.000000  0.004077 
590.000000  591.000000  0.004080 
591.000000  592.000000  0.004082 
592.000000  593.000000  0.004085 
593.000000  594.000000  0.004087 
594.000000  595.000000  0.004090 
595.000000  596.000000  0.004092 
596.000000  597.000000  0.004095 
597.000000  598.000000  0.004097 
598.000000  599.000000  0.004100 
599.000000  600.000000  0.004102 
600.000000  601.000000  0.004105 
601.000000  602.000000  0.004107 
602.000000  603.000000  0.004109 
603.000000  604.000000  0.004112 
604.000000  605.000000  0.004114 
605.000000  606.000000  0.004116 
606.000000  607.000000  0.004118 
607.000000  608.000000  0.004121 
608.000000  609.000000  0.004123 
609.000000  610.000000  0.004125 
610.000000  611.000000  0.004127 
611.000000  612.000000  0.004129 
612.000000  613.000000  0.004132 
613.000000  614.000000  0.004134 
614.000000  615.000000  0.004136 
615.000000  616.000000  0.004138 
616.000000  617.000000  0.004140 
617.000000  618.000000  0.004142 
618.000000  619.000000  0.004144 
619.000000  620.000000  0.004146 
620.000000  621.000000  0.004148 
621.000000  622.000000  0.004150 
622.000000  623.000000  0.004152 
623.000000  624.000000  0.004154 
624.000000  625.000000  0.004156 
625.000000  626.000000  0.004158 
626.000000  627.000000  0.004159 
627.000000  628.000000  0.004161 
628.000000  629.000000  0.004163 
629.000000  630.000000  0.004165 
630.000000  631.000000  0.004167 
631.000000  632.000000  0.004169 
632.000000  633.000000  0.004170 
633.000000  634.000000  0.004172 
634.000000  635.000000  0.004174 
635.000000  636.000000  0.004176 
636.000000  637.000000  0.004177 
637.000000  638.000000  0.004179 
638.000000  639.000000  0.004181 
639.000000  640.000000  0.004182 
640.000000  641.000000  0.004184 
641.000000  642.000000  0.004186 
642.000000  643.000000  0.004187 
643.000000  644.000000  0.004189 
644.000000  645.000000  0.004191 
645.000000  646.000000  0.004192 
646.000000  647.000000  0.004194 
647.000000  648.000000  0.004195 
648.000000  649.000000  0.004197 
649.000000  650.000000  0.004198 
650.000000  651.000000  0.004200 
651.000000  652.000000  0.004201 
652.000000  653.000000  0.004203 
653.000000  654.000000  0.004204 
654.000000  655.000000  0.004206 
655.000000  656.000000  0.004207 
656.000000  657.000000  0.004209 
657.000000  658.000000  0.004210 
658.000000  659.000000  0.004212 
659.000000  660.000000  0.004213 
660.000000  661.000000  0.004214 
661.000000  662.000000  0.004216 
662.000000  663.000000  0.004217 
663.000000  664.000000  0.004218 
664.000000  665.000000  0.004220 
665.000000  666.000000  0.004221 
666.000000  667.000000  0.004222 
667.000000  668.000000  0.004224 
668.000000  669.000000  0.004225 
669.000000  670.000000  0.004226 
670.000000  671.000000  0.004228 
671.000000  672.000000  0.004229 
672.000000  673.000000  0.004230 
673.000000  674.000000  0.004231 
674.000000  675.000000  0.004233 
675.000000  676.000000  0.004234 
676.000000  677.000000  0.004235 
677.000000  678.000000  0.004236 
678.000000  679.000000  0.004237 
679.000000  680.000000  0.004238 
680.000000  681.000000  0.004240 
681.000000  682.000000  0.004241 
682.000000  683.000000  0.004242 
683.000000  684.000000  0.004243 
684.000000  685.000000  0.004244 
685.000000  686.000000  0.004245 
686.000000  687.000000  0.004246 
687.000000  688.000000  0.004248 
688.000000  689.000000  0.004249 
689.000000  690.000000  0.004250 
690.000000  691.000000  0.004251 
691.000000  692.000000  0.004252 
692.000000  693.000000  0.004253 
693.000000  694.000000  0.004254 
694.000000  695.000000  0.004255 
695.000000  696.000000  0.004256 
696.000000  697.000000  0.004257 
697.000000  698.000000  0.004258 
698.000000  699.000000  0.004259 
699.000000  700.000000  0.004260 
700.000000  701.000000  0.004261 
701.000000  702.000000  0.004262 
702.000000  703.000000  0.004263 
703.000000  704.000000  0.004264 
704.000000  705.000000  0.004265 
705.000000  706.000000  0.004266 
706.000000  707.000000  0.004267 
707.000000  708.000000  0.004267 
708.000000  709.000000  0.004268 
709.000000  710.000000  0.004269 
710.000000  711.000000  0.004270 
711.000000  712.000000  0.004271 
712.000000  713.000000  0.004272 
713.000000  714.000000  0.004273 
714.000000  715.000000  0.004274 
715.000000  716.000000  0.004275 
716.000000  717.000000  0.004275 
717.000000  718.000000  0.004276 
718.000000  719.000000  0.004277 
719.000000  720.000000  0.004278 
720.000000  721.000000  0.004279 
721.000000  722.000000  0.004280 
722.000000  723.000000  0.004280 
723.000000  724.000000  0.004281 
724.000000  725.000000  0.004282 
725.000000  726.000000  0.004283 
726.000000  727.000000  0.004284 
727.000000  728.000000  0.004284 
728.000000  729.000000  0.004285 
729.000000  730.000000  0.004286 
730.000000  731.000000  0.004287 
731.000000  732.000000  0.004287 
732.000000  733.000000  0.004288 
733.000000  734.000000  0.004289 
734.000000  735.000000  0.004290 
735.000000  736.000000  0.004290 
736.000000  737.000000  0.004291 
737.000000  738.000000  0.004292 
738.000000  739.000000  0.004292 
739.000000  740.000000  0.004293 
740.000000  741.000000  0.004294 
741.000000  742.000000  0.004294 
742.000000  743.000000  0.004295 
743.000000  744.000000  0.004296 
744.000000  745.000000  0.004296 
745.000000  746.000000  0.004297 
746.000000  747.000000  0.004298 
747.000000  748.000000  0.004298 
748.000000  749.000000  0.004299 
749.000000  750.000000  0.004300 
750.000000  751.000000  0.004300 
751.000000  752.000000  0.004301 
752.000000  753.000000  0.004302 
753.000000  754.000000  0.004302 
754.000000  755.000000  0.004303 
755.000000  756.000000  0.004303 
756.000000  757.000000  0.004304 
757.000000  758.000000  0.004305 
758.000000  759.000000  0.004305 
759.000000  760.000000  0.004306 
760.000000  761.000000  0.004306 
761.000000  762.000000  0.004307 
762.000000  763.000000  0.004308 
763.000000  764.000000  0.004308 
764.000000  765.000000  0.004309 
765.000000  766.000000  0.004309 
766.000000  767.000000  0.004310 
767.000000  768.000000  0.004310 
768.000000  769.000000  0.004311 
769.000000  770.000000  0.004311 
770.000000  771.000000  0.004312 
771.000000  772.000000  0.004313 
772.000000  773.000000  0.004313 
773.000000  774.000000  0.004314 
774.000000  775.000000  0.004314 
775.000000  776.000000  0.004315 
776.000000  777.000000  0.004315 
777.000000  778.000000  0.004316 
778.000000  779.000000  0.004316 
779.000000  780.000000  0.004317 
780.000000  781.000000  0.004317 
781.000000  782.000000  0.004318 
782.000000  783.000000  0.004318 
783.000000  784.000000  0.004319 
784.000000  785.000000  0.004319 
785.000000  786.000000  0.004320 
786.000000  787.000000  0.004320 
787.000000  788.000000  0.004320 
788.000000  789.000000  0.004321 
789.000000  790.000000  0.004321 
790.000000  791.000000  0.004322 
791.000000  792.000000  0.004322 
792.000000  793.000000  0.004323 
793.000000  794.000000  0.004323 
794.000000  795.000000  0.004324 
795.000000  796.000000  0.004324 
796.000000  797.000000  0.004325 
797.000000  798.000000  0.004325 
798.000000  799.000000  0.004325 
799.000000  800.000000  0.004326 
800.000000  801.000000  0.004326 
801.000000  802.000000  0.004327 
802.000000  803.000000  0.004327 
803.000000  804.000000  0.004327 
804.000000  805.000000  0.004328 
805.000000  806.000000  0.004328 
806.000000  807.000000  0.004329 
807.000000  808.000000  0.004329 
808.000000  809.000000  0.004329 
809.000000  810.000000  0.004330 
810.000000  811.000000  0.004330 
811.000000  812.000000  0.004331 
812.000000  813.000000  0.004331 
813.000000  814.000000  0.004331 
814.000000  815.000000  0.004332 
815.000000  816.000000  0.004332 
816.000000  817.000000  0.004332 
817.000000  818.000000  0.004333 
818.000000  819.000000  0.004333 
819.000000  820.000000  0.004334 
820.000000  821.000000  0.004334 
821.000000  822.000000  0.004334 
822.000000  823.000000  0.004335 
823.000000  824.000000  0.004335 
824.000000  825.000000  0.004335 
825.000000  826.000000  0.004336 
826.000000  827.000000  0.004336 
827.000000  828.000000  0.004336 
828.000000  829.000000  0.004337 
829.000000  830.000000  0.004337 
830.000000  831.000000  0.004337 
831.000000  832.000000  0.004338 
832.000000  833.000000  0.004338 
833.000000  834.000000  0.004338 
834.000000  835.000000  0.004339 
835.000000  836.000000  0.004339 
836.000000  837.000000  0.004339 
837.000000  838.000000  0.004339 
838.000000  839.000000  0.004340 
839.000000  840.000000  0.004340 
840.000000  841.000000  0.004340 
841.000000  842.000000  0.004341 
842.000000  843.000000  0.004341 
843.000000  844.000000  0.004341 
844.000000  845.000000  0.004342 
845.000000  846.000000  0.004342 
846.000000  847.000000  0.004342 
847.000000  848.000000  0.004342 
848.000000  849.000000  0.004343 
849.000000  850.000000  0.004343 
850.000000  851.000000  0.004343 
851.000000  852.000000  0.004344 
852.000000  853.000000  0.004344 
853.000000  854.000000  0.004344 
854.000000  855.000000  0.004344 
855.000000  856.000000  0.004345 
856.000000  857.000000  0.004345 
857.000000  858.000000  0.004345 
858.000000  859.000000  0.004345 
859.000000  860.000000  0.004346 
860.000000  861.000000  0.004346 
861.000000  862.000000  0.004346 
862.000000  863.000000  0.004346 
863.000000  864.000000  0.004347 
864.000000  865.000000  0.004347 
865.000000  866.000000  0.004347 
866.000000  867.000000  0.004347 
867.000000  868.000000  0.004348 
868.000000  869.000000  0.004348 
869.000000  870.000000  0.004348 
870.000000  871.000000  0.004348 
871.000000  872.000000  0.004349 
872.000000  873.000000  0.004349 
873.000000  874.000000  0.004349 
874.000000  875.000000  0.004349 
875.000000  876.000000  0.004349 
876.000000  877.000000  0.004350 
877.000000  878.000000  0.004350 
878.000000  879.000000  0.004350 
879.000000  880.000000  0.004350 
880.000000  881.000000  0.004351 
881.000000  882.000000  0.004351 
882.000000  883.000000  0.004351 
883.000000  884.000000  0.004351 
884.000000  885.000000  0.004351 
885.000000  886.000000  0.004352 
886.000000  887.000000  0.004352 
887.000000  888.000000  0.004352 
888.000000  889.000000  0.004352 
889.000000  890.000000  0.004352 
890.000000  891.000000  0.004353 
891.000000  892.000000  0.004353 
892.000000  893.000000  0.004353 
893.000000  894.000000  0.004353 
894.000000  895.000000  0.004353 
895.000000  896.000000  0.004353 
896.000000  897.000000  0.004354 
897.000000  898.000000  0.004354 
898.000000  899.000000  0.004354 
899.000000  900.000000  0.004354 
900.000000  901.000000  0.004354 
901.000000  902.000000  0.004355 
902.000000  903.000000  0.004355 
903.000000  904.000000  0.004355 
904.000000  905.000000  0.004355 
905.000000  906.000000  0.004355 
906.000000  907.000000  0.004355 
907.000000  908.000000  0.004356 
908.000000  909.000000  0.004356 
909.000000  910.000000  0.004356 
910.000000  911.000000  0.004356 
911.000000  912.000000  0.004356 
912.000000  913.000000  0.004356 
913.000000  914.000000  0.004357 
914.000000  915.000000  0.004357 
915.000000  916.000000  0.004357 
916.000000  917.000000  0.004357 
917.000000  918.000000  0.004357 
918.000000  919.000000  0.004357 
919.000000  920.000000  0.004357 
920.000000  921.000000  0.004358 
921.000000  922.000000  0.004358 
922.000000  923.000000  0.004358 
923.000000  924.000000  0.004358 
924.000000  925.000000  0.004358 
925.000000  926.000000  0.004358 
926.000000  927.000000  0.004359 
927.000000  928.000000  0.004359 
928.000000  929.000000  0.004359 
929.000000  930.000000  0.004359 
930.000000  931.000000  0.004359 
931.000000  932.000000  0.004359 
932.000000  933.000000  0.004359 
933.000000  934.000000  0.004359 
934.000000  935.000000  0.004360 
935.000000  936.000000  0.004360 
936.000000  937.000000  0.004360 
937.000000  938.000000  0.004360 
938.000000  939.000000  0.004360 
939.000000  940.000000  0.004360 
940.000000  941.000000  0.004360 
941.000000  942.000000  0.004360 
942.000000  943.000000  0.004361 
943.000000  944.000000  0.004361 
