20.000000  21.000000  0.010192 
21.000000  22.000000  0.009621 
22.000000  23.000000  0.009085 
23.000000  24.000000  0.008581 
24.000000  25.000000  0.008108 
25.000000  26.000000  0.007664 
26.000000  27.000000  0.007246 
27.000000  28.000000  0.006853 
28.000000  29.000000  0.006483 
29.000000  30.000000  0.006136 
30.000000  31.000000  0.005809 
31.000000  32.000000  0.005502 
32.000000  33.000000  0.005213 
33.000000  34.000000  0.004941 
34.000000  35.000000  0.004685 
35.000000  36.000000  0.004444 
36.000000  37.000000  0.004217 
37.000000  38.000000  0.004004 
38.000000  39.000000  0.003803 
39.000000  40.000000  0.003614 
40.000000  41.000000  0.003437 
41.000000  42.000000  0.003269 
42.000000  43.000000  0.003112 
43.000000  44.000000  0.002963 
44.000000  45.000000  0.002823 
45.000000  46.000000  0.002692 
46.000000  47.000000  0.002567 
47.000000  48.000000  0.002450 
48.000000  49.000000  0.002340 
49.000000  50.000000  0.002236 
50.000000  51.000000  0.002137 
51.000000  52.000000  0.002045 
52.000000  53.000000  0.001957 
53.000000  54.000000  0.001875 
54.000000  55.000000  0.001797 
55.000000  56.000000  0.001723 
56.000000  57.000000  0.001653 
57.000000  58.000000  0.001587 
58.000000  59.000000  0.001525 
59.000000  60.000000  0.001466 
60.000000  61.000000  0.001410 
61.000000  62.000000  0.001357 
62.000000  63.000000  0.001307 
63.000000  64.000000  0.001259 
64.000000  65.000000  0.001214 
65.000000  66.000000  0.001172 
66.000000  67.000000  0.001131 
67.000000  68.000000  0.001093 
68.000000  69.000000  0.001057 
69.000000  70.000000  0.001022 
70.000000  71.000000  0.000989 
71.000000  72.000000  0.000958 
72.000000  73.000000  0.000928 
73.000000  74.000000  0.000900 
74.000000  75.000000  0.000873 
75.000000  76.000000  0.000848 
76.000000  77.000000  0.000824 
77.000000  78.000000  0.000801 
78.000000  79.000000  0.000779 
79.000000  80.000000  0.000758 
80.000000  81.000000  0.000738 
81.000000  82.000000  0.000719 
82.000000  83.000000  0.000701 
83.000000  84.000000  0.000683 
84.000000  85.000000  0.000667 
85.000000  86.000000  0.000651 
86.000000  87.000000  0.000636 
87.000000  88.000000  0.000622 
88.000000  89.000000  0.000608 
89.000000  90.000000  0.000595 
90.000000  91.000000  0.000582 
91.000000  92.000000  0.000570 
92.000000  93.000000  0.000559 
93.000000  94.000000  0.000548 
94.000000  95.000000  0.000537 
95.000000  96.000000  0.000527 
96.000000  97.000000  0.000518 
97.000000  98.000000  0.000508 
98.000000  99.000000  0.000500 
99.000000  100.000000  0.000491 
100.000000  101.000000  0.000483 
101.000000  102.000000  0.000475 
102.000000  103.000000  0.000467 
103.000000  104.000000  0.000460 
104.000000  105.000000  0.000453 
105.000000  106.000000  0.000447 
106.000000  107.000000  0.000440 
107.000000  108.000000  0.000434 
108.000000  109.000000  0.000428 
109.000000  110.000000  0.000422 
110.000000  111.000000  0.000417 
111.000000  112.000000  0.000411 
112.000000  113.000000  0.000406 
113.000000  114.000000  0.000401 
114.000000  115.000000  0.000396 
115.000000  116.000000  0.000392 
116.000000  117.000000  0.000387 
117.000000  118.000000  0.000383 
118.000000  119.000000  0.000379 
119.000000  120.000000  0.000375 
120.000000  121.000000  0.000371 
121.000000  122.000000  0.000367 
122.000000  123.000000  0.000363 
123.000000  124.000000  0.000359 
124.000000  125.000000  0.000356 
125.000000  126.000000  0.000353 
126.000000  127.000000  0.000349 
127.000000  128.000000  0.000346 
128.000000  129.000000  0.000343 
129.000000  130.000000  0.000340 
130.000000  131.000000  0.000337 
131.000000  132.000000  0.000334 
132.000000  133.000000  0.000331 
133.000000  134.000000  0.000329 
134.000000  135.000000  0.000326 
135.000000  136.000000  0.000324 
136.000000  137.000000  0.000321 
137.000000  138.000000  0.000319 
138.000000  139.000000  0.000316 
139.000000  140.000000  0.000314 
140.000000  141.000000  0.000312 
141.000000  142.000000  0.000310 
142.000000  143.000000  0.000307 
143.000000  144.000000  0.000305 
144.000000  145.000000  0.000303 
145.000000  146.000000  0.000301 
146.000000  147.000000  0.000299 
147.000000  148.000000  0.000297 
148.000000  149.000000  0.000296 
149.000000  150.000000  0.000294 
150.000000  151.000000  0.000292 
151.000000  152.000000  0.000290 
152.000000  153.000000  0.000288 
153.000000  154.000000  0.000287 
154.000000  155.000000  0.000285 
155.000000  156.000000  0.000284 
156.000000  157.000000  0.000282 
157.000000  158.000000  0.000280 
158.000000  159.000000  0.000279 
159.000000  160.000000  0.000277 
160.000000  161.000000  0.000276 
161.000000  162.000000  0.000275 
162.000000  163.000000  0.000273 
163.000000  164.000000  0.000272 
164.000000  165.000000  0.000271 
165.000000  166.000000  0.000269 
166.000000  167.000000  0.000268 
167.000000  168.000000  0.000267 
168.000000  169.000000  0.000266 
169.000000  170.000000  0.000264 
170.000000  171.000000  0.000263 
171.000000  172.000000  0.000262 
172.000000  173.000000  0.000261 
173.000000  174.000000  0.000260 
174.000000  175.000000  0.000259 
175.000000  176.000000  0.000258 
176.000000  177.000000  0.000257 
177.000000  178.000000  0.000255 
178.000000  179.000000  0.000254 
179.000000  180.000000  0.000253 
180.000000  181.000000  0.000253 
181.000000  182.000000  0.000252 
182.000000  183.000000  0.000251 
183.000000  184.000000  0.000250 
184.000000  185.000000  0.000249 
185.000000  186.000000  0.000248 
186.000000  187.000000  0.000247 
187.000000  188.000000  0.000246 
188.000000  189.000000  0.000245 
189.000000  190.000000  0.000245 
190.000000  191.000000  0.000244 
191.000000  192.000000  0.000243 
192.000000  193.000000  0.000242 
193.000000  194.000000  0.000241 
194.000000  195.000000  0.000241 
195.000000  196.000000  0.000240 
196.000000  197.000000  0.000239 
197.000000  198.000000  0.000238 
198.000000  199.000000  0.000238 
199.000000  200.000000  0.000237 
200.000000  201.000000  0.000236 
201.000000  202.000000  0.000236 
202.000000  203.000000  0.000235 
203.000000  204.000000  0.000234 
204.000000  205.000000  0.000234 
205.000000  206.000000  0.000233 
206.000000  207.000000  0.000233 
207.000000  208.000000  0.000232 
208.000000  209.000000  0.000231 
209.000000  210.000000  0.000231 
210.000000  211.000000  0.000230 
211.000000  212.000000  0.000230 
212.000000  213.000000  0.000229 
213.000000  214.000000  0.000228 
214.000000  215.000000  0.000228 
215.000000  216.000000  0.000227 
216.000000  217.000000  0.000227 
217.000000  218.000000  0.000226 
218.000000  219.000000  0.000226 
219.000000  220.000000  0.000225 
220.000000  221.000000  0.000225 
221.000000  222.000000  0.000224 
222.000000  223.000000  0.000224 
223.000000  224.000000  0.000223 
224.000000  225.000000  0.000223 
225.000000  226.000000  0.000222 
226.000000  227.000000  0.000222 
227.000000  228.000000  0.000221 
228.000000  229.000000  0.000221 
229.000000  230.000000  0.000220 
230.000000  231.000000  0.000220 
231.000000  232.000000  0.000219 
232.000000  233.000000  0.000219 
233.000000  234.000000  0.000219 
234.000000  235.000000  0.000218 
235.000000  236.000000  0.000218 
236.000000  237.000000  0.000217 
237.000000  238.000000  0.000217 
238.000000  239.000000  0.000216 
239.000000  240.000000  0.000216 
240.000000  241.000000  0.000215 
241.000000  242.000000  0.000215 
242.000000  243.000000  0.000214 
243.000000  244.000000  0.000214 
244.000000  245.000000  0.000214 
245.000000  246.000000  0.000213 
246.000000  247.000000  0.000213 
247.000000  248.000000  0.000212 
248.000000  249.000000  0.000212 
249.000000  250.000000  0.000211 
250.000000  251.000000  0.000211 
251.000000  252.000000  0.000210 
252.000000  253.000000  0.000210 
253.000000  254.000000  0.000210 
254.000000  255.000000  0.000209 
255.000000  256.000000  0.000209 
256.000000  257.000000  0.000208 
257.000000  258.000000  0.000208 
258.000000  259.000000  0.000207 
259.000000  260.000000  0.000207 
260.000000  261.000000  0.000206 
261.000000  262.000000  0.000206 
262.000000  263.000000  0.000205 
263.000000  264.000000  0.000205 
264.000000  265.000000  0.000205 
265.000000  266.000000  0.000204 
266.000000  267.000000  0.000204 
267.000000  268.000000  0.000203 
268.000000  269.000000  0.000203 
269.000000  270.000000  0.000202 
270.000000  271.000000  0.000202 
271.000000  272.000000  0.000201 
272.000000  273.000000  0.000201 
273.000000  274.000000  0.000200 
274.000000  275.000000  0.000200 
275.000000  276.000000  0.000199 
276.000000  277.000000  0.000199 
277.000000  278.000000  0.000198 
278.000000  279.000000  0.000198 
279.000000  280.000000  0.000197 
280.000000  281.000000  0.000197 
281.000000  282.000000  0.000196 
282.000000  283.000000  0.000196 
283.000000  284.000000  0.000195 
284.000000  285.000000  0.000195 
285.000000  286.000000  0.000194 
286.000000  287.000000  0.000193 
287.000000  288.000000  0.000193 
288.000000  289.000000  0.000192 
289.000000  290.000000  0.000192 
290.000000  291.000000  0.000191 
291.000000  292.000000  0.000191 
292.000000  293.000000  0.000190 
293.000000  294.000000  0.000190 
294.000000  295.000000  0.000189 
295.000000  296.000000  0.000188 
296.000000  297.000000  0.000188 
297.000000  298.000000  0.000187 
298.000000  299.000000  0.000187 
299.000000  300.000000  0.000186 
300.000000  301.000000  0.000186 
301.000000  302.000000  0.000185 
302.000000  303.000000  0.000184 
303.000000  304.000000  0.000184 
304.000000  305.000000  0.000183 
305.000000  306.000000  0.000183 
306.000000  307.000000  0.000182 
307.000000  308.000000  0.000181 
308.000000  309.000000  0.000181 
309.000000  310.000000  0.000180 
310.000000  311.000000  0.000180 
311.000000  312.000000  0.000179 
312.000000  313.000000  0.000178 
313.000000  314.000000  0.000178 
314.000000  315.000000  0.000177 
315.000000  316.000000  0.000176 
316.000000  317.000000  0.000176 
317.000000  318.000000  0.000175 
318.000000  319.000000  0.000175 
319.000000  320.000000  0.000174 
320.000000  321.000000  0.000173 
321.000000  322.000000  0.000173 
322.000000  323.000000  0.000172 
323.000000  324.000000  0.000171 
324.000000  325.000000  0.000171 
325.000000  326.000000  0.000170 
326.000000  327.000000  0.000169 
327.000000  328.000000  0.000169 
328.000000  329.000000  0.000168 
329.000000  330.000000  0.000167 
330.000000  331.000000  0.000167 
331.000000  332.000000  0.000166 
332.000000  333.000000  0.000165 
333.000000  334.000000  0.000165 
334.000000  335.000000  0.000164 
335.000000  336.000000  0.000163 
336.000000  337.000000  0.000163 
337.000000  338.000000  0.000162 
338.000000  339.000000  0.000161 
339.000000  340.000000  0.000161 
340.000000  341.000000  0.000160 
341.000000  342.000000  0.000159 
342.000000  343.000000  0.000159 
343.000000  344.000000  0.000158 
344.000000  345.000000  0.000157 
345.000000  346.000000  0.000157 
346.000000  347.000000  0.000156 
347.000000  348.000000  0.000155 
348.000000  349.000000  0.000154 
349.000000  350.000000  0.000154 
350.000000  351.000000  0.000153 
351.000000  352.000000  0.000152 
352.000000  353.000000  0.000152 
353.000000  354.000000  0.000151 
354.000000  355.000000  0.000150 
355.000000  356.000000  0.000150 
356.000000  357.000000  0.000149 
357.000000  358.000000  0.000148 
358.000000  359.000000  0.000148 
359.000000  360.000000  0.000147 
360.000000  361.000000  0.000146 
361.000000  362.000000  0.000145 
362.000000  363.000000  0.000145 
363.000000  364.000000  0.000144 
364.000000  365.000000  0.000143 
365.000000  366.000000  0.000143 
366.000000  367.000000  0.000142 
367.000000  368.000000  0.000141 
368.000000  369.000000  0.000141 
369.000000  370.000000  0.000140 
370.000000  371.000000  0.000139 
371.000000  372.000000  0.000138 
372.000000  373.000000  0.000138 
373.000000  374.000000  0.000137 
374.000000  375.000000  0.000136 
375.000000  376.000000  0.000136 
376.000000  377.000000  0.000135 
377.000000  378.000000  0.000134 
378.000000  379.000000  0.000134 
379.000000  380.000000  0.000133 
380.000000  381.000000  0.000132 
381.000000  382.000000  0.000132 
382.000000  383.000000  0.000131 
383.000000  384.000000  0.000130 
384.000000  385.000000  0.000130 
385.000000  386.000000  0.000129 
386.000000  387.000000  0.000128 
387.000000  388.000000  0.000128 
388.000000  389.000000  0.000127 
389.000000  390.000000  0.000126 
390.000000  391.000000  0.000126 
391.000000  392.000000  0.000125 
392.000000  393.000000  0.000124 
393.000000  394.000000  0.000124 
394.000000  395.000000  0.000123 
395.000000  396.000000  0.000122 
396.000000  397.000000  0.000122 
397.000000  398.000000  0.000121 
398.000000  399.000000  0.000120 
399.000000  400.000000  0.000120 
400.000000  401.000000  0.000119 
401.000000  402.000000  0.000118 
402.000000  403.000000  0.000118 
403.000000  404.000000  0.000117 
404.000000  405.000000  0.000116 
405.000000  406.000000  0.000116 
406.000000  407.000000  0.000115 
407.000000  408.000000  0.000114 
408.000000  409.000000  0.000114 
409.000000  410.000000  0.000113 
410.000000  411.000000  0.000112 
411.000000  412.000000  0.000112 
412.000000  413.000000  0.000111 
413.000000  414.000000  0.000111 
414.000000  415.000000  0.000110 
415.000000  416.000000  0.000109 
416.000000  417.000000  0.000109 
417.000000  418.000000  0.000108 
418.000000  419.000000  0.000107 
419.000000  420.000000  0.000107 
420.000000  421.000000  0.000106 
421.000000  422.000000  0.000106 
422.000000  423.000000  0.000105 
423.000000  424.000000  0.000104 
424.000000  425.000000  0.000104 
425.000000  426.000000  0.000103 
426.000000  427.000000  0.000103 
427.000000  428.000000  0.000102 
428.000000  429.000000  0.000101 
429.000000  430.000000  0.000101 
430.000000  431.000000  0.000100 
431.000000  432.000000  0.000100 
432.000000  433.000000  0.000099 
433.000000  434.000000  0.000098 
434.000000  435.000000  0.000098 
435.000000  436.000000  0.000097 
436.000000  437.000000  0.000097 
437.000000  438.000000  0.000096 
438.000000  439.000000  0.000096 
439.000000  440.000000  0.000095 
440.000000  441.000000  0.000094 
441.000000  442.000000  0.000094 
442.000000  443.000000  0.000093 
443.000000  444.000000  0.000093 
444.000000  445.000000  0.000092 
445.000000  446.000000  0.000092 
446.000000  447.000000  0.000091 
447.000000  448.000000  0.000091 
448.000000  449.000000  0.000090 
449.000000  450.000000  0.000089 
450.000000  451.000000  0.000089 
451.000000  452.000000  0.000088 
452.000000  453.000000  0.000088 
453.000000  454.000000  0.000087 
454.000000  455.000000  0.000087 
455.000000  456.000000  0.000086 
456.000000  457.000000  0.000086 
457.000000  458.000000  0.000085 
458.000000  459.000000  0.000085 
459.000000  460.000000  0.000084 
460.000000  461.000000  0.000084 
461.000000  462.000000  0.000083 
462.000000  463.000000  0.000083 
463.000000  464.000000  0.000082 
464.000000  465.000000  0.000082 
465.000000  466.000000  0.000081 
466.000000  467.000000  0.000081 
467.000000  468.000000  0.000080 
468.000000  469.000000  0.000080 
469.000000  470.000000  0.000079 
470.000000  471.000000  0.000079 
471.000000  472.000000  0.000078 
472.000000  473.000000  0.000078 
473.000000  474.000000  0.000077 
474.000000  475.000000  0.000077 
475.000000  476.000000  0.000076 
476.000000  477.000000  0.000076 
477.000000  478.000000  0.000076 
478.000000  479.000000  0.000075 
479.000000  480.000000  0.000075 
480.000000  481.000000  0.000074 
481.000000  482.000000  0.000074 
482.000000  483.000000  0.000073 
483.000000  484.000000  0.000073 
484.000000  485.000000  0.000072 
485.000000  486.000000  0.000072 
486.000000  487.000000  0.000071 
487.000000  488.000000  0.000071 
488.000000  489.000000  0.000071 
489.000000  490.000000  0.000070 
490.000000  491.000000  0.000070 
491.000000  492.000000  0.000069 
492.000000  493.000000  0.000069 
493.000000  494.000000  0.000068 
494.000000  495.000000  0.000068 
495.000000  496.000000  0.000068 
496.000000  497.000000  0.000067 
497.000000  498.000000  0.000067 
498.000000  499.000000  0.000066 
499.000000  500.000000  0.000066 
500.000000  501.000000  0.000066 
501.000000  502.000000  0.000065 
502.000000  503.000000  0.000065 
503.000000  504.000000  0.000064 
504.000000  505.000000  0.000064 
505.000000  506.000000  0.000064 
506.000000  507.000000  0.000063 
507.000000  508.000000  0.000063 
508.000000  509.000000  0.000062 
509.000000  510.000000  0.000062 
510.000000  511.000000  0.000062 
511.000000  512.000000  0.000061 
512.000000  513.000000  0.000061 
513.000000  514.000000  0.000061 
514.000000  515.000000  0.000060 
515.000000  516.000000  0.000060 
516.000000  517.000000  0.000060 
517.000000  518.000000  0.000059 
518.000000  519.000000  0.000059 
519.000000  520.000000  0.000058 
520.000000  521.000000  0.000058 
521.000000  522.000000  0.000058 
522.000000  523.000000  0.000057 
523.000000  524.000000  0.000057 
524.000000  525.000000  0.000057 
525.000000  526.000000  0.000056 
526.000000  527.000000  0.000056 
527.000000  528.000000  0.000056 
528.000000  529.000000  0.000055 
529.000000  530.000000  0.000055 
530.000000  531.000000  0.000055 
531.000000  532.000000  0.000054 
532.000000  533.000000  0.000054 
533.000000  534.000000  0.000054 
534.000000  535.000000  0.000053 
535.000000  536.000000  0.000053 
536.000000  537.000000  0.000053 
537.000000  538.000000  0.000052 
538.000000  539.000000  0.000052 
539.000000  540.000000  0.000052 
540.000000  541.000000  0.000052 
541.000000  542.000000  0.000051 
542.000000  543.000000  0.000051 
543.000000  544.000000  0.000051 
544.000000  545.000000  0.000050 
545.000000  546.000000  0.000050 
546.000000  547.000000  0.000050 
547.000000  548.000000  0.000049 
548.000000  549.000000  0.000049 
549.000000  550.000000  0.000049 
550.000000  551.000000  0.000049 
551.000000  552.000000  0.000048 
552.000000  553.000000  0.000048 
553.000000  554.000000  0.000048 
554.000000  555.000000  0.000047 
555.000000  556.000000  0.000047 
556.000000  557.000000  0.000047 
557.000000  558.000000  0.000047 
558.000000  559.000000  0.000046 
559.000000  560.000000  0.000046 
560.000000  561.000000  0.000046 
561.000000  562.000000  0.000046 
562.000000  563.000000  0.000045 
563.000000  564.000000  0.000045 
564.000000  565.000000  0.000045 
565.000000  566.000000  0.000045 
566.000000  567.000000  0.000044 
567.000000  568.000000  0.000044 
568.000000  569.000000  0.000044 
569.000000  570.000000  0.000044 
570.000000  571.000000  0.000043 
571.000000  572.000000  0.000043 
572.000000  573.000000  0.000043 
573.000000  574.000000  0.000043 
574.000000  575.000000  0.000042 
575.000000  576.000000  0.000042 
576.000000  577.000000  0.000042 
577.000000  578.000000  0.000042 
578.000000  579.000000  0.000041 
579.000000  580.000000  0.000041 
580.000000  581.000000  0.000041 
581.000000  582.000000  0.000041 
582.000000  583.000000  0.000041 
583.000000  584.000000  0.000040 
584.000000  585.000000  0.000040 
585.000000  586.000000  0.000040 
586.000000  587.000000  0.000040 
587.000000  588.000000  0.000039 
588.000000  589.000000  0.000039 
589.000000  590.000000  0.000039 
590.000000  591.000000  0.000039 
591.000000  592.000000  0.000039 
592.000000  593.000000  0.000038 
593.000000  594.000000  0.000038 
594.000000  595.000000  0.000038 
595.000000  596.000000  0.000038 
596.000000  597.000000  0.000038 
597.000000  598.000000  0.000037 
598.000000  599.000000  0.000037 
599.000000  600.000000  0.000037 
600.000000  601.000000  0.000037 
601.000000  602.000000  0.000037 
602.000000  603.000000  0.000036 
603.000000  604.000000  0.000036 
604.000000  605.000000  0.000036 
605.000000  606.000000  0.000036 
606.000000  607.000000  0.000036 
607.000000  608.000000  0.000035 
608.000000  609.000000  0.000035 
609.000000  610.000000  0.000035 
610.000000  611.000000  0.000035 
611.000000  612.000000  0.000035 
612.000000  613.000000  0.000035 
613.000000  614.000000  0.000034 
614.000000  615.000000  0.000034 
615.000000  616.000000  0.000034 
616.000000  617.000000  0.000034 
617.000000  618.000000  0.000034 
618.000000  619.000000  0.000034 
619.000000  620.000000  0.000033 
620.000000  621.000000  0.000033 
621.000000  622.000000  0.000033 
622.000000  623.000000  0.000033 
623.000000  624.000000  0.000033 
624.000000  625.000000  0.000033 
625.000000  626.000000  0.000032 
626.000000  627.000000  0.000032 
627.000000  628.000000  0.000032 
628.000000  629.000000  0.000032 
629.000000  630.000000  0.000032 
630.000000  631.000000  0.000032 
631.000000  632.000000  0.000031 
632.000000  633.000000  0.000031 
633.000000  634.000000  0.000031 
634.000000  635.000000  0.000031 
635.000000  636.000000  0.000031 
636.000000  637.000000  0.000031 
637.000000  638.000000  0.000031 
638.000000  639.000000  0.000030 
639.000000  640.000000  0.000030 
640.000000  641.000000  0.000030 
641.000000  642.000000  0.000030 
642.000000  643.000000  0.000030 
643.000000  644.000000  0.000030 
644.000000  645.000000  0.000030 
645.000000  646.000000  0.000029 
646.000000  647.000000  0.000029 
647.000000  648.000000  0.000029 
648.000000  649.000000  0.000029 
649.000000  650.000000  0.000029 
650.000000  651.000000  0.000029 
651.000000  652.000000  0.000029 
652.000000  653.000000  0.000028 
653.000000  654.000000  0.000028 
654.000000  655.000000  0.000028 
655.000000  656.000000  0.000028 
656.000000  657.000000  0.000028 
657.000000  658.000000  0.000028 
658.000000  659.000000  0.000028 
659.000000  660.000000  0.000028 
660.000000  661.000000  0.000028 
661.000000  662.000000  0.000027 
662.000000  663.000000  0.000027 
663.000000  664.000000  0.000027 
664.000000  665.000000  0.000027 
665.000000  666.000000  0.000027 
666.000000  667.000000  0.000027 
667.000000  668.000000  0.000027 
668.000000  669.000000  0.000027 
669.000000  670.000000  0.000026 
670.000000  671.000000  0.000026 
671.000000  672.000000  0.000026 
672.000000  673.000000  0.000026 
673.000000  674.000000  0.000026 
674.000000  675.000000  0.000026 
675.000000  676.000000  0.000026 
676.000000  677.000000  0.000026 
677.000000  678.000000  0.000026 
678.000000  679.000000  0.000025 
679.000000  680.000000  0.000025 
680.000000  681.000000  0.000025 
681.000000  682.000000  0.000025 
682.000000  683.000000  0.000025 
683.000000  684.000000  0.000025 
684.000000  685.000000  0.000025 
685.000000  686.000000  0.000025 
686.000000  687.000000  0.000025 
687.000000  688.000000  0.000025 
688.000000  689.000000  0.000024 
689.000000  690.000000  0.000024 
690.000000  691.000000  0.000024 
691.000000  692.000000  0.000024 
692.000000  693.000000  0.000024 
693.000000  694.000000  0.000024 
694.000000  695.000000  0.000024 
695.000000  696.000000  0.000024 
696.000000  697.000000  0.000024 
697.000000  698.000000  0.000024 
698.000000  699.000000  0.000024 
699.000000  700.000000  0.000023 
700.000000  701.000000  0.000023 
701.000000  702.000000  0.000023 
702.000000  703.000000  0.000023 
703.000000  704.000000  0.000023 
704.000000  705.000000  0.000023 
705.000000  706.000000  0.000023 
706.000000  707.000000  0.000023 
707.000000  708.000000  0.000023 
708.000000  709.000000  0.000023 
709.000000  710.000000  0.000023 
710.000000  711.000000  0.000023 
711.000000  712.000000  0.000022 
712.000000  713.000000  0.000022 
713.000000  714.000000  0.000022 
714.000000  715.000000  0.000022 
715.000000  716.000000  0.000022 
716.000000  717.000000  0.000022 
717.000000  718.000000  0.000022 
718.000000  719.000000  0.000022 
719.000000  720.000000  0.000022 
720.000000  721.000000  0.000022 
721.000000  722.000000  0.000022 
722.000000  723.000000  0.000022 
723.000000  724.000000  0.000022 
724.000000  725.000000  0.000022 
725.000000  726.000000  0.000021 
726.000000  727.000000  0.000021 
727.000000  728.000000  0.000021 
728.000000  729.000000  0.000021 
729.000000  730.000000  0.000021 
730.000000  731.000000  0.000021 
731.000000  732.000000  0.000021 
732.000000  733.000000  0.000021 
733.000000  734.000000  0.000021 
734.000000  735.000000  0.000021 
735.000000  736.000000  0.000021 
736.000000  737.000000  0.000021 
737.000000  738.000000  0.000021 
738.000000  739.000000  0.000021 
739.000000  740.000000  0.000020 
740.000000  741.000000  0.000020 
741.000000  742.000000  0.000020 
742.000000  743.000000  0.000020 
743.000000  744.000000  0.000020 
744.000000  745.000000  0.000020 
745.000000  746.000000  0.000020 
746.000000  747.000000  0.000020 
747.000000  748.000000  0.000020 
748.000000  749.000000  0.000020 
749.000000  750.000000  0.000020 
750.000000  751.000000  0.000020 
751.000000  752.000000  0.000020 
752.000000  753.000000  0.000020 
753.000000  754.000000  0.000020 
754.000000  755.000000  0.000020 
755.000000  756.000000  0.000020 
756.000000  757.000000  0.000019 
757.000000  758.000000  0.000019 
758.000000  759.000000  0.000019 
759.000000  760.000000  0.000019 
760.000000  761.000000  0.000019 
761.000000  762.000000  0.000019 
762.000000  763.000000  0.000019 
763.000000  764.000000  0.000019 
764.000000  765.000000  0.000019 
765.000000  766.000000  0.000019 
766.000000  767.000000  0.000019 
767.000000  768.000000  0.000019 
768.000000  769.000000  0.000019 
769.000000  770.000000  0.000019 
770.000000  771.000000  0.000019 
771.000000  772.000000  0.000019 
772.000000  773.000000  0.000019 
773.000000  774.000000  0.000019 
774.000000  775.000000  0.000019 
775.000000  776.000000  0.000019 
776.000000  777.000000  0.000018 
777.000000  778.000000  0.000018 
778.000000  779.000000  0.000018 
779.000000  780.000000  0.000018 
780.000000  781.000000  0.000018 
781.000000  782.000000  0.000018 
782.000000  783.000000  0.000018 
783.000000  784.000000  0.000018 
784.000000  785.000000  0.000018 
785.000000  786.000000  0.000018 
786.000000  787.000000  0.000018 
787.000000  788.000000  0.000018 
788.000000  789.000000  0.000018 
789.000000  790.000000  0.000018 
790.000000  791.000000  0.000018 
791.000000  792.000000  0.000018 
792.000000  793.000000  0.000018 
793.000000  794.000000  0.000018 
794.000000  795.000000  0.000018 
795.000000  796.000000  0.000018 
796.000000  797.000000  0.000018 
797.000000  798.000000  0.000018 
798.000000  799.000000  0.000018 
799.000000  800.000000  0.000017 
800.000000  801.000000  0.000017 
801.000000  802.000000  0.000017 
802.000000  803.000000  0.000017 
803.000000  804.000000  0.000017 
804.000000  805.000000  0.000017 
805.000000  806.000000  0.000017 
806.000000  807.000000  0.000017 
807.000000  808.000000  0.000017 
808.000000  809.000000  0.000017 
809.000000  810.000000  0.000017 
810.000000  811.000000  0.000017 
811.000000  812.000000  0.000017 
812.000000  813.000000  0.000017 
813.000000  814.000000  0.000017 
814.000000  815.000000  0.000017 
815.000000  816.000000  0.000017 
816.000000  817.000000  0.000017 
817.000000  818.000000  0.000017 
818.000000  819.000000  0.000017 
819.000000  820.000000  0.000017 
820.000000  821.000000  0.000017 
821.000000  822.000000  0.000017 
822.000000  823.000000  0.000017 
823.000000  824.000000  0.000017 
824.000000  825.000000  0.000017 
825.000000  826.000000  0.000017 
826.000000  827.000000  0.000017 
827.000000  828.000000  0.000017 
828.000000  829.000000  0.000016 
829.000000  830.000000  0.000016 
830.000000  831.000000  0.000016 
831.000000  832.000000  0.000016 
832.000000  833.000000  0.000016 
833.000000  834.000000  0.000016 
834.000000  835.000000  0.000016 
835.000000  836.000000  0.000016 
836.000000  837.000000  0.000016 
837.000000  838.000000  0.000016 
838.000000  839.000000  0.000016 
839.000000  840.000000  0.000016 
840.000000  841.000000  0.000016 
841.000000  842.000000  0.000016 
842.000000  843.000000  0.000016 
843.000000  844.000000  0.000016 
844.000000  845.000000  0.000016 
845.000000  846.000000  0.000016 
846.000000  847.000000  0.000016 
847.000000  848.000000  0.000016 
848.000000  849.000000  0.000016 
849.000000  850.000000  0.000016 
850.000000  851.000000  0.000016 
851.000000  852.000000  0.000016 
852.000000  853.000000  0.000016 
853.000000  854.000000  0.000016 
854.000000  855.000000  0.000016 
855.000000  856.000000  0.000016 
856.000000  857.000000  0.000016 
857.000000  858.000000  0.000016 
858.000000  859.000000  0.000016 
859.000000  860.000000  0.000016 
860.000000  861.000000  0.000016 
861.000000  862.000000  0.000016 
862.000000  863.000000  0.000016 
863.000000  864.000000  0.000016 
864.000000  865.000000  0.000016 
865.000000  866.000000  0.000016 
866.000000  867.000000  0.000016 
867.000000  868.000000  0.000015 
868.000000  869.000000  0.000015 
869.000000  870.000000  0.000015 
870.000000  871.000000  0.000015 
871.000000  872.000000  0.000015 
872.000000  873.000000  0.000015 
873.000000  874.000000  0.000015 
874.000000  875.000000  0.000015 
875.000000  876.000000  0.000015 
876.000000  877.000000  0.000015 
877.000000  878.000000  0.000015 
878.000000  879.000000  0.000015 
879.000000  880.000000  0.000015 
880.000000  881.000000  0.000015 
881.000000  882.000000  0.000015 
882.000000  883.000000  0.000015 
883.000000  884.000000  0.000015 
884.000000  885.000000  0.000015 
885.000000  886.000000  0.000015 
886.000000  887.000000  0.000015 
887.000000  888.000000  0.000015 
888.000000  889.000000  0.000015 
889.000000  890.000000  0.000015 
890.000000  891.000000  0.000015 
891.000000  892.000000  0.000015 
892.000000  893.000000  0.000015 
893.000000  894.000000  0.000015 
894.000000  895.000000  0.000015 
895.000000  896.000000  0.000015 
896.000000  897.000000  0.000015 
897.000000  898.000000  0.000015 
898.000000  899.000000  0.000015 
899.000000  900.000000  0.000015 
900.000000  901.000000  0.000015 
901.000000  902.000000  0.000015 
902.000000  903.000000  0.000015 
903.000000  904.000000  0.000015 
904.000000  905.000000  0.000015 
905.000000  906.000000  0.000015 
906.000000  907.000000  0.000015 
907.000000  908.000000  0.000015 
908.000000  909.000000  0.000015 
909.000000  910.000000  0.000015 
910.000000  911.000000  0.000015 
911.000000  912.000000  0.000015 
912.000000  913.000000  0.000015 
913.000000  914.000000  0.000015 
914.000000  915.000000  0.000015 
915.000000  916.000000  0.000015 
916.000000  917.000000  0.000015 
917.000000  918.000000  0.000015 
918.000000  919.000000  0.000015 
919.000000  920.000000  0.000015 
920.000000  921.000000  0.000015 
921.000000  922.000000  0.000015 
922.000000  923.000000  0.000015 
923.000000  924.000000  0.000015 
924.000000  925.000000  0.000015 
925.000000  926.000000  0.000015 
926.000000  927.000000  0.000015 
927.000000  928.000000  0.000015 
928.000000  929.000000  0.000014 
929.000000  930.000000  0.000014 
930.000000  931.000000  0.000014 
931.000000  932.000000  0.000014 
932.000000  933.000000  0.000014 
933.000000  934.000000  0.000014 
934.000000  935.000000  0.000014 
935.000000  936.000000  0.000014 
936.000000  937.000000  0.000014 
937.000000  938.000000  0.000014 
938.000000  939.000000  0.000014 
939.000000  940.000000  0.000014 
940.000000  941.000000  0.000014 
941.000000  942.000000  0.000014 
942.000000  943.000000  0.000014 
943.000000  944.000000  0.000014 
