20.000000  21.000000  -0.000000 
21.000000  22.000000  -0.000000 
22.000000  23.000000  -0.000000 
23.000000  24.000000  -0.000000 
24.000000  25.000000  -0.000000 
25.000000  26.000000  -0.000000 
26.000000  27.000000  -0.000000 
27.000000  28.000000  -0.000001 
28.000000  29.000000  -0.000001 
29.000000  30.000000  -0.000001 
30.000000  31.000000  -0.000001 
31.000000  32.000000  -0.000001 
32.000000  33.000000  -0.000001 
33.000000  34.000000  -0.000002 
34.000000  35.000000  -0.000002 
35.000000  36.000000  -0.000002 
36.000000  37.000000  -0.000002 
37.000000  38.000000  -0.000002 
38.000000  39.000000  -0.000002 
39.000000  40.000000  -0.000002 
40.000000  41.000000  -0.000002 
41.000000  42.000000  -0.000001 
42.000000  43.000000  -0.000001 
43.000000  44.000000  0.000000 
44.000000  45.000000  0.000001 
45.000000  46.000000  0.000003 
46.000000  47.000000  0.000005 
47.000000  48.000000  0.000007 
48.000000  49.000000  0.000009 
49.000000  50.000000  0.000012 
50.000000  51.000000  0.000015 
51.000000  52.000000  0.000019 
52.000000  53.000000  0.000023 
53.000000  54.000000  0.000028 
54.000000  55.000000  0.000033 
55.000000  56.000000  0.000038 
56.000000  57.000000  0.000044 
57.000000  58.000000  0.000051 
58.000000  59.000000  0.000058 
59.000000  60.000000  0.000065 
60.000000  61.000000  0.000073 
61.000000  62.000000  0.000081 
62.000000  63.000000  0.000090 
63.000000  64.000000  0.000099 
64.000000  65.000000  0.000109 
65.000000  66.000000  0.000119 
66.000000  67.000000  0.000129 
67.000000  68.000000  0.000139 
68.000000  69.000000  0.000150 
69.000000  70.000000  0.000161 
70.000000  71.000000  0.000172 
71.000000  72.000000  0.000184 
72.000000  73.000000  0.000195 
73.000000  74.000000  0.000207 
74.000000  75.000000  0.000218 
75.000000  76.000000  0.000230 
76.000000  77.000000  0.000241 
77.000000  78.000000  0.000253 
78.000000  79.000000  0.000264 
79.000000  80.000000  0.000276 
80.000000  81.000000  0.000287 
81.000000  82.000000  0.000298 
82.000000  83.000000  0.000308 
83.000000  84.000000  0.000319 
84.000000  85.000000  0.000329 
85.000000  86.000000  0.000339 
86.000000  87.000000  0.000348 
87.000000  88.000000  0.000358 
88.000000  89.000000  0.000367 
89.000000  90.000000  0.000375 
90.000000  91.000000  0.000383 
91.000000  92.000000  0.000391 
92.000000  93.000000  0.000398 
93.000000  94.000000  0.000405 
94.000000  95.000000  0.000412 
95.000000  96.000000  0.000418 
96.000000  97.000000  0.000423 
97.000000  98.000000  0.000429 
98.000000  99.000000  0.000433 
99.000000  100.000000  0.000438 
100.000000  101.000000  0.000442 
101.000000  102.000000  0.000445 
102.000000  103.000000  0.000449 
103.000000  104.000000  0.000451 
104.000000  105.000000  0.000454 
105.000000  106.000000  0.000456 
106.000000  107.000000  0.000457 
107.000000  108.000000  0.000458 
108.000000  109.000000  0.000459 
109.000000  110.000000  0.000460 
110.000000  111.000000  0.000460 
111.000000  112.000000  0.000459 
112.000000  113.000000  0.000459 
113.000000  114.000000  0.000458 
114.000000  115.000000  0.000457 
115.000000  116.000000  0.000456 
116.000000  117.000000  0.000454 
117.000000  118.000000  0.000452 
118.000000  119.000000  0.000450 
119.000000  120.000000  0.000447 
120.000000  121.000000  0.000445 
121.000000  122.000000  0.000442 
122.000000  123.000000  0.000439 
123.000000  124.000000  0.000436 
124.000000  125.000000  0.000432 
125.000000  126.000000  0.000429 
126.000000  127.000000  0.000425 
127.000000  128.000000  0.000421 
128.000000  129.000000  0.000418 
129.000000  130.000000  0.000413 
130.000000  131.000000  0.000409 
131.000000  132.000000  0.000405 
132.000000  133.000000  0.000401 
133.000000  134.000000  0.000396 
134.000000  135.000000  0.000392 
135.000000  136.000000  0.000387 
136.000000  137.000000  0.000383 
137.000000  138.000000  0.000378 
138.000000  139.000000  0.000373 
139.000000  140.000000  0.000368 
140.000000  141.000000  0.000364 
141.000000  142.000000  0.000359 
142.000000  143.000000  0.000354 
143.000000  144.000000  0.000349 
144.000000  145.000000  0.000344 
145.000000  146.000000  0.000340 
146.000000  147.000000  0.000335 
147.000000  148.000000  0.000330 
148.000000  149.000000  0.000325 
149.000000  150.000000  0.000320 
150.000000  151.000000  0.000316 
151.000000  152.000000  0.000311 
152.000000  153.000000  0.000306 
153.000000  154.000000  0.000301 
154.000000  155.000000  0.000297 
155.000000  156.000000  0.000292 
156.000000  157.000000  0.000288 
157.000000  158.000000  0.000283 
158.000000  159.000000  0.000279 
159.000000  160.000000  0.000274 
160.000000  161.000000  0.000270 
161.000000  162.000000  0.000265 
162.000000  163.000000  0.000261 
163.000000  164.000000  0.000257 
164.000000  165.000000  0.000253 
165.000000  166.000000  0.000248 
166.000000  167.000000  0.000244 
167.000000  168.000000  0.000240 
168.000000  169.000000  0.000236 
169.000000  170.000000  0.000232 
170.000000  171.000000  0.000228 
171.000000  172.000000  0.000225 
172.000000  173.000000  0.000221 
173.000000  174.000000  0.000217 
174.000000  175.000000  0.000213 
175.000000  176.000000  0.000210 
176.000000  177.000000  0.000206 
177.000000  178.000000  0.000203 
178.000000  179.000000  0.000199 
179.000000  180.000000  0.000196 
180.000000  181.000000  0.000193 
181.000000  182.000000  0.000189 
182.000000  183.000000  0.000186 
183.000000  184.000000  0.000183 
184.000000  185.000000  0.000180 
185.000000  186.000000  0.000177 
186.000000  187.000000  0.000174 
187.000000  188.000000  0.000171 
188.000000  189.000000  0.000168 
189.000000  190.000000  0.000165 
190.000000  191.000000  0.000162 
191.000000  192.000000  0.000159 
192.000000  193.000000  0.000157 
193.000000  194.000000  0.000154 
194.000000  195.000000  0.000151 
195.000000  196.000000  0.000149 
196.000000  197.000000  0.000146 
197.000000  198.000000  0.000144 
198.000000  199.000000  0.000141 
199.000000  200.000000  0.000139 
200.000000  201.000000  0.000137 
201.000000  202.000000  0.000134 
202.000000  203.000000  0.000132 
203.000000  204.000000  0.000130 
204.000000  205.000000  0.000128 
205.000000  206.000000  0.000125 
206.000000  207.000000  0.000123 
207.000000  208.000000  0.000121 
208.000000  209.000000  0.000119 
209.000000  210.000000  0.000117 
210.000000  211.000000  0.000115 
211.000000  212.000000  0.000113 
212.000000  213.000000  0.000111 
213.000000  214.000000  0.000110 
214.000000  215.000000  0.000108 
215.000000  216.000000  0.000106 
216.000000  217.000000  0.000104 
217.000000  218.000000  0.000103 
218.000000  219.000000  0.000101 
219.000000  220.000000  0.000099 
220.000000  221.000000  0.000098 
221.000000  222.000000  0.000096 
222.000000  223.000000  0.000094 
223.000000  224.000000  0.000093 
224.000000  225.000000  0.000091 
225.000000  226.000000  0.000090 
226.000000  227.000000  0.000089 
227.000000  228.000000  0.000087 
228.000000  229.000000  0.000086 
229.000000  230.000000  0.000084 
230.000000  231.000000  0.000083 
231.000000  232.000000  0.000082 
232.000000  233.000000  0.000080 
233.000000  234.000000  0.000079 
234.000000  235.000000  0.000078 
235.000000  236.000000  0.000077 
236.000000  237.000000  0.000076 
237.000000  238.000000  0.000074 
238.000000  239.000000  0.000073 
239.000000  240.000000  0.000072 
240.000000  241.000000  0.000071 
241.000000  242.000000  0.000070 
242.000000  243.000000  0.000069 
243.000000  244.000000  0.000068 
244.000000  245.000000  0.000067 
245.000000  246.000000  0.000066 
246.000000  247.000000  0.000065 
247.000000  248.000000  0.000064 
248.000000  249.000000  0.000063 
249.000000  250.000000  0.000062 
250.000000  251.000000  0.000061 
251.000000  252.000000  0.000060 
252.000000  253.000000  0.000059 
253.000000  254.000000  0.000058 
254.000000  255.000000  0.000057 
255.000000  256.000000  0.000057 
256.000000  257.000000  0.000056 
257.000000  258.000000  0.000055 
258.000000  259.000000  0.000054 
259.000000  260.000000  0.000053 
260.000000  261.000000  0.000053 
261.000000  262.000000  0.000052 
262.000000  263.000000  0.000051 
263.000000  264.000000  0.000050 
264.000000  265.000000  0.000050 
265.000000  266.000000  0.000049 
266.000000  267.000000  0.000048 
267.000000  268.000000  0.000048 
268.000000  269.000000  0.000047 
269.000000  270.000000  0.000046 
270.000000  271.000000  0.000046 
271.000000  272.000000  0.000045 
272.000000  273.000000  0.000044 
273.000000  274.000000  0.000044 
274.000000  275.000000  0.000043 
275.000000  276.000000  0.000042 
276.000000  277.000000  0.000042 
277.000000  278.000000  0.000041 
278.000000  279.000000  0.000041 
279.000000  280.000000  0.000040 
280.000000  281.000000  0.000040 
281.000000  282.000000  0.000039 
282.000000  283.000000  0.000039 
283.000000  284.000000  0.000038 
284.000000  285.000000  0.000038 
285.000000  286.000000  0.000037 
286.000000  287.000000  0.000037 
287.000000  288.000000  0.000036 
288.000000  289.000000  0.000036 
289.000000  290.000000  0.000035 
290.000000  291.000000  0.000035 
291.000000  292.000000  0.000034 
292.000000  293.000000  0.000034 
293.000000  294.000000  0.000033 
294.000000  295.000000  0.000033 
295.000000  296.000000  0.000033 
296.000000  297.000000  0.000032 
297.000000  298.000000  0.000032 
298.000000  299.000000  0.000031 
299.000000  300.000000  0.000031 
300.000000  301.000000  0.000031 
301.000000  302.000000  0.000030 
302.000000  303.000000  0.000030 
303.000000  304.000000  0.000029 
304.000000  305.000000  0.000029 
305.000000  306.000000  0.000029 
306.000000  307.000000  0.000028 
307.000000  308.000000  0.000028 
308.000000  309.000000  0.000028 
309.000000  310.000000  0.000027 
310.000000  311.000000  0.000027 
311.000000  312.000000  0.000027 
312.000000  313.000000  0.000026 
313.000000  314.000000  0.000026 
314.000000  315.000000  0.000026 
315.000000  316.000000  0.000025 
316.000000  317.000000  0.000025 
317.000000  318.000000  0.000025 
318.000000  319.000000  0.000025 
319.000000  320.000000  0.000024 
320.000000  321.000000  0.000024 
321.000000  322.000000  0.000024 
322.000000  323.000000  0.000023 
323.000000  324.000000  0.000023 
324.000000  325.000000  0.000023 
325.000000  326.000000  0.000023 
326.000000  327.000000  0.000022 
327.000000  328.000000  0.000022 
328.000000  329.000000  0.000022 
329.000000  330.000000  0.000022 
330.000000  331.000000  0.000021 
331.000000  332.000000  0.000021 
332.000000  333.000000  0.000021 
333.000000  334.000000  0.000021 
334.000000  335.000000  0.000020 
335.000000  336.000000  0.000020 
336.000000  337.000000  0.000020 
337.000000  338.000000  0.000020 
338.000000  339.000000  0.000019 
339.000000  340.000000  0.000019 
340.000000  341.000000  0.000019 
341.000000  342.000000  0.000019 
342.000000  343.000000  0.000019 
343.000000  344.000000  0.000018 
344.000000  345.000000  0.000018 
345.000000  346.000000  0.000018 
346.000000  347.000000  0.000018 
347.000000  348.000000  0.000018 
348.000000  349.000000  0.000017 
349.000000  350.000000  0.000017 
350.000000  351.000000  0.000017 
351.000000  352.000000  0.000017 
352.000000  353.000000  0.000017 
353.000000  354.000000  0.000017 
354.000000  355.000000  0.000016 
355.000000  356.000000  0.000016 
356.000000  357.000000  0.000016 
357.000000  358.000000  0.000016 
358.000000  359.000000  0.000016 
359.000000  360.000000  0.000016 
360.000000  361.000000  0.000015 
361.000000  362.000000  0.000015 
362.000000  363.000000  0.000015 
363.000000  364.000000  0.000015 
364.000000  365.000000  0.000015 
365.000000  366.000000  0.000015 
366.000000  367.000000  0.000015 
367.000000  368.000000  0.000014 
368.000000  369.000000  0.000014 
369.000000  370.000000  0.000014 
370.000000  371.000000  0.000014 
371.000000  372.000000  0.000014 
372.000000  373.000000  0.000014 
373.000000  374.000000  0.000014 
374.000000  375.000000  0.000013 
375.000000  376.000000  0.000013 
376.000000  377.000000  0.000013 
377.000000  378.000000  0.000013 
378.000000  379.000000  0.000013 
379.000000  380.000000  0.000013 
380.000000  381.000000  0.000013 
381.000000  382.000000  0.000013 
382.000000  383.000000  0.000012 
383.000000  384.000000  0.000012 
384.000000  385.000000  0.000012 
385.000000  386.000000  0.000012 
386.000000  387.000000  0.000012 
387.000000  388.000000  0.000012 
388.000000  389.000000  0.000012 
389.000000  390.000000  0.000012 
390.000000  391.000000  0.000012 
391.000000  392.000000  0.000011 
392.000000  393.000000  0.000011 
393.000000  394.000000  0.000011 
394.000000  395.000000  0.000011 
395.000000  396.000000  0.000011 
396.000000  397.000000  0.000011 
397.000000  398.000000  0.000011 
398.000000  399.000000  0.000011 
399.000000  400.000000  0.000011 
400.000000  401.000000  0.000011 
401.000000  402.000000  0.000010 
402.000000  403.000000  0.000010 
403.000000  404.000000  0.000010 
404.000000  405.000000  0.000010 
405.000000  406.000000  0.000010 
406.000000  407.000000  0.000010 
407.000000  408.000000  0.000010 
408.000000  409.000000  0.000010 
409.000000  410.000000  0.000010 
410.000000  411.000000  0.000010 
411.000000  412.000000  0.000010 
412.000000  413.000000  0.000009 
413.000000  414.000000  0.000009 
414.000000  415.000000  0.000009 
415.000000  416.000000  0.000009 
416.000000  417.000000  0.000009 
417.000000  418.000000  0.000009 
418.000000  419.000000  0.000009 
419.000000  420.000000  0.000009 
420.000000  421.000000  0.000009 
421.000000  422.000000  0.000009 
422.000000  423.000000  0.000009 
423.000000  424.000000  0.000009 
424.000000  425.000000  0.000009 
425.000000  426.000000  0.000008 
426.000000  427.000000  0.000008 
427.000000  428.000000  0.000008 
428.000000  429.000000  0.000008 
429.000000  430.000000  0.000008 
430.000000  431.000000  0.000008 
431.000000  432.000000  0.000008 
432.000000  433.000000  0.000008 
433.000000  434.000000  0.000008 
434.000000  435.000000  0.000008 
435.000000  436.000000  0.000008 
436.000000  437.000000  0.000008 
437.000000  438.000000  0.000008 
438.000000  439.000000  0.000008 
439.000000  440.000000  0.000008 
440.000000  441.000000  0.000007 
441.000000  442.000000  0.000007 
442.000000  443.000000  0.000007 
443.000000  444.000000  0.000007 
444.000000  445.000000  0.000007 
445.000000  446.000000  0.000007 
446.000000  447.000000  0.000007 
447.000000  448.000000  0.000007 
448.000000  449.000000  0.000007 
449.000000  450.000000  0.000007 
450.000000  451.000000  0.000007 
451.000000  452.000000  0.000007 
452.000000  453.000000  0.000007 
453.000000  454.000000  0.000007 
454.000000  455.000000  0.000007 
455.000000  456.000000  0.000007 
456.000000  457.000000  0.000007 
457.000000  458.000000  0.000007 
458.000000  459.000000  0.000007 
459.000000  460.000000  0.000006 
460.000000  461.000000  0.000006 
461.000000  462.000000  0.000006 
462.000000  463.000000  0.000006 
463.000000  464.000000  0.000006 
464.000000  465.000000  0.000006 
465.000000  466.000000  0.000006 
466.000000  467.000000  0.000006 
467.000000  468.000000  0.000006 
468.000000  469.000000  0.000006 
469.000000  470.000000  0.000006 
470.000000  471.000000  0.000006 
471.000000  472.000000  0.000006 
472.000000  473.000000  0.000006 
473.000000  474.000000  0.000006 
474.000000  475.000000  0.000006 
475.000000  476.000000  0.000006 
476.000000  477.000000  0.000006 
477.000000  478.000000  0.000006 
478.000000  479.000000  0.000006 
479.000000  480.000000  0.000006 
480.000000  481.000000  0.000006 
481.000000  482.000000  0.000006 
482.000000  483.000000  0.000005 
483.000000  484.000000  0.000005 
484.000000  485.000000  0.000005 
485.000000  486.000000  0.000005 
486.000000  487.000000  0.000005 
487.000000  488.000000  0.000005 
488.000000  489.000000  0.000005 
489.000000  490.000000  0.000005 
490.000000  491.000000  0.000005 
491.000000  492.000000  0.000005 
492.000000  493.000000  0.000005 
493.000000  494.000000  0.000005 
494.000000  495.000000  0.000005 
495.000000  496.000000  0.000005 
496.000000  497.000000  0.000005 
497.000000  498.000000  0.000005 
498.000000  499.000000  0.000005 
499.000000  500.000000  0.000005 
500.000000  501.000000  0.000005 
501.000000  502.000000  0.000005 
502.000000  503.000000  0.000005 
503.000000  504.000000  0.000005 
504.000000  505.000000  0.000005 
505.000000  506.000000  0.000005 
506.000000  507.000000  0.000005 
507.000000  508.000000  0.000005 
508.000000  509.000000  0.000005 
509.000000  510.000000  0.000005 
510.000000  511.000000  0.000005 
511.000000  512.000000  0.000005 
512.000000  513.000000  0.000004 
513.000000  514.000000  0.000004 
514.000000  515.000000  0.000004 
515.000000  516.000000  0.000004 
516.000000  517.000000  0.000004 
517.000000  518.000000  0.000004 
518.000000  519.000000  0.000004 
519.000000  520.000000  0.000004 
520.000000  521.000000  0.000004 
521.000000  522.000000  0.000004 
522.000000  523.000000  0.000004 
523.000000  524.000000  0.000004 
524.000000  525.000000  0.000004 
525.000000  526.000000  0.000004 
526.000000  527.000000  0.000004 
527.000000  528.000000  0.000004 
528.000000  529.000000  0.000004 
529.000000  530.000000  0.000004 
530.000000  531.000000  0.000004 
531.000000  532.000000  0.000004 
532.000000  533.000000  0.000004 
533.000000  534.000000  0.000004 
534.000000  535.000000  0.000004 
535.000000  536.000000  0.000004 
536.000000  537.000000  0.000004 
537.000000  538.000000  0.000004 
538.000000  539.000000  0.000004 
539.000000  540.000000  0.000004 
540.000000  541.000000  0.000004 
541.000000  542.000000  0.000004 
542.000000  543.000000  0.000004 
543.000000  544.000000  0.000004 
544.000000  545.000000  0.000004 
545.000000  546.000000  0.000004 
546.000000  547.000000  0.000004 
547.000000  548.000000  0.000004 
548.000000  549.000000  0.000004 
549.000000  550.000000  0.000004 
550.000000  551.000000  0.000004 
551.000000  552.000000  0.000004 
552.000000  553.000000  0.000004 
553.000000  554.000000  0.000004 
554.000000  555.000000  0.000003 
555.000000  556.000000  0.000003 
556.000000  557.000000  0.000003 
557.000000  558.000000  0.000003 
558.000000  559.000000  0.000003 
559.000000  560.000000  0.000003 
560.000000  561.000000  0.000003 
561.000000  562.000000  0.000003 
562.000000  563.000000  0.000003 
563.000000  564.000000  0.000003 
564.000000  565.000000  0.000003 
565.000000  566.000000  0.000003 
566.000000  567.000000  0.000003 
567.000000  568.000000  0.000003 
568.000000  569.000000  0.000003 
569.000000  570.000000  0.000003 
570.000000  571.000000  0.000003 
571.000000  572.000000  0.000003 
572.000000  573.000000  0.000003 
573.000000  574.000000  0.000003 
574.000000  575.000000  0.000003 
575.000000  576.000000  0.000003 
576.000000  577.000000  0.000003 
577.000000  578.000000  0.000003 
578.000000  579.000000  0.000003 
579.000000  580.000000  0.000003 
580.000000  581.000000  0.000003 
581.000000  582.000000  0.000003 
582.000000  583.000000  0.000003 
583.000000  584.000000  0.000003 
584.000000  585.000000  0.000003 
585.000000  586.000000  0.000003 
586.000000  587.000000  0.000003 
587.000000  588.000000  0.000003 
588.000000  589.000000  0.000003 
589.000000  590.000000  0.000003 
590.000000  591.000000  0.000003 
591.000000  592.000000  0.000003 
592.000000  593.000000  0.000003 
593.000000  594.000000  0.000003 
594.000000  595.000000  0.000003 
595.000000  596.000000  0.000003 
596.000000  597.000000  0.000003 
597.000000  598.000000  0.000003 
598.000000  599.000000  0.000003 
599.000000  600.000000  0.000003 
600.000000  601.000000  0.000003 
601.000000  602.000000  0.000003 
602.000000  603.000000  0.000003 
603.000000  604.000000  0.000003 
604.000000  605.000000  0.000003 
605.000000  606.000000  0.000003 
606.000000  607.000000  0.000003 
607.000000  608.000000  0.000003 
608.000000  609.000000  0.000003 
609.000000  610.000000  0.000003 
610.000000  611.000000  0.000003 
611.000000  612.000000  0.000003 
612.000000  613.000000  0.000003 
613.000000  614.000000  0.000003 
614.000000  615.000000  0.000003 
615.000000  616.000000  0.000003 
616.000000  617.000000  0.000003 
617.000000  618.000000  0.000003 
618.000000  619.000000  0.000003 
619.000000  620.000000  0.000003 
620.000000  621.000000  0.000003 
621.000000  622.000000  0.000003 
622.000000  623.000000  0.000003 
623.000000  624.000000  0.000003 
624.000000  625.000000  0.000002 
625.000000  626.000000  0.000002 
626.000000  627.000000  0.000002 
627.000000  628.000000  0.000002 
628.000000  629.000000  0.000002 
629.000000  630.000000  0.000002 
630.000000  631.000000  0.000002 
631.000000  632.000000  0.000002 
632.000000  633.000000  0.000002 
633.000000  634.000000  0.000002 
634.000000  635.000000  0.000002 
635.000000  636.000000  0.000002 
636.000000  637.000000  0.000002 
637.000000  638.000000  0.000002 
638.000000  639.000000  0.000002 
639.000000  640.000000  0.000002 
640.000000  641.000000  0.000002 
641.000000  642.000000  0.000002 
642.000000  643.000000  0.000002 
643.000000  644.000000  0.000002 
644.000000  645.000000  0.000002 
645.000000  646.000000  0.000002 
646.000000  647.000000  0.000002 
647.000000  648.000000  0.000002 
648.000000  649.000000  0.000002 
649.000000  650.000000  0.000002 
650.000000  651.000000  0.000002 
651.000000  652.000000  0.000002 
652.000000  653.000000  0.000002 
653.000000  654.000000  0.000002 
654.000000  655.000000  0.000002 
655.000000  656.000000  0.000002 
656.000000  657.000000  0.000002 
657.000000  658.000000  0.000002 
658.000000  659.000000  0.000002 
659.000000  660.000000  0.000002 
660.000000  661.000000  0.000002 
661.000000  662.000000  0.000002 
662.000000  663.000000  0.000002 
663.000000  664.000000  0.000002 
664.000000  665.000000  0.000002 
665.000000  666.000000  0.000002 
666.000000  667.000000  0.000002 
667.000000  668.000000  0.000002 
668.000000  669.000000  0.000002 
669.000000  670.000000  0.000002 
670.000000  671.000000  0.000002 
671.000000  672.000000  0.000002 
672.000000  673.000000  0.000002 
673.000000  674.000000  0.000002 
674.000000  675.000000  0.000002 
675.000000  676.000000  0.000002 
676.000000  677.000000  0.000002 
677.000000  678.000000  0.000002 
678.000000  679.000000  0.000002 
679.000000  680.000000  0.000002 
680.000000  681.000000  0.000002 
681.000000  682.000000  0.000002 
682.000000  683.000000  0.000002 
683.000000  684.000000  0.000002 
684.000000  685.000000  0.000002 
685.000000  686.000000  0.000002 
686.000000  687.000000  0.000002 
687.000000  688.000000  0.000002 
688.000000  689.000000  0.000002 
689.000000  690.000000  0.000002 
690.000000  691.000000  0.000002 
691.000000  692.000000  0.000002 
692.000000  693.000000  0.000002 
693.000000  694.000000  0.000002 
694.000000  695.000000  0.000002 
695.000000  696.000000  0.000002 
696.000000  697.000000  0.000002 
697.000000  698.000000  0.000002 
698.000000  699.000000  0.000002 
699.000000  700.000000  0.000002 
700.000000  701.000000  0.000002 
701.000000  702.000000  0.000002 
702.000000  703.000000  0.000002 
703.000000  704.000000  0.000002 
704.000000  705.000000  0.000002 
705.000000  706.000000  0.000002 
706.000000  707.000000  0.000002 
707.000000  708.000000  0.000002 
708.000000  709.000000  0.000002 
709.000000  710.000000  0.000002 
710.000000  711.000000  0.000002 
711.000000  712.000000  0.000002 
712.000000  713.000000  0.000002 
713.000000  714.000000  0.000002 
714.000000  715.000000  0.000002 
715.000000  716.000000  0.000002 
716.000000  717.000000  0.000002 
717.000000  718.000000  0.000002 
718.000000  719.000000  0.000002 
719.000000  720.000000  0.000002 
720.000000  721.000000  0.000002 
721.000000  722.000000  0.000002 
722.000000  723.000000  0.000002 
723.000000  724.000000  0.000002 
724.000000  725.000000  0.000002 
725.000000  726.000000  0.000002 
726.000000  727.000000  0.000002 
727.000000  728.000000  0.000002 
728.000000  729.000000  0.000002 
729.000000  730.000000  0.000002 
730.000000  731.000000  0.000002 
731.000000  732.000000  0.000002 
732.000000  733.000000  0.000002 
733.000000  734.000000  0.000002 
734.000000  735.000000  0.000002 
735.000000  736.000000  0.000002 
736.000000  737.000000  0.000002 
737.000000  738.000000  0.000002 
738.000000  739.000000  0.000002 
739.000000  740.000000  0.000002 
740.000000  741.000000  0.000002 
741.000000  742.000000  0.000002 
742.000000  743.000000  0.000002 
743.000000  744.000000  0.000002 
744.000000  745.000000  0.000002 
745.000000  746.000000  0.000002 
746.000000  747.000000  0.000002 
747.000000  748.000000  0.000002 
748.000000  749.000000  0.000002 
749.000000  750.000000  0.000002 
750.000000  751.000000  0.000002 
751.000000  752.000000  0.000002 
752.000000  753.000000  0.000002 
753.000000  754.000000  0.000002 
754.000000  755.000000  0.000002 
755.000000  756.000000  0.000002 
756.000000  757.000000  0.000002 
757.000000  758.000000  0.000002 
758.000000  759.000000  0.000002 
759.000000  760.000000  0.000002 
760.000000  761.000000  0.000002 
761.000000  762.000000  0.000002 
762.000000  763.000000  0.000002 
763.000000  764.000000  0.000002 
764.000000  765.000000  0.000002 
765.000000  766.000000  0.000002 
766.000000  767.000000  0.000002 
767.000000  768.000000  0.000002 
768.000000  769.000000  0.000002 
769.000000  770.000000  0.000002 
770.000000  771.000000  0.000002 
771.000000  772.000000  0.000002 
772.000000  773.000000  0.000002 
773.000000  774.000000  0.000002 
774.000000  775.000000  0.000002 
775.000000  776.000000  0.000002 
776.000000  777.000000  0.000002 
777.000000  778.000000  0.000002 
778.000000  779.000000  0.000002 
779.000000  780.000000  0.000002 
780.000000  781.000000  0.000002 
781.000000  782.000000  0.000002 
782.000000  783.000000  0.000002 
783.000000  784.000000  0.000002 
784.000000  785.000000  0.000002 
785.000000  786.000000  0.000002 
786.000000  787.000000  0.000002 
787.000000  788.000000  0.000002 
788.000000  789.000000  0.000002 
789.000000  790.000000  0.000002 
790.000000  791.000000  0.000002 
791.000000  792.000000  0.000002 
792.000000  793.000000  0.000002 
793.000000  794.000000  0.000002 
794.000000  795.000000  0.000002 
795.000000  796.000000  0.000002 
796.000000  797.000000  0.000002 
797.000000  798.000000  0.000002 
798.000000  799.000000  0.000002 
799.000000  800.000000  0.000002 
800.000000  801.000000  0.000002 
801.000000  802.000000  0.000002 
802.000000  803.000000  0.000002 
803.000000  804.000000  0.000002 
804.000000  805.000000  0.000002 
805.000000  806.000000  0.000002 
806.000000  807.000000  0.000002 
807.000000  808.000000  0.000002 
808.000000  809.000000  0.000002 
809.000000  810.000000  0.000002 
810.000000  811.000000  0.000002 
811.000000  812.000000  0.000002 
812.000000  813.000000  0.000002 
813.000000  814.000000  0.000002 
814.000000  815.000000  0.000002 
815.000000  816.000000  0.000002 
816.000000  817.000000  0.000002 
817.000000  818.000000  0.000002 
818.000000  819.000000  0.000002 
819.000000  820.000000  0.000002 
820.000000  821.000000  0.000002 
821.000000  822.000000  0.000002 
822.000000  823.000000  0.000002 
823.000000  824.000000  0.000002 
824.000000  825.000000  0.000002 
825.000000  826.000000  0.000002 
826.000000  827.000000  0.000002 
827.000000  828.000000  0.000002 
828.000000  829.000000  0.000002 
829.000000  830.000000  0.000002 
830.000000  831.000000  0.000002 
831.000000  832.000000  0.000002 
832.000000  833.000000  0.000002 
833.000000  834.000000  0.000002 
834.000000  835.000000  0.000002 
835.000000  836.000000  0.000002 
836.000000  837.000000  0.000002 
837.000000  838.000000  0.000002 
838.000000  839.000000  0.000002 
839.000000  840.000000  0.000002 
840.000000  841.000000  0.000002 
841.000000  842.000000  0.000002 
842.000000  843.000000  0.000002 
843.000000  844.000000  0.000002 
844.000000  845.000000  0.000002 
845.000000  846.000000  0.000002 
846.000000  847.000000  0.000002 
847.000000  848.000000  0.000002 
848.000000  849.000000  0.000002 
849.000000  850.000000  0.000002 
850.000000  851.000000  0.000002 
851.000000  852.000000  0.000002 
852.000000  853.000000  0.000002 
853.000000  854.000000  0.000002 
854.000000  855.000000  0.000002 
855.000000  856.000000  0.000002 
856.000000  857.000000  0.000002 
857.000000  858.000000  0.000002 
858.000000  859.000000  0.000002 
859.000000  860.000000  0.000002 
860.000000  861.000000  0.000002 
861.000000  862.000000  0.000002 
862.000000  863.000000  0.000002 
863.000000  864.000000  0.000002 
864.000000  865.000000  0.000002 
865.000000  866.000000  0.000002 
866.000000  867.000000  0.000002 
867.000000  868.000000  0.000002 
868.000000  869.000000  0.000002 
869.000000  870.000000  0.000002 
870.000000  871.000000  0.000002 
871.000000  872.000000  0.000002 
872.000000  873.000000  0.000002 
873.000000  874.000000  0.000002 
874.000000  875.000000  0.000002 
875.000000  876.000000  0.000002 
876.000000  877.000000  0.000002 
877.000000  878.000000  0.000002 
878.000000  879.000000  0.000002 
879.000000  880.000000  0.000002 
880.000000  881.000000  0.000002 
881.000000  882.000000  0.000002 
882.000000  883.000000  0.000002 
883.000000  884.000000  0.000002 
884.000000  885.000000  0.000002 
885.000000  886.000000  0.000002 
886.000000  887.000000  0.000002 
887.000000  888.000000  0.000002 
888.000000  889.000000  0.000002 
889.000000  890.000000  0.000002 
890.000000  891.000000  0.000002 
891.000000  892.000000  0.000002 
892.000000  893.000000  0.000002 
893.000000  894.000000  0.000002 
894.000000  895.000000  0.000002 
895.000000  896.000000  0.000002 
896.000000  897.000000  0.000002 
897.000000  898.000000  0.000002 
898.000000  899.000000  0.000002 
899.000000  900.000000  0.000002 
900.000000  901.000000  0.000002 
901.000000  902.000000  0.000002 
902.000000  903.000000  0.000002 
903.000000  904.000000  0.000002 
904.000000  905.000000  0.000002 
905.000000  906.000000  0.000002 
906.000000  907.000000  0.000002 
907.000000  908.000000  0.000002 
908.000000  909.000000  0.000002 
909.000000  910.000000  0.000002 
910.000000  911.000000  0.000002 
911.000000  912.000000  0.000002 
912.000000  913.000000  0.000002 
913.000000  914.000000  0.000002 
914.000000  915.000000  0.000002 
915.000000  916.000000  0.000002 
916.000000  917.000000  0.000002 
917.000000  918.000000  0.000002 
918.000000  919.000000  0.000002 
919.000000  920.000000  0.000002 
920.000000  921.000000  0.000002 
921.000000  922.000000  0.000002 
922.000000  923.000000  0.000002 
923.000000  924.000000  0.000002 
924.000000  925.000000  0.000002 
925.000000  926.000000  0.000002 
926.000000  927.000000  0.000002 
927.000000  928.000000  0.000002 
928.000000  929.000000  0.000002 
929.000000  930.000000  0.000002 
930.000000  931.000000  0.000002 
931.000000  932.000000  0.000002 
932.000000  933.000000  0.000002 
933.000000  934.000000  0.000002 
934.000000  935.000000  0.000002 
935.000000  936.000000  0.000002 
936.000000  937.000000  0.000002 
937.000000  938.000000  0.000002 
938.000000  939.000000  0.000002 
939.000000  940.000000  0.000002 
940.000000  941.000000  0.000002 
941.000000  942.000000  0.000002 
942.000000  943.000000  0.000002 
943.000000  944.000000  0.000002 
