20.000000  21.000000  0.002633 
21.000000  22.000000  0.002505 
22.000000  23.000000  0.002382 
23.000000  24.000000  0.002266 
24.000000  25.000000  0.002156 
25.000000  26.000000  0.002052 
26.000000  27.000000  0.001954 
27.000000  28.000000  0.001861 
28.000000  29.000000  0.001774 
29.000000  30.000000  0.001691 
30.000000  31.000000  0.001614 
31.000000  32.000000  0.001541 
32.000000  33.000000  0.001472 
33.000000  34.000000  0.001408 
34.000000  35.000000  0.001347 
35.000000  36.000000  0.001290 
36.000000  37.000000  0.001236 
37.000000  38.000000  0.001185 
38.000000  39.000000  0.001137 
39.000000  40.000000  0.001091 
40.000000  41.000000  0.001049 
41.000000  42.000000  0.001008 
42.000000  43.000000  0.000970 
43.000000  44.000000  0.000934 
44.000000  45.000000  0.000900 
45.000000  46.000000  0.000868 
46.000000  47.000000  0.000837 
47.000000  48.000000  0.000808 
48.000000  49.000000  0.000780 
49.000000  50.000000  0.000754 
50.000000  51.000000  0.000729 
51.000000  52.000000  0.000705 
52.000000  53.000000  0.000682 
53.000000  54.000000  0.000660 
54.000000  55.000000  0.000640 
55.000000  56.000000  0.000620 
56.000000  57.000000  0.000601 
57.000000  58.000000  0.000584 
58.000000  59.000000  0.000566 
59.000000  60.000000  0.000550 
60.000000  61.000000  0.000534 
61.000000  62.000000  0.000519 
62.000000  63.000000  0.000505 
63.000000  64.000000  0.000491 
64.000000  65.000000  0.000478 
65.000000  66.000000  0.000466 
66.000000  67.000000  0.000454 
67.000000  68.000000  0.000442 
68.000000  69.000000  0.000431 
69.000000  70.000000  0.000420 
70.000000  71.000000  0.000410 
71.000000  72.000000  0.000400 
72.000000  73.000000  0.000391 
73.000000  74.000000  0.000382 
74.000000  75.000000  0.000373 
75.000000  76.000000  0.000365 
76.000000  77.000000  0.000357 
77.000000  78.000000  0.000349 
78.000000  79.000000  0.000341 
79.000000  80.000000  0.000334 
80.000000  81.000000  0.000327 
81.000000  82.000000  0.000321 
82.000000  83.000000  0.000314 
83.000000  84.000000  0.000308 
84.000000  85.000000  0.000302 
85.000000  86.000000  0.000297 
86.000000  87.000000  0.000291 
87.000000  88.000000  0.000286 
88.000000  89.000000  0.000281 
89.000000  90.000000  0.000276 
90.000000  91.000000  0.000271 
91.000000  92.000000  0.000267 
92.000000  93.000000  0.000262 
93.000000  94.000000  0.000258 
94.000000  95.000000  0.000254 
95.000000  96.000000  0.000250 
96.000000  97.000000  0.000246 
97.000000  98.000000  0.000243 
98.000000  99.000000  0.000239 
99.000000  100.000000  0.000236 
100.000000  101.000000  0.000232 
101.000000  102.000000  0.000229 
102.000000  103.000000  0.000226 
103.000000  104.000000  0.000223 
104.000000  105.000000  0.000220 
105.000000  106.000000  0.000218 
106.000000  107.000000  0.000215 
107.000000  108.000000  0.000212 
108.000000  109.000000  0.000210 
109.000000  110.000000  0.000207 
110.000000  111.000000  0.000205 
111.000000  112.000000  0.000203 
112.000000  113.000000  0.000200 
113.000000  114.000000  0.000198 
114.000000  115.000000  0.000196 
115.000000  116.000000  0.000194 
116.000000  117.000000  0.000192 
117.000000  118.000000  0.000190 
118.000000  119.000000  0.000188 
119.000000  120.000000  0.000186 
120.000000  121.000000  0.000185 
121.000000  122.000000  0.000183 
122.000000  123.000000  0.000181 
123.000000  124.000000  0.000180 
124.000000  125.000000  0.000178 
125.000000  126.000000  0.000177 
126.000000  127.000000  0.000175 
127.000000  128.000000  0.000174 
128.000000  129.000000  0.000172 
129.000000  130.000000  0.000171 
130.000000  131.000000  0.000170 
131.000000  132.000000  0.000168 
132.000000  133.000000  0.000167 
133.000000  134.000000  0.000166 
134.000000  135.000000  0.000165 
135.000000  136.000000  0.000163 
136.000000  137.000000  0.000162 
137.000000  138.000000  0.000161 
138.000000  139.000000  0.000160 
139.000000  140.000000  0.000159 
140.000000  141.000000  0.000158 
141.000000  142.000000  0.000157 
142.000000  143.000000  0.000156 
143.000000  144.000000  0.000155 
144.000000  145.000000  0.000154 
145.000000  146.000000  0.000153 
146.000000  147.000000  0.000152 
147.000000  148.000000  0.000151 
148.000000  149.000000  0.000150 
149.000000  150.000000  0.000149 
150.000000  151.000000  0.000149 
151.000000  152.000000  0.000148 
152.000000  153.000000  0.000147 
153.000000  154.000000  0.000146 
154.000000  155.000000  0.000145 
155.000000  156.000000  0.000145 
156.000000  157.000000  0.000144 
157.000000  158.000000  0.000143 
158.000000  159.000000  0.000142 
159.000000  160.000000  0.000142 
160.000000  161.000000  0.000141 
161.000000  162.000000  0.000140 
162.000000  163.000000  0.000140 
163.000000  164.000000  0.000139 
164.000000  165.000000  0.000138 
165.000000  166.000000  0.000138 
166.000000  167.000000  0.000137 
167.000000  168.000000  0.000137 
168.000000  169.000000  0.000136 
169.000000  170.000000  0.000135 
170.000000  171.000000  0.000135 
171.000000  172.000000  0.000134 
172.000000  173.000000  0.000134 
173.000000  174.000000  0.000133 
174.000000  175.000000  0.000133 
175.000000  176.000000  0.000132 
176.000000  177.000000  0.000132 
177.000000  178.000000  0.000131 
178.000000  179.000000  0.000131 
179.000000  180.000000  0.000130 
180.000000  181.000000  0.000130 
181.000000  182.000000  0.000129 
182.000000  183.000000  0.000129 
183.000000  184.000000  0.000129 
184.000000  185.000000  0.000128 
185.000000  186.000000  0.000128 
186.000000  187.000000  0.000127 
187.000000  188.000000  0.000127 
188.000000  189.000000  0.000126 
189.000000  190.000000  0.000126 
190.000000  191.000000  0.000126 
191.000000  192.000000  0.000125 
192.000000  193.000000  0.000125 
193.000000  194.000000  0.000125 
194.000000  195.000000  0.000124 
195.000000  196.000000  0.000124 
196.000000  197.000000  0.000124 
197.000000  198.000000  0.000123 
198.000000  199.000000  0.000123 
199.000000  200.000000  0.000123 
200.000000  201.000000  0.000122 
201.000000  202.000000  0.000122 
202.000000  203.000000  0.000122 
203.000000  204.000000  0.000121 
204.000000  205.000000  0.000121 
205.000000  206.000000  0.000121 
206.000000  207.000000  0.000120 
207.000000  208.000000  0.000120 
208.000000  209.000000  0.000120 
209.000000  210.000000  0.000120 
210.000000  211.000000  0.000119 
211.000000  212.000000  0.000119 
212.000000  213.000000  0.000119 
213.000000  214.000000  0.000119 
214.000000  215.000000  0.000118 
215.000000  216.000000  0.000118 
216.000000  217.000000  0.000118 
217.000000  218.000000  0.000117 
218.000000  219.000000  0.000117 
219.000000  220.000000  0.000117 
220.000000  221.000000  0.000117 
221.000000  222.000000  0.000117 
222.000000  223.000000  0.000116 
223.000000  224.000000  0.000116 
224.000000  225.000000  0.000116 
225.000000  226.000000  0.000116 
226.000000  227.000000  0.000115 
227.000000  228.000000  0.000115 
228.000000  229.000000  0.000115 
229.000000  230.000000  0.000115 
230.000000  231.000000  0.000114 
231.000000  232.000000  0.000114 
232.000000  233.000000  0.000114 
233.000000  234.000000  0.000114 
234.000000  235.000000  0.000114 
235.000000  236.000000  0.000113 
236.000000  237.000000  0.000113 
237.000000  238.000000  0.000113 
238.000000  239.000000  0.000113 
239.000000  240.000000  0.000112 
240.000000  241.000000  0.000112 
241.000000  242.000000  0.000112 
242.000000  243.000000  0.000112 
243.000000  244.000000  0.000112 
244.000000  245.000000  0.000111 
245.000000  246.000000  0.000111 
246.000000  247.000000  0.000111 
247.000000  248.000000  0.000111 
248.000000  249.000000  0.000111 
249.000000  250.000000  0.000110 
250.000000  251.000000  0.000110 
251.000000  252.000000  0.000110 
252.000000  253.000000  0.000110 
253.000000  254.000000  0.000109 
254.000000  255.000000  0.000109 
255.000000  256.000000  0.000109 
256.000000  257.000000  0.000109 
257.000000  258.000000  0.000109 
258.000000  259.000000  0.000108 
259.000000  260.000000  0.000108 
260.000000  261.000000  0.000108 
261.000000  262.000000  0.000108 
262.000000  263.000000  0.000107 
263.000000  264.000000  0.000107 
264.000000  265.000000  0.000107 
265.000000  266.000000  0.000107 
266.000000  267.000000  0.000107 
267.000000  268.000000  0.000106 
268.000000  269.000000  0.000106 
269.000000  270.000000  0.000106 
270.000000  271.000000  0.000106 
271.000000  272.000000  0.000105 
272.000000  273.000000  0.000105 
273.000000  274.000000  0.000105 
274.000000  275.000000  0.000105 
275.000000  276.000000  0.000104 
276.000000  277.000000  0.000104 
277.000000  278.000000  0.000104 
278.000000  279.000000  0.000104 
279.000000  280.000000  0.000103 
280.000000  281.000000  0.000103 
281.000000  282.000000  0.000103 
282.000000  283.000000  0.000103 
283.000000  284.000000  0.000102 
284.000000  285.000000  0.000102 
285.000000  286.000000  0.000102 
286.000000  287.000000  0.000101 
287.000000  288.000000  0.000101 
288.000000  289.000000  0.000101 
289.000000  290.000000  0.000101 
290.000000  291.000000  0.000100 
291.000000  292.000000  0.000100 
292.000000  293.000000  0.000100 
293.000000  294.000000  0.000099 
294.000000  295.000000  0.000099 
295.000000  296.000000  0.000099 
296.000000  297.000000  0.000099 
297.000000  298.000000  0.000098 
298.000000  299.000000  0.000098 
299.000000  300.000000  0.000098 
300.000000  301.000000  0.000097 
301.000000  302.000000  0.000097 
302.000000  303.000000  0.000097 
303.000000  304.000000  0.000096 
304.000000  305.000000  0.000096 
305.000000  306.000000  0.000096 
306.000000  307.000000  0.000096 
307.000000  308.000000  0.000095 
308.000000  309.000000  0.000095 
309.000000  310.000000  0.000095 
310.000000  311.000000  0.000094 
311.000000  312.000000  0.000094 
312.000000  313.000000  0.000094 
313.000000  314.000000  0.000093 
314.000000  315.000000  0.000093 
315.000000  316.000000  0.000093 
316.000000  317.000000  0.000092 
317.000000  318.000000  0.000092 
318.000000  319.000000  0.000092 
319.000000  320.000000  0.000091 
320.000000  321.000000  0.000091 
321.000000  322.000000  0.000091 
322.000000  323.000000  0.000090 
323.000000  324.000000  0.000090 
324.000000  325.000000  0.000090 
325.000000  326.000000  0.000089 
326.000000  327.000000  0.000089 
327.000000  328.000000  0.000089 
328.000000  329.000000  0.000088 
329.000000  330.000000  0.000088 
330.000000  331.000000  0.000088 
331.000000  332.000000  0.000087 
332.000000  333.000000  0.000087 
333.000000  334.000000  0.000087 
334.000000  335.000000  0.000086 
335.000000  336.000000  0.000086 
336.000000  337.000000  0.000085 
337.000000  338.000000  0.000085 
338.000000  339.000000  0.000085 
339.000000  340.000000  0.000084 
340.000000  341.000000  0.000084 
341.000000  342.000000  0.000084 
342.000000  343.000000  0.000083 
343.000000  344.000000  0.000083 
344.000000  345.000000  0.000083 
345.000000  346.000000  0.000082 
346.000000  347.000000  0.000082 
347.000000  348.000000  0.000082 
348.000000  349.000000  0.000081 
349.000000  350.000000  0.000081 
350.000000  351.000000  0.000080 
351.000000  352.000000  0.000080 
352.000000  353.000000  0.000080 
353.000000  354.000000  0.000079 
354.000000  355.000000  0.000079 
355.000000  356.000000  0.000079 
356.000000  357.000000  0.000078 
357.000000  358.000000  0.000078 
358.000000  359.000000  0.000078 
359.000000  360.000000  0.000077 
360.000000  361.000000  0.000077 
361.000000  362.000000  0.000076 
362.000000  363.000000  0.000076 
363.000000  364.000000  0.000076 
364.000000  365.000000  0.000075 
365.000000  366.000000  0.000075 
366.000000  367.000000  0.000075 
367.000000  368.000000  0.000074 
368.000000  369.000000  0.000074 
369.000000  370.000000  0.000074 
370.000000  371.000000  0.000073 
371.000000  372.000000  0.000073 
372.000000  373.000000  0.000072 
373.000000  374.000000  0.000072 
374.000000  375.000000  0.000072 
375.000000  376.000000  0.000071 
376.000000  377.000000  0.000071 
377.000000  378.000000  0.000071 
378.000000  379.000000  0.000070 
379.000000  380.000000  0.000070 
380.000000  381.000000  0.000070 
381.000000  382.000000  0.000069 
382.000000  383.000000  0.000069 
383.000000  384.000000  0.000068 
384.000000  385.000000  0.000068 
385.000000  386.000000  0.000068 
386.000000  387.000000  0.000067 
387.000000  388.000000  0.000067 
388.000000  389.000000  0.000067 
389.000000  390.000000  0.000066 
390.000000  391.000000  0.000066 
391.000000  392.000000  0.000066 
392.000000  393.000000  0.000065 
393.000000  394.000000  0.000065 
394.000000  395.000000  0.000065 
395.000000  396.000000  0.000064 
396.000000  397.000000  0.000064 
397.000000  398.000000  0.000064 
398.000000  399.000000  0.000063 
399.000000  400.000000  0.000063 
400.000000  401.000000  0.000063 
401.000000  402.000000  0.000062 
402.000000  403.000000  0.000062 
403.000000  404.000000  0.000061 
404.000000  405.000000  0.000061 
405.000000  406.000000  0.000061 
406.000000  407.000000  0.000060 
407.000000  408.000000  0.000060 
408.000000  409.000000  0.000060 
409.000000  410.000000  0.000059 
410.000000  411.000000  0.000059 
411.000000  412.000000  0.000059 
412.000000  413.000000  0.000058 
413.000000  414.000000  0.000058 
414.000000  415.000000  0.000058 
415.000000  416.000000  0.000057 
416.000000  417.000000  0.000057 
417.000000  418.000000  0.000057 
418.000000  419.000000  0.000056 
419.000000  420.000000  0.000056 
420.000000  421.000000  0.000056 
421.000000  422.000000  0.000055 
422.000000  423.000000  0.000055 
423.000000  424.000000  0.000055 
424.000000  425.000000  0.000055 
425.000000  426.000000  0.000054 
426.000000  427.000000  0.000054 
427.000000  428.000000  0.000054 
428.000000  429.000000  0.000053 
429.000000  430.000000  0.000053 
430.000000  431.000000  0.000053 
431.000000  432.000000  0.000052 
432.000000  433.000000  0.000052 
433.000000  434.000000  0.000052 
434.000000  435.000000  0.000051 
435.000000  436.000000  0.000051 
436.000000  437.000000  0.000051 
437.000000  438.000000  0.000051 
438.000000  439.000000  0.000050 
439.000000  440.000000  0.000050 
440.000000  441.000000  0.000050 
441.000000  442.000000  0.000049 
442.000000  443.000000  0.000049 
443.000000  444.000000  0.000049 
444.000000  445.000000  0.000048 
445.000000  446.000000  0.000048 
446.000000  447.000000  0.000048 
447.000000  448.000000  0.000048 
448.000000  449.000000  0.000047 
449.000000  450.000000  0.000047 
450.000000  451.000000  0.000047 
451.000000  452.000000  0.000046 
452.000000  453.000000  0.000046 
453.000000  454.000000  0.000046 
454.000000  455.000000  0.000046 
455.000000  456.000000  0.000045 
456.000000  457.000000  0.000045 
457.000000  458.000000  0.000045 
458.000000  459.000000  0.000045 
459.000000  460.000000  0.000044 
460.000000  461.000000  0.000044 
461.000000  462.000000  0.000044 
462.000000  463.000000  0.000043 
463.000000  464.000000  0.000043 
464.000000  465.000000  0.000043 
465.000000  466.000000  0.000043 
466.000000  467.000000  0.000042 
467.000000  468.000000  0.000042 
468.000000  469.000000  0.000042 
469.000000  470.000000  0.000042 
470.000000  471.000000  0.000041 
471.000000  472.000000  0.000041 
472.000000  473.000000  0.000041 
473.000000  474.000000  0.000041 
474.000000  475.000000  0.000040 
475.000000  476.000000  0.000040 
476.000000  477.000000  0.000040 
477.000000  478.000000  0.000040 
478.000000  479.000000  0.000039 
479.000000  480.000000  0.000039 
480.000000  481.000000  0.000039 
481.000000  482.000000  0.000039 
482.000000  483.000000  0.000038 
483.000000  484.000000  0.000038 
484.000000  485.000000  0.000038 
485.000000  486.000000  0.000038 
486.000000  487.000000  0.000037 
487.000000  488.000000  0.000037 
488.000000  489.000000  0.000037 
489.000000  490.000000  0.000037 
490.000000  491.000000  0.000037 
491.000000  492.000000  0.000036 
492.000000  493.000000  0.000036 
493.000000  494.000000  0.000036 
494.000000  495.000000  0.000036 
495.000000  496.000000  0.000035 
496.000000  497.000000  0.000035 
497.000000  498.000000  0.000035 
498.000000  499.000000  0.000035 
499.000000  500.000000  0.000035 
500.000000  501.000000  0.000034 
501.000000  502.000000  0.000034 
502.000000  503.000000  0.000034 
503.000000  504.000000  0.000034 
504.000000  505.000000  0.000034 
505.000000  506.000000  0.000033 
506.000000  507.000000  0.000033 
507.000000  508.000000  0.000033 
508.000000  509.000000  0.000033 
509.000000  510.000000  0.000033 
510.000000  511.000000  0.000032 
511.000000  512.000000  0.000032 
512.000000  513.000000  0.000032 
513.000000  514.000000  0.000032 
514.000000  515.000000  0.000032 
515.000000  516.000000  0.000031 
516.000000  517.000000  0.000031 
517.000000  518.000000  0.000031 
518.000000  519.000000  0.000031 
519.000000  520.000000  0.000031 
520.000000  521.000000  0.000030 
521.000000  522.000000  0.000030 
522.000000  523.000000  0.000030 
523.000000  524.000000  0.000030 
524.000000  525.000000  0.000030 
525.000000  526.000000  0.000030 
526.000000  527.000000  0.000029 
527.000000  528.000000  0.000029 
528.000000  529.000000  0.000029 
529.000000  530.000000  0.000029 
530.000000  531.000000  0.000029 
531.000000  532.000000  0.000028 
532.000000  533.000000  0.000028 
533.000000  534.000000  0.000028 
534.000000  535.000000  0.000028 
535.000000  536.000000  0.000028 
536.000000  537.000000  0.000028 
537.000000  538.000000  0.000027 
538.000000  539.000000  0.000027 
539.000000  540.000000  0.000027 
540.000000  541.000000  0.000027 
541.000000  542.000000  0.000027 
542.000000  543.000000  0.000027 
543.000000  544.000000  0.000026 
544.000000  545.000000  0.000026 
545.000000  546.000000  0.000026 
546.000000  547.000000  0.000026 
547.000000  548.000000  0.000026 
548.000000  549.000000  0.000026 
549.000000  550.000000  0.000026 
550.000000  551.000000  0.000025 
551.000000  552.000000  0.000025 
552.000000  553.000000  0.000025 
553.000000  554.000000  0.000025 
554.000000  555.000000  0.000025 
555.000000  556.000000  0.000025 
556.000000  557.000000  0.000025 
557.000000  558.000000  0.000024 
558.000000  559.000000  0.000024 
559.000000  560.000000  0.000024 
560.000000  561.000000  0.000024 
561.000000  562.000000  0.000024 
562.000000  563.000000  0.000024 
563.000000  564.000000  0.000024 
564.000000  565.000000  0.000023 
565.000000  566.000000  0.000023 
566.000000  567.000000  0.000023 
567.000000  568.000000  0.000023 
568.000000  569.000000  0.000023 
569.000000  570.000000  0.000023 
570.000000  571.000000  0.000023 
571.000000  572.000000  0.000022 
572.000000  573.000000  0.000022 
573.000000  574.000000  0.000022 
574.000000  575.000000  0.000022 
575.000000  576.000000  0.000022 
576.000000  577.000000  0.000022 
577.000000  578.000000  0.000022 
578.000000  579.000000  0.000022 
579.000000  580.000000  0.000021 
580.000000  581.000000  0.000021 
581.000000  582.000000  0.000021 
582.000000  583.000000  0.000021 
583.000000  584.000000  0.000021 
584.000000  585.000000  0.000021 
585.000000  586.000000  0.000021 
586.000000  587.000000  0.000021 
587.000000  588.000000  0.000021 
588.000000  589.000000  0.000020 
589.000000  590.000000  0.000020 
590.000000  591.000000  0.000020 
591.000000  592.000000  0.000020 
592.000000  593.000000  0.000020 
593.000000  594.000000  0.000020 
594.000000  595.000000  0.000020 
595.000000  596.000000  0.000020 
596.000000  597.000000  0.000020 
597.000000  598.000000  0.000019 
598.000000  599.000000  0.000019 
599.000000  600.000000  0.000019 
600.000000  601.000000  0.000019 
601.000000  602.000000  0.000019 
602.000000  603.000000  0.000019 
603.000000  604.000000  0.000019 
604.000000  605.000000  0.000019 
605.000000  606.000000  0.000019 
606.000000  607.000000  0.000019 
607.000000  608.000000  0.000018 
608.000000  609.000000  0.000018 
609.000000  610.000000  0.000018 
610.000000  611.000000  0.000018 
611.000000  612.000000  0.000018 
612.000000  613.000000  0.000018 
613.000000  614.000000  0.000018 
614.000000  615.000000  0.000018 
615.000000  616.000000  0.000018 
616.000000  617.000000  0.000018 
617.000000  618.000000  0.000018 
618.000000  619.000000  0.000017 
619.000000  620.000000  0.000017 
620.000000  621.000000  0.000017 
621.000000  622.000000  0.000017 
622.000000  623.000000  0.000017 
623.000000  624.000000  0.000017 
624.000000  625.000000  0.000017 
625.000000  626.000000  0.000017 
626.000000  627.000000  0.000017 
627.000000  628.000000  0.000017 
628.000000  629.000000  0.000017 
629.000000  630.000000  0.000016 
630.000000  631.000000  0.000016 
631.000000  632.000000  0.000016 
632.000000  633.000000  0.000016 
633.000000  634.000000  0.000016 
634.000000  635.000000  0.000016 
635.000000  636.000000  0.000016 
636.000000  637.000000  0.000016 
637.000000  638.000000  0.000016 
638.000000  639.000000  0.000016 
639.000000  640.000000  0.000016 
640.000000  641.000000  0.000016 
641.000000  642.000000  0.000016 
642.000000  643.000000  0.000015 
643.000000  644.000000  0.000015 
644.000000  645.000000  0.000015 
645.000000  646.000000  0.000015 
646.000000  647.000000  0.000015 
647.000000  648.000000  0.000015 
648.000000  649.000000  0.000015 
649.000000  650.000000  0.000015 
650.000000  651.000000  0.000015 
651.000000  652.000000  0.000015 
652.000000  653.000000  0.000015 
653.000000  654.000000  0.000015 
654.000000  655.000000  0.000015 
655.000000  656.000000  0.000015 
656.000000  657.000000  0.000015 
657.000000  658.000000  0.000014 
658.000000  659.000000  0.000014 
659.000000  660.000000  0.000014 
660.000000  661.000000  0.000014 
661.000000  662.000000  0.000014 
662.000000  663.000000  0.000014 
663.000000  664.000000  0.000014 
664.000000  665.000000  0.000014 
665.000000  666.000000  0.000014 
666.000000  667.000000  0.000014 
667.000000  668.000000  0.000014 
668.000000  669.000000  0.000014 
669.000000  670.000000  0.000014 
670.000000  671.000000  0.000014 
671.000000  672.000000  0.000014 
672.000000  673.000000  0.000014 
673.000000  674.000000  0.000013 
674.000000  675.000000  0.000013 
675.000000  676.000000  0.000013 
676.000000  677.000000  0.000013 
677.000000  678.000000  0.000013 
678.000000  679.000000  0.000013 
679.000000  680.000000  0.000013 
680.000000  681.000000  0.000013 
681.000000  682.000000  0.000013 
682.000000  683.000000  0.000013 
683.000000  684.000000  0.000013 
684.000000  685.000000  0.000013 
685.000000  686.000000  0.000013 
686.000000  687.000000  0.000013 
687.000000  688.000000  0.000013 
688.000000  689.000000  0.000013 
689.000000  690.000000  0.000013 
690.000000  691.000000  0.000013 
691.000000  692.000000  0.000013 
692.000000  693.000000  0.000012 
693.000000  694.000000  0.000012 
694.000000  695.000000  0.000012 
695.000000  696.000000  0.000012 
696.000000  697.000000  0.000012 
697.000000  698.000000  0.000012 
698.000000  699.000000  0.000012 
699.000000  700.000000  0.000012 
700.000000  701.000000  0.000012 
701.000000  702.000000  0.000012 
702.000000  703.000000  0.000012 
703.000000  704.000000  0.000012 
704.000000  705.000000  0.000012 
705.000000  706.000000  0.000012 
706.000000  707.000000  0.000012 
707.000000  708.000000  0.000012 
708.000000  709.000000  0.000012 
709.000000  710.000000  0.000012 
710.000000  711.000000  0.000012 
711.000000  712.000000  0.000012 
712.000000  713.000000  0.000012 
713.000000  714.000000  0.000012 
714.000000  715.000000  0.000011 
715.000000  716.000000  0.000011 
716.000000  717.000000  0.000011 
717.000000  718.000000  0.000011 
718.000000  719.000000  0.000011 
719.000000  720.000000  0.000011 
720.000000  721.000000  0.000011 
721.000000  722.000000  0.000011 
722.000000  723.000000  0.000011 
723.000000  724.000000  0.000011 
724.000000  725.000000  0.000011 
725.000000  726.000000  0.000011 
726.000000  727.000000  0.000011 
727.000000  728.000000  0.000011 
728.000000  729.000000  0.000011 
729.000000  730.000000  0.000011 
730.000000  731.000000  0.000011 
731.000000  732.000000  0.000011 
732.000000  733.000000  0.000011 
733.000000  734.000000  0.000011 
734.000000  735.000000  0.000011 
735.000000  736.000000  0.000011 
736.000000  737.000000  0.000011 
737.000000  738.000000  0.000011 
738.000000  739.000000  0.000011 
739.000000  740.000000  0.000011 
740.000000  741.000000  0.000011 
741.000000  742.000000  0.000010 
742.000000  743.000000  0.000010 
743.000000  744.000000  0.000010 
744.000000  745.000000  0.000010 
745.000000  746.000000  0.000010 
746.000000  747.000000  0.000010 
747.000000  748.000000  0.000010 
748.000000  749.000000  0.000010 
749.000000  750.000000  0.000010 
750.000000  751.000000  0.000010 
751.000000  752.000000  0.000010 
752.000000  753.000000  0.000010 
753.000000  754.000000  0.000010 
754.000000  755.000000  0.000010 
755.000000  756.000000  0.000010 
756.000000  757.000000  0.000010 
757.000000  758.000000  0.000010 
758.000000  759.000000  0.000010 
759.000000  760.000000  0.000010 
760.000000  761.000000  0.000010 
761.000000  762.000000  0.000010 
762.000000  763.000000  0.000010 
763.000000  764.000000  0.000010 
764.000000  765.000000  0.000010 
765.000000  766.000000  0.000010 
766.000000  767.000000  0.000010 
767.000000  768.000000  0.000010 
768.000000  769.000000  0.000010 
769.000000  770.000000  0.000010 
770.000000  771.000000  0.000010 
771.000000  772.000000  0.000010 
772.000000  773.000000  0.000010 
773.000000  774.000000  0.000010 
774.000000  775.000000  0.000010 
775.000000  776.000000  0.000009 
776.000000  777.000000  0.000009 
777.000000  778.000000  0.000009 
778.000000  779.000000  0.000009 
779.000000  780.000000  0.000009 
780.000000  781.000000  0.000009 
781.000000  782.000000  0.000009 
782.000000  783.000000  0.000009 
783.000000  784.000000  0.000009 
784.000000  785.000000  0.000009 
785.000000  786.000000  0.000009 
786.000000  787.000000  0.000009 
787.000000  788.000000  0.000009 
788.000000  789.000000  0.000009 
789.000000  790.000000  0.000009 
790.000000  791.000000  0.000009 
791.000000  792.000000  0.000009 
792.000000  793.000000  0.000009 
793.000000  794.000000  0.000009 
794.000000  795.000000  0.000009 
795.000000  796.000000  0.000009 
796.000000  797.000000  0.000009 
797.000000  798.000000  0.000009 
798.000000  799.000000  0.000009 
799.000000  800.000000  0.000009 
800.000000  801.000000  0.000009 
801.000000  802.000000  0.000009 
802.000000  803.000000  0.000009 
803.000000  804.000000  0.000009 
804.000000  805.000000  0.000009 
805.000000  806.000000  0.000009 
806.000000  807.000000  0.000009 
807.000000  808.000000  0.000009 
808.000000  809.000000  0.000009 
809.000000  810.000000  0.000009 
810.000000  811.000000  0.000009 
811.000000  812.000000  0.000009 
812.000000  813.000000  0.000009 
813.000000  814.000000  0.000009 
814.000000  815.000000  0.000009 
815.000000  816.000000  0.000009 
816.000000  817.000000  0.000009 
817.000000  818.000000  0.000009 
818.000000  819.000000  0.000009 
819.000000  820.000000  0.000009 
820.000000  821.000000  0.000009 
821.000000  822.000000  0.000009 
822.000000  823.000000  0.000009 
823.000000  824.000000  0.000008 
824.000000  825.000000  0.000008 
825.000000  826.000000  0.000008 
826.000000  827.000000  0.000008 
827.000000  828.000000  0.000008 
828.000000  829.000000  0.000008 
829.000000  830.000000  0.000008 
830.000000  831.000000  0.000008 
831.000000  832.000000  0.000008 
832.000000  833.000000  0.000008 
833.000000  834.000000  0.000008 
834.000000  835.000000  0.000008 
835.000000  836.000000  0.000008 
836.000000  837.000000  0.000008 
837.000000  838.000000  0.000008 
838.000000  839.000000  0.000008 
839.000000  840.000000  0.000008 
840.000000  841.000000  0.000008 
841.000000  842.000000  0.000008 
842.000000  843.000000  0.000008 
843.000000  844.000000  0.000008 
844.000000  845.000000  0.000008 
845.000000  846.000000  0.000008 
846.000000  847.000000  0.000008 
847.000000  848.000000  0.000008 
848.000000  849.000000  0.000008 
849.000000  850.000000  0.000008 
850.000000  851.000000  0.000008 
851.000000  852.000000  0.000008 
852.000000  853.000000  0.000008 
853.000000  854.000000  0.000008 
854.000000  855.000000  0.000008 
855.000000  856.000000  0.000008 
856.000000  857.000000  0.000008 
857.000000  858.000000  0.000008 
858.000000  859.000000  0.000008 
859.000000  860.000000  0.000008 
860.000000  861.000000  0.000008 
861.000000  862.000000  0.000008 
862.000000  863.000000  0.000008 
863.000000  864.000000  0.000008 
864.000000  865.000000  0.000008 
865.000000  866.000000  0.000008 
866.000000  867.000000  0.000008 
867.000000  868.000000  0.000008 
868.000000  869.000000  0.000008 
869.000000  870.000000  0.000008 
870.000000  871.000000  0.000008 
871.000000  872.000000  0.000008 
872.000000  873.000000  0.000008 
873.000000  874.000000  0.000008 
874.000000  875.000000  0.000008 
875.000000  876.000000  0.000008 
876.000000  877.000000  0.000008 
877.000000  878.000000  0.000008 
878.000000  879.000000  0.000008 
879.000000  880.000000  0.000008 
880.000000  881.000000  0.000008 
881.000000  882.000000  0.000008 
882.000000  883.000000  0.000008 
883.000000  884.000000  0.000008 
884.000000  885.000000  0.000008 
885.000000  886.000000  0.000008 
886.000000  887.000000  0.000008 
887.000000  888.000000  0.000008 
888.000000  889.000000  0.000008 
889.000000  890.000000  0.000008 
890.000000  891.000000  0.000008 
891.000000  892.000000  0.000008 
892.000000  893.000000  0.000008 
893.000000  894.000000  0.000008 
894.000000  895.000000  0.000008 
895.000000  896.000000  0.000008 
896.000000  897.000000  0.000008 
897.000000  898.000000  0.000008 
898.000000  899.000000  0.000008 
899.000000  900.000000  0.000008 
900.000000  901.000000  0.000008 
901.000000  902.000000  0.000007 
902.000000  903.000000  0.000007 
903.000000  904.000000  0.000007 
904.000000  905.000000  0.000007 
905.000000  906.000000  0.000007 
906.000000  907.000000  0.000007 
907.000000  908.000000  0.000007 
908.000000  909.000000  0.000007 
909.000000  910.000000  0.000007 
910.000000  911.000000  0.000007 
911.000000  912.000000  0.000007 
912.000000  913.000000  0.000007 
913.000000  914.000000  0.000007 
914.000000  915.000000  0.000007 
915.000000  916.000000  0.000007 
916.000000  917.000000  0.000007 
917.000000  918.000000  0.000007 
918.000000  919.000000  0.000007 
919.000000  920.000000  0.000007 
920.000000  921.000000  0.000007 
921.000000  922.000000  0.000007 
922.000000  923.000000  0.000007 
923.000000  924.000000  0.000007 
924.000000  925.000000  0.000007 
925.000000  926.000000  0.000007 
926.000000  927.000000  0.000007 
927.000000  928.000000  0.000007 
928.000000  929.000000  0.000007 
929.000000  930.000000  0.000007 
930.000000  931.000000  0.000007 
931.000000  932.000000  0.000007 
932.000000  933.000000  0.000007 
933.000000  934.000000  0.000007 
934.000000  935.000000  0.000007 
935.000000  936.000000  0.000007 
936.000000  937.000000  0.000007 
937.000000  938.000000  0.000007 
938.000000  939.000000  0.000007 
939.000000  940.000000  0.000007 
940.000000  941.000000  0.000007 
941.000000  942.000000  0.000007 
942.000000  943.000000  0.000007 
943.000000  944.000000  0.000007 
