20.000000  21.000000  -0.000000 
21.000000  22.000000  -0.000000 
22.000000  23.000000  -0.000000 
23.000000  24.000000  -0.000000 
24.000000  25.000000  -0.000000 
25.000000  26.000000  -0.000000 
26.000000  27.000000  -0.000000 
27.000000  28.000000  -0.000000 
28.000000  29.000000  -0.000000 
29.000000  30.000000  -0.000000 
30.000000  31.000000  -0.000000 
31.000000  32.000000  -0.000000 
32.000000  33.000000  -0.000000 
33.000000  34.000000  -0.000000 
34.000000  35.000000  -0.000000 
35.000000  36.000000  -0.000000 
36.000000  37.000000  -0.000000 
37.000000  38.000000  -0.000000 
38.000000  39.000000  -0.000000 
39.000000  40.000000  -0.000000 
40.000000  41.000000  -0.000000 
41.000000  42.000000  -0.000000 
42.000000  43.000000  -0.000000 
43.000000  44.000000  -0.000000 
44.000000  45.000000  -0.000000 
45.000000  46.000000  -0.000000 
46.000000  47.000000  -0.000000 
47.000000  48.000000  -0.000000 
48.000000  49.000000  -0.000000 
49.000000  50.000000  -0.000000 
50.000000  51.000000  -0.000000 
51.000000  52.000000  -0.000000 
52.000000  53.000000  -0.000000 
53.000000  54.000000  -0.000000 
54.000000  55.000000  -0.000000 
55.000000  56.000000  -0.000000 
56.000000  57.000000  -0.000000 
57.000000  58.000000  -0.000000 
58.000000  59.000000  -0.000000 
59.000000  60.000000  -0.000000 
60.000000  61.000000  -0.000000 
61.000000  62.000000  -0.000000 
62.000000  63.000000  -0.000000 
63.000000  64.000000  -0.000000 
64.000000  65.000000  -0.000000 
65.000000  66.000000  -0.000000 
66.000000  67.000000  -0.000000 
67.000000  68.000000  -0.000000 
68.000000  69.000000  -0.000000 
69.000000  70.000000  -0.000000 
70.000000  71.000000  -0.000000 
71.000000  72.000000  -0.000000 
72.000000  73.000000  -0.000000 
73.000000  74.000000  -0.000000 
74.000000  75.000000  -0.000000 
75.000000  76.000000  -0.000000 
76.000000  77.000000  -0.000000 
77.000000  78.000000  -0.000000 
78.000000  79.000000  -0.000000 
79.000000  80.000000  -0.000000 
80.000000  81.000000  -0.000000 
81.000000  82.000000  -0.000000 
82.000000  83.000000  -0.000000 
83.000000  84.000000  -0.000000 
84.000000  85.000000  -0.000000 
85.000000  86.000000  -0.000000 
86.000000  87.000000  -0.000000 
87.000000  88.000000  -0.000000 
88.000000  89.000000  -0.000000 
89.000000  90.000000  -0.000000 
90.000000  91.000000  -0.000000 
91.000000  92.000000  -0.000000 
92.000000  93.000000  -0.000000 
93.000000  94.000000  -0.000000 
94.000000  95.000000  -0.000000 
95.000000  96.000000  -0.000000 
96.000000  97.000000  -0.000000 
97.000000  98.000000  -0.000000 
98.000000  99.000000  -0.000000 
99.000000  100.000000  -0.000000 
100.000000  101.000000  -0.000000 
101.000000  102.000000  -0.000000 
102.000000  103.000000  -0.000000 
103.000000  104.000000  -0.000000 
104.000000  105.000000  -0.000000 
105.000000  106.000000  -0.000000 
106.000000  107.000000  -0.000000 
107.000000  108.000000  -0.000000 
108.000000  109.000000  -0.000000 
109.000000  110.000000  -0.000000 
110.000000  111.000000  -0.000000 
111.000000  112.000000  -0.000000 
112.000000  113.000000  -0.000000 
113.000000  114.000000  -0.000000 
114.000000  115.000000  -0.000000 
115.000000  116.000000  -0.000000 
116.000000  117.000000  -0.000000 
117.000000  118.000000  -0.000000 
118.000000  119.000000  -0.000000 
119.000000  120.000000  -0.000000 
120.000000  121.000000  -0.000000 
121.000000  122.000000  -0.000000 
122.000000  123.000000  -0.000000 
123.000000  124.000000  -0.000000 
124.000000  125.000000  -0.000000 
125.000000  126.000000  -0.000000 
126.000000  127.000000  -0.000000 
127.000000  128.000000  -0.000000 
128.000000  129.000000  -0.000000 
129.000000  130.000000  -0.000000 
130.000000  131.000000  -0.000000 
131.000000  132.000000  -0.000000 
132.000000  133.000000  -0.000000 
133.000000  134.000000  -0.000000 
134.000000  135.000000  -0.000000 
135.000000  136.000000  -0.000000 
136.000000  137.000000  -0.000000 
137.000000  138.000000  -0.000000 
138.000000  139.000000  -0.000000 
139.000000  140.000000  -0.000000 
140.000000  141.000000  -0.000000 
141.000000  142.000000  -0.000000 
142.000000  143.000000  -0.000000 
143.000000  144.000000  -0.000000 
144.000000  145.000000  -0.000000 
145.000000  146.000000  -0.000000 
146.000000  147.000000  -0.000000 
147.000000  148.000000  -0.000000 
148.000000  149.000000  -0.000000 
149.000000  150.000000  -0.000000 
150.000000  151.000000  -0.000000 
151.000000  152.000000  -0.000000 
152.000000  153.000000  -0.000000 
153.000000  154.000000  -0.000000 
154.000000  155.000000  -0.000000 
155.000000  156.000000  -0.000000 
156.000000  157.000000  -0.000000 
157.000000  158.000000  -0.000000 
158.000000  159.000000  -0.000000 
159.000000  160.000000  -0.000000 
160.000000  161.000000  -0.000000 
161.000000  162.000000  -0.000000 
162.000000  163.000000  -0.000000 
163.000000  164.000000  -0.000000 
164.000000  165.000000  -0.000000 
165.000000  166.000000  -0.000000 
166.000000  167.000000  -0.000000 
167.000000  168.000000  -0.000000 
168.000000  169.000000  -0.000000 
169.000000  170.000000  -0.000000 
170.000000  171.000000  -0.000000 
171.000000  172.000000  0.000000 
172.000000  173.000000  0.000000 
173.000000  174.000000  0.000000 
174.000000  175.000000  0.000000 
175.000000  176.000000  0.000000 
176.000000  177.000000  0.000000 
177.000000  178.000000  0.000001 
178.000000  179.000000  0.000001 
179.000000  180.000000  0.000001 
180.000000  181.000000  0.000001 
181.000000  182.000000  0.000001 
182.000000  183.000000  0.000001 
183.000000  184.000000  0.000002 
184.000000  185.000000  0.000002 
185.000000  186.000000  0.000002 
186.000000  187.000000  0.000002 
187.000000  188.000000  0.000003 
188.000000  189.000000  0.000003 
189.000000  190.000000  0.000003 
190.000000  191.000000  0.000004 
191.000000  192.000000  0.000004 
192.000000  193.000000  0.000005 
193.000000  194.000000  0.000005 
194.000000  195.000000  0.000006 
195.000000  196.000000  0.000006 
196.000000  197.000000  0.000007 
197.000000  198.000000  0.000007 
198.000000  199.000000  0.000008 
199.000000  200.000000  0.000009 
200.000000  201.000000  0.000009 
201.000000  202.000000  0.000010 
202.000000  203.000000  0.000011 
203.000000  204.000000  0.000012 
204.000000  205.000000  0.000013 
205.000000  206.000000  0.000014 
206.000000  207.000000  0.000015 
207.000000  208.000000  0.000016 
208.000000  209.000000  0.000017 
209.000000  210.000000  0.000018 
210.000000  211.000000  0.000020 
211.000000  212.000000  0.000021 
212.000000  213.000000  0.000022 
213.000000  214.000000  0.000024 
214.000000  215.000000  0.000025 
215.000000  216.000000  0.000027 
216.000000  217.000000  0.000029 
217.000000  218.000000  0.000030 
218.000000  219.000000  0.000032 
219.000000  220.000000  0.000034 
220.000000  221.000000  0.000036 
221.000000  222.000000  0.000038 
222.000000  223.000000  0.000040 
223.000000  224.000000  0.000042 
224.000000  225.000000  0.000044 
225.000000  226.000000  0.000047 
226.000000  227.000000  0.000049 
227.000000  228.000000  0.000051 
228.000000  229.000000  0.000054 
229.000000  230.000000  0.000057 
230.000000  231.000000  0.000059 
231.000000  232.000000  0.000062 
232.000000  233.000000  0.000065 
233.000000  234.000000  0.000068 
234.000000  235.000000  0.000071 
235.000000  236.000000  0.000074 
236.000000  237.000000  0.000078 
237.000000  238.000000  0.000081 
238.000000  239.000000  0.000085 
239.000000  240.000000  0.000088 
240.000000  241.000000  0.000092 
241.000000  242.000000  0.000095 
242.000000  243.000000  0.000099 
243.000000  244.000000  0.000103 
244.000000  245.000000  0.000107 
245.000000  246.000000  0.000111 
246.000000  247.000000  0.000116 
247.000000  248.000000  0.000120 
248.000000  249.000000  0.000124 
249.000000  250.000000  0.000129 
250.000000  251.000000  0.000133 
251.000000  252.000000  0.000138 
252.000000  253.000000  0.000143 
253.000000  254.000000  0.000148 
254.000000  255.000000  0.000153 
255.000000  256.000000  0.000158 
256.000000  257.000000  0.000163 
257.000000  258.000000  0.000168 
258.000000  259.000000  0.000173 
259.000000  260.000000  0.000179 
260.000000  261.000000  0.000184 
261.000000  262.000000  0.000190 
262.000000  263.000000  0.000196 
263.000000  264.000000  0.000202 
264.000000  265.000000  0.000207 
265.000000  266.000000  0.000213 
266.000000  267.000000  0.000219 
267.000000  268.000000  0.000226 
268.000000  269.000000  0.000232 
269.000000  270.000000  0.000238 
270.000000  271.000000  0.000245 
271.000000  272.000000  0.000251 
272.000000  273.000000  0.000258 
273.000000  274.000000  0.000264 
274.000000  275.000000  0.000271 
275.000000  276.000000  0.000278 
276.000000  277.000000  0.000285 
277.000000  278.000000  0.000292 
278.000000  279.000000  0.000299 
279.000000  280.000000  0.000306 
280.000000  281.000000  0.000313 
281.000000  282.000000  0.000320 
282.000000  283.000000  0.000328 
283.000000  284.000000  0.000335 
284.000000  285.000000  0.000342 
285.000000  286.000000  0.000350 
286.000000  287.000000  0.000357 
287.000000  288.000000  0.000365 
288.000000  289.000000  0.000373 
289.000000  290.000000  0.000380 
290.000000  291.000000  0.000388 
291.000000  292.000000  0.000396 
292.000000  293.000000  0.000404 
293.000000  294.000000  0.000412 
294.000000  295.000000  0.000420 
295.000000  296.000000  0.000428 
296.000000  297.000000  0.000436 
297.000000  298.000000  0.000444 
298.000000  299.000000  0.000452 
299.000000  300.000000  0.000460 
300.000000  301.000000  0.000469 
301.000000  302.000000  0.000477 
302.000000  303.000000  0.000485 
303.000000  304.000000  0.000494 
304.000000  305.000000  0.000502 
305.000000  306.000000  0.000510 
306.000000  307.000000  0.000519 
307.000000  308.000000  0.000527 
308.000000  309.000000  0.000536 
309.000000  310.000000  0.000544 
310.000000  311.000000  0.000552 
311.000000  312.000000  0.000561 
312.000000  313.000000  0.000569 
313.000000  314.000000  0.000578 
314.000000  315.000000  0.000586 
315.000000  316.000000  0.000595 
316.000000  317.000000  0.000603 
317.000000  318.000000  0.000612 
318.000000  319.000000  0.000621 
319.000000  320.000000  0.000629 
320.000000  321.000000  0.000638 
321.000000  322.000000  0.000646 
322.000000  323.000000  0.000655 
323.000000  324.000000  0.000663 
324.000000  325.000000  0.000671 
325.000000  326.000000  0.000680 
326.000000  327.000000  0.000688 
327.000000  328.000000  0.000697 
328.000000  329.000000  0.000705 
329.000000  330.000000  0.000714 
330.000000  331.000000  0.000722 
331.000000  332.000000  0.000730 
332.000000  333.000000  0.000739 
333.000000  334.000000  0.000747 
334.000000  335.000000  0.000755 
335.000000  336.000000  0.000763 
336.000000  337.000000  0.000771 
337.000000  338.000000  0.000780 
338.000000  339.000000  0.000788 
339.000000  340.000000  0.000796 
340.000000  341.000000  0.000804 
341.000000  342.000000  0.000812 
342.000000  343.000000  0.000820 
343.000000  344.000000  0.000828 
344.000000  345.000000  0.000835 
345.000000  346.000000  0.000843 
346.000000  347.000000  0.000851 
347.000000  348.000000  0.000859 
348.000000  349.000000  0.000866 
349.000000  350.000000  0.000874 
350.000000  351.000000  0.000881 
351.000000  352.000000  0.000889 
352.000000  353.000000  0.000896 
353.000000  354.000000  0.000904 
354.000000  355.000000  0.000911 
355.000000  356.000000  0.000918 
356.000000  357.000000  0.000925 
357.000000  358.000000  0.000933 
358.000000  359.000000  0.000940 
359.000000  360.000000  0.000947 
360.000000  361.000000  0.000954 
361.000000  362.000000  0.000960 
362.000000  363.000000  0.000967 
363.000000  364.000000  0.000974 
364.000000  365.000000  0.000981 
365.000000  366.000000  0.000987 
366.000000  367.000000  0.000994 
367.000000  368.000000  0.001000 
368.000000  369.000000  0.001006 
369.000000  370.000000  0.001013 
370.000000  371.000000  0.001019 
371.000000  372.000000  0.001025 
372.000000  373.000000  0.001031 
373.000000  374.000000  0.001037 
374.000000  375.000000  0.001043 
375.000000  376.000000  0.001049 
376.000000  377.000000  0.001054 
377.000000  378.000000  0.001060 
378.000000  379.000000  0.001066 
379.000000  380.000000  0.001071 
380.000000  381.000000  0.001076 
381.000000  382.000000  0.001082 
382.000000  383.000000  0.001087 
383.000000  384.000000  0.001092 
384.000000  385.000000  0.001097 
385.000000  386.000000  0.001102 
386.000000  387.000000  0.001107 
387.000000  388.000000  0.001112 
388.000000  389.000000  0.001116 
389.000000  390.000000  0.001121 
390.000000  391.000000  0.001126 
391.000000  392.000000  0.001130 
392.000000  393.000000  0.001134 
393.000000  394.000000  0.001139 
394.000000  395.000000  0.001143 
395.000000  396.000000  0.001147 
396.000000  397.000000  0.001151 
397.000000  398.000000  0.001155 
398.000000  399.000000  0.001159 
399.000000  400.000000  0.001163 
400.000000  401.000000  0.001166 
401.000000  402.000000  0.001170 
402.000000  403.000000  0.001173 
403.000000  404.000000  0.001177 
404.000000  405.000000  0.001180 
405.000000  406.000000  0.001183 
406.000000  407.000000  0.001186 
407.000000  408.000000  0.001189 
408.000000  409.000000  0.001192 
409.000000  410.000000  0.001195 
410.000000  411.000000  0.001198 
411.000000  412.000000  0.001201 
412.000000  413.000000  0.001203 
413.000000  414.000000  0.001206 
414.000000  415.000000  0.001208 
415.000000  416.000000  0.001211 
416.000000  417.000000  0.001213 
417.000000  418.000000  0.001215 
418.000000  419.000000  0.001217 
419.000000  420.000000  0.001219 
420.000000  421.000000  0.001221 
421.000000  422.000000  0.001223 
422.000000  423.000000  0.001225 
423.000000  424.000000  0.001226 
424.000000  425.000000  0.001228 
425.000000  426.000000  0.001229 
426.000000  427.000000  0.001231 
427.000000  428.000000  0.001232 
428.000000  429.000000  0.001234 
429.000000  430.000000  0.001235 
430.000000  431.000000  0.001236 
431.000000  432.000000  0.001237 
432.000000  433.000000  0.001238 
433.000000  434.000000  0.001239 
434.000000  435.000000  0.001239 
435.000000  436.000000  0.001240 
436.000000  437.000000  0.001241 
437.000000  438.000000  0.001241 
438.000000  439.000000  0.001242 
439.000000  440.000000  0.001242 
440.000000  441.000000  0.001243 
441.000000  442.000000  0.001243 
442.000000  443.000000  0.001243 
443.000000  444.000000  0.001243 
444.000000  445.000000  0.001243 
445.000000  446.000000  0.001243 
446.000000  447.000000  0.001243 
447.000000  448.000000  0.001243 
448.000000  449.000000  0.001243 
449.000000  450.000000  0.001242 
450.000000  451.000000  0.001242 
451.000000  452.000000  0.001242 
452.000000  453.000000  0.001241 
453.000000  454.000000  0.001240 
454.000000  455.000000  0.001240 
455.000000  456.000000  0.001239 
456.000000  457.000000  0.001238 
457.000000  458.000000  0.001237 
458.000000  459.000000  0.001237 
459.000000  460.000000  0.001236 
460.000000  461.000000  0.001235 
461.000000  462.000000  0.001234 
462.000000  463.000000  0.001232 
463.000000  464.000000  0.001231 
464.000000  465.000000  0.001230 
465.000000  466.000000  0.001229 
466.000000  467.000000  0.001227 
467.000000  468.000000  0.001226 
468.000000  469.000000  0.001224 
469.000000  470.000000  0.001223 
470.000000  471.000000  0.001221 
471.000000  472.000000  0.001220 
472.000000  473.000000  0.001218 
473.000000  474.000000  0.001216 
474.000000  475.000000  0.001214 
475.000000  476.000000  0.001213 
476.000000  477.000000  0.001211 
477.000000  478.000000  0.001209 
478.000000  479.000000  0.001207 
479.000000  480.000000  0.001205 
480.000000  481.000000  0.001203 
481.000000  482.000000  0.001201 
482.000000  483.000000  0.001198 
483.000000  484.000000  0.001196 
484.000000  485.000000  0.001194 
485.000000  486.000000  0.001192 
486.000000  487.000000  0.001189 
487.000000  488.000000  0.001187 
488.000000  489.000000  0.001185 
489.000000  490.000000  0.001182 
490.000000  491.000000  0.001180 
491.000000  492.000000  0.001177 
492.000000  493.000000  0.001175 
493.000000  494.000000  0.001172 
494.000000  495.000000  0.001169 
495.000000  496.000000  0.001167 
496.000000  497.000000  0.001164 
497.000000  498.000000  0.001161 
498.000000  499.000000  0.001158 
499.000000  500.000000  0.001156 
500.000000  501.000000  0.001153 
501.000000  502.000000  0.001150 
502.000000  503.000000  0.001147 
503.000000  504.000000  0.001144 
504.000000  505.000000  0.001141 
505.000000  506.000000  0.001138 
506.000000  507.000000  0.001135 
507.000000  508.000000  0.001132 
508.000000  509.000000  0.001129 
509.000000  510.000000  0.001126 
510.000000  511.000000  0.001123 
511.000000  512.000000  0.001120 
512.000000  513.000000  0.001117 
513.000000  514.000000  0.001114 
514.000000  515.000000  0.001111 
515.000000  516.000000  0.001107 
516.000000  517.000000  0.001104 
517.000000  518.000000  0.001101 
518.000000  519.000000  0.001098 
519.000000  520.000000  0.001094 
520.000000  521.000000  0.001091 
521.000000  522.000000  0.001088 
522.000000  523.000000  0.001084 
523.000000  524.000000  0.001081 
524.000000  525.000000  0.001078 
525.000000  526.000000  0.001074 
526.000000  527.000000  0.001071 
527.000000  528.000000  0.001068 
528.000000  529.000000  0.001064 
529.000000  530.000000  0.001061 
530.000000  531.000000  0.001057 
531.000000  532.000000  0.001054 
532.000000  533.000000  0.001051 
533.000000  534.000000  0.001047 
534.000000  535.000000  0.001044 
535.000000  536.000000  0.001040 
536.000000  537.000000  0.001037 
537.000000  538.000000  0.001033 
538.000000  539.000000  0.001030 
539.000000  540.000000  0.001026 
540.000000  541.000000  0.001023 
541.000000  542.000000  0.001019 
542.000000  543.000000  0.001016 
543.000000  544.000000  0.001012 
544.000000  545.000000  0.001009 
545.000000  546.000000  0.001005 
546.000000  547.000000  0.001002 
547.000000  548.000000  0.000998 
548.000000  549.000000  0.000995 
549.000000  550.000000  0.000991 
550.000000  551.000000  0.000987 
551.000000  552.000000  0.000984 
552.000000  553.000000  0.000980 
553.000000  554.000000  0.000977 
554.000000  555.000000  0.000973 
555.000000  556.000000  0.000970 
556.000000  557.000000  0.000966 
557.000000  558.000000  0.000963 
558.000000  559.000000  0.000959 
559.000000  560.000000  0.000956 
560.000000  561.000000  0.000952 
561.000000  562.000000  0.000949 
562.000000  563.000000  0.000945 
563.000000  564.000000  0.000942 
564.000000  565.000000  0.000938 
565.000000  566.000000  0.000935 
566.000000  567.000000  0.000931 
567.000000  568.000000  0.000928 
568.000000  569.000000  0.000924 
569.000000  570.000000  0.000921 
570.000000  571.000000  0.000917 
571.000000  572.000000  0.000914 
572.000000  573.000000  0.000910 
573.000000  574.000000  0.000907 
574.000000  575.000000  0.000903 
575.000000  576.000000  0.000900 
576.000000  577.000000  0.000897 
577.000000  578.000000  0.000893 
578.000000  579.000000  0.000890 
579.000000  580.000000  0.000886 
580.000000  581.000000  0.000883 
581.000000  582.000000  0.000880 
582.000000  583.000000  0.000876 
583.000000  584.000000  0.000873 
584.000000  585.000000  0.000869 
585.000000  586.000000  0.000866 
586.000000  587.000000  0.000863 
587.000000  588.000000  0.000859 
588.000000  589.000000  0.000856 
589.000000  590.000000  0.000853 
590.000000  591.000000  0.000850 
591.000000  592.000000  0.000846 
592.000000  593.000000  0.000843 
593.000000  594.000000  0.000840 
594.000000  595.000000  0.000837 
595.000000  596.000000  0.000833 
596.000000  597.000000  0.000830 
597.000000  598.000000  0.000827 
598.000000  599.000000  0.000824 
599.000000  600.000000  0.000820 
600.000000  601.000000  0.000817 
601.000000  602.000000  0.000814 
602.000000  603.000000  0.000811 
603.000000  604.000000  0.000808 
604.000000  605.000000  0.000805 
605.000000  606.000000  0.000802 
606.000000  607.000000  0.000799 
607.000000  608.000000  0.000795 
608.000000  609.000000  0.000792 
609.000000  610.000000  0.000789 
610.000000  611.000000  0.000786 
611.000000  612.000000  0.000783 
612.000000  613.000000  0.000780 
613.000000  614.000000  0.000777 
614.000000  615.000000  0.000774 
615.000000  616.000000  0.000771 
616.000000  617.000000  0.000768 
617.000000  618.000000  0.000765 
618.000000  619.000000  0.000763 
619.000000  620.000000  0.000760 
620.000000  621.000000  0.000757 
621.000000  622.000000  0.000754 
622.000000  623.000000  0.000751 
623.000000  624.000000  0.000748 
624.000000  625.000000  0.000745 
625.000000  626.000000  0.000742 
626.000000  627.000000  0.000740 
627.000000  628.000000  0.000737 
628.000000  629.000000  0.000734 
629.000000  630.000000  0.000731 
630.000000  631.000000  0.000729 
631.000000  632.000000  0.000726 
632.000000  633.000000  0.000723 
633.000000  634.000000  0.000720 
634.000000  635.000000  0.000718 
635.000000  636.000000  0.000715 
636.000000  637.000000  0.000712 
637.000000  638.000000  0.000710 
638.000000  639.000000  0.000707 
639.000000  640.000000  0.000705 
640.000000  641.000000  0.000702 
641.000000  642.000000  0.000699 
642.000000  643.000000  0.000697 
643.000000  644.000000  0.000694 
644.000000  645.000000  0.000692 
645.000000  646.000000  0.000689 
646.000000  647.000000  0.000687 
647.000000  648.000000  0.000684 
648.000000  649.000000  0.000682 
649.000000  650.000000  0.000679 
650.000000  651.000000  0.000677 
651.000000  652.000000  0.000674 
652.000000  653.000000  0.000672 
653.000000  654.000000  0.000670 
654.000000  655.000000  0.000667 
655.000000  656.000000  0.000665 
656.000000  657.000000  0.000662 
657.000000  658.000000  0.000660 
658.000000  659.000000  0.000658 
659.000000  660.000000  0.000656 
660.000000  661.000000  0.000653 
661.000000  662.000000  0.000651 
662.000000  663.000000  0.000649 
663.000000  664.000000  0.000646 
664.000000  665.000000  0.000644 
665.000000  666.000000  0.000642 
666.000000  667.000000  0.000640 
667.000000  668.000000  0.000638 
668.000000  669.000000  0.000635 
669.000000  670.000000  0.000633 
670.000000  671.000000  0.000631 
671.000000  672.000000  0.000629 
672.000000  673.000000  0.000627 
673.000000  674.000000  0.000625 
674.000000  675.000000  0.000623 
675.000000  676.000000  0.000621 
676.000000  677.000000  0.000618 
677.000000  678.000000  0.000616 
678.000000  679.000000  0.000614 
679.000000  680.000000  0.000612 
680.000000  681.000000  0.000610 
681.000000  682.000000  0.000608 
682.000000  683.000000  0.000606 
683.000000  684.000000  0.000604 
684.000000  685.000000  0.000602 
685.000000  686.000000  0.000601 
686.000000  687.000000  0.000599 
687.000000  688.000000  0.000597 
688.000000  689.000000  0.000595 
689.000000  690.000000  0.000593 
690.000000  691.000000  0.000591 
691.000000  692.000000  0.000589 
692.000000  693.000000  0.000587 
693.000000  694.000000  0.000586 
694.000000  695.000000  0.000584 
695.000000  696.000000  0.000582 
696.000000  697.000000  0.000580 
697.000000  698.000000  0.000578 
698.000000  699.000000  0.000577 
699.000000  700.000000  0.000575 
700.000000  701.000000  0.000573 
701.000000  702.000000  0.000571 
702.000000  703.000000  0.000570 
703.000000  704.000000  0.000568 
704.000000  705.000000  0.000566 
705.000000  706.000000  0.000564 
706.000000  707.000000  0.000563 
707.000000  708.000000  0.000561 
708.000000  709.000000  0.000560 
709.000000  710.000000  0.000558 
710.000000  711.000000  0.000556 
711.000000  712.000000  0.000555 
712.000000  713.000000  0.000553 
713.000000  714.000000  0.000551 
714.000000  715.000000  0.000550 
715.000000  716.000000  0.000548 
716.000000  717.000000  0.000547 
717.000000  718.000000  0.000545 
718.000000  719.000000  0.000544 
719.000000  720.000000  0.000542 
720.000000  721.000000  0.000541 
721.000000  722.000000  0.000539 
722.000000  723.000000  0.000538 
723.000000  724.000000  0.000536 
724.000000  725.000000  0.000535 
725.000000  726.000000  0.000533 
726.000000  727.000000  0.000532 
727.000000  728.000000  0.000530 
728.000000  729.000000  0.000529 
729.000000  730.000000  0.000528 
730.000000  731.000000  0.000526 
731.000000  732.000000  0.000525 
732.000000  733.000000  0.000523 
733.000000  734.000000  0.000522 
734.000000  735.000000  0.000521 
735.000000  736.000000  0.000519 
736.000000  737.000000  0.000518 
737.000000  738.000000  0.000517 
738.000000  739.000000  0.000515 
739.000000  740.000000  0.000514 
740.000000  741.000000  0.000513 
741.000000  742.000000  0.000512 
742.000000  743.000000  0.000510 
743.000000  744.000000  0.000509 
744.000000  745.000000  0.000508 
745.000000  746.000000  0.000506 
746.000000  747.000000  0.000505 
747.000000  748.000000  0.000504 
748.000000  749.000000  0.000503 
749.000000  750.000000  0.000502 
750.000000  751.000000  0.000500 
751.000000  752.000000  0.000499 
752.000000  753.000000  0.000498 
753.000000  754.000000  0.000497 
754.000000  755.000000  0.000496 
755.000000  756.000000  0.000495 
756.000000  757.000000  0.000493 
757.000000  758.000000  0.000492 
758.000000  759.000000  0.000491 
759.000000  760.000000  0.000490 
760.000000  761.000000  0.000489 
761.000000  762.000000  0.000488 
762.000000  763.000000  0.000487 
763.000000  764.000000  0.000486 
764.000000  765.000000  0.000485 
765.000000  766.000000  0.000483 
766.000000  767.000000  0.000482 
767.000000  768.000000  0.000481 
768.000000  769.000000  0.000480 
769.000000  770.000000  0.000479 
770.000000  771.000000  0.000478 
771.000000  772.000000  0.000477 
772.000000  773.000000  0.000476 
773.000000  774.000000  0.000475 
774.000000  775.000000  0.000474 
775.000000  776.000000  0.000473 
776.000000  777.000000  0.000472 
777.000000  778.000000  0.000471 
778.000000  779.000000  0.000470 
779.000000  780.000000  0.000469 
780.000000  781.000000  0.000468 
781.000000  782.000000  0.000467 
782.000000  783.000000  0.000467 
783.000000  784.000000  0.000466 
784.000000  785.000000  0.000465 
785.000000  786.000000  0.000464 
786.000000  787.000000  0.000463 
787.000000  788.000000  0.000462 
788.000000  789.000000  0.000461 
789.000000  790.000000  0.000460 
790.000000  791.000000  0.000459 
791.000000  792.000000  0.000458 
792.000000  793.000000  0.000458 
793.000000  794.000000  0.000457 
794.000000  795.000000  0.000456 
795.000000  796.000000  0.000455 
796.000000  797.000000  0.000454 
797.000000  798.000000  0.000453 
798.000000  799.000000  0.000452 
799.000000  800.000000  0.000452 
800.000000  801.000000  0.000451 
801.000000  802.000000  0.000450 
802.000000  803.000000  0.000449 
803.000000  804.000000  0.000448 
804.000000  805.000000  0.000448 
805.000000  806.000000  0.000447 
806.000000  807.000000  0.000446 
807.000000  808.000000  0.000445 
808.000000  809.000000  0.000445 
809.000000  810.000000  0.000444 
810.000000  811.000000  0.000443 
811.000000  812.000000  0.000442 
812.000000  813.000000  0.000442 
813.000000  814.000000  0.000441 
814.000000  815.000000  0.000440 
815.000000  816.000000  0.000439 
816.000000  817.000000  0.000439 
817.000000  818.000000  0.000438 
818.000000  819.000000  0.000437 
819.000000  820.000000  0.000437 
820.000000  821.000000  0.000436 
821.000000  822.000000  0.000435 
822.000000  823.000000  0.000434 
823.000000  824.000000  0.000434 
824.000000  825.000000  0.000433 
825.000000  826.000000  0.000432 
826.000000  827.000000  0.000432 
827.000000  828.000000  0.000431 
828.000000  829.000000  0.000430 
829.000000  830.000000  0.000430 
830.000000  831.000000  0.000429 
831.000000  832.000000  0.000429 
832.000000  833.000000  0.000428 
833.000000  834.000000  0.000427 
834.000000  835.000000  0.000427 
835.000000  836.000000  0.000426 
836.000000  837.000000  0.000425 
837.000000  838.000000  0.000425 
838.000000  839.000000  0.000424 
839.000000  840.000000  0.000424 
840.000000  841.000000  0.000423 
841.000000  842.000000  0.000422 
842.000000  843.000000  0.000422 
843.000000  844.000000  0.000421 
844.000000  845.000000  0.000421 
845.000000  846.000000  0.000420 
846.000000  847.000000  0.000420 
847.000000  848.000000  0.000419 
848.000000  849.000000  0.000418 
849.000000  850.000000  0.000418 
850.000000  851.000000  0.000417 
851.000000  852.000000  0.000417 
852.000000  853.000000  0.000416 
853.000000  854.000000  0.000416 
854.000000  855.000000  0.000415 
855.000000  856.000000  0.000415 
856.000000  857.000000  0.000414 
857.000000  858.000000  0.000414 
858.000000  859.000000  0.000413 
859.000000  860.000000  0.000413 
860.000000  861.000000  0.000412 
861.000000  862.000000  0.000412 
862.000000  863.000000  0.000411 
863.000000  864.000000  0.000411 
864.000000  865.000000  0.000410 
865.000000  866.000000  0.000410 
866.000000  867.000000  0.000409 
867.000000  868.000000  0.000409 
868.000000  869.000000  0.000408 
869.000000  870.000000  0.000408 
870.000000  871.000000  0.000407 
871.000000  872.000000  0.000407 
872.000000  873.000000  0.000406 
873.000000  874.000000  0.000406 
874.000000  875.000000  0.000405 
875.000000  876.000000  0.000405 
876.000000  877.000000  0.000405 
877.000000  878.000000  0.000404 
878.000000  879.000000  0.000404 
879.000000  880.000000  0.000403 
880.000000  881.000000  0.000403 
881.000000  882.000000  0.000402 
882.000000  883.000000  0.000402 
883.000000  884.000000  0.000401 
884.000000  885.000000  0.000401 
885.000000  886.000000  0.000401 
886.000000  887.000000  0.000400 
887.000000  888.000000  0.000400 
888.000000  889.000000  0.000399 
889.000000  890.000000  0.000399 
890.000000  891.000000  0.000399 
891.000000  892.000000  0.000398 
892.000000  893.000000  0.000398 
893.000000  894.000000  0.000397 
894.000000  895.000000  0.000397 
895.000000  896.000000  0.000397 
896.000000  897.000000  0.000396 
897.000000  898.000000  0.000396 
898.000000  899.000000  0.000396 
899.000000  900.000000  0.000395 
900.000000  901.000000  0.000395 
901.000000  902.000000  0.000394 
902.000000  903.000000  0.000394 
903.000000  904.000000  0.000394 
904.000000  905.000000  0.000393 
905.000000  906.000000  0.000393 
906.000000  907.000000  0.000393 
907.000000  908.000000  0.000392 
908.000000  909.000000  0.000392 
909.000000  910.000000  0.000392 
910.000000  911.000000  0.000391 
911.000000  912.000000  0.000391 
912.000000  913.000000  0.000391 
913.000000  914.000000  0.000390 
914.000000  915.000000  0.000390 
915.000000  916.000000  0.000390 
916.000000  917.000000  0.000389 
917.000000  918.000000  0.000389 
918.000000  919.000000  0.000389 
919.000000  920.000000  0.000388 
920.000000  921.000000  0.000388 
921.000000  922.000000  0.000388 
922.000000  923.000000  0.000387 
923.000000  924.000000  0.000387 
924.000000  925.000000  0.000387 
925.000000  926.000000  0.000386 
926.000000  927.000000  0.000386 
927.000000  928.000000  0.000386 
928.000000  929.000000  0.000386 
929.000000  930.000000  0.000385 
930.000000  931.000000  0.000385 
931.000000  932.000000  0.000385 
932.000000  933.000000  0.000384 
933.000000  934.000000  0.000384 
934.000000  935.000000  0.000384 
935.000000  936.000000  0.000384 
936.000000  937.000000  0.000383 
937.000000  938.000000  0.000383 
938.000000  939.000000  0.000383 
939.000000  940.000000  0.000382 
940.000000  941.000000  0.000382 
941.000000  942.000000  0.000382 
942.000000  943.000000  0.000382 
943.000000  944.000000  0.000381 
