20.000000  21.000000  0.000715 
21.000000  22.000000  0.000777 
22.000000  23.000000  0.000837 
23.000000  24.000000  0.000894 
24.000000  25.000000  0.000949 
25.000000  26.000000  0.001000 
26.000000  27.000000  0.001049 
27.000000  28.000000  0.001094 
28.000000  29.000000  0.001136 
29.000000  30.000000  0.001175 
30.000000  31.000000  0.001211 
31.000000  32.000000  0.001245 
32.000000  33.000000  0.001276 
33.000000  34.000000  0.001305 
34.000000  35.000000  0.001331 
35.000000  36.000000  0.001355 
36.000000  37.000000  0.001378 
37.000000  38.000000  0.001398 
38.000000  39.000000  0.001417 
39.000000  40.000000  0.001433 
40.000000  41.000000  0.001449 
41.000000  42.000000  0.001463 
42.000000  43.000000  0.001475 
43.000000  44.000000  0.001486 
44.000000  45.000000  0.001496 
45.000000  46.000000  0.001504 
46.000000  47.000000  0.001512 
47.000000  48.000000  0.001518 
48.000000  49.000000  0.001524 
49.000000  50.000000  0.001529 
50.000000  51.000000  0.001532 
51.000000  52.000000  0.001535 
52.000000  53.000000  0.001538 
53.000000  54.000000  0.001540 
54.000000  55.000000  0.001541 
55.000000  56.000000  0.001542 
56.000000  57.000000  0.001542 
57.000000  58.000000  0.001542 
58.000000  59.000000  0.001542 
59.000000  60.000000  0.001541 
60.000000  61.000000  0.001540 
61.000000  62.000000  0.001539 
62.000000  63.000000  0.001538 
63.000000  64.000000  0.001536 
64.000000  65.000000  0.001534 
65.000000  66.000000  0.001533 
66.000000  67.000000  0.001531 
67.000000  68.000000  0.001529 
68.000000  69.000000  0.001527 
69.000000  70.000000  0.001524 
70.000000  71.000000  0.001522 
71.000000  72.000000  0.001519 
72.000000  73.000000  0.001517 
73.000000  74.000000  0.001514 
74.000000  75.000000  0.001511 
75.000000  76.000000  0.001508 
76.000000  77.000000  0.001505 
77.000000  78.000000  0.001501 
78.000000  79.000000  0.001498 
79.000000  80.000000  0.001494 
80.000000  81.000000  0.001490 
81.000000  82.000000  0.001486 
82.000000  83.000000  0.001481 
83.000000  84.000000  0.001477 
84.000000  85.000000  0.001472 
85.000000  86.000000  0.001467 
86.000000  87.000000  0.001462 
87.000000  88.000000  0.001457 
88.000000  89.000000  0.001452 
89.000000  90.000000  0.001446 
90.000000  91.000000  0.001440 
91.000000  92.000000  0.001434 
92.000000  93.000000  0.001428 
93.000000  94.000000  0.001422 
94.000000  95.000000  0.001416 
95.000000  96.000000  0.001409 
96.000000  97.000000  0.001402 
97.000000  98.000000  0.001396 
98.000000  99.000000  0.001389 
99.000000  100.000000  0.001382 
100.000000  101.000000  0.001375 
101.000000  102.000000  0.001368 
102.000000  103.000000  0.001360 
103.000000  104.000000  0.001353 
104.000000  105.000000  0.001346 
105.000000  106.000000  0.001338 
106.000000  107.000000  0.001331 
107.000000  108.000000  0.001323 
108.000000  109.000000  0.001316 
109.000000  110.000000  0.001308 
110.000000  111.000000  0.001301 
111.000000  112.000000  0.001293 
112.000000  113.000000  0.001286 
113.000000  114.000000  0.001278 
114.000000  115.000000  0.001270 
115.000000  116.000000  0.001263 
116.000000  117.000000  0.001255 
117.000000  118.000000  0.001248 
118.000000  119.000000  0.001240 
119.000000  120.000000  0.001233 
120.000000  121.000000  0.001225 
121.000000  122.000000  0.001218 
122.000000  123.000000  0.001210 
123.000000  124.000000  0.001203 
124.000000  125.000000  0.001195 
125.000000  126.000000  0.001188 
126.000000  127.000000  0.001181 
127.000000  128.000000  0.001173 
128.000000  129.000000  0.001166 
129.000000  130.000000  0.001159 
130.000000  131.000000  0.001152 
131.000000  132.000000  0.001145 
132.000000  133.000000  0.001138 
133.000000  134.000000  0.001131 
134.000000  135.000000  0.001124 
135.000000  136.000000  0.001117 
136.000000  137.000000  0.001111 
137.000000  138.000000  0.001104 
138.000000  139.000000  0.001097 
139.000000  140.000000  0.001091 
140.000000  141.000000  0.001084 
141.000000  142.000000  0.001078 
142.000000  143.000000  0.001071 
143.000000  144.000000  0.001065 
144.000000  145.000000  0.001059 
145.000000  146.000000  0.001053 
146.000000  147.000000  0.001047 
147.000000  148.000000  0.001041 
148.000000  149.000000  0.001035 
149.000000  150.000000  0.001029 
150.000000  151.000000  0.001023 
151.000000  152.000000  0.001017 
152.000000  153.000000  0.001012 
153.000000  154.000000  0.001006 
154.000000  155.000000  0.001001 
155.000000  156.000000  0.000995 
156.000000  157.000000  0.000990 
157.000000  158.000000  0.000985 
158.000000  159.000000  0.000980 
159.000000  160.000000  0.000975 
160.000000  161.000000  0.000970 
161.000000  162.000000  0.000965 
162.000000  163.000000  0.000960 
163.000000  164.000000  0.000956 
164.000000  165.000000  0.000951 
165.000000  166.000000  0.000947 
166.000000  167.000000  0.000942 
167.000000  168.000000  0.000938 
168.000000  169.000000  0.000934 
169.000000  170.000000  0.000930 
170.000000  171.000000  0.000926 
171.000000  172.000000  0.000922 
172.000000  173.000000  0.000918 
173.000000  174.000000  0.000914 
174.000000  175.000000  0.000911 
175.000000  176.000000  0.000907 
176.000000  177.000000  0.000904 
177.000000  178.000000  0.000901 
178.000000  179.000000  0.000897 
179.000000  180.000000  0.000894 
180.000000  181.000000  0.000891 
181.000000  182.000000  0.000888 
182.000000  183.000000  0.000886 
183.000000  184.000000  0.000883 
184.000000  185.000000  0.000880 
185.000000  186.000000  0.000878 
186.000000  187.000000  0.000876 
187.000000  188.000000  0.000873 
188.000000  189.000000  0.000871 
189.000000  190.000000  0.000869 
190.000000  191.000000  0.000867 
191.000000  192.000000  0.000865 
192.000000  193.000000  0.000863 
193.000000  194.000000  0.000862 
194.000000  195.000000  0.000860 
195.000000  196.000000  0.000859 
196.000000  197.000000  0.000857 
197.000000  198.000000  0.000856 
198.000000  199.000000  0.000855 
199.000000  200.000000  0.000854 
200.000000  201.000000  0.000853 
201.000000  202.000000  0.000852 
202.000000  203.000000  0.000851 
203.000000  204.000000  0.000850 
204.000000  205.000000  0.000850 
205.000000  206.000000  0.000849 
206.000000  207.000000  0.000849 
207.000000  208.000000  0.000848 
208.000000  209.000000  0.000848 
209.000000  210.000000  0.000848 
210.000000  211.000000  0.000848 
211.000000  212.000000  0.000847 
212.000000  213.000000  0.000847 
213.000000  214.000000  0.000847 
214.000000  215.000000  0.000848 
215.000000  216.000000  0.000848 
216.000000  217.000000  0.000848 
217.000000  218.000000  0.000848 
218.000000  219.000000  0.000849 
219.000000  220.000000  0.000849 
220.000000  221.000000  0.000850 
221.000000  222.000000  0.000850 
222.000000  223.000000  0.000851 
223.000000  224.000000  0.000852 
224.000000  225.000000  0.000853 
225.000000  226.000000  0.000853 
226.000000  227.000000  0.000854 
227.000000  228.000000  0.000855 
228.000000  229.000000  0.000856 
229.000000  230.000000  0.000857 
230.000000  231.000000  0.000858 
231.000000  232.000000  0.000859 
232.000000  233.000000  0.000861 
233.000000  234.000000  0.000862 
234.000000  235.000000  0.000863 
235.000000  236.000000  0.000864 
236.000000  237.000000  0.000866 
237.000000  238.000000  0.000867 
238.000000  239.000000  0.000868 
239.000000  240.000000  0.000870 
240.000000  241.000000  0.000871 
241.000000  242.000000  0.000873 
242.000000  243.000000  0.000874 
243.000000  244.000000  0.000876 
244.000000  245.000000  0.000877 
245.000000  246.000000  0.000879 
246.000000  247.000000  0.000880 
247.000000  248.000000  0.000882 
248.000000  249.000000  0.000883 
249.000000  250.000000  0.000885 
250.000000  251.000000  0.000887 
251.000000  252.000000  0.000888 
252.000000  253.000000  0.000890 
253.000000  254.000000  0.000892 
254.000000  255.000000  0.000893 
255.000000  256.000000  0.000895 
256.000000  257.000000  0.000897 
257.000000  258.000000  0.000898 
258.000000  259.000000  0.000900 
259.000000  260.000000  0.000902 
260.000000  261.000000  0.000903 
261.000000  262.000000  0.000905 
262.000000  263.000000  0.000907 
263.000000  264.000000  0.000908 
264.000000  265.000000  0.000910 
265.000000  266.000000  0.000912 
266.000000  267.000000  0.000913 
267.000000  268.000000  0.000915 
268.000000  269.000000  0.000917 
269.000000  270.000000  0.000918 
270.000000  271.000000  0.000920 
271.000000  272.000000  0.000922 
272.000000  273.000000  0.000923 
273.000000  274.000000  0.000925 
274.000000  275.000000  0.000926 
275.000000  276.000000  0.000928 
276.000000  277.000000  0.000929 
277.000000  278.000000  0.000931 
278.000000  279.000000  0.000932 
279.000000  280.000000  0.000934 
280.000000  281.000000  0.000935 
281.000000  282.000000  0.000937 
282.000000  283.000000  0.000938 
283.000000  284.000000  0.000939 
284.000000  285.000000  0.000941 
285.000000  286.000000  0.000942 
286.000000  287.000000  0.000943 
287.000000  288.000000  0.000945 
288.000000  289.000000  0.000946 
289.000000  290.000000  0.000947 
290.000000  291.000000  0.000948 
291.000000  292.000000  0.000950 
292.000000  293.000000  0.000951 
293.000000  294.000000  0.000952 
294.000000  295.000000  0.000953 
295.000000  296.000000  0.000954 
296.000000  297.000000  0.000955 
297.000000  298.000000  0.000956 
298.000000  299.000000  0.000957 
299.000000  300.000000  0.000958 
300.000000  301.000000  0.000959 
301.000000  302.000000  0.000960 
302.000000  303.000000  0.000960 
303.000000  304.000000  0.000961 
304.000000  305.000000  0.000962 
305.000000  306.000000  0.000963 
306.000000  307.000000  0.000963 
307.000000  308.000000  0.000964 
308.000000  309.000000  0.000965 
309.000000  310.000000  0.000965 
310.000000  311.000000  0.000966 
311.000000  312.000000  0.000966 
312.000000  313.000000  0.000967 
313.000000  314.000000  0.000967 
314.000000  315.000000  0.000968 
315.000000  316.000000  0.000968 
316.000000  317.000000  0.000968 
317.000000  318.000000  0.000969 
318.000000  319.000000  0.000969 
319.000000  320.000000  0.000969 
320.000000  321.000000  0.000969 
321.000000  322.000000  0.000970 
322.000000  323.000000  0.000970 
323.000000  324.000000  0.000970 
324.000000  325.000000  0.000970 
325.000000  326.000000  0.000970 
326.000000  327.000000  0.000970 
327.000000  328.000000  0.000970 
328.000000  329.000000  0.000970 
329.000000  330.000000  0.000970 
330.000000  331.000000  0.000969 
331.000000  332.000000  0.000969 
332.000000  333.000000  0.000969 
333.000000  334.000000  0.000969 
334.000000  335.000000  0.000968 
335.000000  336.000000  0.000968 
336.000000  337.000000  0.000968 
337.000000  338.000000  0.000967 
338.000000  339.000000  0.000967 
339.000000  340.000000  0.000966 
340.000000  341.000000  0.000966 
341.000000  342.000000  0.000965 
342.000000  343.000000  0.000965 
343.000000  344.000000  0.000964 
344.000000  345.000000  0.000963 
345.000000  346.000000  0.000963 
346.000000  347.000000  0.000962 
347.000000  348.000000  0.000961 
348.000000  349.000000  0.000960 
349.000000  350.000000  0.000960 
350.000000  351.000000  0.000959 
351.000000  352.000000  0.000958 
352.000000  353.000000  0.000957 
353.000000  354.000000  0.000956 
354.000000  355.000000  0.000955 
355.000000  356.000000  0.000954 
356.000000  357.000000  0.000953 
357.000000  358.000000  0.000952 
358.000000  359.000000  0.000951 
359.000000  360.000000  0.000949 
360.000000  361.000000  0.000948 
361.000000  362.000000  0.000947 
362.000000  363.000000  0.000946 
363.000000  364.000000  0.000944 
364.000000  365.000000  0.000943 
365.000000  366.000000  0.000942 
366.000000  367.000000  0.000940 
367.000000  368.000000  0.000939 
368.000000  369.000000  0.000938 
369.000000  370.000000  0.000936 
370.000000  371.000000  0.000935 
371.000000  372.000000  0.000933 
372.000000  373.000000  0.000932 
373.000000  374.000000  0.000930 
374.000000  375.000000  0.000928 
375.000000  376.000000  0.000927 
376.000000  377.000000  0.000925 
377.000000  378.000000  0.000923 
378.000000  379.000000  0.000922 
379.000000  380.000000  0.000920 
380.000000  381.000000  0.000918 
381.000000  382.000000  0.000916 
382.000000  383.000000  0.000915 
383.000000  384.000000  0.000913 
384.000000  385.000000  0.000911 
385.000000  386.000000  0.000909 
386.000000  387.000000  0.000907 
387.000000  388.000000  0.000905 
388.000000  389.000000  0.000903 
389.000000  390.000000  0.000901 
390.000000  391.000000  0.000899 
391.000000  392.000000  0.000897 
392.000000  393.000000  0.000895 
393.000000  394.000000  0.000893 
394.000000  395.000000  0.000891 
395.000000  396.000000  0.000889 
396.000000  397.000000  0.000887 
397.000000  398.000000  0.000884 
398.000000  399.000000  0.000882 
399.000000  400.000000  0.000880 
400.000000  401.000000  0.000878 
401.000000  402.000000  0.000876 
402.000000  403.000000  0.000873 
403.000000  404.000000  0.000871 
404.000000  405.000000  0.000869 
405.000000  406.000000  0.000866 
406.000000  407.000000  0.000864 
407.000000  408.000000  0.000862 
408.000000  409.000000  0.000859 
409.000000  410.000000  0.000857 
410.000000  411.000000  0.000855 
411.000000  412.000000  0.000852 
412.000000  413.000000  0.000850 
413.000000  414.000000  0.000847 
414.000000  415.000000  0.000845 
415.000000  416.000000  0.000842 
416.000000  417.000000  0.000840 
417.000000  418.000000  0.000837 
418.000000  419.000000  0.000835 
419.000000  420.000000  0.000832 
420.000000  421.000000  0.000830 
421.000000  422.000000  0.000827 
422.000000  423.000000  0.000825 
423.000000  424.000000  0.000822 
424.000000  425.000000  0.000819 
425.000000  426.000000  0.000817 
426.000000  427.000000  0.000814 
427.000000  428.000000  0.000811 
428.000000  429.000000  0.000809 
429.000000  430.000000  0.000806 
430.000000  431.000000  0.000803 
431.000000  432.000000  0.000801 
432.000000  433.000000  0.000798 
433.000000  434.000000  0.000795 
434.000000  435.000000  0.000793 
435.000000  436.000000  0.000790 
436.000000  437.000000  0.000787 
437.000000  438.000000  0.000784 
438.000000  439.000000  0.000782 
439.000000  440.000000  0.000779 
440.000000  441.000000  0.000776 
441.000000  442.000000  0.000773 
442.000000  443.000000  0.000771 
443.000000  444.000000  0.000768 
444.000000  445.000000  0.000765 
445.000000  446.000000  0.000762 
446.000000  447.000000  0.000759 
447.000000  448.000000  0.000757 
448.000000  449.000000  0.000754 
449.000000  450.000000  0.000751 
450.000000  451.000000  0.000748 
451.000000  452.000000  0.000745 
452.000000  453.000000  0.000742 
453.000000  454.000000  0.000739 
454.000000  455.000000  0.000737 
455.000000  456.000000  0.000734 
456.000000  457.000000  0.000731 
457.000000  458.000000  0.000728 
458.000000  459.000000  0.000725 
459.000000  460.000000  0.000722 
460.000000  461.000000  0.000719 
461.000000  462.000000  0.000717 
462.000000  463.000000  0.000714 
463.000000  464.000000  0.000711 
464.000000  465.000000  0.000708 
465.000000  466.000000  0.000705 
466.000000  467.000000  0.000702 
467.000000  468.000000  0.000699 
468.000000  469.000000  0.000696 
469.000000  470.000000  0.000693 
470.000000  471.000000  0.000691 
471.000000  472.000000  0.000688 
472.000000  473.000000  0.000685 
473.000000  474.000000  0.000682 
474.000000  475.000000  0.000679 
475.000000  476.000000  0.000676 
476.000000  477.000000  0.000673 
477.000000  478.000000  0.000670 
478.000000  479.000000  0.000667 
479.000000  480.000000  0.000665 
480.000000  481.000000  0.000662 
481.000000  482.000000  0.000659 
482.000000  483.000000  0.000656 
483.000000  484.000000  0.000653 
484.000000  485.000000  0.000650 
485.000000  486.000000  0.000647 
486.000000  487.000000  0.000644 
487.000000  488.000000  0.000642 
488.000000  489.000000  0.000639 
489.000000  490.000000  0.000636 
490.000000  491.000000  0.000633 
491.000000  492.000000  0.000630 
492.000000  493.000000  0.000627 
493.000000  494.000000  0.000624 
494.000000  495.000000  0.000622 
495.000000  496.000000  0.000619 
496.000000  497.000000  0.000616 
497.000000  498.000000  0.000613 
498.000000  499.000000  0.000610 
499.000000  500.000000  0.000607 
500.000000  501.000000  0.000605 
501.000000  502.000000  0.000602 
502.000000  503.000000  0.000599 
503.000000  504.000000  0.000596 
504.000000  505.000000  0.000593 
505.000000  506.000000  0.000591 
506.000000  507.000000  0.000588 
507.000000  508.000000  0.000585 
508.000000  509.000000  0.000582 
509.000000  510.000000  0.000580 
510.000000  511.000000  0.000577 
511.000000  512.000000  0.000574 
512.000000  513.000000  0.000571 
513.000000  514.000000  0.000569 
514.000000  515.000000  0.000566 
515.000000  516.000000  0.000563 
516.000000  517.000000  0.000561 
517.000000  518.000000  0.000558 
518.000000  519.000000  0.000555 
519.000000  520.000000  0.000553 
520.000000  521.000000  0.000550 
521.000000  522.000000  0.000547 
522.000000  523.000000  0.000545 
523.000000  524.000000  0.000542 
524.000000  525.000000  0.000539 
525.000000  526.000000  0.000537 
526.000000  527.000000  0.000534 
527.000000  528.000000  0.000532 
528.000000  529.000000  0.000529 
529.000000  530.000000  0.000526 
530.000000  531.000000  0.000524 
531.000000  532.000000  0.000521 
532.000000  533.000000  0.000519 
533.000000  534.000000  0.000516 
534.000000  535.000000  0.000514 
535.000000  536.000000  0.000511 
536.000000  537.000000  0.000509 
537.000000  538.000000  0.000506 
538.000000  539.000000  0.000504 
539.000000  540.000000  0.000501 
540.000000  541.000000  0.000499 
541.000000  542.000000  0.000496 
542.000000  543.000000  0.000494 
543.000000  544.000000  0.000491 
544.000000  545.000000  0.000489 
545.000000  546.000000  0.000486 
546.000000  547.000000  0.000484 
547.000000  548.000000  0.000482 
548.000000  549.000000  0.000479 
549.000000  550.000000  0.000477 
550.000000  551.000000  0.000474 
551.000000  552.000000  0.000472 
552.000000  553.000000  0.000470 
553.000000  554.000000  0.000467 
554.000000  555.000000  0.000465 
555.000000  556.000000  0.000463 
556.000000  557.000000  0.000460 
557.000000  558.000000  0.000458 
558.000000  559.000000  0.000456 
559.000000  560.000000  0.000454 
560.000000  561.000000  0.000451 
561.000000  562.000000  0.000449 
562.000000  563.000000  0.000447 
563.000000  564.000000  0.000445 
564.000000  565.000000  0.000442 
565.000000  566.000000  0.000440 
566.000000  567.000000  0.000438 
567.000000  568.000000  0.000436 
568.000000  569.000000  0.000434 
569.000000  570.000000  0.000432 
570.000000  571.000000  0.000429 
571.000000  572.000000  0.000427 
572.000000  573.000000  0.000425 
573.000000  574.000000  0.000423 
574.000000  575.000000  0.000421 
575.000000  576.000000  0.000419 
576.000000  577.000000  0.000417 
577.000000  578.000000  0.000415 
578.000000  579.000000  0.000413 
579.000000  580.000000  0.000411 
580.000000  581.000000  0.000409 
581.000000  582.000000  0.000407 
582.000000  583.000000  0.000405 
583.000000  584.000000  0.000403 
584.000000  585.000000  0.000401 
585.000000  586.000000  0.000399 
586.000000  587.000000  0.000397 
587.000000  588.000000  0.000395 
588.000000  589.000000  0.000393 
589.000000  590.000000  0.000391 
590.000000  591.000000  0.000389 
591.000000  592.000000  0.000387 
592.000000  593.000000  0.000385 
593.000000  594.000000  0.000383 
594.000000  595.000000  0.000382 
595.000000  596.000000  0.000380 
596.000000  597.000000  0.000378 
597.000000  598.000000  0.000376 
598.000000  599.000000  0.000374 
599.000000  600.000000  0.000373 
600.000000  601.000000  0.000371 
601.000000  602.000000  0.000369 
602.000000  603.000000  0.000367 
603.000000  604.000000  0.000365 
604.000000  605.000000  0.000364 
605.000000  606.000000  0.000362 
606.000000  607.000000  0.000360 
607.000000  608.000000  0.000359 
608.000000  609.000000  0.000357 
609.000000  610.000000  0.000355 
610.000000  611.000000  0.000354 
611.000000  612.000000  0.000352 
612.000000  613.000000  0.000350 
613.000000  614.000000  0.000349 
614.000000  615.000000  0.000347 
615.000000  616.000000  0.000345 
616.000000  617.000000  0.000344 
617.000000  618.000000  0.000342 
618.000000  619.000000  0.000341 
619.000000  620.000000  0.000339 
620.000000  621.000000  0.000337 
621.000000  622.000000  0.000336 
622.000000  623.000000  0.000334 
623.000000  624.000000  0.000333 
624.000000  625.000000  0.000331 
625.000000  626.000000  0.000330 
626.000000  627.000000  0.000328 
627.000000  628.000000  0.000327 
628.000000  629.000000  0.000325 
629.000000  630.000000  0.000324 
630.000000  631.000000  0.000322 
631.000000  632.000000  0.000321 
632.000000  633.000000  0.000319 
633.000000  634.000000  0.000318 
634.000000  635.000000  0.000317 
635.000000  636.000000  0.000315 
636.000000  637.000000  0.000314 
637.000000  638.000000  0.000312 
638.000000  639.000000  0.000311 
639.000000  640.000000  0.000310 
640.000000  641.000000  0.000308 
641.000000  642.000000  0.000307 
642.000000  643.000000  0.000306 
643.000000  644.000000  0.000304 
644.000000  645.000000  0.000303 
645.000000  646.000000  0.000302 
646.000000  647.000000  0.000300 
647.000000  648.000000  0.000299 
648.000000  649.000000  0.000298 
649.000000  650.000000  0.000297 
650.000000  651.000000  0.000295 
651.000000  652.000000  0.000294 
652.000000  653.000000  0.000293 
653.000000  654.000000  0.000292 
654.000000  655.000000  0.000290 
655.000000  656.000000  0.000289 
656.000000  657.000000  0.000288 
657.000000  658.000000  0.000287 
658.000000  659.000000  0.000286 
659.000000  660.000000  0.000285 
660.000000  661.000000  0.000283 
661.000000  662.000000  0.000282 
662.000000  663.000000  0.000281 
663.000000  664.000000  0.000280 
664.000000  665.000000  0.000279 
665.000000  666.000000  0.000278 
666.000000  667.000000  0.000277 
667.000000  668.000000  0.000275 
668.000000  669.000000  0.000274 
669.000000  670.000000  0.000273 
670.000000  671.000000  0.000272 
671.000000  672.000000  0.000271 
672.000000  673.000000  0.000270 
673.000000  674.000000  0.000269 
674.000000  675.000000  0.000268 
675.000000  676.000000  0.000267 
676.000000  677.000000  0.000266 
677.000000  678.000000  0.000265 
678.000000  679.000000  0.000264 
679.000000  680.000000  0.000263 
680.000000  681.000000  0.000262 
681.000000  682.000000  0.000261 
682.000000  683.000000  0.000260 
683.000000  684.000000  0.000259 
684.000000  685.000000  0.000258 
685.000000  686.000000  0.000257 
686.000000  687.000000  0.000256 
687.000000  688.000000  0.000255 
688.000000  689.000000  0.000254 
689.000000  690.000000  0.000253 
690.000000  691.000000  0.000252 
691.000000  692.000000  0.000251 
692.000000  693.000000  0.000251 
693.000000  694.000000  0.000250 
694.000000  695.000000  0.000249 
695.000000  696.000000  0.000248 
696.000000  697.000000  0.000247 
697.000000  698.000000  0.000246 
698.000000  699.000000  0.000245 
699.000000  700.000000  0.000244 
700.000000  701.000000  0.000244 
701.000000  702.000000  0.000243 
702.000000  703.000000  0.000242 
703.000000  704.000000  0.000241 
704.000000  705.000000  0.000240 
705.000000  706.000000  0.000239 
706.000000  707.000000  0.000239 
707.000000  708.000000  0.000238 
708.000000  709.000000  0.000237 
709.000000  710.000000  0.000236 
710.000000  711.000000  0.000235 
711.000000  712.000000  0.000235 
712.000000  713.000000  0.000234 
713.000000  714.000000  0.000233 
714.000000  715.000000  0.000232 
715.000000  716.000000  0.000232 
716.000000  717.000000  0.000231 
717.000000  718.000000  0.000230 
718.000000  719.000000  0.000229 
719.000000  720.000000  0.000229 
720.000000  721.000000  0.000228 
721.000000  722.000000  0.000227 
722.000000  723.000000  0.000226 
723.000000  724.000000  0.000226 
724.000000  725.000000  0.000225 
725.000000  726.000000  0.000224 
726.000000  727.000000  0.000224 
727.000000  728.000000  0.000223 
728.000000  729.000000  0.000222 
729.000000  730.000000  0.000222 
730.000000  731.000000  0.000221 
731.000000  732.000000  0.000220 
732.000000  733.000000  0.000220 
733.000000  734.000000  0.000219 
734.000000  735.000000  0.000218 
735.000000  736.000000  0.000218 
736.000000  737.000000  0.000217 
737.000000  738.000000  0.000216 
738.000000  739.000000  0.000216 
739.000000  740.000000  0.000215 
740.000000  741.000000  0.000215 
741.000000  742.000000  0.000214 
742.000000  743.000000  0.000213 
743.000000  744.000000  0.000213 
744.000000  745.000000  0.000212 
745.000000  746.000000  0.000212 
746.000000  747.000000  0.000211 
747.000000  748.000000  0.000210 
748.000000  749.000000  0.000210 
749.000000  750.000000  0.000209 
750.000000  751.000000  0.000209 
751.000000  752.000000  0.000208 
752.000000  753.000000  0.000208 
753.000000  754.000000  0.000207 
754.000000  755.000000  0.000207 
755.000000  756.000000  0.000206 
756.000000  757.000000  0.000206 
757.000000  758.000000  0.000205 
758.000000  759.000000  0.000204 
759.000000  760.000000  0.000204 
760.000000  761.000000  0.000203 
761.000000  762.000000  0.000203 
762.000000  763.000000  0.000202 
763.000000  764.000000  0.000202 
764.000000  765.000000  0.000201 
765.000000  766.000000  0.000201 
766.000000  767.000000  0.000200 
767.000000  768.000000  0.000200 
768.000000  769.000000  0.000199 
769.000000  770.000000  0.000199 
770.000000  771.000000  0.000198 
771.000000  772.000000  0.000198 
772.000000  773.000000  0.000198 
773.000000  774.000000  0.000197 
774.000000  775.000000  0.000197 
775.000000  776.000000  0.000196 
776.000000  777.000000  0.000196 
777.000000  778.000000  0.000195 
778.000000  779.000000  0.000195 
779.000000  780.000000  0.000194 
780.000000  781.000000  0.000194 
781.000000  782.000000  0.000193 
782.000000  783.000000  0.000193 
783.000000  784.000000  0.000193 
784.000000  785.000000  0.000192 
785.000000  786.000000  0.000192 
786.000000  787.000000  0.000191 
787.000000  788.000000  0.000191 
788.000000  789.000000  0.000190 
789.000000  790.000000  0.000190 
790.000000  791.000000  0.000190 
791.000000  792.000000  0.000189 
792.000000  793.000000  0.000189 
793.000000  794.000000  0.000188 
794.000000  795.000000  0.000188 
795.000000  796.000000  0.000188 
796.000000  797.000000  0.000187 
797.000000  798.000000  0.000187 
798.000000  799.000000  0.000187 
799.000000  800.000000  0.000186 
800.000000  801.000000  0.000186 
801.000000  802.000000  0.000185 
802.000000  803.000000  0.000185 
803.000000  804.000000  0.000185 
804.000000  805.000000  0.000184 
805.000000  806.000000  0.000184 
806.000000  807.000000  0.000184 
807.000000  808.000000  0.000183 
808.000000  809.000000  0.000183 
809.000000  810.000000  0.000183 
810.000000  811.000000  0.000182 
811.000000  812.000000  0.000182 
812.000000  813.000000  0.000182 
813.000000  814.000000  0.000181 
814.000000  815.000000  0.000181 
815.000000  816.000000  0.000181 
816.000000  817.000000  0.000180 
817.000000  818.000000  0.000180 
818.000000  819.000000  0.000180 
819.000000  820.000000  0.000179 
820.000000  821.000000  0.000179 
821.000000  822.000000  0.000179 
822.000000  823.000000  0.000178 
823.000000  824.000000  0.000178 
824.000000  825.000000  0.000178 
825.000000  826.000000  0.000177 
826.000000  827.000000  0.000177 
827.000000  828.000000  0.000177 
828.000000  829.000000  0.000177 
829.000000  830.000000  0.000176 
830.000000  831.000000  0.000176 
831.000000  832.000000  0.000176 
832.000000  833.000000  0.000175 
833.000000  834.000000  0.000175 
834.000000  835.000000  0.000175 
835.000000  836.000000  0.000175 
836.000000  837.000000  0.000174 
837.000000  838.000000  0.000174 
838.000000  839.000000  0.000174 
839.000000  840.000000  0.000174 
840.000000  841.000000  0.000173 
841.000000  842.000000  0.000173 
842.000000  843.000000  0.000173 
843.000000  844.000000  0.000172 
844.000000  845.000000  0.000172 
845.000000  846.000000  0.000172 
846.000000  847.000000  0.000172 
847.000000  848.000000  0.000171 
848.000000  849.000000  0.000171 
849.000000  850.000000  0.000171 
850.000000  851.000000  0.000171 
851.000000  852.000000  0.000170 
852.000000  853.000000  0.000170 
853.000000  854.000000  0.000170 
854.000000  855.000000  0.000170 
855.000000  856.000000  0.000170 
856.000000  857.000000  0.000169 
857.000000  858.000000  0.000169 
858.000000  859.000000  0.000169 
859.000000  860.000000  0.000169 
860.000000  861.000000  0.000168 
861.000000  862.000000  0.000168 
862.000000  863.000000  0.000168 
863.000000  864.000000  0.000168 
864.000000  865.000000  0.000167 
865.000000  866.000000  0.000167 
866.000000  867.000000  0.000167 
867.000000  868.000000  0.000167 
868.000000  869.000000  0.000167 
869.000000  870.000000  0.000166 
870.000000  871.000000  0.000166 
871.000000  872.000000  0.000166 
872.000000  873.000000  0.000166 
873.000000  874.000000  0.000166 
874.000000  875.000000  0.000165 
875.000000  876.000000  0.000165 
876.000000  877.000000  0.000165 
877.000000  878.000000  0.000165 
878.000000  879.000000  0.000165 
879.000000  880.000000  0.000164 
880.000000  881.000000  0.000164 
881.000000  882.000000  0.000164 
882.000000  883.000000  0.000164 
883.000000  884.000000  0.000164 
884.000000  885.000000  0.000164 
885.000000  886.000000  0.000163 
886.000000  887.000000  0.000163 
887.000000  888.000000  0.000163 
888.000000  889.000000  0.000163 
889.000000  890.000000  0.000163 
890.000000  891.000000  0.000162 
891.000000  892.000000  0.000162 
892.000000  893.000000  0.000162 
893.000000  894.000000  0.000162 
894.000000  895.000000  0.000162 
895.000000  896.000000  0.000162 
896.000000  897.000000  0.000161 
897.000000  898.000000  0.000161 
898.000000  899.000000  0.000161 
899.000000  900.000000  0.000161 
900.000000  901.000000  0.000161 
901.000000  902.000000  0.000161 
902.000000  903.000000  0.000161 
903.000000  904.000000  0.000160 
904.000000  905.000000  0.000160 
905.000000  906.000000  0.000160 
906.000000  907.000000  0.000160 
907.000000  908.000000  0.000160 
908.000000  909.000000  0.000160 
909.000000  910.000000  0.000159 
910.000000  911.000000  0.000159 
911.000000  912.000000  0.000159 
912.000000  913.000000  0.000159 
913.000000  914.000000  0.000159 
914.000000  915.000000  0.000159 
915.000000  916.000000  0.000159 
916.000000  917.000000  0.000158 
917.000000  918.000000  0.000158 
918.000000  919.000000  0.000158 
919.000000  920.000000  0.000158 
920.000000  921.000000  0.000158 
921.000000  922.000000  0.000158 
922.000000  923.000000  0.000158 
923.000000  924.000000  0.000158 
924.000000  925.000000  0.000157 
925.000000  926.000000  0.000157 
926.000000  927.000000  0.000157 
927.000000  928.000000  0.000157 
928.000000  929.000000  0.000157 
929.000000  930.000000  0.000157 
930.000000  931.000000  0.000157 
931.000000  932.000000  0.000157 
932.000000  933.000000  0.000156 
933.000000  934.000000  0.000156 
934.000000  935.000000  0.000156 
935.000000  936.000000  0.000156 
936.000000  937.000000  0.000156 
937.000000  938.000000  0.000156 
938.000000  939.000000  0.000156 
939.000000  940.000000  0.000156 
940.000000  941.000000  0.000156 
941.000000  942.000000  0.000155 
942.000000  943.000000  0.000155 
943.000000  944.000000  0.000155 
