20.000000  21.000000  0.000474 
21.000000  22.000000  0.000507 
22.000000  23.000000  0.000538 
23.000000  24.000000  0.000565 
24.000000  25.000000  0.000588 
25.000000  26.000000  0.000609 
26.000000  27.000000  0.000626 
27.000000  28.000000  0.000640 
28.000000  29.000000  0.000652 
29.000000  30.000000  0.000661 
30.000000  31.000000  0.000667 
31.000000  32.000000  0.000671 
32.000000  33.000000  0.000674 
33.000000  34.000000  0.000674 
34.000000  35.000000  0.000674 
35.000000  36.000000  0.000672 
36.000000  37.000000  0.000670 
37.000000  38.000000  0.000666 
38.000000  39.000000  0.000662 
39.000000  40.000000  0.000658 
40.000000  41.000000  0.000654 
41.000000  42.000000  0.000650 
42.000000  43.000000  0.000645 
43.000000  44.000000  0.000641 
44.000000  45.000000  0.000637 
45.000000  46.000000  0.000633 
46.000000  47.000000  0.000629 
47.000000  48.000000  0.000625 
48.000000  49.000000  0.000622 
49.000000  50.000000  0.000619 
50.000000  51.000000  0.000617 
51.000000  52.000000  0.000615 
52.000000  53.000000  0.000613 
53.000000  54.000000  0.000611 
54.000000  55.000000  0.000610 
55.000000  56.000000  0.000609 
56.000000  57.000000  0.000608 
57.000000  58.000000  0.000608 
58.000000  59.000000  0.000608 
59.000000  60.000000  0.000608 
60.000000  61.000000  0.000608 
61.000000  62.000000  0.000608 
62.000000  63.000000  0.000609 
63.000000  64.000000  0.000609 
64.000000  65.000000  0.000610 
65.000000  66.000000  0.000611 
66.000000  67.000000  0.000612 
67.000000  68.000000  0.000613 
68.000000  69.000000  0.000614 
69.000000  70.000000  0.000615 
70.000000  71.000000  0.000616 
71.000000  72.000000  0.000617 
72.000000  73.000000  0.000618 
73.000000  74.000000  0.000619 
74.000000  75.000000  0.000620 
75.000000  76.000000  0.000621 
76.000000  77.000000  0.000622 
77.000000  78.000000  0.000623 
78.000000  79.000000  0.000624 
79.000000  80.000000  0.000625 
80.000000  81.000000  0.000625 
81.000000  82.000000  0.000626 
82.000000  83.000000  0.000626 
83.000000  84.000000  0.000626 
84.000000  85.000000  0.000626 
85.000000  86.000000  0.000626 
86.000000  87.000000  0.000626 
87.000000  88.000000  0.000626 
88.000000  89.000000  0.000625 
89.000000  90.000000  0.000625 
90.000000  91.000000  0.000624 
91.000000  92.000000  0.000623 
92.000000  93.000000  0.000622 
93.000000  94.000000  0.000621 
94.000000  95.000000  0.000619 
95.000000  96.000000  0.000618 
96.000000  97.000000  0.000616 
97.000000  98.000000  0.000614 
98.000000  99.000000  0.000612 
99.000000  100.000000  0.000610 
100.000000  101.000000  0.000608 
101.000000  102.000000  0.000605 
102.000000  103.000000  0.000603 
103.000000  104.000000  0.000600 
104.000000  105.000000  0.000597 
105.000000  106.000000  0.000594 
106.000000  107.000000  0.000591 
107.000000  108.000000  0.000588 
108.000000  109.000000  0.000585 
109.000000  110.000000  0.000581 
110.000000  111.000000  0.000577 
111.000000  112.000000  0.000574 
112.000000  113.000000  0.000570 
113.000000  114.000000  0.000566 
114.000000  115.000000  0.000562 
115.000000  116.000000  0.000558 
116.000000  117.000000  0.000554 
117.000000  118.000000  0.000550 
118.000000  119.000000  0.000545 
119.000000  120.000000  0.000541 
120.000000  121.000000  0.000537 
121.000000  122.000000  0.000532 
122.000000  123.000000  0.000528 
123.000000  124.000000  0.000523 
124.000000  125.000000  0.000518 
125.000000  126.000000  0.000514 
126.000000  127.000000  0.000509 
127.000000  128.000000  0.000504 
128.000000  129.000000  0.000500 
129.000000  130.000000  0.000495 
130.000000  131.000000  0.000490 
131.000000  132.000000  0.000485 
132.000000  133.000000  0.000481 
133.000000  134.000000  0.000476 
134.000000  135.000000  0.000471 
135.000000  136.000000  0.000466 
136.000000  137.000000  0.000462 
137.000000  138.000000  0.000457 
138.000000  139.000000  0.000452 
139.000000  140.000000  0.000448 
140.000000  141.000000  0.000443 
141.000000  142.000000  0.000438 
142.000000  143.000000  0.000434 
143.000000  144.000000  0.000429 
144.000000  145.000000  0.000425 
145.000000  146.000000  0.000420 
146.000000  147.000000  0.000416 
147.000000  148.000000  0.000411 
148.000000  149.000000  0.000407 
149.000000  150.000000  0.000403 
150.000000  151.000000  0.000398 
151.000000  152.000000  0.000394 
152.000000  153.000000  0.000390 
153.000000  154.000000  0.000386 
154.000000  155.000000  0.000382 
155.000000  156.000000  0.000377 
156.000000  157.000000  0.000373 
157.000000  158.000000  0.000369 
158.000000  159.000000  0.000366 
159.000000  160.000000  0.000362 
160.000000  161.000000  0.000358 
161.000000  162.000000  0.000354 
162.000000  163.000000  0.000350 
163.000000  164.000000  0.000347 
164.000000  165.000000  0.000343 
165.000000  166.000000  0.000340 
166.000000  167.000000  0.000336 
167.000000  168.000000  0.000333 
168.000000  169.000000  0.000329 
169.000000  170.000000  0.000326 
170.000000  171.000000  0.000323 
171.000000  172.000000  0.000319 
172.000000  173.000000  0.000316 
173.000000  174.000000  0.000313 
174.000000  175.000000  0.000310 
175.000000  176.000000  0.000307 
176.000000  177.000000  0.000304 
177.000000  178.000000  0.000301 
178.000000  179.000000  0.000298 
179.000000  180.000000  0.000296 
180.000000  181.000000  0.000293 
181.000000  182.000000  0.000290 
182.000000  183.000000  0.000287 
183.000000  184.000000  0.000285 
184.000000  185.000000  0.000282 
185.000000  186.000000  0.000280 
186.000000  187.000000  0.000277 
187.000000  188.000000  0.000275 
188.000000  189.000000  0.000272 
189.000000  190.000000  0.000270 
190.000000  191.000000  0.000268 
191.000000  192.000000  0.000265 
192.000000  193.000000  0.000263 
193.000000  194.000000  0.000261 
194.000000  195.000000  0.000259 
195.000000  196.000000  0.000257 
196.000000  197.000000  0.000255 
197.000000  198.000000  0.000253 
198.000000  199.000000  0.000251 
199.000000  200.000000  0.000249 
200.000000  201.000000  0.000247 
201.000000  202.000000  0.000245 
202.000000  203.000000  0.000243 
203.000000  204.000000  0.000242 
204.000000  205.000000  0.000240 
205.000000  206.000000  0.000238 
206.000000  207.000000  0.000237 
207.000000  208.000000  0.000235 
208.000000  209.000000  0.000233 
209.000000  210.000000  0.000232 
210.000000  211.000000  0.000230 
211.000000  212.000000  0.000229 
212.000000  213.000000  0.000227 
213.000000  214.000000  0.000226 
214.000000  215.000000  0.000225 
215.000000  216.000000  0.000223 
216.000000  217.000000  0.000222 
217.000000  218.000000  0.000221 
218.000000  219.000000  0.000219 
219.000000  220.000000  0.000218 
220.000000  221.000000  0.000217 
221.000000  222.000000  0.000216 
222.000000  223.000000  0.000215 
223.000000  224.000000  0.000214 
224.000000  225.000000  0.000213 
225.000000  226.000000  0.000212 
226.000000  227.000000  0.000211 
227.000000  228.000000  0.000210 
228.000000  229.000000  0.000209 
229.000000  230.000000  0.000208 
230.000000  231.000000  0.000207 
231.000000  232.000000  0.000206 
232.000000  233.000000  0.000205 
233.000000  234.000000  0.000204 
234.000000  235.000000  0.000203 
235.000000  236.000000  0.000202 
236.000000  237.000000  0.000202 
237.000000  238.000000  0.000201 
238.000000  239.000000  0.000200 
239.000000  240.000000  0.000200 
240.000000  241.000000  0.000199 
241.000000  242.000000  0.000198 
242.000000  243.000000  0.000198 
243.000000  244.000000  0.000197 
244.000000  245.000000  0.000196 
245.000000  246.000000  0.000196 
246.000000  247.000000  0.000195 
247.000000  248.000000  0.000195 
248.000000  249.000000  0.000194 
249.000000  250.000000  0.000194 
250.000000  251.000000  0.000193 
251.000000  252.000000  0.000193 
252.000000  253.000000  0.000193 
253.000000  254.000000  0.000192 
254.000000  255.000000  0.000192 
255.000000  256.000000  0.000191 
256.000000  257.000000  0.000191 
257.000000  258.000000  0.000191 
258.000000  259.000000  0.000190 
259.000000  260.000000  0.000190 
260.000000  261.000000  0.000190 
261.000000  262.000000  0.000190 
262.000000  263.000000  0.000189 
263.000000  264.000000  0.000189 
264.000000  265.000000  0.000189 
265.000000  266.000000  0.000189 
266.000000  267.000000  0.000189 
267.000000  268.000000  0.000189 
268.000000  269.000000  0.000188 
269.000000  270.000000  0.000188 
270.000000  271.000000  0.000188 
271.000000  272.000000  0.000188 
272.000000  273.000000  0.000188 
273.000000  274.000000  0.000188 
274.000000  275.000000  0.000188 
275.000000  276.000000  0.000188 
276.000000  277.000000  0.000188 
277.000000  278.000000  0.000188 
278.000000  279.000000  0.000188 
279.000000  280.000000  0.000188 
280.000000  281.000000  0.000188 
281.000000  282.000000  0.000188 
282.000000  283.000000  0.000188 
283.000000  284.000000  0.000188 
284.000000  285.000000  0.000189 
285.000000  286.000000  0.000189 
286.000000  287.000000  0.000189 
287.000000  288.000000  0.000189 
288.000000  289.000000  0.000189 
289.000000  290.000000  0.000189 
290.000000  291.000000  0.000189 
291.000000  292.000000  0.000190 
292.000000  293.000000  0.000190 
293.000000  294.000000  0.000190 
294.000000  295.000000  0.000190 
295.000000  296.000000  0.000191 
296.000000  297.000000  0.000191 
297.000000  298.000000  0.000191 
298.000000  299.000000  0.000191 
299.000000  300.000000  0.000192 
300.000000  301.000000  0.000192 
301.000000  302.000000  0.000192 
302.000000  303.000000  0.000192 
303.000000  304.000000  0.000193 
304.000000  305.000000  0.000193 
305.000000  306.000000  0.000193 
306.000000  307.000000  0.000194 
307.000000  308.000000  0.000194 
308.000000  309.000000  0.000195 
309.000000  310.000000  0.000195 
310.000000  311.000000  0.000195 
311.000000  312.000000  0.000196 
312.000000  313.000000  0.000196 
313.000000  314.000000  0.000197 
314.000000  315.000000  0.000197 
315.000000  316.000000  0.000197 
316.000000  317.000000  0.000198 
317.000000  318.000000  0.000198 
318.000000  319.000000  0.000199 
319.000000  320.000000  0.000199 
320.000000  321.000000  0.000200 
321.000000  322.000000  0.000200 
322.000000  323.000000  0.000200 
323.000000  324.000000  0.000201 
324.000000  325.000000  0.000201 
325.000000  326.000000  0.000202 
326.000000  327.000000  0.000202 
327.000000  328.000000  0.000203 
328.000000  329.000000  0.000203 
329.000000  330.000000  0.000204 
330.000000  331.000000  0.000204 
331.000000  332.000000  0.000205 
332.000000  333.000000  0.000206 
333.000000  334.000000  0.000206 
334.000000  335.000000  0.000207 
335.000000  336.000000  0.000207 
336.000000  337.000000  0.000208 
337.000000  338.000000  0.000208 
338.000000  339.000000  0.000209 
339.000000  340.000000  0.000209 
340.000000  341.000000  0.000210 
341.000000  342.000000  0.000210 
342.000000  343.000000  0.000211 
343.000000  344.000000  0.000212 
344.000000  345.000000  0.000212 
345.000000  346.000000  0.000213 
346.000000  347.000000  0.000213 
347.000000  348.000000  0.000214 
348.000000  349.000000  0.000214 
349.000000  350.000000  0.000215 
350.000000  351.000000  0.000216 
351.000000  352.000000  0.000216 
352.000000  353.000000  0.000217 
353.000000  354.000000  0.000217 
354.000000  355.000000  0.000218 
355.000000  356.000000  0.000219 
356.000000  357.000000  0.000219 
357.000000  358.000000  0.000220 
358.000000  359.000000  0.000220 
359.000000  360.000000  0.000221 
360.000000  361.000000  0.000222 
361.000000  362.000000  0.000222 
362.000000  363.000000  0.000223 
363.000000  364.000000  0.000223 
364.000000  365.000000  0.000224 
365.000000  366.000000  0.000225 
366.000000  367.000000  0.000225 
367.000000  368.000000  0.000226 
368.000000  369.000000  0.000226 
369.000000  370.000000  0.000227 
370.000000  371.000000  0.000228 
371.000000  372.000000  0.000228 
372.000000  373.000000  0.000229 
373.000000  374.000000  0.000230 
374.000000  375.000000  0.000230 
375.000000  376.000000  0.000231 
376.000000  377.000000  0.000231 
377.000000  378.000000  0.000232 
378.000000  379.000000  0.000233 
379.000000  380.000000  0.000233 
380.000000  381.000000  0.000234 
381.000000  382.000000  0.000234 
382.000000  383.000000  0.000235 
383.000000  384.000000  0.000236 
384.000000  385.000000  0.000236 
385.000000  386.000000  0.000237 
386.000000  387.000000  0.000237 
387.000000  388.000000  0.000238 
388.000000  389.000000  0.000239 
389.000000  390.000000  0.000239 
390.000000  391.000000  0.000240 
391.000000  392.000000  0.000241 
392.000000  393.000000  0.000241 
393.000000  394.000000  0.000242 
394.000000  395.000000  0.000242 
395.000000  396.000000  0.000243 
396.000000  397.000000  0.000243 
397.000000  398.000000  0.000244 
398.000000  399.000000  0.000245 
399.000000  400.000000  0.000245 
400.000000  401.000000  0.000246 
401.000000  402.000000  0.000246 
402.000000  403.000000  0.000247 
403.000000  404.000000  0.000248 
404.000000  405.000000  0.000248 
405.000000  406.000000  0.000249 
406.000000  407.000000  0.000249 
407.000000  408.000000  0.000250 
408.000000  409.000000  0.000250 
409.000000  410.000000  0.000251 
410.000000  411.000000  0.000252 
411.000000  412.000000  0.000252 
412.000000  413.000000  0.000253 
413.000000  414.000000  0.000253 
414.000000  415.000000  0.000254 
415.000000  416.000000  0.000254 
416.000000  417.000000  0.000255 
417.000000  418.000000  0.000256 
418.000000  419.000000  0.000256 
419.000000  420.000000  0.000257 
420.000000  421.000000  0.000257 
421.000000  422.000000  0.000258 
422.000000  423.000000  0.000258 
423.000000  424.000000  0.000259 
424.000000  425.000000  0.000259 
425.000000  426.000000  0.000260 
426.000000  427.000000  0.000260 
427.000000  428.000000  0.000261 
428.000000  429.000000  0.000261 
429.000000  430.000000  0.000262 
430.000000  431.000000  0.000263 
431.000000  432.000000  0.000263 
432.000000  433.000000  0.000264 
433.000000  434.000000  0.000264 
434.000000  435.000000  0.000265 
435.000000  436.000000  0.000265 
436.000000  437.000000  0.000266 
437.000000  438.000000  0.000266 
438.000000  439.000000  0.000267 
439.000000  440.000000  0.000267 
440.000000  441.000000  0.000268 
441.000000  442.000000  0.000268 
442.000000  443.000000  0.000269 
443.000000  444.000000  0.000269 
444.000000  445.000000  0.000270 
445.000000  446.000000  0.000270 
446.000000  447.000000  0.000270 
447.000000  448.000000  0.000271 
448.000000  449.000000  0.000271 
449.000000  450.000000  0.000272 
450.000000  451.000000  0.000272 
451.000000  452.000000  0.000273 
452.000000  453.000000  0.000273 
453.000000  454.000000  0.000274 
454.000000  455.000000  0.000274 
455.000000  456.000000  0.000275 
456.000000  457.000000  0.000275 
457.000000  458.000000  0.000276 
458.000000  459.000000  0.000276 
459.000000  460.000000  0.000276 
460.000000  461.000000  0.000277 
461.000000  462.000000  0.000277 
462.000000  463.000000  0.000278 
463.000000  464.000000  0.000278 
464.000000  465.000000  0.000279 
465.000000  466.000000  0.000279 
466.000000  467.000000  0.000279 
467.000000  468.000000  0.000280 
468.000000  469.000000  0.000280 
469.000000  470.000000  0.000281 
470.000000  471.000000  0.000281 
471.000000  472.000000  0.000281 
472.000000  473.000000  0.000282 
473.000000  474.000000  0.000282 
474.000000  475.000000  0.000283 
475.000000  476.000000  0.000283 
476.000000  477.000000  0.000283 
477.000000  478.000000  0.000284 
478.000000  479.000000  0.000284 
479.000000  480.000000  0.000285 
480.000000  481.000000  0.000285 
481.000000  482.000000  0.000285 
482.000000  483.000000  0.000286 
483.000000  484.000000  0.000286 
484.000000  485.000000  0.000286 
485.000000  486.000000  0.000287 
486.000000  487.000000  0.000287 
487.000000  488.000000  0.000288 
488.000000  489.000000  0.000288 
489.000000  490.000000  0.000288 
490.000000  491.000000  0.000289 
491.000000  492.000000  0.000289 
492.000000  493.000000  0.000289 
493.000000  494.000000  0.000290 
494.000000  495.000000  0.000290 
495.000000  496.000000  0.000290 
496.000000  497.000000  0.000291 
497.000000  498.000000  0.000291 
498.000000  499.000000  0.000291 
499.000000  500.000000  0.000292 
500.000000  501.000000  0.000292 
501.000000  502.000000  0.000292 
502.000000  503.000000  0.000293 
503.000000  504.000000  0.000293 
504.000000  505.000000  0.000293 
505.000000  506.000000  0.000294 
506.000000  507.000000  0.000294 
507.000000  508.000000  0.000294 
508.000000  509.000000  0.000295 
509.000000  510.000000  0.000295 
510.000000  511.000000  0.000295 
511.000000  512.000000  0.000295 
512.000000  513.000000  0.000296 
513.000000  514.000000  0.000296 
514.000000  515.000000  0.000296 
515.000000  516.000000  0.000297 
516.000000  517.000000  0.000297 
517.000000  518.000000  0.000297 
518.000000  519.000000  0.000298 
519.000000  520.000000  0.000298 
520.000000  521.000000  0.000298 
521.000000  522.000000  0.000298 
522.000000  523.000000  0.000299 
523.000000  524.000000  0.000299 
524.000000  525.000000  0.000299 
525.000000  526.000000  0.000299 
526.000000  527.000000  0.000300 
527.000000  528.000000  0.000300 
528.000000  529.000000  0.000300 
529.000000  530.000000  0.000301 
530.000000  531.000000  0.000301 
531.000000  532.000000  0.000301 
532.000000  533.000000  0.000301 
533.000000  534.000000  0.000302 
534.000000  535.000000  0.000302 
535.000000  536.000000  0.000302 
536.000000  537.000000  0.000302 
537.000000  538.000000  0.000303 
538.000000  539.000000  0.000303 
539.000000  540.000000  0.000303 
540.000000  541.000000  0.000303 
541.000000  542.000000  0.000303 
542.000000  543.000000  0.000304 
543.000000  544.000000  0.000304 
544.000000  545.000000  0.000304 
545.000000  546.000000  0.000304 
546.000000  547.000000  0.000305 
547.000000  548.000000  0.000305 
548.000000  549.000000  0.000305 
549.000000  550.000000  0.000305 
550.000000  551.000000  0.000306 
551.000000  552.000000  0.000306 
552.000000  553.000000  0.000306 
553.000000  554.000000  0.000306 
554.000000  555.000000  0.000306 
555.000000  556.000000  0.000307 
556.000000  557.000000  0.000307 
557.000000  558.000000  0.000307 
558.000000  559.000000  0.000307 
559.000000  560.000000  0.000307 
560.000000  561.000000  0.000308 
561.000000  562.000000  0.000308 
562.000000  563.000000  0.000308 
563.000000  564.000000  0.000308 
564.000000  565.000000  0.000308 
565.000000  566.000000  0.000309 
566.000000  567.000000  0.000309 
567.000000  568.000000  0.000309 
568.000000  569.000000  0.000309 
569.000000  570.000000  0.000309 
570.000000  571.000000  0.000310 
571.000000  572.000000  0.000310 
572.000000  573.000000  0.000310 
573.000000  574.000000  0.000310 
574.000000  575.000000  0.000310 
575.000000  576.000000  0.000310 
576.000000  577.000000  0.000311 
577.000000  578.000000  0.000311 
578.000000  579.000000  0.000311 
579.000000  580.000000  0.000311 
580.000000  581.000000  0.000311 
581.000000  582.000000  0.000311 
582.000000  583.000000  0.000312 
583.000000  584.000000  0.000312 
584.000000  585.000000  0.000312 
585.000000  586.000000  0.000312 
586.000000  587.000000  0.000312 
587.000000  588.000000  0.000312 
588.000000  589.000000  0.000313 
589.000000  590.000000  0.000313 
590.000000  591.000000  0.000313 
591.000000  592.000000  0.000313 
592.000000  593.000000  0.000313 
593.000000  594.000000  0.000313 
594.000000  595.000000  0.000313 
595.000000  596.000000  0.000314 
596.000000  597.000000  0.000314 
597.000000  598.000000  0.000314 
598.000000  599.000000  0.000314 
599.000000  600.000000  0.000314 
600.000000  601.000000  0.000314 
601.000000  602.000000  0.000314 
602.000000  603.000000  0.000315 
603.000000  604.000000  0.000315 
604.000000  605.000000  0.000315 
605.000000  606.000000  0.000315 
606.000000  607.000000  0.000315 
607.000000  608.000000  0.000315 
608.000000  609.000000  0.000315 
609.000000  610.000000  0.000316 
610.000000  611.000000  0.000316 
611.000000  612.000000  0.000316 
612.000000  613.000000  0.000316 
613.000000  614.000000  0.000316 
614.000000  615.000000  0.000316 
615.000000  616.000000  0.000316 
616.000000  617.000000  0.000316 
617.000000  618.000000  0.000317 
618.000000  619.000000  0.000317 
619.000000  620.000000  0.000317 
620.000000  621.000000  0.000317 
621.000000  622.000000  0.000317 
622.000000  623.000000  0.000317 
623.000000  624.000000  0.000317 
624.000000  625.000000  0.000317 
625.000000  626.000000  0.000318 
626.000000  627.000000  0.000318 
627.000000  628.000000  0.000318 
628.000000  629.000000  0.000318 
629.000000  630.000000  0.000318 
630.000000  631.000000  0.000318 
631.000000  632.000000  0.000318 
632.000000  633.000000  0.000318 
633.000000  634.000000  0.000318 
634.000000  635.000000  0.000318 
635.000000  636.000000  0.000319 
636.000000  637.000000  0.000319 
637.000000  638.000000  0.000319 
638.000000  639.000000  0.000319 
639.000000  640.000000  0.000319 
640.000000  641.000000  0.000319 
641.000000  642.000000  0.000319 
642.000000  643.000000  0.000319 
643.000000  644.000000  0.000319 
644.000000  645.000000  0.000319 
645.000000  646.000000  0.000320 
646.000000  647.000000  0.000320 
647.000000  648.000000  0.000320 
648.000000  649.000000  0.000320 
649.000000  650.000000  0.000320 
650.000000  651.000000  0.000320 
651.000000  652.000000  0.000320 
652.000000  653.000000  0.000320 
653.000000  654.000000  0.000320 
654.000000  655.000000  0.000320 
655.000000  656.000000  0.000321 
656.000000  657.000000  0.000321 
657.000000  658.000000  0.000321 
658.000000  659.000000  0.000321 
659.000000  660.000000  0.000321 
660.000000  661.000000  0.000321 
661.000000  662.000000  0.000321 
662.000000  663.000000  0.000321 
663.000000  664.000000  0.000321 
664.000000  665.000000  0.000321 
665.000000  666.000000  0.000321 
666.000000  667.000000  0.000321 
667.000000  668.000000  0.000321 
668.000000  669.000000  0.000322 
669.000000  670.000000  0.000322 
670.000000  671.000000  0.000322 
671.000000  672.000000  0.000322 
672.000000  673.000000  0.000322 
673.000000  674.000000  0.000322 
674.000000  675.000000  0.000322 
675.000000  676.000000  0.000322 
676.000000  677.000000  0.000322 
677.000000  678.000000  0.000322 
678.000000  679.000000  0.000322 
679.000000  680.000000  0.000322 
680.000000  681.000000  0.000322 
681.000000  682.000000  0.000323 
682.000000  683.000000  0.000323 
683.000000  684.000000  0.000323 
684.000000  685.000000  0.000323 
685.000000  686.000000  0.000323 
686.000000  687.000000  0.000323 
687.000000  688.000000  0.000323 
688.000000  689.000000  0.000323 
689.000000  690.000000  0.000323 
690.000000  691.000000  0.000323 
691.000000  692.000000  0.000323 
692.000000  693.000000  0.000323 
693.000000  694.000000  0.000323 
694.000000  695.000000  0.000323 
695.000000  696.000000  0.000323 
696.000000  697.000000  0.000324 
697.000000  698.000000  0.000324 
698.000000  699.000000  0.000324 
699.000000  700.000000  0.000324 
700.000000  701.000000  0.000324 
701.000000  702.000000  0.000324 
702.000000  703.000000  0.000324 
703.000000  704.000000  0.000324 
704.000000  705.000000  0.000324 
705.000000  706.000000  0.000324 
706.000000  707.000000  0.000324 
707.000000  708.000000  0.000324 
708.000000  709.000000  0.000324 
709.000000  710.000000  0.000324 
710.000000  711.000000  0.000324 
711.000000  712.000000  0.000324 
712.000000  713.000000  0.000324 
713.000000  714.000000  0.000324 
714.000000  715.000000  0.000325 
715.000000  716.000000  0.000325 
716.000000  717.000000  0.000325 
717.000000  718.000000  0.000325 
718.000000  719.000000  0.000325 
719.000000  720.000000  0.000325 
720.000000  721.000000  0.000325 
721.000000  722.000000  0.000325 
722.000000  723.000000  0.000325 
723.000000  724.000000  0.000325 
724.000000  725.000000  0.000325 
725.000000  726.000000  0.000325 
726.000000  727.000000  0.000325 
727.000000  728.000000  0.000325 
728.000000  729.000000  0.000325 
729.000000  730.000000  0.000325 
730.000000  731.000000  0.000325 
731.000000  732.000000  0.000325 
732.000000  733.000000  0.000325 
733.000000  734.000000  0.000325 
734.000000  735.000000  0.000326 
735.000000  736.000000  0.000326 
736.000000  737.000000  0.000326 
737.000000  738.000000  0.000326 
738.000000  739.000000  0.000326 
739.000000  740.000000  0.000326 
740.000000  741.000000  0.000326 
741.000000  742.000000  0.000326 
742.000000  743.000000  0.000326 
743.000000  744.000000  0.000326 
744.000000  745.000000  0.000326 
745.000000  746.000000  0.000326 
746.000000  747.000000  0.000326 
747.000000  748.000000  0.000326 
748.000000  749.000000  0.000326 
749.000000  750.000000  0.000326 
750.000000  751.000000  0.000326 
751.000000  752.000000  0.000326 
752.000000  753.000000  0.000326 
753.000000  754.000000  0.000326 
754.000000  755.000000  0.000326 
755.000000  756.000000  0.000326 
756.000000  757.000000  0.000326 
757.000000  758.000000  0.000326 
758.000000  759.000000  0.000326 
759.000000  760.000000  0.000327 
760.000000  761.000000  0.000327 
761.000000  762.000000  0.000327 
762.000000  763.000000  0.000327 
763.000000  764.000000  0.000327 
764.000000  765.000000  0.000327 
765.000000  766.000000  0.000327 
766.000000  767.000000  0.000327 
767.000000  768.000000  0.000327 
768.000000  769.000000  0.000327 
769.000000  770.000000  0.000327 
770.000000  771.000000  0.000327 
771.000000  772.000000  0.000327 
772.000000  773.000000  0.000327 
773.000000  774.000000  0.000327 
774.000000  775.000000  0.000327 
775.000000  776.000000  0.000327 
776.000000  777.000000  0.000327 
777.000000  778.000000  0.000327 
778.000000  779.000000  0.000327 
779.000000  780.000000  0.000327 
780.000000  781.000000  0.000327 
781.000000  782.000000  0.000327 
782.000000  783.000000  0.000327 
783.000000  784.000000  0.000327 
784.000000  785.000000  0.000327 
785.000000  786.000000  0.000327 
786.000000  787.000000  0.000327 
787.000000  788.000000  0.000327 
788.000000  789.000000  0.000327 
789.000000  790.000000  0.000328 
790.000000  791.000000  0.000328 
791.000000  792.000000  0.000328 
792.000000  793.000000  0.000328 
793.000000  794.000000  0.000328 
794.000000  795.000000  0.000328 
795.000000  796.000000  0.000328 
796.000000  797.000000  0.000328 
797.000000  798.000000  0.000328 
798.000000  799.000000  0.000328 
799.000000  800.000000  0.000328 
800.000000  801.000000  0.000328 
801.000000  802.000000  0.000328 
802.000000  803.000000  0.000328 
803.000000  804.000000  0.000328 
804.000000  805.000000  0.000328 
805.000000  806.000000  0.000328 
806.000000  807.000000  0.000328 
807.000000  808.000000  0.000328 
808.000000  809.000000  0.000328 
809.000000  810.000000  0.000328 
810.000000  811.000000  0.000328 
811.000000  812.000000  0.000328 
812.000000  813.000000  0.000328 
813.000000  814.000000  0.000328 
814.000000  815.000000  0.000328 
815.000000  816.000000  0.000328 
816.000000  817.000000  0.000328 
817.000000  818.000000  0.000328 
818.000000  819.000000  0.000328 
819.000000  820.000000  0.000328 
820.000000  821.000000  0.000328 
821.000000  822.000000  0.000328 
822.000000  823.000000  0.000328 
823.000000  824.000000  0.000328 
824.000000  825.000000  0.000328 
825.000000  826.000000  0.000328 
826.000000  827.000000  0.000328 
827.000000  828.000000  0.000328 
828.000000  829.000000  0.000328 
829.000000  830.000000  0.000328 
830.000000  831.000000  0.000329 
831.000000  832.000000  0.000329 
832.000000  833.000000  0.000329 
833.000000  834.000000  0.000329 
834.000000  835.000000  0.000329 
835.000000  836.000000  0.000329 
836.000000  837.000000  0.000329 
837.000000  838.000000  0.000329 
838.000000  839.000000  0.000329 
839.000000  840.000000  0.000329 
840.000000  841.000000  0.000329 
841.000000  842.000000  0.000329 
842.000000  843.000000  0.000329 
843.000000  844.000000  0.000329 
844.000000  845.000000  0.000329 
845.000000  846.000000  0.000329 
846.000000  847.000000  0.000329 
847.000000  848.000000  0.000329 
848.000000  849.000000  0.000329 
849.000000  850.000000  0.000329 
850.000000  851.000000  0.000329 
851.000000  852.000000  0.000329 
852.000000  853.000000  0.000329 
853.000000  854.000000  0.000329 
854.000000  855.000000  0.000329 
855.000000  856.000000  0.000329 
856.000000  857.000000  0.000329 
857.000000  858.000000  0.000329 
858.000000  859.000000  0.000329 
859.000000  860.000000  0.000329 
860.000000  861.000000  0.000329 
861.000000  862.000000  0.000329 
862.000000  863.000000  0.000329 
863.000000  864.000000  0.000329 
864.000000  865.000000  0.000329 
865.000000  866.000000  0.000329 
866.000000  867.000000  0.000329 
867.000000  868.000000  0.000329 
868.000000  869.000000  0.000329 
869.000000  870.000000  0.000329 
870.000000  871.000000  0.000329 
871.000000  872.000000  0.000329 
872.000000  873.000000  0.000329 
873.000000  874.000000  0.000329 
874.000000  875.000000  0.000329 
875.000000  876.000000  0.000329 
876.000000  877.000000  0.000329 
877.000000  878.000000  0.000329 
878.000000  879.000000  0.000329 
879.000000  880.000000  0.000329 
880.000000  881.000000  0.000329 
881.000000  882.000000  0.000329 
882.000000  883.000000  0.000329 
883.000000  884.000000  0.000329 
884.000000  885.000000  0.000329 
885.000000  886.000000  0.000329 
886.000000  887.000000  0.000329 
887.000000  888.000000  0.000329 
888.000000  889.000000  0.000330 
889.000000  890.000000  0.000330 
890.000000  891.000000  0.000330 
891.000000  892.000000  0.000330 
892.000000  893.000000  0.000330 
893.000000  894.000000  0.000330 
894.000000  895.000000  0.000330 
895.000000  896.000000  0.000330 
896.000000  897.000000  0.000330 
897.000000  898.000000  0.000330 
898.000000  899.000000  0.000330 
899.000000  900.000000  0.000330 
900.000000  901.000000  0.000330 
901.000000  902.000000  0.000330 
902.000000  903.000000  0.000330 
903.000000  904.000000  0.000330 
904.000000  905.000000  0.000330 
905.000000  906.000000  0.000330 
906.000000  907.000000  0.000330 
907.000000  908.000000  0.000330 
908.000000  909.000000  0.000330 
909.000000  910.000000  0.000330 
910.000000  911.000000  0.000330 
911.000000  912.000000  0.000330 
912.000000  913.000000  0.000330 
913.000000  914.000000  0.000330 
914.000000  915.000000  0.000330 
915.000000  916.000000  0.000330 
916.000000  917.000000  0.000330 
917.000000  918.000000  0.000330 
918.000000  919.000000  0.000330 
919.000000  920.000000  0.000330 
920.000000  921.000000  0.000330 
921.000000  922.000000  0.000330 
922.000000  923.000000  0.000330 
923.000000  924.000000  0.000330 
924.000000  925.000000  0.000330 
925.000000  926.000000  0.000330 
926.000000  927.000000  0.000330 
927.000000  928.000000  0.000330 
928.000000  929.000000  0.000330 
929.000000  930.000000  0.000330 
930.000000  931.000000  0.000330 
931.000000  932.000000  0.000330 
932.000000  933.000000  0.000330 
933.000000  934.000000  0.000330 
934.000000  935.000000  0.000330 
935.000000  936.000000  0.000330 
936.000000  937.000000  0.000330 
937.000000  938.000000  0.000330 
938.000000  939.000000  0.000330 
939.000000  940.000000  0.000330 
940.000000  941.000000  0.000330 
941.000000  942.000000  0.000330 
942.000000  943.000000  0.000330 
943.000000  944.000000  0.000330 
