20.000000  21.000000  -0.000000 
21.000000  22.000000  -0.000000 
22.000000  23.000000  -0.000000 
23.000000  24.000000  -0.000000 
24.000000  25.000000  -0.000000 
25.000000  26.000000  -0.000000 
26.000000  27.000000  -0.000000 
27.000000  28.000000  -0.000000 
28.000000  29.000000  -0.000000 
29.000000  30.000000  -0.000000 
30.000000  31.000000  -0.000000 
31.000000  32.000000  -0.000000 
32.000000  33.000000  -0.000000 
33.000000  34.000000  -0.000000 
34.000000  35.000000  -0.000000 
35.000000  36.000000  -0.000000 
36.000000  37.000000  -0.000000 
37.000000  38.000000  -0.000000 
38.000000  39.000000  -0.000000 
39.000000  40.000000  -0.000000 
40.000000  41.000000  -0.000000 
41.000000  42.000000  -0.000000 
42.000000  43.000000  -0.000000 
43.000000  44.000000  -0.000000 
44.000000  45.000000  -0.000000 
45.000000  46.000000  -0.000000 
46.000000  47.000000  -0.000000 
47.000000  48.000000  -0.000000 
48.000000  49.000000  -0.000000 
49.000000  50.000000  -0.000000 
50.000000  51.000000  -0.000000 
51.000000  52.000000  -0.000000 
52.000000  53.000000  -0.000000 
53.000000  54.000000  -0.000000 
54.000000  55.000000  -0.000000 
55.000000  56.000000  -0.000000 
56.000000  57.000000  -0.000000 
57.000000  58.000000  -0.000000 
58.000000  59.000000  -0.000000 
59.000000  60.000000  -0.000000 
60.000000  61.000000  -0.000000 
61.000000  62.000000  -0.000000 
62.000000  63.000000  -0.000000 
63.000000  64.000000  -0.000000 
64.000000  65.000000  -0.000000 
65.000000  66.000000  -0.000000 
66.000000  67.000000  -0.000000 
67.000000  68.000000  -0.000000 
68.000000  69.000000  -0.000000 
69.000000  70.000000  -0.000000 
70.000000  71.000000  -0.000000 
71.000000  72.000000  -0.000000 
72.000000  73.000000  -0.000000 
73.000000  74.000000  -0.000000 
74.000000  75.000000  -0.000000 
75.000000  76.000000  -0.000000 
76.000000  77.000000  -0.000000 
77.000000  78.000000  -0.000000 
78.000000  79.000000  -0.000000 
79.000000  80.000000  -0.000000 
80.000000  81.000000  -0.000000 
81.000000  82.000000  -0.000000 
82.000000  83.000000  -0.000000 
83.000000  84.000000  -0.000000 
84.000000  85.000000  -0.000000 
85.000000  86.000000  -0.000000 
86.000000  87.000000  -0.000000 
87.000000  88.000000  -0.000000 
88.000000  89.000000  -0.000000 
89.000000  90.000000  -0.000000 
90.000000  91.000000  -0.000000 
91.000000  92.000000  -0.000000 
92.000000  93.000000  -0.000000 
93.000000  94.000000  -0.000000 
94.000000  95.000000  -0.000000 
95.000000  96.000000  -0.000000 
96.000000  97.000000  -0.000000 
97.000000  98.000000  -0.000000 
98.000000  99.000000  -0.000000 
99.000000  100.000000  -0.000000 
100.000000  101.000000  -0.000000 
101.000000  102.000000  -0.000000 
102.000000  103.000000  -0.000000 
103.000000  104.000000  -0.000000 
104.000000  105.000000  -0.000000 
105.000000  106.000000  -0.000000 
106.000000  107.000000  -0.000000 
107.000000  108.000000  -0.000000 
108.000000  109.000000  -0.000000 
109.000000  110.000000  -0.000000 
110.000000  111.000000  -0.000000 
111.000000  112.000000  -0.000000 
112.000000  113.000000  -0.000000 
113.000000  114.000000  -0.000000 
114.000000  115.000000  -0.000000 
115.000000  116.000000  -0.000000 
116.000000  117.000000  -0.000000 
117.000000  118.000000  -0.000000 
118.000000  119.000000  -0.000000 
119.000000  120.000000  -0.000000 
120.000000  121.000000  -0.000000 
121.000000  122.000000  -0.000000 
122.000000  123.000000  -0.000000 
123.000000  124.000000  -0.000000 
124.000000  125.000000  -0.000000 
125.000000  126.000000  -0.000000 
126.000000  127.000000  -0.000000 
127.000000  128.000000  -0.000000 
128.000000  129.000000  -0.000000 
129.000000  130.000000  -0.000000 
130.000000  131.000000  -0.000000 
131.000000  132.000000  -0.000000 
132.000000  133.000000  -0.000000 
133.000000  134.000000  -0.000000 
134.000000  135.000000  -0.000000 
135.000000  136.000000  -0.000000 
136.000000  137.000000  -0.000000 
137.000000  138.000000  -0.000000 
138.000000  139.000000  -0.000000 
139.000000  140.000000  -0.000000 
140.000000  141.000000  -0.000000 
141.000000  142.000000  -0.000000 
142.000000  143.000000  -0.000000 
143.000000  144.000000  -0.000000 
144.000000  145.000000  -0.000000 
145.000000  146.000000  -0.000000 
146.000000  147.000000  -0.000000 
147.000000  148.000000  -0.000000 
148.000000  149.000000  -0.000000 
149.000000  150.000000  -0.000000 
150.000000  151.000000  -0.000000 
151.000000  152.000000  -0.000000 
152.000000  153.000000  -0.000000 
153.000000  154.000000  -0.000000 
154.000000  155.000000  -0.000000 
155.000000  156.000000  -0.000000 
156.000000  157.000000  -0.000000 
157.000000  158.000000  -0.000000 
158.000000  159.000000  -0.000000 
159.000000  160.000000  -0.000000 
160.000000  161.000000  -0.000000 
161.000000  162.000000  -0.000000 
162.000000  163.000000  -0.000000 
163.000000  164.000000  -0.000000 
164.000000  165.000000  -0.000000 
165.000000  166.000000  -0.000000 
166.000000  167.000000  -0.000000 
167.000000  168.000000  -0.000000 
168.000000  169.000000  -0.000000 
169.000000  170.000000  -0.000000 
170.000000  171.000000  -0.000000 
171.000000  172.000000  -0.000000 
172.000000  173.000000  -0.000000 
173.000000  174.000000  -0.000000 
174.000000  175.000000  -0.000000 
175.000000  176.000000  -0.000000 
176.000000  177.000000  -0.000000 
177.000000  178.000000  -0.000000 
178.000000  179.000000  -0.000000 
179.000000  180.000000  -0.000000 
180.000000  181.000000  -0.000000 
181.000000  182.000000  -0.000000 
182.000000  183.000000  -0.000000 
183.000000  184.000000  -0.000000 
184.000000  185.000000  -0.000000 
185.000000  186.000000  -0.000000 
186.000000  187.000000  -0.000000 
187.000000  188.000000  -0.000000 
188.000000  189.000000  -0.000000 
189.000000  190.000000  -0.000000 
190.000000  191.000000  -0.000000 
191.000000  192.000000  -0.000000 
192.000000  193.000000  -0.000000 
193.000000  194.000000  -0.000000 
194.000000  195.000000  -0.000000 
195.000000  196.000000  -0.000000 
196.000000  197.000000  -0.000000 
197.000000  198.000000  -0.000000 
198.000000  199.000000  -0.000000 
199.000000  200.000000  -0.000000 
200.000000  201.000000  -0.000000 
201.000000  202.000000  -0.000000 
202.000000  203.000000  -0.000000 
203.000000  204.000000  -0.000000 
204.000000  205.000000  -0.000000 
205.000000  206.000000  -0.000000 
206.000000  207.000000  -0.000000 
207.000000  208.000000  -0.000000 
208.000000  209.000000  -0.000000 
209.000000  210.000000  -0.000000 
210.000000  211.000000  -0.000000 
211.000000  212.000000  -0.000000 
212.000000  213.000000  -0.000000 
213.000000  214.000000  -0.000000 
214.000000  215.000000  -0.000000 
215.000000  216.000000  -0.000000 
216.000000  217.000000  -0.000000 
217.000000  218.000000  -0.000000 
218.000000  219.000000  -0.000000 
219.000000  220.000000  -0.000000 
220.000000  221.000000  -0.000000 
221.000000  222.000000  -0.000000 
222.000000  223.000000  -0.000000 
223.000000  224.000000  -0.000000 
224.000000  225.000000  -0.000000 
225.000000  226.000000  -0.000000 
226.000000  227.000000  -0.000000 
227.000000  228.000000  -0.000000 
228.000000  229.000000  -0.000000 
229.000000  230.000000  -0.000000 
230.000000  231.000000  -0.000000 
231.000000  232.000000  -0.000000 
232.000000  233.000000  -0.000000 
233.000000  234.000000  -0.000000 
234.000000  235.000000  -0.000001 
235.000000  236.000000  -0.000001 
236.000000  237.000000  -0.000001 
237.000000  238.000000  -0.000001 
238.000000  239.000000  -0.000001 
239.000000  240.000000  -0.000001 
240.000000  241.000000  -0.000001 
241.000000  242.000000  -0.000001 
242.000000  243.000000  -0.000001 
243.000000  244.000000  -0.000001 
244.000000  245.000000  -0.000001 
245.000000  246.000000  -0.000001 
246.000000  247.000000  -0.000001 
247.000000  248.000000  -0.000001 
248.000000  249.000000  -0.000002 
249.000000  250.000000  -0.000002 
250.000000  251.000000  -0.000002 
251.000000  252.000000  -0.000002 
252.000000  253.000000  -0.000002 
253.000000  254.000000  -0.000002 
254.000000  255.000000  -0.000002 
255.000000  256.000000  -0.000003 
256.000000  257.000000  -0.000003 
257.000000  258.000000  -0.000003 
258.000000  259.000000  -0.000003 
259.000000  260.000000  -0.000003 
260.000000  261.000000  -0.000003 
261.000000  262.000000  -0.000004 
262.000000  263.000000  -0.000004 
263.000000  264.000000  -0.000004 
264.000000  265.000000  -0.000004 
265.000000  266.000000  -0.000005 
266.000000  267.000000  -0.000005 
267.000000  268.000000  -0.000005 
268.000000  269.000000  -0.000006 
269.000000  270.000000  -0.000006 
270.000000  271.000000  -0.000006 
271.000000  272.000000  -0.000007 
272.000000  273.000000  -0.000007 
273.000000  274.000000  -0.000007 
274.000000  275.000000  -0.000008 
275.000000  276.000000  -0.000008 
276.000000  277.000000  -0.000008 
277.000000  278.000000  -0.000009 
278.000000  279.000000  -0.000009 
279.000000  280.000000  -0.000010 
280.000000  281.000000  -0.000010 
281.000000  282.000000  -0.000011 
282.000000  283.000000  -0.000011 
283.000000  284.000000  -0.000012 
284.000000  285.000000  -0.000012 
285.000000  286.000000  -0.000013 
286.000000  287.000000  -0.000013 
287.000000  288.000000  -0.000014 
288.000000  289.000000  -0.000015 
289.000000  290.000000  -0.000015 
290.000000  291.000000  -0.000016 
291.000000  292.000000  -0.000017 
292.000000  293.000000  -0.000017 
293.000000  294.000000  -0.000018 
294.000000  295.000000  -0.000019 
295.000000  296.000000  -0.000019 
296.000000  297.000000  -0.000020 
297.000000  298.000000  -0.000021 
298.000000  299.000000  -0.000022 
299.000000  300.000000  -0.000023 
300.000000  301.000000  -0.000023 
301.000000  302.000000  -0.000024 
302.000000  303.000000  -0.000025 
303.000000  304.000000  -0.000026 
304.000000  305.000000  -0.000027 
305.000000  306.000000  -0.000028 
306.000000  307.000000  -0.000029 
307.000000  308.000000  -0.000030 
308.000000  309.000000  -0.000031 
309.000000  310.000000  -0.000032 
310.000000  311.000000  -0.000033 
311.000000  312.000000  -0.000034 
312.000000  313.000000  -0.000035 
313.000000  314.000000  -0.000036 
314.000000  315.000000  -0.000037 
315.000000  316.000000  -0.000038 
316.000000  317.000000  -0.000039 
317.000000  318.000000  -0.000041 
318.000000  319.000000  -0.000042 
319.000000  320.000000  -0.000043 
320.000000  321.000000  -0.000044 
321.000000  322.000000  -0.000046 
322.000000  323.000000  -0.000047 
323.000000  324.000000  -0.000048 
324.000000  325.000000  -0.000049 
325.000000  326.000000  -0.000051 
326.000000  327.000000  -0.000052 
327.000000  328.000000  -0.000053 
328.000000  329.000000  -0.000055 
329.000000  330.000000  -0.000056 
330.000000  331.000000  -0.000057 
331.000000  332.000000  -0.000059 
332.000000  333.000000  -0.000060 
333.000000  334.000000  -0.000062 
334.000000  335.000000  -0.000063 
335.000000  336.000000  -0.000065 
336.000000  337.000000  -0.000066 
337.000000  338.000000  -0.000067 
338.000000  339.000000  -0.000069 
339.000000  340.000000  -0.000070 
340.000000  341.000000  -0.000072 
341.000000  342.000000  -0.000073 
342.000000  343.000000  -0.000075 
343.000000  344.000000  -0.000076 
344.000000  345.000000  -0.000078 
345.000000  346.000000  -0.000079 
346.000000  347.000000  -0.000081 
347.000000  348.000000  -0.000082 
348.000000  349.000000  -0.000084 
349.000000  350.000000  -0.000086 
350.000000  351.000000  -0.000087 
351.000000  352.000000  -0.000089 
352.000000  353.000000  -0.000090 
353.000000  354.000000  -0.000092 
354.000000  355.000000  -0.000093 
355.000000  356.000000  -0.000095 
356.000000  357.000000  -0.000096 
357.000000  358.000000  -0.000098 
358.000000  359.000000  -0.000099 
359.000000  360.000000  -0.000101 
360.000000  361.000000  -0.000102 
361.000000  362.000000  -0.000104 
362.000000  363.000000  -0.000105 
363.000000  364.000000  -0.000107 
364.000000  365.000000  -0.000108 
365.000000  366.000000  -0.000109 
366.000000  367.000000  -0.000111 
367.000000  368.000000  -0.000112 
368.000000  369.000000  -0.000114 
369.000000  370.000000  -0.000115 
370.000000  371.000000  -0.000116 
371.000000  372.000000  -0.000118 
372.000000  373.000000  -0.000119 
373.000000  374.000000  -0.000120 
374.000000  375.000000  -0.000121 
375.000000  376.000000  -0.000122 
376.000000  377.000000  -0.000124 
377.000000  378.000000  -0.000125 
378.000000  379.000000  -0.000126 
379.000000  380.000000  -0.000127 
380.000000  381.000000  -0.000128 
381.000000  382.000000  -0.000129 
382.000000  383.000000  -0.000130 
383.000000  384.000000  -0.000131 
384.000000  385.000000  -0.000132 
385.000000  386.000000  -0.000133 
386.000000  387.000000  -0.000134 
387.000000  388.000000  -0.000134 
388.000000  389.000000  -0.000135 
389.000000  390.000000  -0.000136 
390.000000  391.000000  -0.000136 
391.000000  392.000000  -0.000137 
392.000000  393.000000  -0.000138 
393.000000  394.000000  -0.000138 
394.000000  395.000000  -0.000138 
395.000000  396.000000  -0.000139 
396.000000  397.000000  -0.000139 
397.000000  398.000000  -0.000139 
398.000000  399.000000  -0.000140 
399.000000  400.000000  -0.000140 
400.000000  401.000000  -0.000140 
401.000000  402.000000  -0.000140 
402.000000  403.000000  -0.000140 
403.000000  404.000000  -0.000140 
404.000000  405.000000  -0.000140 
405.000000  406.000000  -0.000139 
406.000000  407.000000  -0.000139 
407.000000  408.000000  -0.000139 
408.000000  409.000000  -0.000138 
409.000000  410.000000  -0.000138 
410.000000  411.000000  -0.000137 
411.000000  412.000000  -0.000136 
412.000000  413.000000  -0.000135 
413.000000  414.000000  -0.000135 
414.000000  415.000000  -0.000134 
415.000000  416.000000  -0.000133 
416.000000  417.000000  -0.000132 
417.000000  418.000000  -0.000130 
418.000000  419.000000  -0.000129 
419.000000  420.000000  -0.000128 
420.000000  421.000000  -0.000126 
421.000000  422.000000  -0.000125 
422.000000  423.000000  -0.000123 
423.000000  424.000000  -0.000121 
424.000000  425.000000  -0.000119 
425.000000  426.000000  -0.000117 
426.000000  427.000000  -0.000115 
427.000000  428.000000  -0.000113 
428.000000  429.000000  -0.000111 
429.000000  430.000000  -0.000108 
430.000000  431.000000  -0.000106 
431.000000  432.000000  -0.000103 
432.000000  433.000000  -0.000100 
433.000000  434.000000  -0.000098 
434.000000  435.000000  -0.000095 
435.000000  436.000000  -0.000092 
436.000000  437.000000  -0.000088 
437.000000  438.000000  -0.000085 
438.000000  439.000000  -0.000082 
439.000000  440.000000  -0.000078 
440.000000  441.000000  -0.000075 
441.000000  442.000000  -0.000071 
442.000000  443.000000  -0.000067 
443.000000  444.000000  -0.000063 
444.000000  445.000000  -0.000059 
445.000000  446.000000  -0.000054 
446.000000  447.000000  -0.000050 
447.000000  448.000000  -0.000045 
448.000000  449.000000  -0.000041 
449.000000  450.000000  -0.000036 
450.000000  451.000000  -0.000031 
451.000000  452.000000  -0.000026 
452.000000  453.000000  -0.000021 
453.000000  454.000000  -0.000015 
454.000000  455.000000  -0.000010 
455.000000  456.000000  -0.000004 
456.000000  457.000000  0.000002 
457.000000  458.000000  0.000008 
458.000000  459.000000  0.000014 
459.000000  460.000000  0.000020 
460.000000  461.000000  0.000026 
461.000000  462.000000  0.000033 
462.000000  463.000000  0.000039 
463.000000  464.000000  0.000046 
464.000000  465.000000  0.000053 
465.000000  466.000000  0.000060 
466.000000  467.000000  0.000068 
467.000000  468.000000  0.000075 
468.000000  469.000000  0.000083 
469.000000  470.000000  0.000090 
470.000000  471.000000  0.000098 
471.000000  472.000000  0.000106 
472.000000  473.000000  0.000114 
473.000000  474.000000  0.000123 
474.000000  475.000000  0.000131 
475.000000  476.000000  0.000140 
476.000000  477.000000  0.000149 
477.000000  478.000000  0.000157 
478.000000  479.000000  0.000167 
479.000000  480.000000  0.000176 
480.000000  481.000000  0.000185 
481.000000  482.000000  0.000195 
482.000000  483.000000  0.000205 
483.000000  484.000000  0.000215 
484.000000  485.000000  0.000225 
485.000000  486.000000  0.000235 
486.000000  487.000000  0.000245 
487.000000  488.000000  0.000256 
488.000000  489.000000  0.000266 
489.000000  490.000000  0.000277 
490.000000  491.000000  0.000288 
491.000000  492.000000  0.000300 
492.000000  493.000000  0.000311 
493.000000  494.000000  0.000322 
494.000000  495.000000  0.000334 
495.000000  496.000000  0.000346 
496.000000  497.000000  0.000358 
497.000000  498.000000  0.000370 
498.000000  499.000000  0.000382 
499.000000  500.000000  0.000395 
500.000000  501.000000  0.000408 
501.000000  502.000000  0.000420 
502.000000  503.000000  0.000433 
503.000000  504.000000  0.000446 
504.000000  505.000000  0.000460 
505.000000  506.000000  0.000473 
506.000000  507.000000  0.000487 
507.000000  508.000000  0.000501 
508.000000  509.000000  0.000514 
509.000000  510.000000  0.000529 
510.000000  511.000000  0.000543 
511.000000  512.000000  0.000557 
512.000000  513.000000  0.000572 
513.000000  514.000000  0.000586 
514.000000  515.000000  0.000601 
515.000000  516.000000  0.000616 
516.000000  517.000000  0.000631 
517.000000  518.000000  0.000647 
518.000000  519.000000  0.000662 
519.000000  520.000000  0.000678 
520.000000  521.000000  0.000693 
521.000000  522.000000  0.000709 
522.000000  523.000000  0.000725 
523.000000  524.000000  0.000742 
524.000000  525.000000  0.000758 
525.000000  526.000000  0.000774 
526.000000  527.000000  0.000791 
527.000000  528.000000  0.000808 
528.000000  529.000000  0.000825 
529.000000  530.000000  0.000842 
530.000000  531.000000  0.000859 
531.000000  532.000000  0.000876 
532.000000  533.000000  0.000894 
533.000000  534.000000  0.000911 
534.000000  535.000000  0.000929 
535.000000  536.000000  0.000947 
536.000000  537.000000  0.000965 
537.000000  538.000000  0.000983 
538.000000  539.000000  0.001001 
539.000000  540.000000  0.001020 
540.000000  541.000000  0.001038 
541.000000  542.000000  0.001057 
542.000000  543.000000  0.001076 
543.000000  544.000000  0.001095 
544.000000  545.000000  0.001114 
545.000000  546.000000  0.001133 
546.000000  547.000000  0.001152 
547.000000  548.000000  0.001172 
548.000000  549.000000  0.001191 
549.000000  550.000000  0.001211 
550.000000  551.000000  0.001230 
551.000000  552.000000  0.001250 
552.000000  553.000000  0.001270 
553.000000  554.000000  0.001290 
554.000000  555.000000  0.001310 
555.000000  556.000000  0.001331 
556.000000  557.000000  0.001351 
557.000000  558.000000  0.001372 
558.000000  559.000000  0.001392 
559.000000  560.000000  0.001413 
560.000000  561.000000  0.001434 
561.000000  562.000000  0.001454 
562.000000  563.000000  0.001475 
563.000000  564.000000  0.001497 
564.000000  565.000000  0.001518 
565.000000  566.000000  0.001539 
566.000000  567.000000  0.001560 
567.000000  568.000000  0.001582 
568.000000  569.000000  0.001603 
569.000000  570.000000  0.001625 
570.000000  571.000000  0.001647 
571.000000  572.000000  0.001668 
572.000000  573.000000  0.001690 
573.000000  574.000000  0.001712 
574.000000  575.000000  0.001734 
575.000000  576.000000  0.001756 
576.000000  577.000000  0.001778 
577.000000  578.000000  0.001801 
578.000000  579.000000  0.001823 
579.000000  580.000000  0.001845 
580.000000  581.000000  0.001868 
581.000000  582.000000  0.001890 
582.000000  583.000000  0.001913 
583.000000  584.000000  0.001935 
584.000000  585.000000  0.001958 
585.000000  586.000000  0.001981 
586.000000  587.000000  0.002004 
587.000000  588.000000  0.002026 
588.000000  589.000000  0.002049 
589.000000  590.000000  0.002072 
590.000000  591.000000  0.002095 
591.000000  592.000000  0.002118 
592.000000  593.000000  0.002142 
593.000000  594.000000  0.002165 
594.000000  595.000000  0.002188 
595.000000  596.000000  0.002211 
596.000000  597.000000  0.002234 
597.000000  598.000000  0.002258 
598.000000  599.000000  0.002281 
599.000000  600.000000  0.002305 
600.000000  601.000000  0.002328 
601.000000  602.000000  0.002352 
602.000000  603.000000  0.002375 
603.000000  604.000000  0.002399 
604.000000  605.000000  0.002422 
605.000000  606.000000  0.002446 
606.000000  607.000000  0.002469 
607.000000  608.000000  0.002493 
608.000000  609.000000  0.002517 
609.000000  610.000000  0.002540 
610.000000  611.000000  0.002564 
611.000000  612.000000  0.002588 
612.000000  613.000000  0.002612 
613.000000  614.000000  0.002635 
614.000000  615.000000  0.002659 
615.000000  616.000000  0.002683 
616.000000  617.000000  0.002707 
617.000000  618.000000  0.002731 
618.000000  619.000000  0.002754 
619.000000  620.000000  0.002778 
620.000000  621.000000  0.002802 
621.000000  622.000000  0.002826 
622.000000  623.000000  0.002850 
623.000000  624.000000  0.002874 
624.000000  625.000000  0.002898 
625.000000  626.000000  0.002922 
626.000000  627.000000  0.002945 
627.000000  628.000000  0.002969 
628.000000  629.000000  0.002993 
629.000000  630.000000  0.003017 
630.000000  631.000000  0.003041 
631.000000  632.000000  0.003065 
632.000000  633.000000  0.003089 
633.000000  634.000000  0.003112 
634.000000  635.000000  0.003136 
635.000000  636.000000  0.003160 
636.000000  637.000000  0.003184 
637.000000  638.000000  0.003208 
638.000000  639.000000  0.003231 
639.000000  640.000000  0.003255 
640.000000  641.000000  0.003279 
641.000000  642.000000  0.003303 
642.000000  643.000000  0.003326 
643.000000  644.000000  0.003350 
644.000000  645.000000  0.003374 
645.000000  646.000000  0.003397 
646.000000  647.000000  0.003421 
647.000000  648.000000  0.003445 
648.000000  649.000000  0.003468 
649.000000  650.000000  0.003492 
650.000000  651.000000  0.003515 
651.000000  652.000000  0.003539 
652.000000  653.000000  0.003562 
653.000000  654.000000  0.003586 
654.000000  655.000000  0.003609 
655.000000  656.000000  0.003633 
656.000000  657.000000  0.003656 
657.000000  658.000000  0.003679 
658.000000  659.000000  0.003703 
659.000000  660.000000  0.003726 
660.000000  661.000000  0.003749 
661.000000  662.000000  0.003772 
662.000000  663.000000  0.003795 
663.000000  664.000000  0.003818 
664.000000  665.000000  0.003842 
665.000000  666.000000  0.003865 
666.000000  667.000000  0.003888 
667.000000  668.000000  0.003911 
668.000000  669.000000  0.003933 
669.000000  670.000000  0.003956 
670.000000  671.000000  0.003979 
671.000000  672.000000  0.004002 
672.000000  673.000000  0.004025 
673.000000  674.000000  0.004047 
674.000000  675.000000  0.004070 
675.000000  676.000000  0.004093 
676.000000  677.000000  0.004115 
677.000000  678.000000  0.004138 
678.000000  679.000000  0.004160 
679.000000  680.000000  0.004183 
680.000000  681.000000  0.004205 
681.000000  682.000000  0.004227 
682.000000  683.000000  0.004250 
683.000000  684.000000  0.004272 
684.000000  685.000000  0.004294 
685.000000  686.000000  0.004316 
686.000000  687.000000  0.004338 
687.000000  688.000000  0.004360 
688.000000  689.000000  0.004382 
689.000000  690.000000  0.004404 
690.000000  691.000000  0.004426 
691.000000  692.000000  0.004448 
692.000000  693.000000  0.004470 
693.000000  694.000000  0.004491 
694.000000  695.000000  0.004513 
695.000000  696.000000  0.004535 
696.000000  697.000000  0.004556 
697.000000  698.000000  0.004578 
698.000000  699.000000  0.004599 
699.000000  700.000000  0.004621 
700.000000  701.000000  0.004642 
701.000000  702.000000  0.004663 
702.000000  703.000000  0.004684 
703.000000  704.000000  0.004705 
704.000000  705.000000  0.004727 
705.000000  706.000000  0.004748 
706.000000  707.000000  0.004769 
707.000000  708.000000  0.004789 
708.000000  709.000000  0.004810 
709.000000  710.000000  0.004831 
710.000000  711.000000  0.004852 
711.000000  712.000000  0.004873 
712.000000  713.000000  0.004893 
713.000000  714.000000  0.004914 
714.000000  715.000000  0.004934 
715.000000  716.000000  0.004955 
716.000000  717.000000  0.004975 
717.000000  718.000000  0.004995 
718.000000  719.000000  0.005016 
719.000000  720.000000  0.005036 
720.000000  721.000000  0.005056 
721.000000  722.000000  0.005076 
722.000000  723.000000  0.005096 
723.000000  724.000000  0.005116 
724.000000  725.000000  0.005136 
725.000000  726.000000  0.005155 
726.000000  727.000000  0.005175 
727.000000  728.000000  0.005195 
728.000000  729.000000  0.005214 
729.000000  730.000000  0.005234 
730.000000  731.000000  0.005254 
731.000000  732.000000  0.005273 
732.000000  733.000000  0.005292 
733.000000  734.000000  0.005312 
734.000000  735.000000  0.005331 
735.000000  736.000000  0.005350 
736.000000  737.000000  0.005369 
737.000000  738.000000  0.005388 
738.000000  739.000000  0.005407 
739.000000  740.000000  0.005426 
740.000000  741.000000  0.005445 
741.000000  742.000000  0.005464 
742.000000  743.000000  0.005482 
743.000000  744.000000  0.005501 
744.000000  745.000000  0.005520 
745.000000  746.000000  0.005538 
746.000000  747.000000  0.005557 
747.000000  748.000000  0.005575 
748.000000  749.000000  0.005593 
749.000000  750.000000  0.005612 
750.000000  751.000000  0.005630 
751.000000  752.000000  0.005648 
752.000000  753.000000  0.005666 
753.000000  754.000000  0.005684 
754.000000  755.000000  0.005702 
755.000000  756.000000  0.005720 
756.000000  757.000000  0.005737 
757.000000  758.000000  0.005755 
758.000000  759.000000  0.005773 
759.000000  760.000000  0.005790 
760.000000  761.000000  0.005808 
761.000000  762.000000  0.005826 
762.000000  763.000000  0.005843 
763.000000  764.000000  0.005860 
764.000000  765.000000  0.005878 
765.000000  766.000000  0.005895 
766.000000  767.000000  0.005912 
767.000000  768.000000  0.005929 
768.000000  769.000000  0.005946 
769.000000  770.000000  0.005963 
770.000000  771.000000  0.005980 
771.000000  772.000000  0.005997 
772.000000  773.000000  0.006013 
773.000000  774.000000  0.006030 
774.000000  775.000000  0.006047 
775.000000  776.000000  0.006063 
776.000000  777.000000  0.006080 
777.000000  778.000000  0.006096 
778.000000  779.000000  0.006113 
779.000000  780.000000  0.006129 
780.000000  781.000000  0.006145 
781.000000  782.000000  0.006161 
782.000000  783.000000  0.006178 
783.000000  784.000000  0.006194 
784.000000  785.000000  0.006210 
785.000000  786.000000  0.006226 
786.000000  787.000000  0.006241 
787.000000  788.000000  0.006257 
788.000000  789.000000  0.006273 
789.000000  790.000000  0.006289 
790.000000  791.000000  0.006304 
791.000000  792.000000  0.006320 
792.000000  793.000000  0.006335 
793.000000  794.000000  0.006351 
794.000000  795.000000  0.006366 
795.000000  796.000000  0.006381 
796.000000  797.000000  0.006397 
797.000000  798.000000  0.006412 
798.000000  799.000000  0.006427 
799.000000  800.000000  0.006442 
800.000000  801.000000  0.006457 
801.000000  802.000000  0.006472 
802.000000  803.000000  0.006487 
803.000000  804.000000  0.006502 
804.000000  805.000000  0.006516 
805.000000  806.000000  0.006531 
806.000000  807.000000  0.006546 
807.000000  808.000000  0.006560 
808.000000  809.000000  0.006575 
809.000000  810.000000  0.006589 
810.000000  811.000000  0.006604 
811.000000  812.000000  0.006618 
812.000000  813.000000  0.006632 
813.000000  814.000000  0.006647 
814.000000  815.000000  0.006661 
815.000000  816.000000  0.006675 
816.000000  817.000000  0.006689 
817.000000  818.000000  0.006703 
818.000000  819.000000  0.006717 
819.000000  820.000000  0.006731 
820.000000  821.000000  0.006744 
821.000000  822.000000  0.006758 
822.000000  823.000000  0.006772 
823.000000  824.000000  0.006785 
824.000000  825.000000  0.006799 
825.000000  826.000000  0.006813 
826.000000  827.000000  0.006826 
827.000000  828.000000  0.006839 
828.000000  829.000000  0.006853 
829.000000  830.000000  0.006866 
830.000000  831.000000  0.006879 
831.000000  832.000000  0.006892 
832.000000  833.000000  0.006905 
833.000000  834.000000  0.006919 
834.000000  835.000000  0.006932 
835.000000  836.000000  0.006944 
836.000000  837.000000  0.006957 
837.000000  838.000000  0.006970 
838.000000  839.000000  0.006983 
839.000000  840.000000  0.006996 
840.000000  841.000000  0.007008 
841.000000  842.000000  0.007021 
842.000000  843.000000  0.007034 
843.000000  844.000000  0.007046 
844.000000  845.000000  0.007058 
845.000000  846.000000  0.007071 
846.000000  847.000000  0.007083 
847.000000  848.000000  0.007096 
848.000000  849.000000  0.007108 
849.000000  850.000000  0.007120 
850.000000  851.000000  0.007132 
851.000000  852.000000  0.007144 
852.000000  853.000000  0.007156 
853.000000  854.000000  0.007168 
854.000000  855.000000  0.007180 
855.000000  856.000000  0.007192 
856.000000  857.000000  0.007204 
857.000000  858.000000  0.007215 
858.000000  859.000000  0.007227 
859.000000  860.000000  0.007239 
860.000000  861.000000  0.007250 
861.000000  862.000000  0.007262 
862.000000  863.000000  0.007273 
863.000000  864.000000  0.007285 
864.000000  865.000000  0.007296 
865.000000  866.000000  0.007308 
866.000000  867.000000  0.007319 
867.000000  868.000000  0.007330 
868.000000  869.000000  0.007341 
869.000000  870.000000  0.007353 
870.000000  871.000000  0.007364 
871.000000  872.000000  0.007375 
872.000000  873.000000  0.007386 
873.000000  874.000000  0.007397 
874.000000  875.000000  0.007408 
875.000000  876.000000  0.007418 
876.000000  877.000000  0.007429 
877.000000  878.000000  0.007440 
878.000000  879.000000  0.007451 
879.000000  880.000000  0.007461 
880.000000  881.000000  0.007472 
881.000000  882.000000  0.007482 
882.000000  883.000000  0.007493 
883.000000  884.000000  0.007503 
884.000000  885.000000  0.007514 
885.000000  886.000000  0.007524 
886.000000  887.000000  0.007535 
887.000000  888.000000  0.007545 
888.000000  889.000000  0.007555 
889.000000  890.000000  0.007565 
890.000000  891.000000  0.007575 
891.000000  892.000000  0.007585 
892.000000  893.000000  0.007595 
893.000000  894.000000  0.007605 
894.000000  895.000000  0.007615 
895.000000  896.000000  0.007625 
896.000000  897.000000  0.007635 
897.000000  898.000000  0.007645 
898.000000  899.000000  0.007655 
899.000000  900.000000  0.007665 
900.000000  901.000000  0.007674 
901.000000  902.000000  0.007684 
902.000000  903.000000  0.007693 
903.000000  904.000000  0.007703 
904.000000  905.000000  0.007713 
905.000000  906.000000  0.007722 
906.000000  907.000000  0.007731 
907.000000  908.000000  0.007741 
908.000000  909.000000  0.007750 
909.000000  910.000000  0.007759 
910.000000  911.000000  0.007769 
911.000000  912.000000  0.007778 
912.000000  913.000000  0.007787 
913.000000  914.000000  0.007796 
914.000000  915.000000  0.007805 
915.000000  916.000000  0.007814 
916.000000  917.000000  0.007823 
917.000000  918.000000  0.007832 
918.000000  919.000000  0.007841 
919.000000  920.000000  0.007850 
920.000000  921.000000  0.007859 
921.000000  922.000000  0.007868 
922.000000  923.000000  0.007876 
923.000000  924.000000  0.007885 
924.000000  925.000000  0.007894 
925.000000  926.000000  0.007902 
926.000000  927.000000  0.007911 
927.000000  928.000000  0.007920 
928.000000  929.000000  0.007928 
929.000000  930.000000  0.007937 
930.000000  931.000000  0.007945 
931.000000  932.000000  0.007953 
932.000000  933.000000  0.007962 
933.000000  934.000000  0.007970 
934.000000  935.000000  0.007978 
935.000000  936.000000  0.007987 
936.000000  937.000000  0.007995 
937.000000  938.000000  0.008003 
938.000000  939.000000  0.008011 
939.000000  940.000000  0.008019 
940.000000  941.000000  0.008027 
941.000000  942.000000  0.008035 
942.000000  943.000000  0.008043 
943.000000  944.000000  0.008051 
