20.000000  21.000000  0.001407 
21.000000  22.000000  0.001526 
22.000000  23.000000  0.001639 
23.000000  24.000000  0.001747 
24.000000  25.000000  0.001849 
25.000000  26.000000  0.001945 
26.000000  27.000000  0.002035 
27.000000  28.000000  0.002119 
28.000000  29.000000  0.002197 
29.000000  30.000000  0.002270 
30.000000  31.000000  0.002339 
31.000000  32.000000  0.002403 
32.000000  33.000000  0.002464 
33.000000  34.000000  0.002522 
34.000000  35.000000  0.002578 
35.000000  36.000000  0.002632 
36.000000  37.000000  0.002684 
37.000000  38.000000  0.002735 
38.000000  39.000000  0.002786 
39.000000  40.000000  0.002835 
40.000000  41.000000  0.002885 
41.000000  42.000000  0.002934 
42.000000  43.000000  0.002983 
43.000000  44.000000  0.003031 
44.000000  45.000000  0.003080 
45.000000  46.000000  0.003128 
46.000000  47.000000  0.003175 
47.000000  48.000000  0.003222 
48.000000  49.000000  0.003269 
49.000000  50.000000  0.003314 
50.000000  51.000000  0.003359 
51.000000  52.000000  0.003402 
52.000000  53.000000  0.003444 
53.000000  54.000000  0.003484 
54.000000  55.000000  0.003522 
55.000000  56.000000  0.003559 
56.000000  57.000000  0.003594 
57.000000  58.000000  0.003626 
58.000000  59.000000  0.003657 
59.000000  60.000000  0.003685 
60.000000  61.000000  0.003711 
61.000000  62.000000  0.003735 
62.000000  63.000000  0.003756 
63.000000  64.000000  0.003775 
64.000000  65.000000  0.003791 
65.000000  66.000000  0.003805 
66.000000  67.000000  0.003817 
67.000000  68.000000  0.003826 
68.000000  69.000000  0.003833 
69.000000  70.000000  0.003838 
70.000000  71.000000  0.003841 
71.000000  72.000000  0.003842 
72.000000  73.000000  0.003841 
73.000000  74.000000  0.003838 
74.000000  75.000000  0.003834 
75.000000  76.000000  0.003828 
76.000000  77.000000  0.003820 
77.000000  78.000000  0.003811 
78.000000  79.000000  0.003801 
79.000000  80.000000  0.003789 
80.000000  81.000000  0.003776 
81.000000  82.000000  0.003762 
82.000000  83.000000  0.003748 
83.000000  84.000000  0.003732 
84.000000  85.000000  0.003716 
85.000000  86.000000  0.003699 
86.000000  87.000000  0.003681 
87.000000  88.000000  0.003663 
88.000000  89.000000  0.003645 
89.000000  90.000000  0.003626 
90.000000  91.000000  0.003606 
91.000000  92.000000  0.003587 
92.000000  93.000000  0.003567 
93.000000  94.000000  0.003548 
94.000000  95.000000  0.003528 
95.000000  96.000000  0.003508 
96.000000  97.000000  0.003488 
97.000000  98.000000  0.003469 
98.000000  99.000000  0.003449 
99.000000  100.000000  0.003430 
100.000000  101.000000  0.003410 
101.000000  102.000000  0.003391 
102.000000  103.000000  0.003372 
103.000000  104.000000  0.003354 
104.000000  105.000000  0.003335 
105.000000  106.000000  0.003317 
106.000000  107.000000  0.003299 
107.000000  108.000000  0.003282 
108.000000  109.000000  0.003265 
109.000000  110.000000  0.003248 
110.000000  111.000000  0.003231 
111.000000  112.000000  0.003215 
112.000000  113.000000  0.003199 
113.000000  114.000000  0.003184 
114.000000  115.000000  0.003169 
115.000000  116.000000  0.003154 
116.000000  117.000000  0.003140 
117.000000  118.000000  0.003126 
118.000000  119.000000  0.003112 
119.000000  120.000000  0.003099 
120.000000  121.000000  0.003086 
121.000000  122.000000  0.003073 
122.000000  123.000000  0.003061 
123.000000  124.000000  0.003049 
124.000000  125.000000  0.003038 
125.000000  126.000000  0.003027 
126.000000  127.000000  0.003016 
127.000000  128.000000  0.003006 
128.000000  129.000000  0.002995 
129.000000  130.000000  0.002986 
130.000000  131.000000  0.002976 
131.000000  132.000000  0.002967 
132.000000  133.000000  0.002958 
133.000000  134.000000  0.002950 
134.000000  135.000000  0.002941 
135.000000  136.000000  0.002933 
136.000000  137.000000  0.002925 
137.000000  138.000000  0.002918 
138.000000  139.000000  0.002911 
139.000000  140.000000  0.002904 
140.000000  141.000000  0.002897 
141.000000  142.000000  0.002891 
142.000000  143.000000  0.002884 
143.000000  144.000000  0.002878 
144.000000  145.000000  0.002873 
145.000000  146.000000  0.002867 
146.000000  147.000000  0.002862 
147.000000  148.000000  0.002857 
148.000000  149.000000  0.002852 
149.000000  150.000000  0.002847 
150.000000  151.000000  0.002842 
151.000000  152.000000  0.002838 
152.000000  153.000000  0.002834 
153.000000  154.000000  0.002830 
154.000000  155.000000  0.002826 
155.000000  156.000000  0.002822 
156.000000  157.000000  0.002818 
157.000000  158.000000  0.002815 
158.000000  159.000000  0.002812 
159.000000  160.000000  0.002808 
160.000000  161.000000  0.002805 
161.000000  162.000000  0.002802 
162.000000  163.000000  0.002800 
163.000000  164.000000  0.002797 
164.000000  165.000000  0.002794 
165.000000  166.000000  0.002792 
166.000000  167.000000  0.002790 
167.000000  168.000000  0.002787 
168.000000  169.000000  0.002785 
169.000000  170.000000  0.002783 
170.000000  171.000000  0.002781 
171.000000  172.000000  0.002779 
172.000000  173.000000  0.002777 
173.000000  174.000000  0.002776 
174.000000  175.000000  0.002774 
175.000000  176.000000  0.002773 
176.000000  177.000000  0.002771 
177.000000  178.000000  0.002770 
178.000000  179.000000  0.002768 
179.000000  180.000000  0.002767 
180.000000  181.000000  0.002766 
181.000000  182.000000  0.002765 
182.000000  183.000000  0.002763 
183.000000  184.000000  0.002762 
184.000000  185.000000  0.002761 
185.000000  186.000000  0.002760 
186.000000  187.000000  0.002759 
187.000000  188.000000  0.002759 
188.000000  189.000000  0.002758 
189.000000  190.000000  0.002757 
190.000000  191.000000  0.002756 
191.000000  192.000000  0.002756 
192.000000  193.000000  0.002755 
193.000000  194.000000  0.002754 
194.000000  195.000000  0.002754 
195.000000  196.000000  0.002753 
196.000000  197.000000  0.002753 
197.000000  198.000000  0.002752 
198.000000  199.000000  0.002752 
199.000000  200.000000  0.002751 
200.000000  201.000000  0.002751 
201.000000  202.000000  0.002751 
202.000000  203.000000  0.002750 
203.000000  204.000000  0.002750 
204.000000  205.000000  0.002750 
205.000000  206.000000  0.002749 
206.000000  207.000000  0.002749 
207.000000  208.000000  0.002749 
208.000000  209.000000  0.002749 
209.000000  210.000000  0.002749 
210.000000  211.000000  0.002748 
211.000000  212.000000  0.002748 
212.000000  213.000000  0.002748 
213.000000  214.000000  0.002748 
214.000000  215.000000  0.002748 
215.000000  216.000000  0.002748 
216.000000  217.000000  0.002748 
217.000000  218.000000  0.002748 
218.000000  219.000000  0.002748 
219.000000  220.000000  0.002748 
220.000000  221.000000  0.002748 
221.000000  222.000000  0.002749 
222.000000  223.000000  0.002749 
223.000000  224.000000  0.002749 
224.000000  225.000000  0.002749 
225.000000  226.000000  0.002749 
226.000000  227.000000  0.002750 
227.000000  228.000000  0.002750 
228.000000  229.000000  0.002750 
229.000000  230.000000  0.002750 
230.000000  231.000000  0.002751 
231.000000  232.000000  0.002751 
232.000000  233.000000  0.002752 
233.000000  234.000000  0.002752 
234.000000  235.000000  0.002752 
235.000000  236.000000  0.002753 
236.000000  237.000000  0.002753 
237.000000  238.000000  0.002754 
238.000000  239.000000  0.002754 
239.000000  240.000000  0.002755 
240.000000  241.000000  0.002755 
241.000000  242.000000  0.002756 
242.000000  243.000000  0.002757 
243.000000  244.000000  0.002757 
244.000000  245.000000  0.002758 
245.000000  246.000000  0.002759 
246.000000  247.000000  0.002759 
247.000000  248.000000  0.002760 
248.000000  249.000000  0.002761 
249.000000  250.000000  0.002762 
250.000000  251.000000  0.002763 
251.000000  252.000000  0.002763 
252.000000  253.000000  0.002764 
253.000000  254.000000  0.002765 
254.000000  255.000000  0.002766 
255.000000  256.000000  0.002767 
256.000000  257.000000  0.002768 
257.000000  258.000000  0.002769 
258.000000  259.000000  0.002770 
259.000000  260.000000  0.002771 
260.000000  261.000000  0.002772 
261.000000  262.000000  0.002773 
262.000000  263.000000  0.002775 
263.000000  264.000000  0.002776 
264.000000  265.000000  0.002777 
265.000000  266.000000  0.002778 
266.000000  267.000000  0.002780 
267.000000  268.000000  0.002781 
268.000000  269.000000  0.002782 
269.000000  270.000000  0.002784 
270.000000  271.000000  0.002785 
271.000000  272.000000  0.002786 
272.000000  273.000000  0.002788 
273.000000  274.000000  0.002789 
274.000000  275.000000  0.002791 
275.000000  276.000000  0.002792 
276.000000  277.000000  0.002794 
277.000000  278.000000  0.002796 
278.000000  279.000000  0.002797 
279.000000  280.000000  0.002799 
280.000000  281.000000  0.002800 
281.000000  282.000000  0.002802 
282.000000  283.000000  0.002804 
283.000000  284.000000  0.002806 
284.000000  285.000000  0.002807 
285.000000  286.000000  0.002809 
286.000000  287.000000  0.002811 
287.000000  288.000000  0.002813 
288.000000  289.000000  0.002815 
289.000000  290.000000  0.002817 
290.000000  291.000000  0.002819 
291.000000  292.000000  0.002821 
292.000000  293.000000  0.002823 
293.000000  294.000000  0.002825 
294.000000  295.000000  0.002827 
295.000000  296.000000  0.002829 
296.000000  297.000000  0.002831 
297.000000  298.000000  0.002833 
298.000000  299.000000  0.002835 
299.000000  300.000000  0.002837 
300.000000  301.000000  0.002840 
301.000000  302.000000  0.002842 
302.000000  303.000000  0.002844 
303.000000  304.000000  0.002846 
304.000000  305.000000  0.002849 
305.000000  306.000000  0.002851 
306.000000  307.000000  0.002853 
307.000000  308.000000  0.002856 
308.000000  309.000000  0.002858 
309.000000  310.000000  0.002860 
310.000000  311.000000  0.002863 
311.000000  312.000000  0.002865 
312.000000  313.000000  0.002868 
313.000000  314.000000  0.002870 
314.000000  315.000000  0.002873 
315.000000  316.000000  0.002875 
316.000000  317.000000  0.002878 
317.000000  318.000000  0.002880 
318.000000  319.000000  0.002883 
319.000000  320.000000  0.002885 
320.000000  321.000000  0.002888 
321.000000  322.000000  0.002891 
322.000000  323.000000  0.002893 
323.000000  324.000000  0.002896 
324.000000  325.000000  0.002899 
325.000000  326.000000  0.002901 
326.000000  327.000000  0.002904 
327.000000  328.000000  0.002907 
328.000000  329.000000  0.002909 
329.000000  330.000000  0.002912 
330.000000  331.000000  0.002915 
331.000000  332.000000  0.002918 
332.000000  333.000000  0.002920 
333.000000  334.000000  0.002923 
334.000000  335.000000  0.002926 
335.000000  336.000000  0.002929 
336.000000  337.000000  0.002932 
337.000000  338.000000  0.002934 
338.000000  339.000000  0.002937 
339.000000  340.000000  0.002940 
340.000000  341.000000  0.002943 
341.000000  342.000000  0.002946 
342.000000  343.000000  0.002949 
343.000000  344.000000  0.002952 
344.000000  345.000000  0.002955 
345.000000  346.000000  0.002958 
346.000000  347.000000  0.002960 
347.000000  348.000000  0.002963 
348.000000  349.000000  0.002966 
349.000000  350.000000  0.002969 
350.000000  351.000000  0.002972 
351.000000  352.000000  0.002975 
352.000000  353.000000  0.002978 
353.000000  354.000000  0.002981 
354.000000  355.000000  0.002984 
355.000000  356.000000  0.002987 
356.000000  357.000000  0.002990 
357.000000  358.000000  0.002993 
358.000000  359.000000  0.002996 
359.000000  360.000000  0.002999 
360.000000  361.000000  0.003002 
361.000000  362.000000  0.003005 
362.000000  363.000000  0.003008 
363.000000  364.000000  0.003011 
364.000000  365.000000  0.003014 
365.000000  366.000000  0.003017 
366.000000  367.000000  0.003020 
367.000000  368.000000  0.003023 
368.000000  369.000000  0.003026 
369.000000  370.000000  0.003029 
370.000000  371.000000  0.003032 
371.000000  372.000000  0.003035 
372.000000  373.000000  0.003038 
373.000000  374.000000  0.003041 
374.000000  375.000000  0.003044 
375.000000  376.000000  0.003047 
376.000000  377.000000  0.003050 
377.000000  378.000000  0.003053 
378.000000  379.000000  0.003056 
379.000000  380.000000  0.003059 
380.000000  381.000000  0.003062 
381.000000  382.000000  0.003065 
382.000000  383.000000  0.003068 
383.000000  384.000000  0.003071 
384.000000  385.000000  0.003074 
385.000000  386.000000  0.003077 
386.000000  387.000000  0.003080 
387.000000  388.000000  0.003083 
388.000000  389.000000  0.003085 
389.000000  390.000000  0.003088 
390.000000  391.000000  0.003091 
391.000000  392.000000  0.003094 
392.000000  393.000000  0.003097 
393.000000  394.000000  0.003100 
394.000000  395.000000  0.003103 
395.000000  396.000000  0.003106 
396.000000  397.000000  0.003109 
397.000000  398.000000  0.003112 
398.000000  399.000000  0.003115 
399.000000  400.000000  0.003117 
400.000000  401.000000  0.003120 
401.000000  402.000000  0.003123 
402.000000  403.000000  0.003126 
403.000000  404.000000  0.003129 
404.000000  405.000000  0.003132 
405.000000  406.000000  0.003135 
406.000000  407.000000  0.003137 
407.000000  408.000000  0.003140 
408.000000  409.000000  0.003143 
409.000000  410.000000  0.003146 
410.000000  411.000000  0.003149 
411.000000  412.000000  0.003151 
412.000000  413.000000  0.003154 
413.000000  414.000000  0.003157 
414.000000  415.000000  0.003160 
415.000000  416.000000  0.003162 
416.000000  417.000000  0.003165 
417.000000  418.000000  0.003168 
418.000000  419.000000  0.003170 
419.000000  420.000000  0.003173 
420.000000  421.000000  0.003176 
421.000000  422.000000  0.003179 
422.000000  423.000000  0.003181 
423.000000  424.000000  0.003184 
424.000000  425.000000  0.003187 
425.000000  426.000000  0.003189 
426.000000  427.000000  0.003192 
427.000000  428.000000  0.003194 
428.000000  429.000000  0.003197 
429.000000  430.000000  0.003200 
430.000000  431.000000  0.003202 
431.000000  432.000000  0.003205 
432.000000  433.000000  0.003207 
433.000000  434.000000  0.003210 
434.000000  435.000000  0.003212 
435.000000  436.000000  0.003215 
436.000000  437.000000  0.003217 
437.000000  438.000000  0.003220 
438.000000  439.000000  0.003222 
439.000000  440.000000  0.003225 
440.000000  441.000000  0.003227 
441.000000  442.000000  0.003230 
442.000000  443.000000  0.003232 
443.000000  444.000000  0.003235 
444.000000  445.000000  0.003237 
445.000000  446.000000  0.003240 
446.000000  447.000000  0.003242 
447.000000  448.000000  0.003244 
448.000000  449.000000  0.003247 
449.000000  450.000000  0.003249 
450.000000  451.000000  0.003252 
451.000000  452.000000  0.003254 
452.000000  453.000000  0.003256 
453.000000  454.000000  0.003259 
454.000000  455.000000  0.003261 
455.000000  456.000000  0.003263 
456.000000  457.000000  0.003265 
457.000000  458.000000  0.003268 
458.000000  459.000000  0.003270 
459.000000  460.000000  0.003272 
460.000000  461.000000  0.003274 
461.000000  462.000000  0.003277 
462.000000  463.000000  0.003279 
463.000000  464.000000  0.003281 
464.000000  465.000000  0.003283 
465.000000  466.000000  0.003285 
466.000000  467.000000  0.003288 
467.000000  468.000000  0.003290 
468.000000  469.000000  0.003292 
469.000000  470.000000  0.003294 
470.000000  471.000000  0.003296 
471.000000  472.000000  0.003298 
472.000000  473.000000  0.003300 
473.000000  474.000000  0.003302 
474.000000  475.000000  0.003305 
475.000000  476.000000  0.003307 
476.000000  477.000000  0.003309 
477.000000  478.000000  0.003311 
478.000000  479.000000  0.003313 
479.000000  480.000000  0.003315 
480.000000  481.000000  0.003317 
481.000000  482.000000  0.003319 
482.000000  483.000000  0.003321 
483.000000  484.000000  0.003323 
484.000000  485.000000  0.003325 
485.000000  486.000000  0.003327 
486.000000  487.000000  0.003328 
487.000000  488.000000  0.003330 
488.000000  489.000000  0.003332 
489.000000  490.000000  0.003334 
490.000000  491.000000  0.003336 
491.000000  492.000000  0.003338 
492.000000  493.000000  0.003340 
493.000000  494.000000  0.003342 
494.000000  495.000000  0.003343 
495.000000  496.000000  0.003345 
496.000000  497.000000  0.003347 
497.000000  498.000000  0.003349 
498.000000  499.000000  0.003351 
499.000000  500.000000  0.003353 
500.000000  501.000000  0.003354 
501.000000  502.000000  0.003356 
502.000000  503.000000  0.003358 
503.000000  504.000000  0.003360 
504.000000  505.000000  0.003361 
505.000000  506.000000  0.003363 
506.000000  507.000000  0.003365 
507.000000  508.000000  0.003366 
508.000000  509.000000  0.003368 
509.000000  510.000000  0.003370 
510.000000  511.000000  0.003371 
511.000000  512.000000  0.003373 
512.000000  513.000000  0.003375 
513.000000  514.000000  0.003376 
514.000000  515.000000  0.003378 
515.000000  516.000000  0.003380 
516.000000  517.000000  0.003381 
517.000000  518.000000  0.003383 
518.000000  519.000000  0.003384 
519.000000  520.000000  0.003386 
520.000000  521.000000  0.003387 
521.000000  522.000000  0.003389 
522.000000  523.000000  0.003390 
523.000000  524.000000  0.003392 
524.000000  525.000000  0.003394 
525.000000  526.000000  0.003395 
526.000000  527.000000  0.003397 
527.000000  528.000000  0.003398 
528.000000  529.000000  0.003399 
529.000000  530.000000  0.003401 
530.000000  531.000000  0.003402 
531.000000  532.000000  0.003404 
532.000000  533.000000  0.003405 
533.000000  534.000000  0.003407 
534.000000  535.000000  0.003408 
535.000000  536.000000  0.003410 
536.000000  537.000000  0.003411 
537.000000  538.000000  0.003412 
538.000000  539.000000  0.003414 
539.000000  540.000000  0.003415 
540.000000  541.000000  0.003416 
541.000000  542.000000  0.003418 
542.000000  543.000000  0.003419 
543.000000  544.000000  0.003420 
544.000000  545.000000  0.003422 
545.000000  546.000000  0.003423 
546.000000  547.000000  0.003424 
547.000000  548.000000  0.003426 
548.000000  549.000000  0.003427 
549.000000  550.000000  0.003428 
550.000000  551.000000  0.003429 
551.000000  552.000000  0.003431 
552.000000  553.000000  0.003432 
553.000000  554.000000  0.003433 
554.000000  555.000000  0.003434 
555.000000  556.000000  0.003436 
556.000000  557.000000  0.003437 
557.000000  558.000000  0.003438 
558.000000  559.000000  0.003439 
559.000000  560.000000  0.003440 
560.000000  561.000000  0.003442 
561.000000  562.000000  0.003443 
562.000000  563.000000  0.003444 
563.000000  564.000000  0.003445 
564.000000  565.000000  0.003446 
565.000000  566.000000  0.003447 
566.000000  567.000000  0.003449 
567.000000  568.000000  0.003450 
568.000000  569.000000  0.003451 
569.000000  570.000000  0.003452 
570.000000  571.000000  0.003453 
571.000000  572.000000  0.003454 
572.000000  573.000000  0.003455 
573.000000  574.000000  0.003456 
574.000000  575.000000  0.003457 
575.000000  576.000000  0.003458 
576.000000  577.000000  0.003459 
577.000000  578.000000  0.003460 
578.000000  579.000000  0.003461 
579.000000  580.000000  0.003463 
580.000000  581.000000  0.003464 
581.000000  582.000000  0.003465 
582.000000  583.000000  0.003466 
583.000000  584.000000  0.003467 
584.000000  585.000000  0.003468 
585.000000  586.000000  0.003469 
586.000000  587.000000  0.003470 
587.000000  588.000000  0.003470 
588.000000  589.000000  0.003471 
589.000000  590.000000  0.003472 
590.000000  591.000000  0.003473 
591.000000  592.000000  0.003474 
592.000000  593.000000  0.003475 
593.000000  594.000000  0.003476 
594.000000  595.000000  0.003477 
595.000000  596.000000  0.003478 
596.000000  597.000000  0.003479 
597.000000  598.000000  0.003480 
598.000000  599.000000  0.003481 
599.000000  600.000000  0.003482 
600.000000  601.000000  0.003482 
601.000000  602.000000  0.003483 
602.000000  603.000000  0.003484 
603.000000  604.000000  0.003485 
604.000000  605.000000  0.003486 
605.000000  606.000000  0.003487 
606.000000  607.000000  0.003488 
607.000000  608.000000  0.003488 
608.000000  609.000000  0.003489 
609.000000  610.000000  0.003490 
610.000000  611.000000  0.003491 
611.000000  612.000000  0.003492 
612.000000  613.000000  0.003493 
613.000000  614.000000  0.003493 
614.000000  615.000000  0.003494 
615.000000  616.000000  0.003495 
616.000000  617.000000  0.003496 
617.000000  618.000000  0.003496 
618.000000  619.000000  0.003497 
619.000000  620.000000  0.003498 
620.000000  621.000000  0.003499 
621.000000  622.000000  0.003500 
622.000000  623.000000  0.003500 
623.000000  624.000000  0.003501 
624.000000  625.000000  0.003502 
625.000000  626.000000  0.003502 
626.000000  627.000000  0.003503 
627.000000  628.000000  0.003504 
628.000000  629.000000  0.003505 
629.000000  630.000000  0.003505 
630.000000  631.000000  0.003506 
631.000000  632.000000  0.003507 
632.000000  633.000000  0.003507 
633.000000  634.000000  0.003508 
634.000000  635.000000  0.003509 
635.000000  636.000000  0.003510 
636.000000  637.000000  0.003510 
637.000000  638.000000  0.003511 
638.000000  639.000000  0.003512 
639.000000  640.000000  0.003512 
640.000000  641.000000  0.003513 
641.000000  642.000000  0.003513 
642.000000  643.000000  0.003514 
643.000000  644.000000  0.003515 
644.000000  645.000000  0.003515 
645.000000  646.000000  0.003516 
646.000000  647.000000  0.003517 
647.000000  648.000000  0.003517 
648.000000  649.000000  0.003518 
649.000000  650.000000  0.003518 
650.000000  651.000000  0.003519 
651.000000  652.000000  0.003520 
652.000000  653.000000  0.003520 
653.000000  654.000000  0.003521 
654.000000  655.000000  0.003521 
655.000000  656.000000  0.003522 
656.000000  657.000000  0.003523 
657.000000  658.000000  0.003523 
658.000000  659.000000  0.003524 
659.000000  660.000000  0.003524 
660.000000  661.000000  0.003525 
661.000000  662.000000  0.003525 
662.000000  663.000000  0.003526 
663.000000  664.000000  0.003527 
664.000000  665.000000  0.003527 
665.000000  666.000000  0.003528 
666.000000  667.000000  0.003528 
667.000000  668.000000  0.003529 
668.000000  669.000000  0.003529 
669.000000  670.000000  0.003530 
670.000000  671.000000  0.003530 
671.000000  672.000000  0.003531 
672.000000  673.000000  0.003531 
673.000000  674.000000  0.003532 
674.000000  675.000000  0.003532 
675.000000  676.000000  0.003533 
676.000000  677.000000  0.003533 
677.000000  678.000000  0.003534 
678.000000  679.000000  0.003534 
679.000000  680.000000  0.003535 
680.000000  681.000000  0.003535 
681.000000  682.000000  0.003536 
682.000000  683.000000  0.003536 
683.000000  684.000000  0.003537 
684.000000  685.000000  0.003537 
685.000000  686.000000  0.003538 
686.000000  687.000000  0.003538 
687.000000  688.000000  0.003539 
688.000000  689.000000  0.003539 
689.000000  690.000000  0.003540 
690.000000  691.000000  0.003540 
691.000000  692.000000  0.003540 
692.000000  693.000000  0.003541 
693.000000  694.000000  0.003541 
694.000000  695.000000  0.003542 
695.000000  696.000000  0.003542 
696.000000  697.000000  0.003543 
697.000000  698.000000  0.003543 
698.000000  699.000000  0.003543 
699.000000  700.000000  0.003544 
700.000000  701.000000  0.003544 
701.000000  702.000000  0.003545 
702.000000  703.000000  0.003545 
703.000000  704.000000  0.003545 
704.000000  705.000000  0.003546 
705.000000  706.000000  0.003546 
706.000000  707.000000  0.003547 
707.000000  708.000000  0.003547 
708.000000  709.000000  0.003547 
709.000000  710.000000  0.003548 
710.000000  711.000000  0.003548 
711.000000  712.000000  0.003549 
712.000000  713.000000  0.003549 
713.000000  714.000000  0.003549 
714.000000  715.000000  0.003550 
715.000000  716.000000  0.003550 
716.000000  717.000000  0.003551 
717.000000  718.000000  0.003551 
718.000000  719.000000  0.003551 
719.000000  720.000000  0.003552 
720.000000  721.000000  0.003552 
721.000000  722.000000  0.003552 
722.000000  723.000000  0.003553 
723.000000  724.000000  0.003553 
724.000000  725.000000  0.003553 
725.000000  726.000000  0.003554 
726.000000  727.000000  0.003554 
727.000000  728.000000  0.003554 
728.000000  729.000000  0.003555 
729.000000  730.000000  0.003555 
730.000000  731.000000  0.003555 
731.000000  732.000000  0.003556 
732.000000  733.000000  0.003556 
733.000000  734.000000  0.003556 
734.000000  735.000000  0.003557 
735.000000  736.000000  0.003557 
736.000000  737.000000  0.003557 
737.000000  738.000000  0.003558 
738.000000  739.000000  0.003558 
739.000000  740.000000  0.003558 
740.000000  741.000000  0.003559 
741.000000  742.000000  0.003559 
742.000000  743.000000  0.003559 
743.000000  744.000000  0.003560 
744.000000  745.000000  0.003560 
745.000000  746.000000  0.003560 
746.000000  747.000000  0.003560 
747.000000  748.000000  0.003561 
748.000000  749.000000  0.003561 
749.000000  750.000000  0.003561 
750.000000  751.000000  0.003562 
751.000000  752.000000  0.003562 
752.000000  753.000000  0.003562 
753.000000  754.000000  0.003562 
754.000000  755.000000  0.003563 
755.000000  756.000000  0.003563 
756.000000  757.000000  0.003563 
757.000000  758.000000  0.003564 
758.000000  759.000000  0.003564 
759.000000  760.000000  0.003564 
760.000000  761.000000  0.003564 
761.000000  762.000000  0.003565 
762.000000  763.000000  0.003565 
763.000000  764.000000  0.003565 
764.000000  765.000000  0.003565 
765.000000  766.000000  0.003566 
766.000000  767.000000  0.003566 
767.000000  768.000000  0.003566 
768.000000  769.000000  0.003566 
769.000000  770.000000  0.003567 
770.000000  771.000000  0.003567 
771.000000  772.000000  0.003567 
772.000000  773.000000  0.003567 
773.000000  774.000000  0.003568 
774.000000  775.000000  0.003568 
775.000000  776.000000  0.003568 
776.000000  777.000000  0.003568 
777.000000  778.000000  0.003569 
778.000000  779.000000  0.003569 
779.000000  780.000000  0.003569 
780.000000  781.000000  0.003569 
781.000000  782.000000  0.003570 
782.000000  783.000000  0.003570 
783.000000  784.000000  0.003570 
784.000000  785.000000  0.003570 
785.000000  786.000000  0.003571 
786.000000  787.000000  0.003571 
787.000000  788.000000  0.003571 
788.000000  789.000000  0.003571 
789.000000  790.000000  0.003571 
790.000000  791.000000  0.003572 
791.000000  792.000000  0.003572 
792.000000  793.000000  0.003572 
793.000000  794.000000  0.003572 
794.000000  795.000000  0.003572 
795.000000  796.000000  0.003573 
796.000000  797.000000  0.003573 
797.000000  798.000000  0.003573 
798.000000  799.000000  0.003573 
799.000000  800.000000  0.003574 
800.000000  801.000000  0.003574 
801.000000  802.000000  0.003574 
802.000000  803.000000  0.003574 
803.000000  804.000000  0.003574 
804.000000  805.000000  0.003575 
805.000000  806.000000  0.003575 
806.000000  807.000000  0.003575 
807.000000  808.000000  0.003575 
808.000000  809.000000  0.003575 
809.000000  810.000000  0.003575 
810.000000  811.000000  0.003576 
811.000000  812.000000  0.003576 
812.000000  813.000000  0.003576 
813.000000  814.000000  0.003576 
814.000000  815.000000  0.003576 
815.000000  816.000000  0.003577 
816.000000  817.000000  0.003577 
817.000000  818.000000  0.003577 
818.000000  819.000000  0.003577 
819.000000  820.000000  0.003577 
820.000000  821.000000  0.003577 
821.000000  822.000000  0.003578 
822.000000  823.000000  0.003578 
823.000000  824.000000  0.003578 
824.000000  825.000000  0.003578 
825.000000  826.000000  0.003578 
826.000000  827.000000  0.003579 
827.000000  828.000000  0.003579 
828.000000  829.000000  0.003579 
829.000000  830.000000  0.003579 
830.000000  831.000000  0.003579 
831.000000  832.000000  0.003579 
832.000000  833.000000  0.003579 
833.000000  834.000000  0.003580 
834.000000  835.000000  0.003580 
835.000000  836.000000  0.003580 
836.000000  837.000000  0.003580 
837.000000  838.000000  0.003580 
838.000000  839.000000  0.003580 
839.000000  840.000000  0.003581 
840.000000  841.000000  0.003581 
841.000000  842.000000  0.003581 
842.000000  843.000000  0.003581 
843.000000  844.000000  0.003581 
844.000000  845.000000  0.003581 
845.000000  846.000000  0.003581 
846.000000  847.000000  0.003582 
847.000000  848.000000  0.003582 
848.000000  849.000000  0.003582 
849.000000  850.000000  0.003582 
850.000000  851.000000  0.003582 
851.000000  852.000000  0.003582 
852.000000  853.000000  0.003582 
853.000000  854.000000  0.003583 
854.000000  855.000000  0.003583 
855.000000  856.000000  0.003583 
856.000000  857.000000  0.003583 
857.000000  858.000000  0.003583 
858.000000  859.000000  0.003583 
859.000000  860.000000  0.003583 
860.000000  861.000000  0.003584 
861.000000  862.000000  0.003584 
862.000000  863.000000  0.003584 
863.000000  864.000000  0.003584 
864.000000  865.000000  0.003584 
865.000000  866.000000  0.003584 
866.000000  867.000000  0.003584 
867.000000  868.000000  0.003584 
868.000000  869.000000  0.003585 
869.000000  870.000000  0.003585 
870.000000  871.000000  0.003585 
871.000000  872.000000  0.003585 
872.000000  873.000000  0.003585 
873.000000  874.000000  0.003585 
874.000000  875.000000  0.003585 
875.000000  876.000000  0.003585 
876.000000  877.000000  0.003586 
877.000000  878.000000  0.003586 
878.000000  879.000000  0.003586 
879.000000  880.000000  0.003586 
880.000000  881.000000  0.003586 
881.000000  882.000000  0.003586 
882.000000  883.000000  0.003586 
883.000000  884.000000  0.003586 
884.000000  885.000000  0.003586 
885.000000  886.000000  0.003587 
886.000000  887.000000  0.003587 
887.000000  888.000000  0.003587 
888.000000  889.000000  0.003587 
889.000000  890.000000  0.003587 
890.000000  891.000000  0.003587 
891.000000  892.000000  0.003587 
892.000000  893.000000  0.003587 
893.000000  894.000000  0.003587 
894.000000  895.000000  0.003588 
895.000000  896.000000  0.003588 
896.000000  897.000000  0.003588 
897.000000  898.000000  0.003588 
898.000000  899.000000  0.003588 
899.000000  900.000000  0.003588 
900.000000  901.000000  0.003588 
901.000000  902.000000  0.003588 
902.000000  903.000000  0.003588 
903.000000  904.000000  0.003588 
904.000000  905.000000  0.003589 
905.000000  906.000000  0.003589 
906.000000  907.000000  0.003589 
907.000000  908.000000  0.003589 
908.000000  909.000000  0.003589 
909.000000  910.000000  0.003589 
910.000000  911.000000  0.003589 
911.000000  912.000000  0.003589 
912.000000  913.000000  0.003589 
913.000000  914.000000  0.003589 
914.000000  915.000000  0.003589 
915.000000  916.000000  0.003590 
916.000000  917.000000  0.003590 
917.000000  918.000000  0.003590 
918.000000  919.000000  0.003590 
919.000000  920.000000  0.003590 
920.000000  921.000000  0.003590 
921.000000  922.000000  0.003590 
922.000000  923.000000  0.003590 
923.000000  924.000000  0.003590 
924.000000  925.000000  0.003590 
925.000000  926.000000  0.003590 
926.000000  927.000000  0.003590 
927.000000  928.000000  0.003591 
928.000000  929.000000  0.003591 
929.000000  930.000000  0.003591 
930.000000  931.000000  0.003591 
931.000000  932.000000  0.003591 
932.000000  933.000000  0.003591 
933.000000  934.000000  0.003591 
934.000000  935.000000  0.003591 
935.000000  936.000000  0.003591 
936.000000  937.000000  0.003591 
937.000000  938.000000  0.003591 
938.000000  939.000000  0.003591 
939.000000  940.000000  0.003592 
940.000000  941.000000  0.003592 
941.000000  942.000000  0.003592 
942.000000  943.000000  0.003592 
943.000000  944.000000  0.003592 
