17.000000  18.000000  0.987209 
18.000000  19.000000  0.985140 
19.000000  20.000000  0.983216 
20.000000  21.000000  0.981431 
21.000000  22.000000  0.979779 
22.000000  23.000000  0.978253 
23.000000  24.000000  0.976846 
24.000000  25.000000  0.975552 
25.000000  26.000000  0.974362 
26.000000  27.000000  0.973272 
27.000000  28.000000  0.972282 
28.000000  29.000000  0.971391 
29.000000  30.000000  0.970596 
30.000000  31.000000  0.969895 
31.000000  32.000000  0.969291 
32.000000  33.000000  0.968751 
33.000000  34.000000  0.968266 
34.000000  35.000000  0.967830 
35.000000  36.000000  0.967435 
36.000000  37.000000  0.967064 
37.000000  38.000000  0.966712 
38.000000  39.000000  0.966402 
39.000000  40.000000  0.966117 
40.000000  41.000000  0.965855 
41.000000  42.000000  0.965613 
42.000000  43.000000  0.965388 
43.000000  44.000000  0.965180 
44.000000  45.000000  0.964985 
45.000000  46.000000  0.964803 
46.000000  47.000000  0.964631 
47.000000  48.000000  0.964469 
48.000000  49.000000  0.964316 
49.000000  50.000000  0.964171 
50.000000  51.000000  0.964033 
51.000000  52.000000  0.963903 
52.000000  53.000000  0.963778 
53.000000  54.000000  0.963660 
54.000000  55.000000  0.963548 
55.000000  56.000000  0.963441 
56.000000  57.000000  0.963340 
57.000000  58.000000  0.963244 
58.000000  59.000000  0.963153 
59.000000  60.000000  0.963067 
60.000000  61.000000  0.962986 
61.000000  62.000000  0.962908 
62.000000  63.000000  0.962835 
63.000000  64.000000  0.962768 
64.000000  65.000000  0.962705 
65.000000  66.000000  0.962647 
66.000000  67.000000  0.962594 
67.000000  68.000000  0.962545 
68.000000  69.000000  0.962502 
69.000000  70.000000  0.962463 
70.000000  71.000000  0.962428 
71.000000  72.000000  0.962398 
72.000000  73.000000  0.962373 
73.000000  74.000000  0.962352 
74.000000  75.000000  0.962335 
75.000000  76.000000  0.962322 
76.000000  77.000000  0.962314 
77.000000  78.000000  0.962310 
78.000000  79.000000  0.962310 
79.000000  80.000000  0.962315 
80.000000  81.000000  0.962323 
81.000000  82.000000  0.962336 
82.000000  83.000000  0.962352 
83.000000  84.000000  0.962373 
84.000000  85.000000  0.962397 
85.000000  86.000000  0.962425 
86.000000  87.000000  0.962456 
87.000000  88.000000  0.962491 
88.000000  89.000000  0.962529 
89.000000  90.000000  0.962571 
90.000000  91.000000  0.962615 
91.000000  92.000000  0.962662 
92.000000  93.000000  0.962713 
93.000000  94.000000  0.962766 
94.000000  95.000000  0.962821 
95.000000  96.000000  0.962880 
96.000000  97.000000  0.962941 
97.000000  98.000000  0.963004 
98.000000  99.000000  0.963070 
99.000000  100.000000  0.963138 
100.000000  101.000000  0.963208 
101.000000  102.000000  0.963280 
102.000000  103.000000  0.963354 
103.000000  104.000000  0.963430 
104.000000  105.000000  0.963508 
105.000000  106.000000  0.963588 
106.000000  107.000000  0.963669 
107.000000  108.000000  0.963752 
108.000000  109.000000  0.963836 
109.000000  110.000000  0.963921 
110.000000  111.000000  0.964008 
111.000000  112.000000  0.964096 
112.000000  113.000000  0.964185 
113.000000  114.000000  0.964275 
114.000000  115.000000  0.964365 
115.000000  116.000000  0.964457 
116.000000  117.000000  0.964549 
117.000000  118.000000  0.964642 
118.000000  119.000000  0.964735 
119.000000  120.000000  0.964828 
120.000000  121.000000  0.964922 
121.000000  122.000000  0.965016 
122.000000  123.000000  0.965110 
123.000000  124.000000  0.965204 
124.000000  125.000000  0.965297 
125.000000  126.000000  0.965391 
126.000000  127.000000  0.965484 
127.000000  128.000000  0.965577 
128.000000  129.000000  0.965670 
129.000000  130.000000  0.965761 
130.000000  131.000000  0.965852 
131.000000  132.000000  0.965943 
132.000000  133.000000  0.966032 
133.000000  134.000000  0.966120 
134.000000  135.000000  0.966208 
135.000000  136.000000  0.966294 
136.000000  137.000000  0.966379 
137.000000  138.000000  0.966463 
138.000000  139.000000  0.966546 
139.000000  140.000000  0.966627 
140.000000  141.000000  0.966706 
141.000000  142.000000  0.966785 
142.000000  143.000000  0.966861 
143.000000  144.000000  0.966936 
144.000000  145.000000  0.967009 
145.000000  146.000000  0.967081 
146.000000  147.000000  0.967150 
147.000000  148.000000  0.967218 
148.000000  149.000000  0.967284 
149.000000  150.000000  0.967348 
150.000000  151.000000  0.967410 
151.000000  152.000000  0.967471 
152.000000  153.000000  0.967529 
153.000000  154.000000  0.967585 
154.000000  155.000000  0.967639 
155.000000  156.000000  0.967691 
156.000000  157.000000  0.967742 
157.000000  158.000000  0.967790 
158.000000  159.000000  0.967836 
159.000000  160.000000  0.967880 
160.000000  161.000000  0.967922 
161.000000  162.000000  0.967962 
162.000000  163.000000  0.968000 
163.000000  164.000000  0.968036 
164.000000  165.000000  0.968070 
165.000000  166.000000  0.968102 
166.000000  167.000000  0.968132 
167.000000  168.000000  0.968160 
168.000000  169.000000  0.968186 
169.000000  170.000000  0.968211 
170.000000  171.000000  0.968233 
171.000000  172.000000  0.968254 
172.000000  173.000000  0.968273 
173.000000  174.000000  0.968291 
174.000000  175.000000  0.968306 
175.000000  176.000000  0.968320 
176.000000  177.000000  0.968332 
177.000000  178.000000  0.968343 
178.000000  179.000000  0.968352 
179.000000  180.000000  0.968360 
180.000000  181.000000  0.968367 
181.000000  182.000000  0.968372 
182.000000  183.000000  0.968375 
183.000000  184.000000  0.968378 
184.000000  185.000000  0.968379 
185.000000  186.000000  0.968379 
186.000000  187.000000  0.968378 
187.000000  188.000000  0.968376 
188.000000  189.000000  0.968372 
189.000000  190.000000  0.968368 
190.000000  191.000000  0.968363 
191.000000  192.000000  0.968357 
192.000000  193.000000  0.968350 
193.000000  194.000000  0.968342 
194.000000  195.000000  0.968334 
195.000000  196.000000  0.968325 
196.000000  197.000000  0.968316 
197.000000  198.000000  0.968305 
198.000000  199.000000  0.968295 
199.000000  200.000000  0.968284 
200.000000  201.000000  0.968272 
201.000000  202.000000  0.968260 
202.000000  203.000000  0.968248 
203.000000  204.000000  0.968236 
204.000000  205.000000  0.968223 
205.000000  206.000000  0.968210 
206.000000  207.000000  0.968197 
207.000000  208.000000  0.968184 
208.000000  209.000000  0.968171 
209.000000  210.000000  0.968158 
210.000000  211.000000  0.968145 
211.000000  212.000000  0.968131 
212.000000  213.000000  0.968119 
213.000000  214.000000  0.968106 
214.000000  215.000000  0.968093 
215.000000  216.000000  0.968081 
216.000000  217.000000  0.968069 
217.000000  218.000000  0.968057 
218.000000  219.000000  0.968045 
219.000000  220.000000  0.968034 
220.000000  221.000000  0.968024 
221.000000  222.000000  0.968013 
222.000000  223.000000  0.968004 
223.000000  224.000000  0.967994 
224.000000  225.000000  0.967985 
225.000000  226.000000  0.967977 
226.000000  227.000000  0.967969 
227.000000  228.000000  0.967962 
228.000000  229.000000  0.967956 
229.000000  230.000000  0.967950 
230.000000  231.000000  0.967944 
231.000000  232.000000  0.967940 
232.000000  233.000000  0.967936 
233.000000  234.000000  0.967932 
234.000000  235.000000  0.967930 
235.000000  236.000000  0.967928 
236.000000  237.000000  0.967927 
237.000000  238.000000  0.967927 
238.000000  239.000000  0.967927 
239.000000  240.000000  0.967928 
240.000000  241.000000  0.967930 
241.000000  242.000000  0.967933 
242.000000  243.000000  0.967937 
243.000000  244.000000  0.967941 
244.000000  245.000000  0.967947 
245.000000  246.000000  0.967953 
246.000000  247.000000  0.967960 
247.000000  248.000000  0.967968 
248.000000  249.000000  0.967976 
249.000000  250.000000  0.967986 
250.000000  251.000000  0.967996 
251.000000  252.000000  0.968007 
252.000000  253.000000  0.968019 
253.000000  254.000000  0.968032 
254.000000  255.000000  0.968046 
255.000000  256.000000  0.968061 
256.000000  257.000000  0.968076 
257.000000  258.000000  0.968092 
258.000000  259.000000  0.968110 
259.000000  260.000000  0.968128 
260.000000  261.000000  0.968146 
261.000000  262.000000  0.968166 
262.000000  263.000000  0.968187 
263.000000  264.000000  0.968208 
264.000000  265.000000  0.968230 
265.000000  266.000000  0.968253 
266.000000  267.000000  0.968277 
267.000000  268.000000  0.968302 
268.000000  269.000000  0.968327 
269.000000  270.000000  0.968353 
270.000000  271.000000  0.968380 
271.000000  272.000000  0.968408 
272.000000  273.000000  0.968436 
273.000000  274.000000  0.968466 
274.000000  275.000000  0.968496 
275.000000  276.000000  0.968526 
276.000000  277.000000  0.968558 
277.000000  278.000000  0.968590 
278.000000  279.000000  0.968623 
279.000000  280.000000  0.968656 
280.000000  281.000000  0.968690 
281.000000  282.000000  0.968725 
282.000000  283.000000  0.968761 
283.000000  284.000000  0.968797 
284.000000  285.000000  0.968834 
285.000000  286.000000  0.968871 
286.000000  287.000000  0.968909 
287.000000  288.000000  0.968948 
288.000000  289.000000  0.968987 
289.000000  290.000000  0.969027 
290.000000  291.000000  0.969067 
291.000000  292.000000  0.969108 
292.000000  293.000000  0.969150 
293.000000  294.000000  0.969192 
294.000000  295.000000  0.969234 
295.000000  296.000000  0.969277 
296.000000  297.000000  0.969321 
297.000000  298.000000  0.969365 
298.000000  299.000000  0.969409 
299.000000  300.000000  0.969454 
300.000000  301.000000  0.969499 
301.000000  302.000000  0.969545 
302.000000  303.000000  0.969591 
303.000000  304.000000  0.969638 
304.000000  305.000000  0.969685 
305.000000  306.000000  0.969732 
306.000000  307.000000  0.969780 
307.000000  308.000000  0.969828 
308.000000  309.000000  0.969876 
309.000000  310.000000  0.969925 
310.000000  311.000000  0.969973 
311.000000  312.000000  0.970023 
312.000000  313.000000  0.970072 
313.000000  314.000000  0.970122 
314.000000  315.000000  0.970172 
315.000000  316.000000  0.970223 
316.000000  317.000000  0.970273 
317.000000  318.000000  0.970324 
318.000000  319.000000  0.970375 
319.000000  320.000000  0.970426 
320.000000  321.000000  0.970477 
321.000000  322.000000  0.970529 
322.000000  323.000000  0.970581 
323.000000  324.000000  0.970633 
324.000000  325.000000  0.970685 
325.000000  326.000000  0.970737 
326.000000  327.000000  0.970789 
327.000000  328.000000  0.970842 
328.000000  329.000000  0.970894 
329.000000  330.000000  0.970947 
330.000000  331.000000  0.971000 
331.000000  332.000000  0.971052 
332.000000  333.000000  0.971105 
333.000000  334.000000  0.971158 
334.000000  335.000000  0.971211 
335.000000  336.000000  0.971264 
336.000000  337.000000  0.971317 
337.000000  338.000000  0.971370 
338.000000  339.000000  0.971423 
339.000000  340.000000  0.971476 
340.000000  341.000000  0.971529 
341.000000  342.000000  0.971582 
342.000000  343.000000  0.971635 
343.000000  344.000000  0.971688 
344.000000  345.000000  0.971741 
345.000000  346.000000  0.971794 
346.000000  347.000000  0.971846 
347.000000  348.000000  0.971899 
348.000000  349.000000  0.971952 
349.000000  350.000000  0.972004 
350.000000  351.000000  0.972057 
351.000000  352.000000  0.972109 
352.000000  353.000000  0.972161 
353.000000  354.000000  0.972213 
354.000000  355.000000  0.972265 
355.000000  356.000000  0.972317 
356.000000  357.000000  0.972369 
357.000000  358.000000  0.972420 
358.000000  359.000000  0.972472 
359.000000  360.000000  0.972523 
360.000000  361.000000  0.972574 
361.000000  362.000000  0.972625 
362.000000  363.000000  0.972676 
363.000000  364.000000  0.972726 
364.000000  365.000000  0.972776 
365.000000  366.000000  0.972827 
366.000000  367.000000  0.972877 
367.000000  368.000000  0.972926 
368.000000  369.000000  0.972976 
369.000000  370.000000  0.973025 
370.000000  371.000000  0.973074 
371.000000  372.000000  0.973123 
372.000000  373.000000  0.973172 
373.000000  374.000000  0.973220 
374.000000  375.000000  0.973269 
375.000000  376.000000  0.973317 
376.000000  377.000000  0.973364 
377.000000  378.000000  0.973412 
378.000000  379.000000  0.973459 
379.000000  380.000000  0.973506 
380.000000  381.000000  0.973552 
381.000000  382.000000  0.973599 
382.000000  383.000000  0.973645 
383.000000  384.000000  0.973691 
384.000000  385.000000  0.973736 
385.000000  386.000000  0.973782 
386.000000  387.000000  0.973827 
387.000000  388.000000  0.973871 
388.000000  389.000000  0.973916 
389.000000  390.000000  0.973960 
390.000000  391.000000  0.974004 
391.000000  392.000000  0.974047 
392.000000  393.000000  0.974090 
393.000000  394.000000  0.974133 
394.000000  395.000000  0.974176 
395.000000  396.000000  0.974218 
396.000000  397.000000  0.974260 
397.000000  398.000000  0.974302 
398.000000  399.000000  0.974343 
399.000000  400.000000  0.974384 
400.000000  401.000000  0.974425 
401.000000  402.000000  0.974465 
402.000000  403.000000  0.974505 
403.000000  404.000000  0.974545 
404.000000  405.000000  0.974584 
405.000000  406.000000  0.974623 
406.000000  407.000000  0.974662 
407.000000  408.000000  0.974701 
408.000000  409.000000  0.974739 
409.000000  410.000000  0.974776 
410.000000  411.000000  0.974814 
411.000000  412.000000  0.974851 
412.000000  413.000000  0.974887 
413.000000  414.000000  0.974924 
414.000000  415.000000  0.974960 
415.000000  416.000000  0.974995 
416.000000  417.000000  0.975031 
417.000000  418.000000  0.975066 
418.000000  419.000000  0.975100 
419.000000  420.000000  0.975134 
420.000000  421.000000  0.975168 
421.000000  422.000000  0.975202 
422.000000  423.000000  0.975235 
423.000000  424.000000  0.975268 
424.000000  425.000000  0.975300 
425.000000  426.000000  0.975332 
426.000000  427.000000  0.975364 
427.000000  428.000000  0.975396 
428.000000  429.000000  0.975427 
429.000000  430.000000  0.975457 
430.000000  431.000000  0.975488 
431.000000  432.000000  0.975518 
432.000000  433.000000  0.975547 
433.000000  434.000000  0.975577 
434.000000  435.000000  0.975605 
435.000000  436.000000  0.975634 
436.000000  437.000000  0.975662 
437.000000  438.000000  0.975690 
438.000000  439.000000  0.975718 
439.000000  440.000000  0.975745 
440.000000  441.000000  0.975772 
441.000000  442.000000  0.975798 
442.000000  443.000000  0.975824 
443.000000  444.000000  0.975850 
444.000000  445.000000  0.975875 
445.000000  446.000000  0.975900 
446.000000  447.000000  0.975925 
447.000000  448.000000  0.975949 
448.000000  449.000000  0.975973 
449.000000  450.000000  0.975997 
450.000000  451.000000  0.976020 
451.000000  452.000000  0.976043 
452.000000  453.000000  0.976065 
453.000000  454.000000  0.976087 
454.000000  455.000000  0.976109 
455.000000  456.000000  0.976131 
456.000000  457.000000  0.976152 
457.000000  458.000000  0.976173 
458.000000  459.000000  0.976193 
459.000000  460.000000  0.976213 
460.000000  461.000000  0.976233 
461.000000  462.000000  0.976252 
462.000000  463.000000  0.976271 
463.000000  464.000000  0.976290 
464.000000  465.000000  0.976308 
465.000000  466.000000  0.976326 
466.000000  467.000000  0.976344 
467.000000  468.000000  0.976361 
468.000000  469.000000  0.976378 
469.000000  470.000000  0.976395 
470.000000  471.000000  0.976411 
471.000000  472.000000  0.976427 
472.000000  473.000000  0.976443 
473.000000  474.000000  0.976458 
474.000000  475.000000  0.976473 
475.000000  476.000000  0.976488 
476.000000  477.000000  0.976502 
477.000000  478.000000  0.976516 
478.000000  479.000000  0.976530 
479.000000  480.000000  0.976543 
480.000000  481.000000  0.976556 
481.000000  482.000000  0.976569 
482.000000  483.000000  0.976581 
483.000000  484.000000  0.976593 
484.000000  485.000000  0.976605 
485.000000  486.000000  0.976616 
486.000000  487.000000  0.976627 
487.000000  488.000000  0.976638 
488.000000  489.000000  0.976648 
489.000000  490.000000  0.976658 
490.000000  491.000000  0.976668 
491.000000  492.000000  0.976677 
492.000000  493.000000  0.976686 
493.000000  494.000000  0.976695 
494.000000  495.000000  0.976704 
495.000000  496.000000  0.976712 
496.000000  497.000000  0.976720 
497.000000  498.000000  0.976727 
498.000000  499.000000  0.976735 
499.000000  500.000000  0.976742 
500.000000  501.000000  0.976748 
501.000000  502.000000  0.976755 
502.000000  503.000000  0.976761 
503.000000  504.000000  0.976767 
504.000000  505.000000  0.976772 
505.000000  506.000000  0.976777 
506.000000  507.000000  0.976782 
507.000000  508.000000  0.976787 
508.000000  509.000000  0.976791 
509.000000  510.000000  0.976795 
510.000000  511.000000  0.976798 
511.000000  512.000000  0.976802 
512.000000  513.000000  0.976805 
513.000000  514.000000  0.976808 
514.000000  515.000000  0.976810 
515.000000  516.000000  0.976813 
516.000000  517.000000  0.976815 
517.000000  518.000000  0.976816 
518.000000  519.000000  0.976818 
519.000000  520.000000  0.976819 
520.000000  521.000000  0.976820 
521.000000  522.000000  0.976820 
522.000000  523.000000  0.976820 
523.000000  524.000000  0.976820 
524.000000  525.000000  0.976820 
525.000000  526.000000  0.976820 
526.000000  527.000000  0.976819 
527.000000  528.000000  0.976818 
528.000000  529.000000  0.976817 
529.000000  530.000000  0.976815 
530.000000  531.000000  0.976813 
531.000000  532.000000  0.976811 
532.000000  533.000000  0.976809 
533.000000  534.000000  0.976806 
534.000000  535.000000  0.976803 
535.000000  536.000000  0.976800 
536.000000  537.000000  0.976796 
537.000000  538.000000  0.976793 
538.000000  539.000000  0.976789 
539.000000  540.000000  0.976785 
540.000000  541.000000  0.976780 
541.000000  542.000000  0.976775 
542.000000  543.000000  0.976771 
543.000000  544.000000  0.976765 
544.000000  545.000000  0.976760 
545.000000  546.000000  0.976754 
546.000000  547.000000  0.976748 
547.000000  548.000000  0.976742 
548.000000  549.000000  0.976736 
549.000000  550.000000  0.976729 
550.000000  551.000000  0.976722 
551.000000  552.000000  0.976715 
552.000000  553.000000  0.976708 
553.000000  554.000000  0.976700 
554.000000  555.000000  0.976692 
555.000000  556.000000  0.976684 
556.000000  557.000000  0.976676 
557.000000  558.000000  0.976667 
558.000000  559.000000  0.976659 
559.000000  560.000000  0.976650 
560.000000  561.000000  0.976641 
561.000000  562.000000  0.976631 
562.000000  563.000000  0.976622 
563.000000  564.000000  0.976612 
564.000000  565.000000  0.976602 
565.000000  566.000000  0.976591 
566.000000  567.000000  0.976581 
567.000000  568.000000  0.976570 
568.000000  569.000000  0.976559 
569.000000  570.000000  0.976548 
570.000000  571.000000  0.976536 
571.000000  572.000000  0.976525 
572.000000  573.000000  0.976513 
573.000000  574.000000  0.976501 
574.000000  575.000000  0.976489 
575.000000  576.000000  0.976476 
576.000000  577.000000  0.976464 
577.000000  578.000000  0.976451 
578.000000  579.000000  0.976438 
579.000000  580.000000  0.976425 
580.000000  581.000000  0.976411 
581.000000  582.000000  0.976398 
582.000000  583.000000  0.976384 
583.000000  584.000000  0.976370 
584.000000  585.000000  0.976355 
585.000000  586.000000  0.976341 
586.000000  587.000000  0.976326 
587.000000  588.000000  0.976311 
588.000000  589.000000  0.976296 
589.000000  590.000000  0.976281 
590.000000  591.000000  0.976266 
591.000000  592.000000  0.976250 
592.000000  593.000000  0.976235 
593.000000  594.000000  0.976219 
594.000000  595.000000  0.976202 
595.000000  596.000000  0.976186 
596.000000  597.000000  0.976170 
597.000000  598.000000  0.976153 
598.000000  599.000000  0.976136 
599.000000  600.000000  0.976119 
600.000000  601.000000  0.976102 
601.000000  602.000000  0.976084 
602.000000  603.000000  0.976067 
603.000000  604.000000  0.976049 
604.000000  605.000000  0.976031 
605.000000  606.000000  0.976013 
606.000000  607.000000  0.975995 
607.000000  608.000000  0.975976 
608.000000  609.000000  0.975957 
609.000000  610.000000  0.975939 
610.000000  611.000000  0.975920 
611.000000  612.000000  0.975901 
612.000000  613.000000  0.975881 
613.000000  614.000000  0.975862 
614.000000  615.000000  0.975842 
615.000000  616.000000  0.975822 
616.000000  617.000000  0.975802 
617.000000  618.000000  0.975782 
618.000000  619.000000  0.975762 
619.000000  620.000000  0.975742 
620.000000  621.000000  0.975721 
621.000000  622.000000  0.975700 
622.000000  623.000000  0.975679 
623.000000  624.000000  0.975658 
624.000000  625.000000  0.975637 
625.000000  626.000000  0.975616 
626.000000  627.000000  0.975594 
627.000000  628.000000  0.975573 
628.000000  629.000000  0.975551 
629.000000  630.000000  0.975529 
630.000000  631.000000  0.975507 
631.000000  632.000000  0.975484 
632.000000  633.000000  0.975462 
633.000000  634.000000  0.975439 
634.000000  635.000000  0.975417 
635.000000  636.000000  0.975394 
636.000000  637.000000  0.975371 
637.000000  638.000000  0.975348 
638.000000  639.000000  0.975325 
639.000000  640.000000  0.975301 
640.000000  641.000000  0.975278 
641.000000  642.000000  0.975254 
642.000000  643.000000  0.975230 
643.000000  644.000000  0.975206 
644.000000  645.000000  0.975182 
645.000000  646.000000  0.975158 
646.000000  647.000000  0.975133 
647.000000  648.000000  0.975109 
648.000000  649.000000  0.975084 
649.000000  650.000000  0.975060 
650.000000  651.000000  0.975035 
651.000000  652.000000  0.975010 
652.000000  653.000000  0.974985 
653.000000  654.000000  0.974959 
654.000000  655.000000  0.974934 
655.000000  656.000000  0.974908 
656.000000  657.000000  0.974883 
657.000000  658.000000  0.974857 
658.000000  659.000000  0.974831 
659.000000  660.000000  0.974805 
660.000000  661.000000  0.974779 
661.000000  662.000000  0.974753 
662.000000  663.000000  0.974726 
663.000000  664.000000  0.974700 
664.000000  665.000000  0.974673 
665.000000  666.000000  0.974647 
666.000000  667.000000  0.974620 
667.000000  668.000000  0.974593 
668.000000  669.000000  0.974566 
669.000000  670.000000  0.974539 
670.000000  671.000000  0.974511 
671.000000  672.000000  0.974484 
672.000000  673.000000  0.974456 
673.000000  674.000000  0.974429 
674.000000  675.000000  0.974401 
675.000000  676.000000  0.974373 
676.000000  677.000000  0.974345 
677.000000  678.000000  0.974317 
678.000000  679.000000  0.974289 
679.000000  680.000000  0.974261 
680.000000  681.000000  0.974232 
681.000000  682.000000  0.974204 
682.000000  683.000000  0.974175 
683.000000  684.000000  0.974147 
684.000000  685.000000  0.974118 
685.000000  686.000000  0.974089 
686.000000  687.000000  0.974060 
687.000000  688.000000  0.974031 
688.000000  689.000000  0.974002 
689.000000  690.000000  0.973973 
690.000000  691.000000  0.973943 
691.000000  692.000000  0.973914 
692.000000  693.000000  0.973884 
693.000000  694.000000  0.973855 
694.000000  695.000000  0.973825 
695.000000  696.000000  0.973795 
696.000000  697.000000  0.973766 
697.000000  698.000000  0.973736 
698.000000  699.000000  0.973705 
699.000000  700.000000  0.973675 
700.000000  701.000000  0.973645 
701.000000  702.000000  0.973615 
702.000000  703.000000  0.973584 
703.000000  704.000000  0.973554 
704.000000  705.000000  0.973523 
705.000000  706.000000  0.973493 
706.000000  707.000000  0.973462 
707.000000  708.000000  0.973431 
708.000000  709.000000  0.973400 
709.000000  710.000000  0.973369 
710.000000  711.000000  0.973338 
711.000000  712.000000  0.973307 
712.000000  713.000000  0.973276 
713.000000  714.000000  0.973245 
714.000000  715.000000  0.973213 
715.000000  716.000000  0.973182 
716.000000  717.000000  0.973151 
717.000000  718.000000  0.973119 
718.000000  719.000000  0.973087 
719.000000  720.000000  0.973056 
720.000000  721.000000  0.973024 
721.000000  722.000000  0.972992 
722.000000  723.000000  0.972960 
723.000000  724.000000  0.972928 
724.000000  725.000000  0.972896 
725.000000  726.000000  0.972864 
726.000000  727.000000  0.972832 
727.000000  728.000000  0.972800 
728.000000  729.000000  0.972767 
729.000000  730.000000  0.972735 
730.000000  731.000000  0.972703 
731.000000  732.000000  0.972670 
732.000000  733.000000  0.972638 
733.000000  734.000000  0.972605 
734.000000  735.000000  0.972573 
735.000000  736.000000  0.972540 
736.000000  737.000000  0.972507 
737.000000  738.000000  0.972474 
738.000000  739.000000  0.972442 
739.000000  740.000000  0.972409 
740.000000  741.000000  0.972376 
741.000000  742.000000  0.972343 
742.000000  743.000000  0.972310 
743.000000  744.000000  0.972277 
744.000000  745.000000  0.972244 
745.000000  746.000000  0.972210 
746.000000  747.000000  0.972177 
747.000000  748.000000  0.972144 
748.000000  749.000000  0.972111 
749.000000  750.000000  0.972077 
750.000000  751.000000  0.972044 
751.000000  752.000000  0.972010 
752.000000  753.000000  0.971977 
753.000000  754.000000  0.971943 
754.000000  755.000000  0.971910 
755.000000  756.000000  0.971876 
756.000000  757.000000  0.971843 
757.000000  758.000000  0.971809 
758.000000  759.000000  0.971775 
759.000000  760.000000  0.971742 
760.000000  761.000000  0.971708 
761.000000  762.000000  0.971674 
762.000000  763.000000  0.971640 
763.000000  764.000000  0.971606 
764.000000  765.000000  0.971573 
765.000000  766.000000  0.971539 
766.000000  767.000000  0.971505 
767.000000  768.000000  0.971471 
768.000000  769.000000  0.971437 
769.000000  770.000000  0.971403 
770.000000  771.000000  0.971369 
771.000000  772.000000  0.971335 
772.000000  773.000000  0.971301 
773.000000  774.000000  0.971266 
774.000000  775.000000  0.971232 
775.000000  776.000000  0.971198 
776.000000  777.000000  0.971164 
777.000000  778.000000  0.971130 
778.000000  779.000000  0.971096 
779.000000  780.000000  0.971061 
780.000000  781.000000  0.971027 
781.000000  782.000000  0.970993 
782.000000  783.000000  0.970959 
783.000000  784.000000  0.970924 
784.000000  785.000000  0.970890 
785.000000  786.000000  0.970856 
786.000000  787.000000  0.970822 
787.000000  788.000000  0.970787 
788.000000  789.000000  0.970753 
789.000000  790.000000  0.970719 
790.000000  791.000000  0.970684 
791.000000  792.000000  0.970650 
792.000000  793.000000  0.970615 
793.000000  794.000000  0.970581 
794.000000  795.000000  0.970547 
795.000000  796.000000  0.970512 
796.000000  797.000000  0.970478 
797.000000  798.000000  0.970444 
798.000000  799.000000  0.970409 
799.000000  800.000000  0.970375 
800.000000  801.000000  0.970341 
801.000000  802.000000  0.970306 
802.000000  803.000000  0.970272 
803.000000  804.000000  0.970237 
804.000000  805.000000  0.970203 
805.000000  806.000000  0.970169 
806.000000  807.000000  0.970134 
807.000000  808.000000  0.970100 
808.000000  809.000000  0.970066 
809.000000  810.000000  0.970031 
810.000000  811.000000  0.969997 
811.000000  812.000000  0.969963 
812.000000  813.000000  0.969928 
813.000000  814.000000  0.969894 
814.000000  815.000000  0.969860 
815.000000  816.000000  0.969826 
816.000000  817.000000  0.969791 
817.000000  818.000000  0.969757 
818.000000  819.000000  0.969723 
819.000000  820.000000  0.969689 
820.000000  821.000000  0.969654 
821.000000  822.000000  0.969620 
822.000000  823.000000  0.969586 
823.000000  824.000000  0.969552 
824.000000  825.000000  0.969518 
825.000000  826.000000  0.969484 
826.000000  827.000000  0.969450 
827.000000  828.000000  0.969416 
828.000000  829.000000  0.969382 
829.000000  830.000000  0.969348 
830.000000  831.000000  0.969314 
831.000000  832.000000  0.969280 
832.000000  833.000000  0.969246 
833.000000  834.000000  0.969212 
834.000000  835.000000  0.969178 
835.000000  836.000000  0.969144 
836.000000  837.000000  0.969110 
837.000000  838.000000  0.969076 
838.000000  839.000000  0.969042 
839.000000  840.000000  0.969009 
840.000000  841.000000  0.968975 
841.000000  842.000000  0.968941 
842.000000  843.000000  0.968908 
843.000000  844.000000  0.968874 
844.000000  845.000000  0.968840 
845.000000  846.000000  0.968807 
846.000000  847.000000  0.968773 
847.000000  848.000000  0.968740 
848.000000  849.000000  0.968706 
849.000000  850.000000  0.968673 
850.000000  851.000000  0.968639 
851.000000  852.000000  0.968606 
852.000000  853.000000  0.968573 
853.000000  854.000000  0.968540 
854.000000  855.000000  0.968506 
855.000000  856.000000  0.968473 
856.000000  857.000000  0.968440 
857.000000  858.000000  0.968407 
858.000000  859.000000  0.968374 
859.000000  860.000000  0.968341 
860.000000  861.000000  0.968308 
861.000000  862.000000  0.968275 
862.000000  863.000000  0.968242 
863.000000  864.000000  0.968209 
864.000000  865.000000  0.968176 
865.000000  866.000000  0.968143 
866.000000  867.000000  0.968110 
867.000000  868.000000  0.968078 
868.000000  869.000000  0.968045 
869.000000  870.000000  0.968012 
870.000000  871.000000  0.967980 
871.000000  872.000000  0.967947 
872.000000  873.000000  0.967915 
873.000000  874.000000  0.967882 
874.000000  875.000000  0.967850 
875.000000  876.000000  0.967818 
876.000000  877.000000  0.967785 
877.000000  878.000000  0.967753 
878.000000  879.000000  0.967721 
879.000000  880.000000  0.967689 
880.000000  881.000000  0.967657 
881.000000  882.000000  0.967625 
882.000000  883.000000  0.967593 
883.000000  884.000000  0.967561 
884.000000  885.000000  0.967529 
885.000000  886.000000  0.967497 
886.000000  887.000000  0.967465 
887.000000  888.000000  0.967434 
888.000000  889.000000  0.967402 
889.000000  890.000000  0.967370 
890.000000  891.000000  0.967339 
891.000000  892.000000  0.967307 
892.000000  893.000000  0.967276 
893.000000  894.000000  0.967244 
894.000000  895.000000  0.967213 
895.000000  896.000000  0.967182 
896.000000  897.000000  0.967151 
897.000000  898.000000  0.967120 
898.000000  899.000000  0.967088 
899.000000  900.000000  0.967057 
900.000000  901.000000  0.967026 
901.000000  902.000000  0.966995 
902.000000  903.000000  0.966965 
903.000000  904.000000  0.966934 
904.000000  905.000000  0.966903 
905.000000  906.000000  0.966872 
906.000000  907.000000  0.966842 
907.000000  908.000000  0.966811 
908.000000  909.000000  0.966781 
909.000000  910.000000  0.966750 
910.000000  911.000000  0.966720 
911.000000  912.000000  0.966690 
912.000000  913.000000  0.966659 
913.000000  914.000000  0.966629 
914.000000  915.000000  0.966599 
915.000000  916.000000  0.966569 
916.000000  917.000000  0.966539 
917.000000  918.000000  0.966509 
918.000000  919.000000  0.966479 
919.000000  920.000000  0.966449 
920.000000  921.000000  0.966419 
921.000000  922.000000  0.966390 
922.000000  923.000000  0.966360 
923.000000  924.000000  0.966331 
924.000000  925.000000  0.966301 
925.000000  926.000000  0.966272 
926.000000  927.000000  0.966242 
927.000000  928.000000  0.966213 
928.000000  929.000000  0.966184 
929.000000  930.000000  0.966155 
930.000000  931.000000  0.966125 
931.000000  932.000000  0.966096 
932.000000  933.000000  0.966067 
933.000000  934.000000  0.966039 
934.000000  935.000000  0.966010 
935.000000  936.000000  0.965981 
936.000000  937.000000  0.965952 
937.000000  938.000000  0.965924 
938.000000  939.000000  0.965895 
939.000000  940.000000  0.965867 
940.000000  941.000000  0.965838 
941.000000  942.000000  0.965810 
942.000000  943.000000  0.965781 
943.000000  944.000000  0.965753 
944.000000  945.000000  0.965725 
945.000000  946.000000  0.965697 
946.000000  947.000000  0.965669 
947.000000  948.000000  0.965641 
948.000000  949.000000  0.965613 
949.000000  950.000000  0.965585 
950.000000  951.000000  0.965558 
951.000000  952.000000  0.965530 
952.000000  953.000000  0.965502 
953.000000  954.000000  0.965475 
954.000000  955.000000  0.965447 
955.000000  956.000000  0.965420 
956.000000  957.000000  0.965393 
957.000000  958.000000  0.965365 
958.000000  959.000000  0.965338 
959.000000  960.000000  0.965311 
960.000000  961.000000  0.965284 
961.000000  962.000000  0.965257 
962.000000  963.000000  0.965230 
963.000000  964.000000  0.965203 
964.000000  965.000000  0.965176 
965.000000  966.000000  0.965150 
966.000000  967.000000  0.965123 
967.000000  968.000000  0.965097 
968.000000  969.000000  0.965070 
969.000000  970.000000  0.965044 
970.000000  971.000000  0.965017 
971.000000  972.000000  0.964991 
972.000000  973.000000  0.964965 
973.000000  974.000000  0.964939 
974.000000  975.000000  0.964913 
975.000000  976.000000  0.964887 
976.000000  977.000000  0.964861 
977.000000  978.000000  0.964835 
978.000000  979.000000  0.964809 
979.000000  980.000000  0.964783 
980.000000  981.000000  0.964758 
981.000000  982.000000  0.964732 
982.000000  983.000000  0.964707 
983.000000  984.000000  0.964681 
984.000000  985.000000  0.964656 
985.000000  986.000000  0.964631 
986.000000  987.000000  0.964605 
987.000000  988.000000  0.964580 
988.000000  989.000000  0.964555 
989.000000  990.000000  0.964530 
990.000000  991.000000  0.964505 
991.000000  992.000000  0.964480 
992.000000  993.000000  0.964456 
993.000000  994.000000  0.964431 
994.000000  995.000000  0.964406 
995.000000  996.000000  0.964382 
996.000000  997.000000  0.964357 
997.000000  998.000000  0.964333 
998.000000  999.000000  0.964308 
999.000000  1000.000000  0.964284 
1000.000000  1001.000000  0.964260 
1001.000000  1002.000000  0.964236 
1002.000000  1003.000000  0.964212 
1003.000000  1004.000000  0.964188 
1004.000000  1005.000000  0.964164 
1005.000000  1006.000000  0.964140 
1006.000000  1007.000000  0.964116 
1007.000000  1008.000000  0.964092 
1008.000000  1009.000000  0.964069 
1009.000000  1010.000000  0.964045 
1010.000000  1011.000000  0.964021 
1011.000000  1012.000000  0.963998 
1012.000000  1013.000000  0.963975 
1013.000000  1014.000000  0.963951 
1014.000000  1015.000000  0.963928 
1015.000000  1016.000000  0.963905 
1016.000000  1017.000000  0.963882 
1017.000000  1018.000000  0.963859 
1018.000000  1019.000000  0.963836 
1019.000000  1020.000000  0.963813 
1020.000000  1021.000000  0.963790 
1021.000000  1022.000000  0.963767 
1022.000000  1023.000000  0.963745 
1023.000000  1024.000000  0.963722 
1024.000000  1025.000000  0.963699 
1025.000000  1026.000000  0.963677 
1026.000000  1027.000000  0.963654 
1027.000000  1028.000000  0.963632 
1028.000000  1029.000000  0.963610 
1029.000000  1030.000000  0.963588 
1030.000000  1031.000000  0.963566 
1031.000000  1032.000000  0.963543 
1032.000000  1033.000000  0.963521 
1033.000000  1034.000000  0.963500 
1034.000000  1035.000000  0.963478 
1035.000000  1036.000000  0.963456 
1036.000000  1037.000000  0.963434 
1037.000000  1038.000000  0.963412 
1038.000000  1039.000000  0.963391 
1039.000000  1040.000000  0.963369 
1040.000000  1041.000000  0.963348 
1041.000000  1042.000000  0.963326 
1042.000000  1043.000000  0.963305 
1043.000000  1044.000000  0.963284 
1044.000000  1045.000000  0.963263 
1045.000000  1046.000000  0.963242 
1046.000000  1047.000000  0.963221 
1047.000000  1048.000000  0.963200 
1048.000000  1049.000000  0.963179 
1049.000000  1050.000000  0.963158 
1050.000000  1051.000000  0.963137 
1051.000000  1052.000000  0.963116 
1052.000000  1053.000000  0.963096 
1053.000000  1054.000000  0.963075 
1054.000000  1055.000000  0.963054 
1055.000000  1056.000000  0.963034 
1056.000000  1057.000000  0.963014 
1057.000000  1058.000000  0.962993 
1058.000000  1059.000000  0.962973 
1059.000000  1060.000000  0.962953 
1060.000000  1061.000000  0.962933 
1061.000000  1062.000000  0.962913 
1062.000000  1063.000000  0.962893 
1063.000000  1064.000000  0.962873 
1064.000000  1065.000000  0.962853 
1065.000000  1066.000000  0.962833 
1066.000000  1067.000000  0.962813 
1067.000000  1068.000000  0.962794 
1068.000000  1069.000000  0.962774 
1069.000000  1070.000000  0.962754 
1070.000000  1071.000000  0.962735 
1071.000000  1072.000000  0.962715 
1072.000000  1073.000000  0.962696 
1073.000000  1074.000000  0.962677 
1074.000000  1075.000000  0.962658 
1075.000000  1076.000000  0.962638 
1076.000000  1077.000000  0.962619 
1077.000000  1078.000000  0.962600 
1078.000000  1079.000000  0.962581 
1079.000000  1080.000000  0.962562 
1080.000000  1081.000000  0.962543 
1081.000000  1082.000000  0.962525 
1082.000000  1083.000000  0.962506 
1083.000000  1084.000000  0.962487 
1084.000000  1085.000000  0.962469 
1085.000000  1086.000000  0.962450 
1086.000000  1087.000000  0.962432 
1087.000000  1088.000000  0.962413 
1088.000000  1089.000000  0.962395 
1089.000000  1090.000000  0.962376 
1090.000000  1091.000000  0.962358 
1091.000000  1092.000000  0.962340 
1092.000000  1093.000000  0.962322 
1093.000000  1094.000000  0.962304 
1094.000000  1095.000000  0.962286 
1095.000000  1096.000000  0.962268 
1096.000000  1097.000000  0.962250 
1097.000000  1098.000000  0.962232 
1098.000000  1099.000000  0.962214 
1099.000000  1100.000000  0.962197 
1100.000000  1101.000000  0.962179 
1101.000000  1102.000000  0.962161 
1102.000000  1103.000000  0.962144 
1103.000000  1104.000000  0.962126 
1104.000000  1105.000000  0.962109 
1105.000000  1106.000000  0.962092 
1106.000000  1107.000000  0.962074 
1107.000000  1108.000000  0.962057 
1108.000000  1109.000000  0.962040 
1109.000000  1110.000000  0.962023 
1110.000000  1111.000000  0.962006 
1111.000000  1112.000000  0.961989 
1112.000000  1113.000000  0.961972 
1113.000000  1114.000000  0.961955 
1114.000000  1115.000000  0.961938 
1115.000000  1116.000000  0.961921 
1116.000000  1117.000000  0.961905 
1117.000000  1118.000000  0.961888 
1118.000000  1119.000000  0.961871 
1119.000000  1120.000000  0.961855 
1120.000000  1121.000000  0.961838 
1121.000000  1122.000000  0.961822 
1122.000000  1123.000000  0.961805 
1123.000000  1124.000000  0.961789 
1124.000000  1125.000000  0.961773 
1125.000000  1126.000000  0.961757 
1126.000000  1127.000000  0.961740 
1127.000000  1128.000000  0.961724 
1128.000000  1129.000000  0.961708 
1129.000000  1130.000000  0.961692 
1130.000000  1131.000000  0.961676 
1131.000000  1132.000000  0.961660 
1132.000000  1133.000000  0.961645 
1133.000000  1134.000000  0.961629 
1134.000000  1135.000000  0.961613 
1135.000000  1136.000000  0.961598 
1136.000000  1137.000000  0.961582 
1137.000000  1138.000000  0.961566 
1138.000000  1139.000000  0.961551 
1139.000000  1140.000000  0.961535 
1140.000000  1141.000000  0.961520 
1141.000000  1142.000000  0.961505 
1142.000000  1143.000000  0.961489 
1143.000000  1144.000000  0.961474 
1144.000000  1145.000000  0.961459 
1145.000000  1146.000000  0.961444 
1146.000000  1147.000000  0.961429 
1147.000000  1148.000000  0.961414 
1148.000000  1149.000000  0.961399 
1149.000000  1150.000000  0.961384 
1150.000000  1151.000000  0.961369 
1151.000000  1152.000000  0.961354 
1152.000000  1153.000000  0.961339 
1153.000000  1154.000000  0.961325 
1154.000000  1155.000000  0.961310 
1155.000000  1156.000000  0.961295 
1156.000000  1157.000000  0.961281 
1157.000000  1158.000000  0.961266 
1158.000000  1159.000000  0.961252 
1159.000000  1160.000000  0.961237 
1160.000000  1161.000000  0.961223 
1161.000000  1162.000000  0.961209 
1162.000000  1163.000000  0.961194 
1163.000000  1164.000000  0.961180 
1164.000000  1165.000000  0.961166 
1165.000000  1166.000000  0.961152 
1166.000000  1167.000000  0.961138 
1167.000000  1168.000000  0.961124 
1168.000000  1169.000000  0.961110 
1169.000000  1170.000000  0.961096 
1170.000000  1171.000000  0.961082 
1171.000000  1172.000000  0.961068 
1172.000000  1173.000000  0.961054 
1173.000000  1174.000000  0.961041 
1174.000000  1175.000000  0.961027 
1175.000000  1176.000000  0.961013 
1176.000000  1177.000000  0.961000 
1177.000000  1178.000000  0.960986 
1178.000000  1179.000000  0.960973 
1179.000000  1180.000000  0.960959 
1180.000000  1181.000000  0.960946 
1181.000000  1182.000000  0.960933 
1182.000000  1183.000000  0.960919 
1183.000000  1184.000000  0.960906 
1184.000000  1185.000000  0.960893 
1185.000000  1186.000000  0.960880 
1186.000000  1187.000000  0.960866 
1187.000000  1188.000000  0.960853 
1188.000000  1189.000000  0.960840 
1189.000000  1190.000000  0.960827 
1190.000000  1191.000000  0.960814 
1191.000000  1192.000000  0.960802 
1192.000000  1193.000000  0.960789 
1193.000000  1194.000000  0.960776 
1194.000000  1195.000000  0.960763 
1195.000000  1196.000000  0.960750 
1196.000000  1197.000000  0.960738 
1197.000000  1198.000000  0.960725 
1198.000000  1199.000000  0.960713 
1199.000000  1200.000000  0.960700 
1200.000000  1201.000000  0.960688 
1201.000000  1202.000000  0.960675 
1202.000000  1203.000000  0.960663 
1203.000000  1204.000000  0.960650 
1204.000000  1205.000000  0.960638 
1205.000000  1206.000000  0.960626 
1206.000000  1207.000000  0.960614 
1207.000000  1208.000000  0.960601 
1208.000000  1209.000000  0.960589 
1209.000000  1210.000000  0.960577 
1210.000000  1211.000000  0.960565 
1211.000000  1212.000000  0.960553 
1212.000000  1213.000000  0.960541 
1213.000000  1214.000000  0.960529 
1214.000000  1215.000000  0.960517 
1215.000000  1216.000000  0.960506 
1216.000000  1217.000000  0.960494 
1217.000000  1218.000000  0.960482 
1218.000000  1219.000000  0.960470 
1219.000000  1220.000000  0.960459 
1220.000000  1221.000000  0.960447 
1221.000000  1222.000000  0.960435 
1222.000000  1223.000000  0.960424 
1223.000000  1224.000000  0.960412 
1224.000000  1225.000000  0.960401 
1225.000000  1226.000000  0.960389 
1226.000000  1227.000000  0.960378 
1227.000000  1228.000000  0.960367 
1228.000000  1229.000000  0.960355 
1229.000000  1230.000000  0.960344 
1230.000000  1231.000000  0.960333 
1231.000000  1232.000000  0.960322 
1232.000000  1233.000000  0.960311 
1233.000000  1234.000000  0.960299 
1234.000000  1235.000000  0.960288 
1235.000000  1236.000000  0.960277 
1236.000000  1237.000000  0.960266 
1237.000000  1238.000000  0.960255 
1238.000000  1239.000000  0.960245 
1239.000000  1240.000000  0.960234 
1240.000000  1241.000000  0.960223 
1241.000000  1242.000000  0.960212 
1242.000000  1243.000000  0.960201 
1243.000000  1244.000000  0.960191 
1244.000000  1245.000000  0.960180 
1245.000000  1246.000000  0.960169 
1246.000000  1247.000000  0.960159 
1247.000000  1248.000000  0.960148 
1248.000000  1249.000000  0.960138 
1249.000000  1250.000000  0.960127 
1250.000000  1251.000000  0.960117 
1251.000000  1252.000000  0.960106 
1252.000000  1253.000000  0.960096 
1253.000000  1254.000000  0.960085 
1254.000000  1255.000000  0.960075 
1255.000000  1256.000000  0.960065 
1256.000000  1257.000000  0.960055 
1257.000000  1258.000000  0.960044 
1258.000000  1259.000000  0.960034 
1259.000000  1260.000000  0.960024 
1260.000000  1261.000000  0.960014 
1261.000000  1262.000000  0.960004 
1262.000000  1263.000000  0.959994 
1263.000000  1264.000000  0.959984 
1264.000000  1265.000000  0.959974 
1265.000000  1266.000000  0.959964 
1266.000000  1267.000000  0.959954 
1267.000000  1268.000000  0.959945 
1268.000000  1269.000000  0.959935 
1269.000000  1270.000000  0.959925 
1270.000000  1271.000000  0.959915 
1271.000000  1272.000000  0.959906 
1272.000000  1273.000000  0.959896 
1273.000000  1274.000000  0.959886 
1274.000000  1275.000000  0.959877 
1275.000000  1276.000000  0.959867 
1276.000000  1277.000000  0.959858 
1277.000000  1278.000000  0.959848 
1278.000000  1279.000000  0.959839 
1279.000000  1280.000000  0.959829 
1280.000000  1281.000000  0.959820 
1281.000000  1282.000000  0.959811 
1282.000000  1283.000000  0.959801 
1283.000000  1284.000000  0.959792 
1284.000000  1285.000000  0.959783 
1285.000000  1286.000000  0.959773 
1286.000000  1287.000000  0.959764 
1287.000000  1288.000000  0.959755 
1288.000000  1289.000000  0.959746 
1289.000000  1290.000000  0.959737 
1290.000000  1291.000000  0.959728 
1291.000000  1292.000000  0.959719 
1292.000000  1293.000000  0.959710 
1293.000000  1294.000000  0.959701 
1294.000000  1295.000000  0.959692 
1295.000000  1296.000000  0.959683 
1296.000000  1297.000000  0.959674 
1297.000000  1298.000000  0.959665 
1298.000000  1299.000000  0.959657 
1299.000000  1300.000000  0.959648 
1300.000000  1301.000000  0.959639 
1301.000000  1302.000000  0.959630 
1302.000000  1303.000000  0.959622 
1303.000000  1304.000000  0.959613 
1304.000000  1305.000000  0.959604 
1305.000000  1306.000000  0.959596 
1306.000000  1307.000000  0.959587 
1307.000000  1308.000000  0.959579 
1308.000000  1309.000000  0.959570 
1309.000000  1310.000000  0.959562 
1310.000000  1311.000000  0.959554 
1311.000000  1312.000000  0.959545 
1312.000000  1313.000000  0.959537 
1313.000000  1314.000000  0.959528 
1314.000000  1315.000000  0.959520 
1315.000000  1316.000000  0.959512 
1316.000000  1317.000000  0.959504 
1317.000000  1318.000000  0.959495 
1318.000000  1319.000000  0.959487 
1319.000000  1320.000000  0.959479 
1320.000000  1321.000000  0.959471 
1321.000000  1322.000000  0.959463 
1322.000000  1323.000000  0.959455 
1323.000000  1324.000000  0.959447 
1324.000000  1325.000000  0.959439 
1325.000000  1326.000000  0.959431 
1326.000000  1327.000000  0.959423 
1327.000000  1328.000000  0.959415 
1328.000000  1329.000000  0.959407 
1329.000000  1330.000000  0.959399 
1330.000000  1331.000000  0.959391 
1331.000000  1332.000000  0.959384 
1332.000000  1333.000000  0.959376 
1333.000000  1334.000000  0.959368 
1334.000000  1335.000000  0.959360 
1335.000000  1336.000000  0.959353 
1336.000000  1337.000000  0.959345 
1337.000000  1338.000000  0.959337 
1338.000000  1339.000000  0.959330 
1339.000000  1340.000000  0.959322 
1340.000000  1341.000000  0.959315 
1341.000000  1342.000000  0.959307 
1342.000000  1343.000000  0.959300 
1343.000000  1344.000000  0.959292 
1344.000000  1345.000000  0.959285 
1345.000000  1346.000000  0.959277 
1346.000000  1347.000000  0.959270 
1347.000000  1348.000000  0.959262 
1348.000000  1349.000000  0.959255 
1349.000000  1350.000000  0.959248 
1350.000000  1351.000000  0.959241 
1351.000000  1352.000000  0.959233 
1352.000000  1353.000000  0.959226 
1353.000000  1354.000000  0.959219 
1354.000000  1355.000000  0.959212 
1355.000000  1356.000000  0.959205 
1356.000000  1357.000000  0.959197 
1357.000000  1358.000000  0.959190 
1358.000000  1359.000000  0.959183 
1359.000000  1360.000000  0.959176 
1360.000000  1361.000000  0.959169 
1361.000000  1362.000000  0.959162 
1362.000000  1363.000000  0.959155 
1363.000000  1364.000000  0.959148 
1364.000000  1365.000000  0.959141 
1365.000000  1366.000000  0.959134 
1366.000000  1367.000000  0.959128 
1367.000000  1368.000000  0.959121 
1368.000000  1369.000000  0.959114 
1369.000000  1370.000000  0.959107 
