17.000000  18.000000  0.000000 
18.000000  19.000000  0.000000 
19.000000  20.000000  0.000000 
20.000000  21.000000  0.000000 
21.000000  22.000000  0.000000 
22.000000  23.000000  0.000000 
23.000000  24.000000  0.000000 
24.000000  25.000000  0.000000 
25.000000  26.000000  0.000000 
26.000000  27.000000  0.000000 
27.000000  28.000000  0.000000 
28.000000  29.000000  0.000001 
29.000000  30.000000  0.000001 
30.000000  31.000000  0.000002 
31.000000  32.000000  0.000003 
32.000000  33.000000  0.000004 
33.000000  34.000000  0.000006 
34.000000  35.000000  0.000008 
35.000000  36.000000  0.000011 
36.000000  37.000000  0.000015 
37.000000  38.000000  0.000020 
38.000000  39.000000  0.000027 
39.000000  40.000000  0.000034 
40.000000  41.000000  0.000044 
41.000000  42.000000  0.000055 
42.000000  43.000000  0.000068 
43.000000  44.000000  0.000083 
44.000000  45.000000  0.000101 
45.000000  46.000000  0.000120 
46.000000  47.000000  0.000142 
47.000000  48.000000  0.000167 
48.000000  49.000000  0.000193 
49.000000  50.000000  0.000222 
50.000000  51.000000  0.000253 
51.000000  52.000000  0.000287 
52.000000  53.000000  0.000322 
53.000000  54.000000  0.000360 
54.000000  55.000000  0.000399 
55.000000  56.000000  0.000440 
56.000000  57.000000  0.000482 
57.000000  58.000000  0.000525 
58.000000  59.000000  0.000570 
59.000000  60.000000  0.000615 
60.000000  61.000000  0.000661 
61.000000  62.000000  0.000708 
62.000000  63.000000  0.000754 
63.000000  64.000000  0.000801 
64.000000  65.000000  0.000847 
65.000000  66.000000  0.000893 
66.000000  67.000000  0.000939 
67.000000  68.000000  0.000984 
68.000000  69.000000  0.001028 
69.000000  70.000000  0.001070 
70.000000  71.000000  0.001112 
71.000000  72.000000  0.001153 
72.000000  73.000000  0.001192 
73.000000  74.000000  0.001230 
74.000000  75.000000  0.001266 
75.000000  76.000000  0.001301 
76.000000  77.000000  0.001334 
77.000000  78.000000  0.001365 
78.000000  79.000000  0.001395 
79.000000  80.000000  0.001424 
80.000000  81.000000  0.001450 
81.000000  82.000000  0.001475 
82.000000  83.000000  0.001498 
83.000000  84.000000  0.001520 
84.000000  85.000000  0.001539 
85.000000  86.000000  0.001565 
86.000000  87.000000  0.001581 
87.000000  88.000000  0.001596 
88.000000  89.000000  0.001609 
89.000000  90.000000  0.001621 
90.000000  91.000000  0.001632 
91.000000  92.000000  0.001642 
92.000000  93.000000  0.001650 
93.000000  94.000000  0.001657 
94.000000  95.000000  0.001663 
95.000000  96.000000  0.001667 
96.000000  97.000000  0.001671 
97.000000  98.000000  0.001674 
98.000000  99.000000  0.001676 
99.000000  100.000000  0.001677 
100.000000  101.000000  0.001677 
101.000000  102.000000  0.001677 
102.000000  103.000000  0.001676 
103.000000  104.000000  0.001674 
104.000000  105.000000  0.001672 
105.000000  106.000000  0.001669 
106.000000  107.000000  0.001666 
107.000000  108.000000  0.001662 
108.000000  109.000000  0.001658 
109.000000  110.000000  0.001653 
110.000000  111.000000  0.001649 
111.000000  112.000000  0.001643 
112.000000  113.000000  0.001638 
113.000000  114.000000  0.001632 
114.000000  115.000000  0.001627 
115.000000  116.000000  0.001621 
116.000000  117.000000  0.001615 
117.000000  118.000000  0.001609 
118.000000  119.000000  0.001602 
119.000000  120.000000  0.001596 
120.000000  121.000000  0.001590 
121.000000  122.000000  0.001583 
122.000000  123.000000  0.001577 
123.000000  124.000000  0.001571 
124.000000  125.000000  0.001565 
125.000000  126.000000  0.001559 
126.000000  127.000000  0.001552 
127.000000  128.000000  0.001546 
128.000000  129.000000  0.001540 
129.000000  130.000000  0.001535 
130.000000  131.000000  0.001529 
131.000000  132.000000  0.001523 
132.000000  133.000000  0.001518 
133.000000  134.000000  0.001512 
134.000000  135.000000  0.001507 
135.000000  136.000000  0.001502 
136.000000  137.000000  0.001497 
137.000000  138.000000  0.001492 
138.000000  139.000000  0.001488 
139.000000  140.000000  0.001483 
140.000000  141.000000  0.001479 
141.000000  142.000000  0.001475 
142.000000  143.000000  0.001471 
143.000000  144.000000  0.001467 
144.000000  145.000000  0.001463 
145.000000  146.000000  0.001459 
146.000000  147.000000  0.001456 
147.000000  148.000000  0.001453 
148.000000  149.000000  0.001450 
149.000000  150.000000  0.001447 
150.000000  151.000000  0.001444 
151.000000  152.000000  0.001441 
152.000000  153.000000  0.001438 
153.000000  154.000000  0.001436 
154.000000  155.000000  0.001434 
155.000000  156.000000  0.001432 
156.000000  157.000000  0.001430 
157.000000  158.000000  0.001428 
158.000000  159.000000  0.001426 
159.000000  160.000000  0.001424 
160.000000  161.000000  0.001423 
161.000000  162.000000  0.001422 
162.000000  163.000000  0.001420 
163.000000  164.000000  0.001419 
164.000000  165.000000  0.001418 
165.000000  166.000000  0.001418 
166.000000  167.000000  0.001417 
167.000000  168.000000  0.001416 
168.000000  169.000000  0.001416 
169.000000  170.000000  0.001415 
170.000000  171.000000  0.001415 
171.000000  172.000000  0.001415 
172.000000  173.000000  0.001415 
173.000000  174.000000  0.001415 
174.000000  175.000000  0.001415 
175.000000  176.000000  0.001415 
176.000000  177.000000  0.001415 
177.000000  178.000000  0.001416 
178.000000  179.000000  0.001416 
179.000000  180.000000  0.001417 
180.000000  181.000000  0.001417 
181.000000  182.000000  0.001418 
182.000000  183.000000  0.001419 
183.000000  184.000000  0.001420 
184.000000  185.000000  0.001421 
185.000000  186.000000  0.001422 
186.000000  187.000000  0.001423 
187.000000  188.000000  0.001425 
188.000000  189.000000  0.001426 
189.000000  190.000000  0.001428 
190.000000  191.000000  0.001429 
191.000000  192.000000  0.001431 
192.000000  193.000000  0.001432 
193.000000  194.000000  0.001434 
194.000000  195.000000  0.001436 
195.000000  196.000000  0.001438 
196.000000  197.000000  0.001440 
197.000000  198.000000  0.001442 
198.000000  199.000000  0.001444 
199.000000  200.000000  0.001446 
200.000000  201.000000  0.001449 
201.000000  202.000000  0.001451 
202.000000  203.000000  0.001453 
203.000000  204.000000  0.001456 
204.000000  205.000000  0.001458 
205.000000  206.000000  0.001461 
206.000000  207.000000  0.001464 
207.000000  208.000000  0.001466 
208.000000  209.000000  0.001469 
209.000000  210.000000  0.001472 
210.000000  211.000000  0.001475 
211.000000  212.000000  0.001478 
212.000000  213.000000  0.001481 
213.000000  214.000000  0.001484 
214.000000  215.000000  0.001487 
215.000000  216.000000  0.001490 
216.000000  217.000000  0.001494 
217.000000  218.000000  0.001497 
218.000000  219.000000  0.001500 
219.000000  220.000000  0.001504 
220.000000  221.000000  0.001507 
221.000000  222.000000  0.001511 
222.000000  223.000000  0.001514 
223.000000  224.000000  0.001518 
224.000000  225.000000  0.001522 
225.000000  226.000000  0.001525 
226.000000  227.000000  0.001529 
227.000000  228.000000  0.001533 
228.000000  229.000000  0.001537 
229.000000  230.000000  0.001541 
230.000000  231.000000  0.001545 
231.000000  232.000000  0.001548 
232.000000  233.000000  0.001552 
233.000000  234.000000  0.001556 
234.000000  235.000000  0.001561 
235.000000  236.000000  0.001565 
236.000000  237.000000  0.001569 
237.000000  238.000000  0.001573 
238.000000  239.000000  0.001577 
239.000000  240.000000  0.001581 
240.000000  241.000000  0.001585 
241.000000  242.000000  0.001590 
242.000000  243.000000  0.001594 
243.000000  244.000000  0.001598 
244.000000  245.000000  0.001603 
245.000000  246.000000  0.001607 
246.000000  247.000000  0.001611 
247.000000  248.000000  0.001616 
248.000000  249.000000  0.001620 
249.000000  250.000000  0.001625 
250.000000  251.000000  0.001629 
251.000000  252.000000  0.001633 
252.000000  253.000000  0.001638 
253.000000  254.000000  0.001642 
254.000000  255.000000  0.001647 
255.000000  256.000000  0.001651 
256.000000  257.000000  0.001656 
257.000000  258.000000  0.001660 
258.000000  259.000000  0.001665 
259.000000  260.000000  0.001669 
260.000000  261.000000  0.001674 
261.000000  262.000000  0.001679 
262.000000  263.000000  0.001683 
263.000000  264.000000  0.001688 
264.000000  265.000000  0.001692 
265.000000  266.000000  0.001697 
266.000000  267.000000  0.001701 
267.000000  268.000000  0.001706 
268.000000  269.000000  0.001710 
269.000000  270.000000  0.001715 
270.000000  271.000000  0.001719 
271.000000  272.000000  0.001724 
272.000000  273.000000  0.001728 
273.000000  274.000000  0.001733 
274.000000  275.000000  0.001737 
275.000000  276.000000  0.001742 
276.000000  277.000000  0.001746 
277.000000  278.000000  0.001751 
278.000000  279.000000  0.001755 
279.000000  280.000000  0.001760 
280.000000  281.000000  0.001764 
281.000000  282.000000  0.001769 
282.000000  283.000000  0.001773 
283.000000  284.000000  0.001778 
284.000000  285.000000  0.001782 
285.000000  286.000000  0.001786 
286.000000  287.000000  0.001791 
287.000000  288.000000  0.001795 
288.000000  289.000000  0.001799 
289.000000  290.000000  0.001804 
290.000000  291.000000  0.001808 
291.000000  292.000000  0.001812 
292.000000  293.000000  0.001816 
293.000000  294.000000  0.001821 
294.000000  295.000000  0.001825 
295.000000  296.000000  0.001829 
296.000000  297.000000  0.001833 
297.000000  298.000000  0.001837 
298.000000  299.000000  0.001842 
299.000000  300.000000  0.001846 
300.000000  301.000000  0.001850 
301.000000  302.000000  0.001854 
302.000000  303.000000  0.001858 
303.000000  304.000000  0.001862 
304.000000  305.000000  0.001866 
305.000000  306.000000  0.001870 
306.000000  307.000000  0.001874 
307.000000  308.000000  0.001878 
308.000000  309.000000  0.001882 
309.000000  310.000000  0.001885 
310.000000  311.000000  0.001889 
311.000000  312.000000  0.001893 
312.000000  313.000000  0.001897 
313.000000  314.000000  0.001901 
314.000000  315.000000  0.001904 
315.000000  316.000000  0.001908 
316.000000  317.000000  0.001912 
317.000000  318.000000  0.001915 
318.000000  319.000000  0.001919 
319.000000  320.000000  0.001923 
320.000000  321.000000  0.001926 
321.000000  322.000000  0.001930 
322.000000  323.000000  0.001933 
323.000000  324.000000  0.001937 
324.000000  325.000000  0.001940 
325.000000  326.000000  0.001944 
326.000000  327.000000  0.001947 
327.000000  328.000000  0.001951 
328.000000  329.000000  0.001954 
329.000000  330.000000  0.001957 
330.000000  331.000000  0.001961 
331.000000  332.000000  0.001964 
332.000000  333.000000  0.001967 
333.000000  334.000000  0.001970 
334.000000  335.000000  0.001974 
335.000000  336.000000  0.001977 
336.000000  337.000000  0.001980 
337.000000  338.000000  0.001983 
338.000000  339.000000  0.001986 
339.000000  340.000000  0.001989 
340.000000  341.000000  0.001992 
341.000000  342.000000  0.001995 
342.000000  343.000000  0.001998 
343.000000  344.000000  0.002001 
344.000000  345.000000  0.002004 
345.000000  346.000000  0.002007 
346.000000  347.000000  0.002010 
347.000000  348.000000  0.002013 
348.000000  349.000000  0.002016 
349.000000  350.000000  0.002019 
350.000000  351.000000  0.002021 
351.000000  352.000000  0.002024 
352.000000  353.000000  0.002027 
353.000000  354.000000  0.002030 
354.000000  355.000000  0.002032 
355.000000  356.000000  0.002035 
356.000000  357.000000  0.002038 
357.000000  358.000000  0.002040 
358.000000  359.000000  0.002043 
359.000000  360.000000  0.002045 
360.000000  361.000000  0.002048 
361.000000  362.000000  0.002051 
362.000000  363.000000  0.002053 
363.000000  364.000000  0.002056 
364.000000  365.000000  0.002058 
365.000000  366.000000  0.002060 
366.000000  367.000000  0.002063 
367.000000  368.000000  0.002065 
368.000000  369.000000  0.002068 
369.000000  370.000000  0.002070 
370.000000  371.000000  0.002072 
371.000000  372.000000  0.002074 
372.000000  373.000000  0.002077 
373.000000  374.000000  0.002079 
374.000000  375.000000  0.002081 
375.000000  376.000000  0.002083 
376.000000  377.000000  0.002086 
377.000000  378.000000  0.002088 
378.000000  379.000000  0.002090 
379.000000  380.000000  0.002092 
380.000000  381.000000  0.002094 
381.000000  382.000000  0.002096 
382.000000  383.000000  0.002098 
383.000000  384.000000  0.002100 
384.000000  385.000000  0.002102 
385.000000  386.000000  0.002104 
386.000000  387.000000  0.002106 
387.000000  388.000000  0.002108 
388.000000  389.000000  0.002110 
389.000000  390.000000  0.002112 
390.000000  391.000000  0.002114 
391.000000  392.000000  0.002116 
392.000000  393.000000  0.002118 
393.000000  394.000000  0.002119 
394.000000  395.000000  0.002121 
395.000000  396.000000  0.002123 
396.000000  397.000000  0.002125 
397.000000  398.000000  0.002126 
398.000000  399.000000  0.002128 
399.000000  400.000000  0.002130 
400.000000  401.000000  0.002132 
401.000000  402.000000  0.002133 
402.000000  403.000000  0.002135 
403.000000  404.000000  0.002137 
404.000000  405.000000  0.002138 
405.000000  406.000000  0.002140 
406.000000  407.000000  0.002141 
407.000000  408.000000  0.002143 
408.000000  409.000000  0.002145 
409.000000  410.000000  0.002146 
410.000000  411.000000  0.002148 
411.000000  412.000000  0.002149 
412.000000  413.000000  0.002151 
413.000000  414.000000  0.002152 
414.000000  415.000000  0.002154 
415.000000  416.000000  0.002155 
416.000000  417.000000  0.002157 
417.000000  418.000000  0.002158 
418.000000  419.000000  0.002159 
419.000000  420.000000  0.002161 
420.000000  421.000000  0.002162 
421.000000  422.000000  0.002164 
422.000000  423.000000  0.002165 
423.000000  424.000000  0.002166 
424.000000  425.000000  0.002168 
425.000000  426.000000  0.002169 
426.000000  427.000000  0.002170 
427.000000  428.000000  0.002171 
428.000000  429.000000  0.002173 
429.000000  430.000000  0.002174 
430.000000  431.000000  0.002175 
431.000000  432.000000  0.002176 
432.000000  433.000000  0.002178 
433.000000  434.000000  0.002179 
434.000000  435.000000  0.002180 
435.000000  436.000000  0.002181 
436.000000  437.000000  0.002182 
437.000000  438.000000  0.002184 
438.000000  439.000000  0.002185 
439.000000  440.000000  0.002186 
440.000000  441.000000  0.002187 
441.000000  442.000000  0.002188 
442.000000  443.000000  0.002189 
443.000000  444.000000  0.002190 
444.000000  445.000000  0.002191 
445.000000  446.000000  0.002192 
446.000000  447.000000  0.002193 
447.000000  448.000000  0.002194 
448.000000  449.000000  0.002195 
449.000000  450.000000  0.002196 
450.000000  451.000000  0.002197 
451.000000  452.000000  0.002198 
452.000000  453.000000  0.002199 
453.000000  454.000000  0.002200 
454.000000  455.000000  0.002201 
455.000000  456.000000  0.002202 
456.000000  457.000000  0.002203 
457.000000  458.000000  0.002204 
458.000000  459.000000  0.002205 
459.000000  460.000000  0.002206 
460.000000  461.000000  0.002207 
461.000000  462.000000  0.002208 
462.000000  463.000000  0.002209 
463.000000  464.000000  0.002209 
464.000000  465.000000  0.002210 
465.000000  466.000000  0.002211 
466.000000  467.000000  0.002212 
467.000000  468.000000  0.002213 
468.000000  469.000000  0.002214 
469.000000  470.000000  0.002214 
470.000000  471.000000  0.002215 
471.000000  472.000000  0.002216 
472.000000  473.000000  0.002217 
473.000000  474.000000  0.002218 
474.000000  475.000000  0.002218 
475.000000  476.000000  0.002219 
476.000000  477.000000  0.002220 
477.000000  478.000000  0.002221 
478.000000  479.000000  0.002221 
479.000000  480.000000  0.002222 
480.000000  481.000000  0.002223 
481.000000  482.000000  0.002224 
482.000000  483.000000  0.002224 
483.000000  484.000000  0.002225 
484.000000  485.000000  0.002226 
485.000000  486.000000  0.002226 
486.000000  487.000000  0.002227 
487.000000  488.000000  0.002228 
488.000000  489.000000  0.002228 
489.000000  490.000000  0.002229 
490.000000  491.000000  0.002230 
491.000000  492.000000  0.002230 
492.000000  493.000000  0.002231 
493.000000  494.000000  0.002232 
494.000000  495.000000  0.002232 
495.000000  496.000000  0.002233 
496.000000  497.000000  0.002233 
497.000000  498.000000  0.002234 
498.000000  499.000000  0.002235 
499.000000  500.000000  0.002235 
500.000000  501.000000  0.002236 
501.000000  502.000000  0.002236 
502.000000  503.000000  0.002237 
503.000000  504.000000  0.002238 
504.000000  505.000000  0.002238 
505.000000  506.000000  0.002239 
506.000000  507.000000  0.002239 
507.000000  508.000000  0.002240 
508.000000  509.000000  0.002240 
509.000000  510.000000  0.002241 
510.000000  511.000000  0.002241 
511.000000  512.000000  0.002242 
512.000000  513.000000  0.002242 
513.000000  514.000000  0.002243 
514.000000  515.000000  0.002243 
515.000000  516.000000  0.002244 
516.000000  517.000000  0.002244 
517.000000  518.000000  0.002245 
518.000000  519.000000  0.002245 
519.000000  520.000000  0.002246 
520.000000  521.000000  0.002246 
521.000000  522.000000  0.002247 
522.000000  523.000000  0.002247 
523.000000  524.000000  0.002248 
524.000000  525.000000  0.002248 
525.000000  526.000000  0.002248 
526.000000  527.000000  0.002249 
527.000000  528.000000  0.002249 
528.000000  529.000000  0.002250 
529.000000  530.000000  0.002250 
530.000000  531.000000  0.002251 
531.000000  532.000000  0.002251 
532.000000  533.000000  0.002251 
533.000000  534.000000  0.002252 
534.000000  535.000000  0.002252 
535.000000  536.000000  0.002253 
536.000000  537.000000  0.002253 
537.000000  538.000000  0.002253 
538.000000  539.000000  0.002254 
539.000000  540.000000  0.002254 
540.000000  541.000000  0.002255 
541.000000  542.000000  0.002255 
542.000000  543.000000  0.002255 
543.000000  544.000000  0.002256 
544.000000  545.000000  0.002256 
545.000000  546.000000  0.002256 
546.000000  547.000000  0.002257 
547.000000  548.000000  0.002257 
548.000000  549.000000  0.002258 
549.000000  550.000000  0.002258 
550.000000  551.000000  0.002258 
551.000000  552.000000  0.002259 
552.000000  553.000000  0.002259 
553.000000  554.000000  0.002259 
554.000000  555.000000  0.002260 
555.000000  556.000000  0.002260 
556.000000  557.000000  0.002260 
557.000000  558.000000  0.002260 
558.000000  559.000000  0.002261 
559.000000  560.000000  0.002261 
560.000000  561.000000  0.002261 
561.000000  562.000000  0.002262 
562.000000  563.000000  0.002262 
563.000000  564.000000  0.002262 
564.000000  565.000000  0.002263 
565.000000  566.000000  0.002263 
566.000000  567.000000  0.002263 
567.000000  568.000000  0.002263 
568.000000  569.000000  0.002264 
569.000000  570.000000  0.002264 
570.000000  571.000000  0.002264 
571.000000  572.000000  0.002265 
572.000000  573.000000  0.002265 
573.000000  574.000000  0.002265 
574.000000  575.000000  0.002265 
575.000000  576.000000  0.002266 
576.000000  577.000000  0.002266 
577.000000  578.000000  0.002266 
578.000000  579.000000  0.002266 
579.000000  580.000000  0.002267 
580.000000  581.000000  0.002267 
581.000000  582.000000  0.002267 
582.000000  583.000000  0.002267 
583.000000  584.000000  0.002268 
584.000000  585.000000  0.002268 
585.000000  586.000000  0.002268 
586.000000  587.000000  0.002268 
587.000000  588.000000  0.002269 
588.000000  589.000000  0.002269 
589.000000  590.000000  0.002269 
590.000000  591.000000  0.002269 
591.000000  592.000000  0.002269 
592.000000  593.000000  0.002270 
593.000000  594.000000  0.002270 
594.000000  595.000000  0.002270 
595.000000  596.000000  0.002270 
596.000000  597.000000  0.002271 
597.000000  598.000000  0.002271 
598.000000  599.000000  0.002271 
599.000000  600.000000  0.002271 
600.000000  601.000000  0.002271 
601.000000  602.000000  0.002272 
602.000000  603.000000  0.002272 
603.000000  604.000000  0.002272 
604.000000  605.000000  0.002272 
605.000000  606.000000  0.002272 
606.000000  607.000000  0.002273 
607.000000  608.000000  0.002273 
608.000000  609.000000  0.002273 
609.000000  610.000000  0.002273 
610.000000  611.000000  0.002273 
611.000000  612.000000  0.002273 
612.000000  613.000000  0.002274 
613.000000  614.000000  0.002274 
614.000000  615.000000  0.002274 
615.000000  616.000000  0.002274 
616.000000  617.000000  0.002274 
617.000000  618.000000  0.002275 
618.000000  619.000000  0.002275 
619.000000  620.000000  0.002275 
620.000000  621.000000  0.002275 
621.000000  622.000000  0.002275 
622.000000  623.000000  0.002275 
623.000000  624.000000  0.002275 
624.000000  625.000000  0.002276 
625.000000  626.000000  0.002276 
626.000000  627.000000  0.002276 
627.000000  628.000000  0.002276 
628.000000  629.000000  0.002276 
629.000000  630.000000  0.002276 
630.000000  631.000000  0.002277 
631.000000  632.000000  0.002277 
632.000000  633.000000  0.002277 
633.000000  634.000000  0.002277 
634.000000  635.000000  0.002277 
635.000000  636.000000  0.002277 
636.000000  637.000000  0.002277 
637.000000  638.000000  0.002278 
638.000000  639.000000  0.002278 
639.000000  640.000000  0.002278 
640.000000  641.000000  0.002278 
641.000000  642.000000  0.002278 
642.000000  643.000000  0.002278 
643.000000  644.000000  0.002278 
644.000000  645.000000  0.002278 
645.000000  646.000000  0.002279 
646.000000  647.000000  0.002279 
647.000000  648.000000  0.002279 
648.000000  649.000000  0.002279 
649.000000  650.000000  0.002279 
650.000000  651.000000  0.002279 
651.000000  652.000000  0.002279 
652.000000  653.000000  0.002279 
653.000000  654.000000  0.002280 
654.000000  655.000000  0.002280 
655.000000  656.000000  0.002280 
656.000000  657.000000  0.002280 
657.000000  658.000000  0.002280 
658.000000  659.000000  0.002280 
659.000000  660.000000  0.002280 
660.000000  661.000000  0.002280 
661.000000  662.000000  0.002280 
662.000000  663.000000  0.002281 
663.000000  664.000000  0.002281 
664.000000  665.000000  0.002281 
665.000000  666.000000  0.002281 
666.000000  667.000000  0.002281 
667.000000  668.000000  0.002281 
668.000000  669.000000  0.002281 
669.000000  670.000000  0.002281 
670.000000  671.000000  0.002281 
671.000000  672.000000  0.002282 
672.000000  673.000000  0.002282 
673.000000  674.000000  0.002282 
674.000000  675.000000  0.002282 
675.000000  676.000000  0.002282 
676.000000  677.000000  0.002282 
677.000000  678.000000  0.002282 
678.000000  679.000000  0.002282 
679.000000  680.000000  0.002282 
680.000000  681.000000  0.002282 
681.000000  682.000000  0.002282 
682.000000  683.000000  0.002283 
683.000000  684.000000  0.002283 
684.000000  685.000000  0.002283 
685.000000  686.000000  0.002283 
686.000000  687.000000  0.002283 
687.000000  688.000000  0.002283 
688.000000  689.000000  0.002283 
689.000000  690.000000  0.002283 
690.000000  691.000000  0.002283 
691.000000  692.000000  0.002283 
692.000000  693.000000  0.002283 
693.000000  694.000000  0.002283 
694.000000  695.000000  0.002284 
695.000000  696.000000  0.002284 
696.000000  697.000000  0.002284 
697.000000  698.000000  0.002284 
698.000000  699.000000  0.002284 
699.000000  700.000000  0.002284 
700.000000  701.000000  0.002284 
701.000000  702.000000  0.002284 
702.000000  703.000000  0.002284 
703.000000  704.000000  0.002284 
704.000000  705.000000  0.002284 
705.000000  706.000000  0.002284 
706.000000  707.000000  0.002284 
707.000000  708.000000  0.002284 
708.000000  709.000000  0.002285 
709.000000  710.000000  0.002285 
710.000000  711.000000  0.002285 
711.000000  712.000000  0.002285 
712.000000  713.000000  0.002285 
713.000000  714.000000  0.002285 
714.000000  715.000000  0.002285 
715.000000  716.000000  0.002285 
716.000000  717.000000  0.002285 
717.000000  718.000000  0.002285 
718.000000  719.000000  0.002285 
719.000000  720.000000  0.002285 
720.000000  721.000000  0.002285 
721.000000  722.000000  0.002285 
722.000000  723.000000  0.002285 
723.000000  724.000000  0.002285 
724.000000  725.000000  0.002286 
725.000000  726.000000  0.002286 
726.000000  727.000000  0.002286 
727.000000  728.000000  0.002286 
728.000000  729.000000  0.002286 
729.000000  730.000000  0.002286 
730.000000  731.000000  0.002286 
731.000000  732.000000  0.002286 
732.000000  733.000000  0.002286 
733.000000  734.000000  0.002286 
734.000000  735.000000  0.002286 
735.000000  736.000000  0.002286 
736.000000  737.000000  0.002286 
737.000000  738.000000  0.002286 
738.000000  739.000000  0.002286 
739.000000  740.000000  0.002286 
740.000000  741.000000  0.002286 
741.000000  742.000000  0.002286 
742.000000  743.000000  0.002286 
743.000000  744.000000  0.002286 
744.000000  745.000000  0.002287 
745.000000  746.000000  0.002287 
746.000000  747.000000  0.002287 
747.000000  748.000000  0.002287 
748.000000  749.000000  0.002287 
749.000000  750.000000  0.002287 
750.000000  751.000000  0.002287 
751.000000  752.000000  0.002287 
752.000000  753.000000  0.002287 
753.000000  754.000000  0.002287 
754.000000  755.000000  0.002287 
755.000000  756.000000  0.002287 
756.000000  757.000000  0.002287 
757.000000  758.000000  0.002287 
758.000000  759.000000  0.002287 
759.000000  760.000000  0.002287 
760.000000  761.000000  0.002287 
761.000000  762.000000  0.002287 
762.000000  763.000000  0.002287 
763.000000  764.000000  0.002287 
764.000000  765.000000  0.002287 
765.000000  766.000000  0.002287 
766.000000  767.000000  0.002287 
767.000000  768.000000  0.002287 
768.000000  769.000000  0.002287 
769.000000  770.000000  0.002288 
770.000000  771.000000  0.002288 
771.000000  772.000000  0.002288 
772.000000  773.000000  0.002288 
773.000000  774.000000  0.002288 
774.000000  775.000000  0.002288 
775.000000  776.000000  0.002288 
776.000000  777.000000  0.002288 
777.000000  778.000000  0.002288 
778.000000  779.000000  0.002288 
779.000000  780.000000  0.002288 
780.000000  781.000000  0.002288 
781.000000  782.000000  0.002288 
782.000000  783.000000  0.002288 
783.000000  784.000000  0.002288 
784.000000  785.000000  0.002288 
785.000000  786.000000  0.002288 
786.000000  787.000000  0.002288 
787.000000  788.000000  0.002288 
788.000000  789.000000  0.002288 
789.000000  790.000000  0.002288 
790.000000  791.000000  0.002288 
791.000000  792.000000  0.002288 
792.000000  793.000000  0.002288 
793.000000  794.000000  0.002288 
794.000000  795.000000  0.002288 
795.000000  796.000000  0.002288 
796.000000  797.000000  0.002288 
797.000000  798.000000  0.002288 
798.000000  799.000000  0.002288 
799.000000  800.000000  0.002288 
