17.000000  18.000000  0.000000 
18.000000  19.000000  0.000000 
19.000000  20.000000  0.000000 
20.000000  21.000000  0.000000 
21.000000  22.000000  0.000000 
22.000000  23.000000  0.000000 
23.000000  24.000000  0.000000 
24.000000  25.000000  0.000000 
25.000000  26.000000  0.000000 
26.000000  27.000000  0.000000 
27.000000  28.000000  0.000000 
28.000000  29.000000  0.000000 
29.000000  30.000000  0.000000 
30.000000  31.000000  0.000000 
31.000000  32.000000  0.000001 
32.000000  33.000000  0.000001 
33.000000  34.000000  0.000001 
34.000000  35.000000  0.000002 
35.000000  36.000000  0.000003 
36.000000  37.000000  0.000004 
37.000000  38.000000  0.000005 
38.000000  39.000000  0.000007 
39.000000  40.000000  0.000009 
40.000000  41.000000  0.000012 
41.000000  42.000000  0.000015 
42.000000  43.000000  0.000019 
43.000000  44.000000  0.000023 
44.000000  45.000000  0.000029 
45.000000  46.000000  0.000034 
46.000000  47.000000  0.000041 
47.000000  48.000000  0.000049 
48.000000  49.000000  0.000057 
49.000000  50.000000  0.000066 
50.000000  51.000000  0.000076 
51.000000  52.000000  0.000087 
52.000000  53.000000  0.000098 
53.000000  54.000000  0.000111 
54.000000  55.000000  0.000124 
55.000000  56.000000  0.000139 
56.000000  57.000000  0.000153 
57.000000  58.000000  0.000169 
58.000000  59.000000  0.000186 
59.000000  60.000000  0.000203 
60.000000  61.000000  0.000220 
61.000000  62.000000  0.000239 
62.000000  63.000000  0.000257 
63.000000  64.000000  0.000277 
64.000000  65.000000  0.000296 
65.000000  66.000000  0.000316 
66.000000  67.000000  0.000337 
67.000000  68.000000  0.000358 
68.000000  69.000000  0.000379 
69.000000  70.000000  0.000400 
70.000000  71.000000  0.000421 
71.000000  72.000000  0.000442 
72.000000  73.000000  0.000464 
73.000000  74.000000  0.000485 
74.000000  75.000000  0.000507 
75.000000  76.000000  0.000528 
76.000000  77.000000  0.000550 
77.000000  78.000000  0.000571 
78.000000  79.000000  0.000592 
79.000000  80.000000  0.000613 
80.000000  81.000000  0.000634 
81.000000  82.000000  0.000655 
82.000000  83.000000  0.000675 
83.000000  84.000000  0.000696 
84.000000  85.000000  0.000716 
85.000000  86.000000  0.000737 
86.000000  87.000000  0.000757 
87.000000  88.000000  0.000776 
88.000000  89.000000  0.000795 
89.000000  90.000000  0.000814 
90.000000  91.000000  0.000832 
91.000000  92.000000  0.000851 
92.000000  93.000000  0.000869 
93.000000  94.000000  0.000886 
94.000000  95.000000  0.000904 
95.000000  96.000000  0.000921 
96.000000  97.000000  0.000938 
97.000000  98.000000  0.000954 
98.000000  99.000000  0.000970 
99.000000  100.000000  0.000986 
100.000000  101.000000  0.001002 
101.000000  102.000000  0.001017 
102.000000  103.000000  0.001033 
103.000000  104.000000  0.001048 
104.000000  105.000000  0.001062 
105.000000  106.000000  0.001077 
106.000000  107.000000  0.001091 
107.000000  108.000000  0.001105 
108.000000  109.000000  0.001118 
109.000000  110.000000  0.001132 
110.000000  111.000000  0.001145 
111.000000  112.000000  0.001158 
112.000000  113.000000  0.001171 
113.000000  114.000000  0.001183 
114.000000  115.000000  0.001196 
115.000000  116.000000  0.001208 
116.000000  117.000000  0.001220 
117.000000  118.000000  0.001232 
118.000000  119.000000  0.001244 
119.000000  120.000000  0.001255 
120.000000  121.000000  0.001266 
121.000000  122.000000  0.001278 
122.000000  123.000000  0.001289 
123.000000  124.000000  0.001299 
124.000000  125.000000  0.001310 
125.000000  126.000000  0.001321 
126.000000  127.000000  0.001331 
127.000000  128.000000  0.001342 
128.000000  129.000000  0.001352 
129.000000  130.000000  0.001362 
130.000000  131.000000  0.001372 
131.000000  132.000000  0.001382 
132.000000  133.000000  0.001392 
133.000000  134.000000  0.001401 
134.000000  135.000000  0.001411 
135.000000  136.000000  0.001420 
136.000000  137.000000  0.001430 
137.000000  138.000000  0.001439 
138.000000  139.000000  0.001448 
139.000000  140.000000  0.001458 
140.000000  141.000000  0.001467 
141.000000  142.000000  0.001476 
142.000000  143.000000  0.001485 
143.000000  144.000000  0.001494 
144.000000  145.000000  0.001502 
145.000000  146.000000  0.001511 
146.000000  147.000000  0.001520 
147.000000  148.000000  0.001529 
148.000000  149.000000  0.001537 
149.000000  150.000000  0.001546 
150.000000  151.000000  0.001554 
151.000000  152.000000  0.001563 
152.000000  153.000000  0.001571 
153.000000  154.000000  0.001580 
154.000000  155.000000  0.001588 
155.000000  156.000000  0.001596 
156.000000  157.000000  0.001604 
157.000000  158.000000  0.001613 
158.000000  159.000000  0.001621 
159.000000  160.000000  0.001629 
160.000000  161.000000  0.001637 
161.000000  162.000000  0.001645 
162.000000  163.000000  0.001653 
163.000000  164.000000  0.001661 
164.000000  165.000000  0.001669 
165.000000  166.000000  0.001677 
166.000000  167.000000  0.001685 
167.000000  168.000000  0.001693 
168.000000  169.000000  0.001700 
169.000000  170.000000  0.001708 
170.000000  171.000000  0.001716 
171.000000  172.000000  0.001724 
172.000000  173.000000  0.001731 
173.000000  174.000000  0.001739 
174.000000  175.000000  0.001746 
175.000000  176.000000  0.001754 
176.000000  177.000000  0.001761 
177.000000  178.000000  0.001769 
178.000000  179.000000  0.001776 
179.000000  180.000000  0.001783 
180.000000  181.000000  0.001791 
181.000000  182.000000  0.001798 
182.000000  183.000000  0.001805 
183.000000  184.000000  0.001812 
184.000000  185.000000  0.001819 
185.000000  186.000000  0.001826 
186.000000  187.000000  0.001833 
187.000000  188.000000  0.001840 
188.000000  189.000000  0.001847 
189.000000  190.000000  0.001854 
190.000000  191.000000  0.001861 
191.000000  192.000000  0.001867 
192.000000  193.000000  0.001874 
193.000000  194.000000  0.001881 
194.000000  195.000000  0.001887 
195.000000  196.000000  0.001894 
196.000000  197.000000  0.001900 
197.000000  198.000000  0.001906 
198.000000  199.000000  0.001913 
199.000000  200.000000  0.001919 
200.000000  201.000000  0.001925 
201.000000  202.000000  0.001931 
202.000000  203.000000  0.001937 
203.000000  204.000000  0.001943 
204.000000  205.000000  0.001949 
205.000000  206.000000  0.001955 
206.000000  207.000000  0.001961 
207.000000  208.000000  0.001966 
208.000000  209.000000  0.001972 
209.000000  210.000000  0.001978 
210.000000  211.000000  0.001983 
211.000000  212.000000  0.001989 
212.000000  213.000000  0.001994 
213.000000  214.000000  0.001999 
214.000000  215.000000  0.002004 
215.000000  216.000000  0.002010 
216.000000  217.000000  0.002015 
217.000000  218.000000  0.002020 
218.000000  219.000000  0.002025 
219.000000  220.000000  0.002029 
220.000000  221.000000  0.002034 
221.000000  222.000000  0.002039 
222.000000  223.000000  0.002044 
223.000000  224.000000  0.002048 
224.000000  225.000000  0.002053 
225.000000  226.000000  0.002057 
226.000000  227.000000  0.002062 
227.000000  228.000000  0.002066 
228.000000  229.000000  0.002070 
229.000000  230.000000  0.002074 
230.000000  231.000000  0.002079 
231.000000  232.000000  0.002083 
232.000000  233.000000  0.002087 
233.000000  234.000000  0.002091 
234.000000  235.000000  0.002095 
235.000000  236.000000  0.002098 
236.000000  237.000000  0.002102 
237.000000  238.000000  0.002106 
238.000000  239.000000  0.002109 
239.000000  240.000000  0.002113 
240.000000  241.000000  0.002117 
241.000000  242.000000  0.002120 
242.000000  243.000000  0.002123 
243.000000  244.000000  0.002127 
244.000000  245.000000  0.002130 
245.000000  246.000000  0.002133 
246.000000  247.000000  0.002136 
247.000000  248.000000  0.002140 
248.000000  249.000000  0.002143 
249.000000  250.000000  0.002146 
250.000000  251.000000  0.002149 
251.000000  252.000000  0.002152 
252.000000  253.000000  0.002155 
253.000000  254.000000  0.002157 
254.000000  255.000000  0.002160 
255.000000  256.000000  0.002163 
256.000000  257.000000  0.002166 
257.000000  258.000000  0.002168 
258.000000  259.000000  0.002171 
259.000000  260.000000  0.002173 
260.000000  261.000000  0.002176 
261.000000  262.000000  0.002178 
262.000000  263.000000  0.002181 
263.000000  264.000000  0.002183 
264.000000  265.000000  0.002186 
265.000000  266.000000  0.002188 
266.000000  267.000000  0.002190 
267.000000  268.000000  0.002192 
268.000000  269.000000  0.002195 
269.000000  270.000000  0.002197 
270.000000  271.000000  0.002199 
271.000000  272.000000  0.002201 
272.000000  273.000000  0.002203 
273.000000  274.000000  0.002205 
274.000000  275.000000  0.002207 
275.000000  276.000000  0.002209 
276.000000  277.000000  0.002211 
277.000000  278.000000  0.002213 
278.000000  279.000000  0.002215 
279.000000  280.000000  0.002217 
280.000000  281.000000  0.002219 
281.000000  282.000000  0.002221 
282.000000  283.000000  0.002223 
283.000000  284.000000  0.002224 
284.000000  285.000000  0.002226 
285.000000  286.000000  0.002228 
286.000000  287.000000  0.002230 
287.000000  288.000000  0.002231 
288.000000  289.000000  0.002233 
289.000000  290.000000  0.002235 
290.000000  291.000000  0.002236 
291.000000  292.000000  0.002238 
292.000000  293.000000  0.002239 
293.000000  294.000000  0.002241 
294.000000  295.000000  0.002242 
295.000000  296.000000  0.002244 
296.000000  297.000000  0.002246 
297.000000  298.000000  0.002247 
298.000000  299.000000  0.002249 
299.000000  300.000000  0.002250 
300.000000  301.000000  0.002251 
301.000000  302.000000  0.002253 
302.000000  303.000000  0.002254 
303.000000  304.000000  0.002256 
304.000000  305.000000  0.002257 
305.000000  306.000000  0.002259 
306.000000  307.000000  0.002260 
307.000000  308.000000  0.002261 
308.000000  309.000000  0.002263 
309.000000  310.000000  0.002264 
310.000000  311.000000  0.002265 
311.000000  312.000000  0.002267 
312.000000  313.000000  0.002268 
313.000000  314.000000  0.002269 
314.000000  315.000000  0.002271 
315.000000  316.000000  0.002272 
316.000000  317.000000  0.002273 
317.000000  318.000000  0.002274 
318.000000  319.000000  0.002276 
319.000000  320.000000  0.002277 
320.000000  321.000000  0.002278 
321.000000  322.000000  0.002279 
322.000000  323.000000  0.002280 
323.000000  324.000000  0.002282 
324.000000  325.000000  0.002283 
325.000000  326.000000  0.002284 
326.000000  327.000000  0.002285 
327.000000  328.000000  0.002286 
328.000000  329.000000  0.002288 
329.000000  330.000000  0.002289 
330.000000  331.000000  0.002290 
331.000000  332.000000  0.002291 
332.000000  333.000000  0.002292 
333.000000  334.000000  0.002293 
334.000000  335.000000  0.002295 
335.000000  336.000000  0.002296 
336.000000  337.000000  0.002297 
337.000000  338.000000  0.002298 
338.000000  339.000000  0.002299 
339.000000  340.000000  0.002300 
340.000000  341.000000  0.002301 
341.000000  342.000000  0.002302 
342.000000  343.000000  0.002303 
343.000000  344.000000  0.002304 
344.000000  345.000000  0.002305 
345.000000  346.000000  0.002307 
346.000000  347.000000  0.002308 
347.000000  348.000000  0.002309 
348.000000  349.000000  0.002310 
349.000000  350.000000  0.002311 
350.000000  351.000000  0.002312 
351.000000  352.000000  0.002313 
352.000000  353.000000  0.002314 
353.000000  354.000000  0.002315 
354.000000  355.000000  0.002316 
355.000000  356.000000  0.002317 
356.000000  357.000000  0.002318 
357.000000  358.000000  0.002319 
358.000000  359.000000  0.002320 
359.000000  360.000000  0.002321 
360.000000  361.000000  0.002322 
361.000000  362.000000  0.002323 
362.000000  363.000000  0.002324 
363.000000  364.000000  0.002325 
364.000000  365.000000  0.002326 
365.000000  366.000000  0.002327 
366.000000  367.000000  0.002328 
367.000000  368.000000  0.002329 
368.000000  369.000000  0.002330 
369.000000  370.000000  0.002331 
370.000000  371.000000  0.002332 
371.000000  372.000000  0.002333 
372.000000  373.000000  0.002334 
373.000000  374.000000  0.002334 
374.000000  375.000000  0.002335 
375.000000  376.000000  0.002336 
376.000000  377.000000  0.002337 
377.000000  378.000000  0.002338 
378.000000  379.000000  0.002339 
379.000000  380.000000  0.002340 
380.000000  381.000000  0.002341 
381.000000  382.000000  0.002342 
382.000000  383.000000  0.002343 
383.000000  384.000000  0.002344 
384.000000  385.000000  0.002344 
385.000000  386.000000  0.002345 
386.000000  387.000000  0.002346 
387.000000  388.000000  0.002347 
388.000000  389.000000  0.002348 
389.000000  390.000000  0.002349 
390.000000  391.000000  0.002350 
391.000000  392.000000  0.002350 
392.000000  393.000000  0.002351 
393.000000  394.000000  0.002352 
394.000000  395.000000  0.002353 
395.000000  396.000000  0.002354 
396.000000  397.000000  0.002355 
397.000000  398.000000  0.002355 
398.000000  399.000000  0.002356 
399.000000  400.000000  0.002357 
400.000000  401.000000  0.002358 
401.000000  402.000000  0.002359 
402.000000  403.000000  0.002359 
403.000000  404.000000  0.002360 
404.000000  405.000000  0.002361 
405.000000  406.000000  0.002362 
406.000000  407.000000  0.002363 
407.000000  408.000000  0.002363 
408.000000  409.000000  0.002364 
409.000000  410.000000  0.002365 
410.000000  411.000000  0.002366 
411.000000  412.000000  0.002366 
412.000000  413.000000  0.002367 
413.000000  414.000000  0.002368 
414.000000  415.000000  0.002369 
415.000000  416.000000  0.002369 
416.000000  417.000000  0.002370 
417.000000  418.000000  0.002371 
418.000000  419.000000  0.002371 
419.000000  420.000000  0.002372 
420.000000  421.000000  0.002373 
421.000000  422.000000  0.002373 
422.000000  423.000000  0.002374 
423.000000  424.000000  0.002375 
424.000000  425.000000  0.002376 
425.000000  426.000000  0.002376 
426.000000  427.000000  0.002377 
427.000000  428.000000  0.002378 
428.000000  429.000000  0.002378 
429.000000  430.000000  0.002379 
430.000000  431.000000  0.002379 
431.000000  432.000000  0.002380 
432.000000  433.000000  0.002381 
433.000000  434.000000  0.002381 
434.000000  435.000000  0.002382 
435.000000  436.000000  0.002383 
436.000000  437.000000  0.002383 
437.000000  438.000000  0.002384 
438.000000  439.000000  0.002384 
439.000000  440.000000  0.002385 
440.000000  441.000000  0.002386 
441.000000  442.000000  0.002386 
442.000000  443.000000  0.002387 
443.000000  444.000000  0.002387 
444.000000  445.000000  0.002388 
445.000000  446.000000  0.002389 
446.000000  447.000000  0.002389 
447.000000  448.000000  0.002390 
448.000000  449.000000  0.002390 
449.000000  450.000000  0.002391 
450.000000  451.000000  0.002391 
451.000000  452.000000  0.002392 
452.000000  453.000000  0.002392 
453.000000  454.000000  0.002393 
454.000000  455.000000  0.002393 
455.000000  456.000000  0.002394 
456.000000  457.000000  0.002394 
457.000000  458.000000  0.002395 
458.000000  459.000000  0.002395 
459.000000  460.000000  0.002396 
460.000000  461.000000  0.002396 
461.000000  462.000000  0.002397 
462.000000  463.000000  0.002397 
463.000000  464.000000  0.002398 
464.000000  465.000000  0.002398 
465.000000  466.000000  0.002399 
466.000000  467.000000  0.002399 
467.000000  468.000000  0.002400 
468.000000  469.000000  0.002400 
469.000000  470.000000  0.002401 
470.000000  471.000000  0.002401 
471.000000  472.000000  0.002401 
472.000000  473.000000  0.002402 
473.000000  474.000000  0.002402 
474.000000  475.000000  0.002403 
475.000000  476.000000  0.002403 
476.000000  477.000000  0.002404 
477.000000  478.000000  0.002404 
478.000000  479.000000  0.002404 
479.000000  480.000000  0.002405 
480.000000  481.000000  0.002405 
481.000000  482.000000  0.002406 
482.000000  483.000000  0.002406 
483.000000  484.000000  0.002406 
484.000000  485.000000  0.002407 
485.000000  486.000000  0.002407 
486.000000  487.000000  0.002407 
487.000000  488.000000  0.002408 
488.000000  489.000000  0.002408 
489.000000  490.000000  0.002408 
490.000000  491.000000  0.002409 
491.000000  492.000000  0.002409 
492.000000  493.000000  0.002409 
493.000000  494.000000  0.002410 
494.000000  495.000000  0.002410 
495.000000  496.000000  0.002410 
496.000000  497.000000  0.002411 
497.000000  498.000000  0.002411 
498.000000  499.000000  0.002411 
499.000000  500.000000  0.002412 
500.000000  501.000000  0.002412 
501.000000  502.000000  0.002412 
502.000000  503.000000  0.002413 
503.000000  504.000000  0.002413 
504.000000  505.000000  0.002413 
505.000000  506.000000  0.002414 
506.000000  507.000000  0.002414 
507.000000  508.000000  0.002414 
508.000000  509.000000  0.002414 
509.000000  510.000000  0.002415 
510.000000  511.000000  0.002415 
511.000000  512.000000  0.002415 
512.000000  513.000000  0.002415 
513.000000  514.000000  0.002416 
514.000000  515.000000  0.002416 
515.000000  516.000000  0.002416 
516.000000  517.000000  0.002416 
517.000000  518.000000  0.002417 
518.000000  519.000000  0.002417 
519.000000  520.000000  0.002417 
520.000000  521.000000  0.002417 
521.000000  522.000000  0.002418 
522.000000  523.000000  0.002418 
523.000000  524.000000  0.002418 
524.000000  525.000000  0.002418 
525.000000  526.000000  0.002419 
526.000000  527.000000  0.002419 
527.000000  528.000000  0.002419 
528.000000  529.000000  0.002419 
529.000000  530.000000  0.002419 
530.000000  531.000000  0.002420 
531.000000  532.000000  0.002420 
532.000000  533.000000  0.002420 
533.000000  534.000000  0.002420 
534.000000  535.000000  0.002420 
535.000000  536.000000  0.002421 
536.000000  537.000000  0.002421 
537.000000  538.000000  0.002421 
538.000000  539.000000  0.002421 
539.000000  540.000000  0.002421 
540.000000  541.000000  0.002421 
541.000000  542.000000  0.002422 
542.000000  543.000000  0.002422 
543.000000  544.000000  0.002422 
544.000000  545.000000  0.002422 
545.000000  546.000000  0.002422 
546.000000  547.000000  0.002422 
547.000000  548.000000  0.002423 
548.000000  549.000000  0.002423 
549.000000  550.000000  0.002423 
550.000000  551.000000  0.002423 
551.000000  552.000000  0.002423 
552.000000  553.000000  0.002423 
553.000000  554.000000  0.002424 
554.000000  555.000000  0.002424 
555.000000  556.000000  0.002424 
556.000000  557.000000  0.002424 
557.000000  558.000000  0.002424 
558.000000  559.000000  0.002424 
559.000000  560.000000  0.002424 
560.000000  561.000000  0.002424 
561.000000  562.000000  0.002425 
562.000000  563.000000  0.002425 
563.000000  564.000000  0.002425 
564.000000  565.000000  0.002425 
565.000000  566.000000  0.002425 
566.000000  567.000000  0.002425 
567.000000  568.000000  0.002425 
568.000000  569.000000  0.002425 
569.000000  570.000000  0.002426 
570.000000  571.000000  0.002426 
571.000000  572.000000  0.002426 
572.000000  573.000000  0.002426 
573.000000  574.000000  0.002426 
574.000000  575.000000  0.002426 
575.000000  576.000000  0.002426 
576.000000  577.000000  0.002426 
577.000000  578.000000  0.002426 
578.000000  579.000000  0.002426 
579.000000  580.000000  0.002426 
580.000000  581.000000  0.002427 
581.000000  582.000000  0.002427 
582.000000  583.000000  0.002427 
583.000000  584.000000  0.002427 
584.000000  585.000000  0.002427 
585.000000  586.000000  0.002427 
586.000000  587.000000  0.002427 
587.000000  588.000000  0.002427 
588.000000  589.000000  0.002427 
589.000000  590.000000  0.002427 
590.000000  591.000000  0.002427 
591.000000  592.000000  0.002427 
592.000000  593.000000  0.002428 
593.000000  594.000000  0.002428 
594.000000  595.000000  0.002428 
595.000000  596.000000  0.002428 
596.000000  597.000000  0.002428 
597.000000  598.000000  0.002428 
598.000000  599.000000  0.002428 
599.000000  600.000000  0.002428 
600.000000  601.000000  0.002428 
601.000000  602.000000  0.002428 
602.000000  603.000000  0.002428 
603.000000  604.000000  0.002428 
604.000000  605.000000  0.002428 
605.000000  606.000000  0.002428 
606.000000  607.000000  0.002428 
607.000000  608.000000  0.002428 
608.000000  609.000000  0.002428 
609.000000  610.000000  0.002428 
610.000000  611.000000  0.002429 
611.000000  612.000000  0.002429 
612.000000  613.000000  0.002429 
613.000000  614.000000  0.002429 
614.000000  615.000000  0.002429 
615.000000  616.000000  0.002429 
616.000000  617.000000  0.002429 
617.000000  618.000000  0.002429 
618.000000  619.000000  0.002429 
619.000000  620.000000  0.002429 
620.000000  621.000000  0.002429 
621.000000  622.000000  0.002429 
622.000000  623.000000  0.002429 
623.000000  624.000000  0.002429 
624.000000  625.000000  0.002429 
625.000000  626.000000  0.002429 
626.000000  627.000000  0.002429 
627.000000  628.000000  0.002429 
628.000000  629.000000  0.002429 
629.000000  630.000000  0.002429 
630.000000  631.000000  0.002429 
631.000000  632.000000  0.002429 
632.000000  633.000000  0.002429 
633.000000  634.000000  0.002429 
634.000000  635.000000  0.002429 
635.000000  636.000000  0.002429 
636.000000  637.000000  0.002429 
637.000000  638.000000  0.002429 
638.000000  639.000000  0.002429 
639.000000  640.000000  0.002429 
640.000000  641.000000  0.002429 
641.000000  642.000000  0.002430 
642.000000  643.000000  0.002430 
643.000000  644.000000  0.002430 
644.000000  645.000000  0.002430 
645.000000  646.000000  0.002430 
646.000000  647.000000  0.002430 
647.000000  648.000000  0.002430 
648.000000  649.000000  0.002430 
649.000000  650.000000  0.002430 
650.000000  651.000000  0.002430 
651.000000  652.000000  0.002430 
652.000000  653.000000  0.002430 
653.000000  654.000000  0.002430 
654.000000  655.000000  0.002430 
655.000000  656.000000  0.002430 
656.000000  657.000000  0.002430 
657.000000  658.000000  0.002430 
658.000000  659.000000  0.002430 
659.000000  660.000000  0.002430 
660.000000  661.000000  0.002430 
661.000000  662.000000  0.002430 
662.000000  663.000000  0.002430 
663.000000  664.000000  0.002430 
664.000000  665.000000  0.002430 
665.000000  666.000000  0.002430 
666.000000  667.000000  0.002430 
667.000000  668.000000  0.002430 
668.000000  669.000000  0.002430 
669.000000  670.000000  0.002430 
670.000000  671.000000  0.002430 
671.000000  672.000000  0.002430 
672.000000  673.000000  0.002430 
673.000000  674.000000  0.002430 
674.000000  675.000000  0.002430 
675.000000  676.000000  0.002430 
676.000000  677.000000  0.002430 
677.000000  678.000000  0.002430 
678.000000  679.000000  0.002430 
679.000000  680.000000  0.002430 
680.000000  681.000000  0.002430 
681.000000  682.000000  0.002430 
682.000000  683.000000  0.002430 
683.000000  684.000000  0.002430 
684.000000  685.000000  0.002430 
685.000000  686.000000  0.002430 
686.000000  687.000000  0.002430 
687.000000  688.000000  0.002430 
688.000000  689.000000  0.002430 
689.000000  690.000000  0.002430 
690.000000  691.000000  0.002430 
691.000000  692.000000  0.002430 
692.000000  693.000000  0.002430 
693.000000  694.000000  0.002430 
694.000000  695.000000  0.002430 
695.000000  696.000000  0.002430 
696.000000  697.000000  0.002430 
697.000000  698.000000  0.002430 
698.000000  699.000000  0.002430 
699.000000  700.000000  0.002430 
700.000000  701.000000  0.002430 
701.000000  702.000000  0.002430 
702.000000  703.000000  0.002430 
703.000000  704.000000  0.002430 
704.000000  705.000000  0.002430 
705.000000  706.000000  0.002430 
706.000000  707.000000  0.002430 
707.000000  708.000000  0.002430 
708.000000  709.000000  0.002430 
709.000000  710.000000  0.002430 
710.000000  711.000000  0.002430 
711.000000  712.000000  0.002429 
712.000000  713.000000  0.002429 
713.000000  714.000000  0.002429 
714.000000  715.000000  0.002429 
715.000000  716.000000  0.002429 
716.000000  717.000000  0.002429 
717.000000  718.000000  0.002429 
718.000000  719.000000  0.002429 
719.000000  720.000000  0.002429 
720.000000  721.000000  0.002429 
721.000000  722.000000  0.002429 
722.000000  723.000000  0.002429 
723.000000  724.000000  0.002429 
724.000000  725.000000  0.002429 
725.000000  726.000000  0.002429 
726.000000  727.000000  0.002429 
727.000000  728.000000  0.002429 
728.000000  729.000000  0.002429 
729.000000  730.000000  0.002429 
730.000000  731.000000  0.002429 
731.000000  732.000000  0.002429 
732.000000  733.000000  0.002429 
733.000000  734.000000  0.002429 
734.000000  735.000000  0.002429 
735.000000  736.000000  0.002429 
736.000000  737.000000  0.002429 
737.000000  738.000000  0.002429 
738.000000  739.000000  0.002429 
739.000000  740.000000  0.002429 
740.000000  741.000000  0.002429 
741.000000  742.000000  0.002429 
742.000000  743.000000  0.002429 
743.000000  744.000000  0.002429 
744.000000  745.000000  0.002429 
745.000000  746.000000  0.002429 
746.000000  747.000000  0.002429 
747.000000  748.000000  0.002429 
748.000000  749.000000  0.002429 
749.000000  750.000000  0.002429 
750.000000  751.000000  0.002429 
751.000000  752.000000  0.002429 
752.000000  753.000000  0.002429 
753.000000  754.000000  0.002429 
754.000000  755.000000  0.002429 
755.000000  756.000000  0.002429 
756.000000  757.000000  0.002429 
757.000000  758.000000  0.002429 
758.000000  759.000000  0.002429 
759.000000  760.000000  0.002429 
760.000000  761.000000  0.002429 
761.000000  762.000000  0.002429 
762.000000  763.000000  0.002429 
763.000000  764.000000  0.002429 
764.000000  765.000000  0.002429 
765.000000  766.000000  0.002429 
766.000000  767.000000  0.002428 
767.000000  768.000000  0.002428 
768.000000  769.000000  0.002428 
769.000000  770.000000  0.002428 
770.000000  771.000000  0.002428 
771.000000  772.000000  0.002428 
772.000000  773.000000  0.002428 
773.000000  774.000000  0.002428 
774.000000  775.000000  0.002428 
775.000000  776.000000  0.002428 
776.000000  777.000000  0.002428 
777.000000  778.000000  0.002428 
778.000000  779.000000  0.002428 
779.000000  780.000000  0.002428 
780.000000  781.000000  0.002428 
781.000000  782.000000  0.002428 
782.000000  783.000000  0.002428 
783.000000  784.000000  0.002428 
784.000000  785.000000  0.002428 
785.000000  786.000000  0.002428 
786.000000  787.000000  0.002428 
787.000000  788.000000  0.002428 
788.000000  789.000000  0.002428 
789.000000  790.000000  0.002428 
790.000000  791.000000  0.002428 
791.000000  792.000000  0.002428 
792.000000  793.000000  0.002428 
793.000000  794.000000  0.002428 
794.000000  795.000000  0.002428 
795.000000  796.000000  0.002428 
796.000000  797.000000  0.002428 
797.000000  798.000000  0.002428 
798.000000  799.000000  0.002428 
799.000000  800.000000  0.002428 
