17.000000  18.000000  -0.000000 
18.000000  19.000000  -0.000000 
19.000000  20.000000  -0.000000 
20.000000  21.000000  -0.000000 
21.000000  22.000000  -0.000000 
22.000000  23.000000  -0.000000 
23.000000  24.000000  -0.000000 
24.000000  25.000000  -0.000000 
25.000000  26.000000  -0.000000 
26.000000  27.000000  -0.000000 
27.000000  28.000000  -0.000000 
28.000000  29.000000  -0.000000 
29.000000  30.000000  -0.000000 
30.000000  31.000000  -0.000000 
31.000000  32.000000  -0.000000 
32.000000  33.000000  -0.000000 
33.000000  34.000000  -0.000000 
34.000000  35.000000  -0.000000 
35.000000  36.000000  -0.000000 
36.000000  37.000000  -0.000000 
37.000000  38.000000  -0.000000 
38.000000  39.000000  -0.000000 
39.000000  40.000000  -0.000000 
40.000000  41.000000  -0.000000 
41.000000  42.000000  -0.000000 
42.000000  43.000000  -0.000000 
43.000000  44.000000  -0.000000 
44.000000  45.000000  -0.000000 
45.000000  46.000000  -0.000000 
46.000000  47.000000  -0.000000 
47.000000  48.000000  -0.000000 
48.000000  49.000000  -0.000000 
49.000000  50.000000  -0.000000 
50.000000  51.000000  -0.000000 
51.000000  52.000000  -0.000000 
52.000000  53.000000  -0.000000 
53.000000  54.000000  -0.000000 
54.000000  55.000000  -0.000000 
55.000000  56.000000  -0.000000 
56.000000  57.000000  -0.000000 
57.000000  58.000000  -0.000000 
58.000000  59.000000  -0.000000 
59.000000  60.000000  -0.000000 
60.000000  61.000000  -0.000000 
61.000000  62.000000  -0.000000 
62.000000  63.000000  -0.000000 
63.000000  64.000000  -0.000000 
64.000000  65.000000  -0.000000 
65.000000  66.000000  -0.000000 
66.000000  67.000000  -0.000000 
67.000000  68.000000  -0.000000 
68.000000  69.000000  -0.000000 
69.000000  70.000000  -0.000000 
70.000000  71.000000  -0.000000 
71.000000  72.000000  -0.000000 
72.000000  73.000000  -0.000000 
73.000000  74.000000  -0.000000 
74.000000  75.000000  -0.000000 
75.000000  76.000000  -0.000000 
76.000000  77.000000  -0.000000 
77.000000  78.000000  -0.000000 
78.000000  79.000000  -0.000000 
79.000000  80.000000  -0.000000 
80.000000  81.000000  -0.000000 
81.000000  82.000000  -0.000000 
82.000000  83.000000  -0.000000 
83.000000  84.000000  -0.000000 
84.000000  85.000000  -0.000000 
85.000000  86.000000  -0.000000 
86.000000  87.000000  -0.000000 
87.000000  88.000000  -0.000000 
88.000000  89.000000  -0.000000 
89.000000  90.000000  -0.000000 
90.000000  91.000000  -0.000000 
91.000000  92.000000  -0.000000 
92.000000  93.000000  -0.000000 
93.000000  94.000000  -0.000000 
94.000000  95.000000  -0.000000 
95.000000  96.000000  -0.000000 
96.000000  97.000000  -0.000000 
97.000000  98.000000  -0.000000 
98.000000  99.000000  -0.000000 
99.000000  100.000000  -0.000000 
100.000000  101.000000  -0.000000 
101.000000  102.000000  -0.000000 
102.000000  103.000000  -0.000000 
103.000000  104.000000  -0.000000 
104.000000  105.000000  -0.000000 
105.000000  106.000000  -0.000000 
106.000000  107.000000  -0.000000 
107.000000  108.000000  -0.000000 
108.000000  109.000000  -0.000000 
109.000000  110.000000  -0.000000 
110.000000  111.000000  -0.000000 
111.000000  112.000000  -0.000000 
112.000000  113.000000  -0.000000 
113.000000  114.000000  -0.000000 
114.000000  115.000000  -0.000000 
115.000000  116.000000  -0.000000 
116.000000  117.000000  -0.000000 
117.000000  118.000000  -0.000000 
118.000000  119.000000  -0.000000 
119.000000  120.000000  -0.000000 
120.000000  121.000000  -0.000000 
121.000000  122.000000  -0.000000 
122.000000  123.000000  -0.000000 
123.000000  124.000000  -0.000000 
124.000000  125.000000  -0.000000 
125.000000  126.000000  -0.000000 
126.000000  127.000000  -0.000000 
127.000000  128.000000  -0.000000 
128.000000  129.000000  -0.000000 
129.000000  130.000000  -0.000000 
130.000000  131.000000  -0.000000 
131.000000  132.000000  -0.000000 
132.000000  133.000000  -0.000000 
133.000000  134.000000  -0.000000 
134.000000  135.000000  -0.000000 
135.000000  136.000000  -0.000000 
136.000000  137.000000  -0.000000 
137.000000  138.000000  -0.000000 
138.000000  139.000000  -0.000000 
139.000000  140.000000  -0.000000 
140.000000  141.000000  -0.000000 
141.000000  142.000000  -0.000000 
142.000000  143.000000  -0.000000 
143.000000  144.000000  -0.000000 
144.000000  145.000000  -0.000000 
145.000000  146.000000  -0.000000 
146.000000  147.000000  -0.000000 
147.000000  148.000000  -0.000000 
148.000000  149.000000  -0.000000 
149.000000  150.000000  -0.000000 
150.000000  151.000000  -0.000000 
151.000000  152.000000  -0.000000 
152.000000  153.000000  -0.000000 
153.000000  154.000000  -0.000000 
154.000000  155.000000  -0.000000 
155.000000  156.000000  -0.000000 
156.000000  157.000000  -0.000000 
157.000000  158.000000  -0.000000 
158.000000  159.000000  -0.000000 
159.000000  160.000000  -0.000000 
160.000000  161.000000  -0.000000 
161.000000  162.000000  -0.000000 
162.000000  163.000000  -0.000000 
163.000000  164.000000  -0.000000 
164.000000  165.000000  -0.000000 
165.000000  166.000000  -0.000000 
166.000000  167.000000  -0.000000 
167.000000  168.000000  -0.000000 
168.000000  169.000000  -0.000000 
169.000000  170.000000  -0.000000 
170.000000  171.000000  -0.000000 
171.000000  172.000000  -0.000000 
172.000000  173.000000  -0.000000 
173.000000  174.000000  -0.000000 
174.000000  175.000000  -0.000000 
175.000000  176.000000  -0.000000 
176.000000  177.000000  -0.000000 
177.000000  178.000000  -0.000000 
178.000000  179.000000  -0.000000 
179.000000  180.000000  -0.000000 
180.000000  181.000000  -0.000000 
181.000000  182.000000  -0.000000 
182.000000  183.000000  -0.000001 
183.000000  184.000000  -0.000001 
184.000000  185.000000  -0.000001 
185.000000  186.000000  -0.000001 
186.000000  187.000000  -0.000001 
187.000000  188.000000  -0.000001 
188.000000  189.000000  -0.000001 
189.000000  190.000000  -0.000001 
190.000000  191.000000  -0.000001 
191.000000  192.000000  -0.000001 
192.000000  193.000000  -0.000001 
193.000000  194.000000  -0.000001 
194.000000  195.000000  -0.000002 
195.000000  196.000000  -0.000002 
196.000000  197.000000  -0.000002 
197.000000  198.000000  -0.000002 
198.000000  199.000000  -0.000002 
199.000000  200.000000  -0.000002 
200.000000  201.000000  -0.000002 
201.000000  202.000000  -0.000003 
202.000000  203.000000  -0.000003 
203.000000  204.000000  -0.000003 
204.000000  205.000000  -0.000003 
205.000000  206.000000  -0.000003 
206.000000  207.000000  -0.000003 
207.000000  208.000000  -0.000004 
208.000000  209.000000  -0.000004 
209.000000  210.000000  -0.000004 
210.000000  211.000000  -0.000004 
211.000000  212.000000  -0.000005 
212.000000  213.000000  -0.000005 
213.000000  214.000000  -0.000005 
214.000000  215.000000  -0.000005 
215.000000  216.000000  -0.000006 
216.000000  217.000000  -0.000006 
217.000000  218.000000  -0.000006 
218.000000  219.000000  -0.000006 
219.000000  220.000000  -0.000007 
220.000000  221.000000  -0.000007 
221.000000  222.000000  -0.000007 
222.000000  223.000000  -0.000007 
223.000000  224.000000  -0.000008 
224.000000  225.000000  -0.000008 
225.000000  226.000000  -0.000008 
226.000000  227.000000  -0.000009 
227.000000  228.000000  -0.000009 
228.000000  229.000000  -0.000009 
229.000000  230.000000  -0.000009 
230.000000  231.000000  -0.000010 
231.000000  232.000000  -0.000010 
232.000000  233.000000  -0.000010 
233.000000  234.000000  -0.000010 
234.000000  235.000000  -0.000011 
235.000000  236.000000  -0.000011 
236.000000  237.000000  -0.000011 
237.000000  238.000000  -0.000011 
238.000000  239.000000  -0.000011 
239.000000  240.000000  -0.000012 
240.000000  241.000000  -0.000012 
241.000000  242.000000  -0.000012 
242.000000  243.000000  -0.000012 
243.000000  244.000000  -0.000012 
244.000000  245.000000  -0.000012 
245.000000  246.000000  -0.000012 
246.000000  247.000000  -0.000012 
247.000000  248.000000  -0.000012 
248.000000  249.000000  -0.000012 
249.000000  250.000000  -0.000011 
250.000000  251.000000  -0.000011 
251.000000  252.000000  -0.000011 
252.000000  253.000000  -0.000011 
253.000000  254.000000  -0.000010 
254.000000  255.000000  -0.000010 
255.000000  256.000000  -0.000009 
256.000000  257.000000  -0.000009 
257.000000  258.000000  -0.000008 
258.000000  259.000000  -0.000008 
259.000000  260.000000  -0.000007 
260.000000  261.000000  -0.000006 
261.000000  262.000000  -0.000005 
262.000000  263.000000  -0.000004 
263.000000  264.000000  -0.000003 
264.000000  265.000000  -0.000002 
265.000000  266.000000  -0.000001 
266.000000  267.000000  0.000000 
267.000000  268.000000  0.000001 
268.000000  269.000000  0.000003 
269.000000  270.000000  0.000004 
270.000000  271.000000  0.000006 
271.000000  272.000000  0.000008 
272.000000  273.000000  0.000010 
273.000000  274.000000  0.000012 
274.000000  275.000000  0.000014 
275.000000  276.000000  0.000016 
276.000000  277.000000  0.000018 
277.000000  278.000000  0.000020 
278.000000  279.000000  0.000023 
279.000000  280.000000  0.000025 
280.000000  281.000000  0.000028 
281.000000  282.000000  0.000031 
282.000000  283.000000  0.000034 
283.000000  284.000000  0.000037 
284.000000  285.000000  0.000040 
285.000000  286.000000  0.000044 
286.000000  287.000000  0.000047 
287.000000  288.000000  0.000051 
288.000000  289.000000  0.000054 
289.000000  290.000000  0.000058 
290.000000  291.000000  0.000062 
291.000000  292.000000  0.000067 
292.000000  293.000000  0.000071 
293.000000  294.000000  0.000075 
294.000000  295.000000  0.000080 
295.000000  296.000000  0.000085 
296.000000  297.000000  0.000090 
297.000000  298.000000  0.000095 
298.000000  299.000000  0.000100 
299.000000  300.000000  0.000106 
300.000000  301.000000  0.000111 
301.000000  302.000000  0.000117 
302.000000  303.000000  0.000123 
303.000000  304.000000  0.000129 
304.000000  305.000000  0.000135 
305.000000  306.000000  0.000142 
306.000000  307.000000  0.000148 
307.000000  308.000000  0.000155 
308.000000  309.000000  0.000162 
309.000000  310.000000  0.000169 
310.000000  311.000000  0.000176 
311.000000  312.000000  0.000183 
312.000000  313.000000  0.000191 
313.000000  314.000000  0.000198 
314.000000  315.000000  0.000206 
315.000000  316.000000  0.000214 
316.000000  317.000000  0.000223 
317.000000  318.000000  0.000231 
318.000000  319.000000  0.000239 
319.000000  320.000000  0.000248 
320.000000  321.000000  0.000257 
321.000000  322.000000  0.000266 
322.000000  323.000000  0.000275 
323.000000  324.000000  0.000284 
324.000000  325.000000  0.000294 
325.000000  326.000000  0.000303 
326.000000  327.000000  0.000313 
327.000000  328.000000  0.000323 
328.000000  329.000000  0.000333 
329.000000  330.000000  0.000343 
330.000000  331.000000  0.000354 
331.000000  332.000000  0.000364 
332.000000  333.000000  0.000375 
333.000000  334.000000  0.000386 
334.000000  335.000000  0.000397 
335.000000  336.000000  0.000408 
336.000000  337.000000  0.000419 
337.000000  338.000000  0.000430 
338.000000  339.000000  0.000442 
339.000000  340.000000  0.000453 
340.000000  341.000000  0.000465 
341.000000  342.000000  0.000477 
342.000000  343.000000  0.000489 
343.000000  344.000000  0.000501 
344.000000  345.000000  0.000513 
345.000000  346.000000  0.000525 
346.000000  347.000000  0.000537 
347.000000  348.000000  0.000550 
348.000000  349.000000  0.000562 
349.000000  350.000000  0.000575 
350.000000  351.000000  0.000588 
351.000000  352.000000  0.000601 
352.000000  353.000000  0.000613 
353.000000  354.000000  0.000626 
354.000000  355.000000  0.000639 
355.000000  356.000000  0.000653 
356.000000  357.000000  0.000666 
357.000000  358.000000  0.000679 
358.000000  359.000000  0.000692 
359.000000  360.000000  0.000706 
360.000000  361.000000  0.000719 
361.000000  362.000000  0.000732 
362.000000  363.000000  0.000746 
363.000000  364.000000  0.000759 
364.000000  365.000000  0.000773 
365.000000  366.000000  0.000787 
366.000000  367.000000  0.000800 
367.000000  368.000000  0.000814 
368.000000  369.000000  0.000827 
369.000000  370.000000  0.000841 
370.000000  371.000000  0.000855 
371.000000  372.000000  0.000868 
372.000000  373.000000  0.000882 
373.000000  374.000000  0.000895 
374.000000  375.000000  0.000909 
375.000000  376.000000  0.000923 
376.000000  377.000000  0.000936 
377.000000  378.000000  0.000950 
378.000000  379.000000  0.000963 
379.000000  380.000000  0.000977 
380.000000  381.000000  0.000990 
381.000000  382.000000  0.001003 
382.000000  383.000000  0.001017 
383.000000  384.000000  0.001030 
384.000000  385.000000  0.001043 
385.000000  386.000000  0.001056 
386.000000  387.000000  0.001069 
387.000000  388.000000  0.001082 
388.000000  389.000000  0.001095 
389.000000  390.000000  0.001108 
390.000000  391.000000  0.001120 
391.000000  392.000000  0.001133 
392.000000  393.000000  0.001146 
393.000000  394.000000  0.001158 
394.000000  395.000000  0.001170 
395.000000  396.000000  0.001182 
396.000000  397.000000  0.001195 
397.000000  398.000000  0.001206 
398.000000  399.000000  0.001218 
399.000000  400.000000  0.001230 
400.000000  401.000000  0.001242 
401.000000  402.000000  0.001253 
402.000000  403.000000  0.001264 
403.000000  404.000000  0.001275 
404.000000  405.000000  0.001286 
405.000000  406.000000  0.001297 
406.000000  407.000000  0.001308 
407.000000  408.000000  0.001318 
408.000000  409.000000  0.001329 
409.000000  410.000000  0.001339 
410.000000  411.000000  0.001349 
411.000000  412.000000  0.001359 
412.000000  413.000000  0.001368 
413.000000  414.000000  0.001378 
414.000000  415.000000  0.001387 
415.000000  416.000000  0.001396 
416.000000  417.000000  0.001405 
417.000000  418.000000  0.001414 
418.000000  419.000000  0.001422 
419.000000  420.000000  0.001431 
420.000000  421.000000  0.001439 
421.000000  422.000000  0.001447 
422.000000  423.000000  0.001454 
423.000000  424.000000  0.001462 
424.000000  425.000000  0.001469 
425.000000  426.000000  0.001476 
426.000000  427.000000  0.001483 
427.000000  428.000000  0.001489 
428.000000  429.000000  0.001496 
429.000000  430.000000  0.001502 
430.000000  431.000000  0.001508 
431.000000  432.000000  0.001514 
432.000000  433.000000  0.001519 
433.000000  434.000000  0.001524 
434.000000  435.000000  0.001529 
435.000000  436.000000  0.001534 
436.000000  437.000000  0.001539 
437.000000  438.000000  0.001543 
438.000000  439.000000  0.001547 
439.000000  440.000000  0.001551 
440.000000  441.000000  0.001554 
441.000000  442.000000  0.001558 
442.000000  443.000000  0.001561 
443.000000  444.000000  0.001563 
444.000000  445.000000  0.001566 
445.000000  446.000000  0.001568 
446.000000  447.000000  0.001570 
447.000000  448.000000  0.001572 
448.000000  449.000000  0.001574 
449.000000  450.000000  0.001575 
450.000000  451.000000  0.001576 
451.000000  452.000000  0.001577 
452.000000  453.000000  0.001578 
453.000000  454.000000  0.001578 
454.000000  455.000000  0.001578 
455.000000  456.000000  0.001578 
456.000000  457.000000  0.001578 
457.000000  458.000000  0.001577 
458.000000  459.000000  0.001576 
459.000000  460.000000  0.001575 
460.000000  461.000000  0.001574 
461.000000  462.000000  0.001572 
462.000000  463.000000  0.001570 
463.000000  464.000000  0.001568 
464.000000  465.000000  0.001565 
465.000000  466.000000  0.001563 
466.000000  467.000000  0.001560 
467.000000  468.000000  0.001557 
468.000000  469.000000  0.001554 
469.000000  470.000000  0.001550 
470.000000  471.000000  0.001546 
471.000000  472.000000  0.001542 
472.000000  473.000000  0.001538 
473.000000  474.000000  0.001533 
474.000000  475.000000  0.001528 
475.000000  476.000000  0.001523 
476.000000  477.000000  0.001518 
477.000000  478.000000  0.001513 
478.000000  479.000000  0.001507 
479.000000  480.000000  0.001501 
480.000000  481.000000  0.001495 
481.000000  482.000000  0.001489 
482.000000  483.000000  0.001482 
483.000000  484.000000  0.001475 
484.000000  485.000000  0.001468 
485.000000  486.000000  0.001461 
486.000000  487.000000  0.001453 
487.000000  488.000000  0.001446 
488.000000  489.000000  0.001438 
489.000000  490.000000  0.001430 
490.000000  491.000000  0.001421 
491.000000  492.000000  0.001413 
492.000000  493.000000  0.001404 
493.000000  494.000000  0.001395 
494.000000  495.000000  0.001386 
495.000000  496.000000  0.001377 
496.000000  497.000000  0.001367 
497.000000  498.000000  0.001358 
498.000000  499.000000  0.001348 
499.000000  500.000000  0.001338 
500.000000  501.000000  0.001327 
501.000000  502.000000  0.001317 
502.000000  503.000000  0.001306 
503.000000  504.000000  0.001296 
504.000000  505.000000  0.001285 
505.000000  506.000000  0.001273 
506.000000  507.000000  0.001262 
507.000000  508.000000  0.001251 
508.000000  509.000000  0.001239 
509.000000  510.000000  0.001227 
510.000000  511.000000  0.001215 
511.000000  512.000000  0.001203 
512.000000  513.000000  0.001191 
513.000000  514.000000  0.001178 
514.000000  515.000000  0.001166 
515.000000  516.000000  0.001153 
516.000000  517.000000  0.001140 
517.000000  518.000000  0.001127 
518.000000  519.000000  0.001114 
519.000000  520.000000  0.001100 
520.000000  521.000000  0.001087 
521.000000  522.000000  0.001073 
522.000000  523.000000  0.001060 
523.000000  524.000000  0.001046 
524.000000  525.000000  0.001032 
525.000000  526.000000  0.001018 
526.000000  527.000000  0.001003 
527.000000  528.000000  0.000989 
528.000000  529.000000  0.000975 
529.000000  530.000000  0.000960 
530.000000  531.000000  0.000945 
531.000000  532.000000  0.000930 
532.000000  533.000000  0.000916 
533.000000  534.000000  0.000901 
534.000000  535.000000  0.000885 
535.000000  536.000000  0.000870 
536.000000  537.000000  0.000855 
537.000000  538.000000  0.000839 
538.000000  539.000000  0.000824 
539.000000  540.000000  0.000808 
540.000000  541.000000  0.000792 
541.000000  542.000000  0.000777 
542.000000  543.000000  0.000761 
543.000000  544.000000  0.000745 
544.000000  545.000000  0.000729 
545.000000  546.000000  0.000713 
546.000000  547.000000  0.000696 
547.000000  548.000000  0.000680 
548.000000  549.000000  0.000664 
549.000000  550.000000  0.000647 
550.000000  551.000000  0.000631 
551.000000  552.000000  0.000614 
552.000000  553.000000  0.000598 
553.000000  554.000000  0.000581 
554.000000  555.000000  0.000564 
555.000000  556.000000  0.000547 
556.000000  557.000000  0.000530 
557.000000  558.000000  0.000514 
558.000000  559.000000  0.000497 
559.000000  560.000000  0.000480 
560.000000  561.000000  0.000462 
561.000000  562.000000  0.000445 
562.000000  563.000000  0.000428 
563.000000  564.000000  0.000411 
564.000000  565.000000  0.000394 
565.000000  566.000000  0.000376 
566.000000  567.000000  0.000359 
567.000000  568.000000  0.000342 
568.000000  569.000000  0.000324 
569.000000  570.000000  0.000307 
570.000000  571.000000  0.000289 
571.000000  572.000000  0.000272 
572.000000  573.000000  0.000254 
573.000000  574.000000  0.000237 
574.000000  575.000000  0.000219 
575.000000  576.000000  0.000202 
576.000000  577.000000  0.000184 
577.000000  578.000000  0.000166 
578.000000  579.000000  0.000149 
579.000000  580.000000  0.000131 
580.000000  581.000000  0.000113 
581.000000  582.000000  0.000095 
582.000000  583.000000  0.000078 
583.000000  584.000000  0.000060 
584.000000  585.000000  0.000042 
585.000000  586.000000  0.000025 
586.000000  587.000000  0.000007 
587.000000  588.000000  -0.000011 
588.000000  589.000000  -0.000029 
589.000000  590.000000  -0.000047 
590.000000  591.000000  -0.000064 
591.000000  592.000000  -0.000082 
592.000000  593.000000  -0.000100 
593.000000  594.000000  -0.000118 
594.000000  595.000000  -0.000135 
595.000000  596.000000  -0.000153 
596.000000  597.000000  -0.000171 
597.000000  598.000000  -0.000189 
598.000000  599.000000  -0.000206 
599.000000  600.000000  -0.000224 
600.000000  601.000000  -0.000242 
601.000000  602.000000  -0.000260 
602.000000  603.000000  -0.000277 
603.000000  604.000000  -0.000295 
604.000000  605.000000  -0.000313 
605.000000  606.000000  -0.000330 
606.000000  607.000000  -0.000348 
607.000000  608.000000  -0.000366 
608.000000  609.000000  -0.000383 
609.000000  610.000000  -0.000401 
610.000000  611.000000  -0.000418 
611.000000  612.000000  -0.000436 
612.000000  613.000000  -0.000454 
613.000000  614.000000  -0.000471 
614.000000  615.000000  -0.000489 
615.000000  616.000000  -0.000506 
616.000000  617.000000  -0.000523 
617.000000  618.000000  -0.000541 
618.000000  619.000000  -0.000558 
619.000000  620.000000  -0.000576 
620.000000  621.000000  -0.000593 
621.000000  622.000000  -0.000610 
622.000000  623.000000  -0.000628 
623.000000  624.000000  -0.000645 
624.000000  625.000000  -0.000662 
625.000000  626.000000  -0.000679 
626.000000  627.000000  -0.000696 
627.000000  628.000000  -0.000713 
628.000000  629.000000  -0.000730 
629.000000  630.000000  -0.000748 
630.000000  631.000000  -0.000765 
631.000000  632.000000  -0.000781 
632.000000  633.000000  -0.000798 
633.000000  634.000000  -0.000815 
634.000000  635.000000  -0.000832 
635.000000  636.000000  -0.000849 
636.000000  637.000000  -0.000866 
637.000000  638.000000  -0.000883 
638.000000  639.000000  -0.000899 
639.000000  640.000000  -0.000916 
640.000000  641.000000  -0.000933 
641.000000  642.000000  -0.000949 
642.000000  643.000000  -0.000966 
643.000000  644.000000  -0.000982 
644.000000  645.000000  -0.000999 
645.000000  646.000000  -0.001015 
646.000000  647.000000  -0.001031 
647.000000  648.000000  -0.001048 
648.000000  649.000000  -0.001064 
649.000000  650.000000  -0.001080 
650.000000  651.000000  -0.001097 
651.000000  652.000000  -0.001113 
652.000000  653.000000  -0.001129 
653.000000  654.000000  -0.001145 
654.000000  655.000000  -0.001161 
655.000000  656.000000  -0.001177 
656.000000  657.000000  -0.001193 
657.000000  658.000000  -0.001209 
658.000000  659.000000  -0.001225 
659.000000  660.000000  -0.001240 
660.000000  661.000000  -0.001256 
661.000000  662.000000  -0.001272 
662.000000  663.000000  -0.001287 
663.000000  664.000000  -0.001303 
664.000000  665.000000  -0.001319 
665.000000  666.000000  -0.001334 
666.000000  667.000000  -0.001349 
667.000000  668.000000  -0.001365 
668.000000  669.000000  -0.001380 
669.000000  670.000000  -0.001396 
670.000000  671.000000  -0.001411 
671.000000  672.000000  -0.001426 
672.000000  673.000000  -0.001441 
673.000000  674.000000  -0.001456 
674.000000  675.000000  -0.001471 
675.000000  676.000000  -0.001486 
676.000000  677.000000  -0.001501 
677.000000  678.000000  -0.001516 
678.000000  679.000000  -0.001531 
679.000000  680.000000  -0.001546 
680.000000  681.000000  -0.001560 
681.000000  682.000000  -0.001575 
682.000000  683.000000  -0.001590 
683.000000  684.000000  -0.001604 
684.000000  685.000000  -0.001619 
685.000000  686.000000  -0.001633 
686.000000  687.000000  -0.001648 
687.000000  688.000000  -0.001662 
688.000000  689.000000  -0.001677 
689.000000  690.000000  -0.001691 
690.000000  691.000000  -0.001705 
691.000000  692.000000  -0.001719 
692.000000  693.000000  -0.001733 
693.000000  694.000000  -0.001747 
694.000000  695.000000  -0.001761 
695.000000  696.000000  -0.001775 
696.000000  697.000000  -0.001789 
697.000000  698.000000  -0.001803 
698.000000  699.000000  -0.001817 
699.000000  700.000000  -0.001831 
700.000000  701.000000  -0.001844 
701.000000  702.000000  -0.001858 
702.000000  703.000000  -0.001872 
703.000000  704.000000  -0.001885 
704.000000  705.000000  -0.001899 
705.000000  706.000000  -0.001912 
706.000000  707.000000  -0.001925 
707.000000  708.000000  -0.001939 
708.000000  709.000000  -0.001952 
709.000000  710.000000  -0.001965 
710.000000  711.000000  -0.001978 
711.000000  712.000000  -0.001991 
712.000000  713.000000  -0.002005 
713.000000  714.000000  -0.002018 
714.000000  715.000000  -0.002030 
715.000000  716.000000  -0.002043 
716.000000  717.000000  -0.002056 
717.000000  718.000000  -0.002069 
718.000000  719.000000  -0.002082 
719.000000  720.000000  -0.002094 
720.000000  721.000000  -0.002107 
721.000000  722.000000  -0.002120 
722.000000  723.000000  -0.002132 
723.000000  724.000000  -0.002145 
724.000000  725.000000  -0.002157 
725.000000  726.000000  -0.002170 
726.000000  727.000000  -0.002182 
727.000000  728.000000  -0.002194 
728.000000  729.000000  -0.002206 
729.000000  730.000000  -0.002219 
730.000000  731.000000  -0.002231 
731.000000  732.000000  -0.002243 
732.000000  733.000000  -0.002255 
733.000000  734.000000  -0.002267 
734.000000  735.000000  -0.002279 
735.000000  736.000000  -0.002291 
736.000000  737.000000  -0.002302 
737.000000  738.000000  -0.002314 
738.000000  739.000000  -0.002326 
739.000000  740.000000  -0.002337 
740.000000  741.000000  -0.002349 
741.000000  742.000000  -0.002361 
742.000000  743.000000  -0.002372 
743.000000  744.000000  -0.002384 
744.000000  745.000000  -0.002395 
745.000000  746.000000  -0.002406 
746.000000  747.000000  -0.002418 
747.000000  748.000000  -0.002429 
748.000000  749.000000  -0.002440 
749.000000  750.000000  -0.002451 
750.000000  751.000000  -0.002462 
751.000000  752.000000  -0.002473 
752.000000  753.000000  -0.002484 
753.000000  754.000000  -0.002495 
754.000000  755.000000  -0.002506 
755.000000  756.000000  -0.002517 
756.000000  757.000000  -0.002528 
757.000000  758.000000  -0.002539 
758.000000  759.000000  -0.002550 
759.000000  760.000000  -0.002560 
760.000000  761.000000  -0.002571 
761.000000  762.000000  -0.002581 
762.000000  763.000000  -0.002592 
763.000000  764.000000  -0.002602 
764.000000  765.000000  -0.002613 
765.000000  766.000000  -0.002623 
766.000000  767.000000  -0.002634 
767.000000  768.000000  -0.002644 
768.000000  769.000000  -0.002654 
769.000000  770.000000  -0.002664 
770.000000  771.000000  -0.002674 
771.000000  772.000000  -0.002684 
772.000000  773.000000  -0.002695 
773.000000  774.000000  -0.002705 
774.000000  775.000000  -0.002715 
775.000000  776.000000  -0.002724 
776.000000  777.000000  -0.002734 
777.000000  778.000000  -0.002744 
778.000000  779.000000  -0.002754 
779.000000  780.000000  -0.002764 
780.000000  781.000000  -0.002773 
781.000000  782.000000  -0.002783 
782.000000  783.000000  -0.002793 
783.000000  784.000000  -0.002802 
784.000000  785.000000  -0.002812 
785.000000  786.000000  -0.002821 
786.000000  787.000000  -0.002830 
787.000000  788.000000  -0.002840 
788.000000  789.000000  -0.002849 
789.000000  790.000000  -0.002858 
790.000000  791.000000  -0.002868 
791.000000  792.000000  -0.002877 
792.000000  793.000000  -0.002886 
793.000000  794.000000  -0.002895 
794.000000  795.000000  -0.002904 
795.000000  796.000000  -0.002913 
796.000000  797.000000  -0.002922 
797.000000  798.000000  -0.002931 
798.000000  799.000000  -0.002940 
799.000000  800.000000  -0.002949 
