17.000000  18.000000  0.004000 
18.000000  19.000000  0.004000 
19.000000  20.000000  0.004000 
20.000000  21.000000  0.004000 
21.000000  22.000000  0.004000 
22.000000  23.000000  0.004000 
23.000000  24.000000  0.004000 
24.000000  25.000000  0.004000 
25.000000  26.000000  0.004000 
26.000000  27.000000  0.004000 
27.000000  28.000000  0.004000 
28.000000  29.000000  0.004000 
29.000000  30.000000  0.003999 
30.000000  31.000000  0.003999 
31.000000  32.000000  0.003999 
32.000000  33.000000  0.003998 
33.000000  34.000000  0.003997 
34.000000  35.000000  0.003995 
35.000000  36.000000  0.003994 
36.000000  37.000000  0.003991 
37.000000  38.000000  0.003988 
38.000000  39.000000  0.003984 
39.000000  40.000000  0.003979 
40.000000  41.000000  0.003974 
41.000000  42.000000  0.003967 
42.000000  43.000000  0.003958 
43.000000  44.000000  0.003949 
44.000000  45.000000  0.003938 
45.000000  46.000000  0.003925 
46.000000  47.000000  0.003911 
47.000000  48.000000  0.003895 
48.000000  49.000000  0.003877 
49.000000  50.000000  0.003857 
50.000000  51.000000  0.003835 
51.000000  52.000000  0.003812 
52.000000  53.000000  0.003787 
53.000000  54.000000  0.003760 
54.000000  55.000000  0.003731 
55.000000  56.000000  0.003700 
56.000000  57.000000  0.003668 
57.000000  58.000000  0.003634 
58.000000  59.000000  0.003599 
59.000000  60.000000  0.003563 
60.000000  61.000000  0.003525 
61.000000  62.000000  0.003486 
62.000000  63.000000  0.003446 
63.000000  64.000000  0.003405 
64.000000  65.000000  0.003363 
65.000000  66.000000  0.003320 
66.000000  67.000000  0.003277 
67.000000  68.000000  0.003233 
68.000000  69.000000  0.003189 
69.000000  70.000000  0.003144 
70.000000  71.000000  0.003099 
71.000000  72.000000  0.003054 
72.000000  73.000000  0.003009 
73.000000  74.000000  0.002964 
74.000000  75.000000  0.002919 
75.000000  76.000000  0.002874 
76.000000  77.000000  0.002830 
77.000000  78.000000  0.002785 
78.000000  79.000000  0.002741 
79.000000  80.000000  0.002698 
80.000000  81.000000  0.002655 
81.000000  82.000000  0.002612 
82.000000  83.000000  0.002570 
83.000000  84.000000  0.002528 
84.000000  85.000000  0.002487 
85.000000  86.000000  0.002443 
86.000000  87.000000  0.002404 
87.000000  88.000000  0.002365 
88.000000  89.000000  0.002326 
89.000000  90.000000  0.002288 
90.000000  91.000000  0.002251 
91.000000  92.000000  0.002215 
92.000000  93.000000  0.002179 
93.000000  94.000000  0.002144 
94.000000  95.000000  0.002110 
95.000000  96.000000  0.002076 
96.000000  97.000000  0.002043 
97.000000  98.000000  0.002011 
98.000000  99.000000  0.001979 
99.000000  100.000000  0.001948 
100.000000  101.000000  0.001917 
101.000000  102.000000  0.001888 
102.000000  103.000000  0.001858 
103.000000  104.000000  0.001830 
104.000000  105.000000  0.001802 
105.000000  106.000000  0.001775 
106.000000  107.000000  0.001748 
107.000000  108.000000  0.001722 
108.000000  109.000000  0.001696 
109.000000  110.000000  0.001671 
110.000000  111.000000  0.001646 
111.000000  112.000000  0.001622 
112.000000  113.000000  0.001598 
113.000000  114.000000  0.001575 
114.000000  115.000000  0.001552 
115.000000  116.000000  0.001530 
116.000000  117.000000  0.001508 
117.000000  118.000000  0.001487 
118.000000  119.000000  0.001466 
119.000000  120.000000  0.001445 
120.000000  121.000000  0.001425 
121.000000  122.000000  0.001405 
122.000000  123.000000  0.001386 
123.000000  124.000000  0.001367 
124.000000  125.000000  0.001348 
125.000000  126.000000  0.001330 
126.000000  127.000000  0.001311 
127.000000  128.000000  0.001294 
128.000000  129.000000  0.001276 
129.000000  130.000000  0.001259 
130.000000  131.000000  0.001242 
131.000000  132.000000  0.001225 
132.000000  133.000000  0.001209 
133.000000  134.000000  0.001193 
134.000000  135.000000  0.001177 
135.000000  136.000000  0.001161 
136.000000  137.000000  0.001146 
137.000000  138.000000  0.001130 
138.000000  139.000000  0.001115 
139.000000  140.000000  0.001101 
140.000000  141.000000  0.001086 
141.000000  142.000000  0.001072 
142.000000  143.000000  0.001057 
143.000000  144.000000  0.001043 
144.000000  145.000000  0.001030 
145.000000  146.000000  0.001016 
146.000000  147.000000  0.001003 
147.000000  148.000000  0.000989 
148.000000  149.000000  0.000976 
149.000000  150.000000  0.000963 
150.000000  151.000000  0.000951 
151.000000  152.000000  0.000938 
152.000000  153.000000  0.000925 
153.000000  154.000000  0.000913 
154.000000  155.000000  0.000901 
155.000000  156.000000  0.000889 
156.000000  157.000000  0.000877 
157.000000  158.000000  0.000865 
158.000000  159.000000  0.000854 
159.000000  160.000000  0.000843 
160.000000  161.000000  0.000831 
161.000000  162.000000  0.000820 
162.000000  163.000000  0.000809 
163.000000  164.000000  0.000798 
164.000000  165.000000  0.000787 
165.000000  166.000000  0.000777 
166.000000  167.000000  0.000766 
167.000000  168.000000  0.000756 
168.000000  169.000000  0.000746 
169.000000  170.000000  0.000736 
170.000000  171.000000  0.000726 
171.000000  172.000000  0.000716 
172.000000  173.000000  0.000706 
173.000000  174.000000  0.000697 
174.000000  175.000000  0.000687 
175.000000  176.000000  0.000678 
176.000000  177.000000  0.000668 
177.000000  178.000000  0.000659 
178.000000  179.000000  0.000650 
179.000000  180.000000  0.000641 
180.000000  181.000000  0.000632 
181.000000  182.000000  0.000624 
182.000000  183.000000  0.000615 
183.000000  184.000000  0.000607 
184.000000  185.000000  0.000598 
185.000000  186.000000  0.000590 
186.000000  187.000000  0.000582 
187.000000  188.000000  0.000574 
188.000000  189.000000  0.000566 
189.000000  190.000000  0.000558 
190.000000  191.000000  0.000550 
191.000000  192.000000  0.000543 
192.000000  193.000000  0.000535 
193.000000  194.000000  0.000528 
194.000000  195.000000  0.000521 
195.000000  196.000000  0.000513 
196.000000  197.000000  0.000506 
197.000000  198.000000  0.000499 
198.000000  199.000000  0.000492 
199.000000  200.000000  0.000486 
200.000000  201.000000  0.000479 
201.000000  202.000000  0.000472 
202.000000  203.000000  0.000466 
203.000000  204.000000  0.000459 
204.000000  205.000000  0.000453 
205.000000  206.000000  0.000446 
206.000000  207.000000  0.000440 
207.000000  208.000000  0.000434 
208.000000  209.000000  0.000428 
209.000000  210.000000  0.000422 
210.000000  211.000000  0.000416 
211.000000  212.000000  0.000411 
212.000000  213.000000  0.000405 
213.000000  214.000000  0.000399 
214.000000  215.000000  0.000394 
215.000000  216.000000  0.000388 
216.000000  217.000000  0.000383 
217.000000  218.000000  0.000378 
218.000000  219.000000  0.000373 
219.000000  220.000000  0.000367 
220.000000  221.000000  0.000362 
221.000000  222.000000  0.000357 
222.000000  223.000000  0.000353 
223.000000  224.000000  0.000348 
224.000000  225.000000  0.000343 
225.000000  226.000000  0.000338 
226.000000  227.000000  0.000334 
227.000000  228.000000  0.000329 
228.000000  229.000000  0.000325 
229.000000  230.000000  0.000320 
230.000000  231.000000  0.000316 
231.000000  232.000000  0.000312 
232.000000  233.000000  0.000307 
233.000000  234.000000  0.000303 
234.000000  235.000000  0.000299 
235.000000  236.000000  0.000295 
236.000000  237.000000  0.000291 
237.000000  238.000000  0.000287 
238.000000  239.000000  0.000283 
239.000000  240.000000  0.000279 
240.000000  241.000000  0.000276 
241.000000  242.000000  0.000272 
242.000000  243.000000  0.000268 
243.000000  244.000000  0.000265 
244.000000  245.000000  0.000261 
245.000000  246.000000  0.000258 
246.000000  247.000000  0.000254 
247.000000  248.000000  0.000251 
248.000000  249.000000  0.000248 
249.000000  250.000000  0.000244 
250.000000  251.000000  0.000241 
251.000000  252.000000  0.000238 
252.000000  253.000000  0.000235 
253.000000  254.000000  0.000232 
254.000000  255.000000  0.000229 
255.000000  256.000000  0.000226 
256.000000  257.000000  0.000223 
257.000000  258.000000  0.000220 
258.000000  259.000000  0.000217 
259.000000  260.000000  0.000214 
260.000000  261.000000  0.000212 
261.000000  262.000000  0.000209 
262.000000  263.000000  0.000206 
263.000000  264.000000  0.000204 
264.000000  265.000000  0.000201 
265.000000  266.000000  0.000198 
266.000000  267.000000  0.000196 
267.000000  268.000000  0.000193 
268.000000  269.000000  0.000191 
269.000000  270.000000  0.000189 
270.000000  271.000000  0.000186 
271.000000  272.000000  0.000184 
272.000000  273.000000  0.000182 
273.000000  274.000000  0.000179 
274.000000  275.000000  0.000177 
275.000000  276.000000  0.000175 
276.000000  277.000000  0.000173 
277.000000  278.000000  0.000171 
278.000000  279.000000  0.000168 
279.000000  280.000000  0.000166 
280.000000  281.000000  0.000164 
281.000000  282.000000  0.000162 
282.000000  283.000000  0.000160 
283.000000  284.000000  0.000158 
284.000000  285.000000  0.000156 
285.000000  286.000000  0.000155 
286.000000  287.000000  0.000153 
287.000000  288.000000  0.000151 
288.000000  289.000000  0.000149 
289.000000  290.000000  0.000147 
290.000000  291.000000  0.000145 
291.000000  292.000000  0.000144 
292.000000  293.000000  0.000142 
293.000000  294.000000  0.000140 
294.000000  295.000000  0.000139 
295.000000  296.000000  0.000137 
296.000000  297.000000  0.000135 
297.000000  298.000000  0.000134 
298.000000  299.000000  0.000132 
299.000000  300.000000  0.000131 
300.000000  301.000000  0.000129 
301.000000  302.000000  0.000128 
302.000000  303.000000  0.000126 
303.000000  304.000000  0.000125 
304.000000  305.000000  0.000123 
305.000000  306.000000  0.000122 
306.000000  307.000000  0.000120 
307.000000  308.000000  0.000119 
308.000000  309.000000  0.000118 
309.000000  310.000000  0.000116 
310.000000  311.000000  0.000115 
311.000000  312.000000  0.000114 
312.000000  313.000000  0.000113 
313.000000  314.000000  0.000111 
314.000000  315.000000  0.000110 
315.000000  316.000000  0.000109 
316.000000  317.000000  0.000108 
317.000000  318.000000  0.000106 
318.000000  319.000000  0.000105 
319.000000  320.000000  0.000104 
320.000000  321.000000  0.000103 
321.000000  322.000000  0.000102 
322.000000  323.000000  0.000101 
323.000000  324.000000  0.000100 
324.000000  325.000000  0.000098 
325.000000  326.000000  0.000097 
326.000000  327.000000  0.000096 
327.000000  328.000000  0.000095 
328.000000  329.000000  0.000094 
329.000000  330.000000  0.000093 
330.000000  331.000000  0.000092 
331.000000  332.000000  0.000091 
332.000000  333.000000  0.000090 
333.000000  334.000000  0.000089 
334.000000  335.000000  0.000088 
335.000000  336.000000  0.000088 
336.000000  337.000000  0.000087 
337.000000  338.000000  0.000086 
338.000000  339.000000  0.000085 
339.000000  340.000000  0.000084 
340.000000  341.000000  0.000083 
341.000000  342.000000  0.000082 
342.000000  343.000000  0.000081 
343.000000  344.000000  0.000081 
344.000000  345.000000  0.000080 
345.000000  346.000000  0.000079 
346.000000  347.000000  0.000078 
347.000000  348.000000  0.000077 
348.000000  349.000000  0.000077 
349.000000  350.000000  0.000076 
350.000000  351.000000  0.000075 
351.000000  352.000000  0.000074 
352.000000  353.000000  0.000073 
353.000000  354.000000  0.000073 
354.000000  355.000000  0.000072 
355.000000  356.000000  0.000071 
356.000000  357.000000  0.000071 
357.000000  358.000000  0.000070 
358.000000  359.000000  0.000069 
359.000000  360.000000  0.000069 
360.000000  361.000000  0.000068 
361.000000  362.000000  0.000067 
362.000000  363.000000  0.000067 
363.000000  364.000000  0.000066 
364.000000  365.000000  0.000065 
365.000000  366.000000  0.000065 
366.000000  367.000000  0.000064 
367.000000  368.000000  0.000063 
368.000000  369.000000  0.000063 
369.000000  370.000000  0.000062 
370.000000  371.000000  0.000062 
371.000000  372.000000  0.000061 
372.000000  373.000000  0.000061 
373.000000  374.000000  0.000060 
374.000000  375.000000  0.000059 
375.000000  376.000000  0.000059 
376.000000  377.000000  0.000058 
377.000000  378.000000  0.000058 
378.000000  379.000000  0.000057 
379.000000  380.000000  0.000057 
380.000000  381.000000  0.000056 
381.000000  382.000000  0.000056 
382.000000  383.000000  0.000055 
383.000000  384.000000  0.000055 
384.000000  385.000000  0.000054 
385.000000  386.000000  0.000054 
386.000000  387.000000  0.000053 
387.000000  388.000000  0.000053 
388.000000  389.000000  0.000052 
389.000000  390.000000  0.000052 
390.000000  391.000000  0.000051 
391.000000  392.000000  0.000051 
392.000000  393.000000  0.000050 
393.000000  394.000000  0.000050 
394.000000  395.000000  0.000050 
395.000000  396.000000  0.000049 
396.000000  397.000000  0.000049 
397.000000  398.000000  0.000048 
398.000000  399.000000  0.000048 
399.000000  400.000000  0.000047 
400.000000  401.000000  0.000047 
401.000000  402.000000  0.000047 
402.000000  403.000000  0.000046 
403.000000  404.000000  0.000046 
404.000000  405.000000  0.000045 
405.000000  406.000000  0.000045 
406.000000  407.000000  0.000045 
407.000000  408.000000  0.000044 
408.000000  409.000000  0.000044 
409.000000  410.000000  0.000044 
410.000000  411.000000  0.000043 
411.000000  412.000000  0.000043 
412.000000  413.000000  0.000043 
413.000000  414.000000  0.000042 
414.000000  415.000000  0.000042 
415.000000  416.000000  0.000041 
416.000000  417.000000  0.000041 
417.000000  418.000000  0.000041 
418.000000  419.000000  0.000040 
419.000000  420.000000  0.000040 
420.000000  421.000000  0.000040 
421.000000  422.000000  0.000039 
422.000000  423.000000  0.000039 
423.000000  424.000000  0.000039 
424.000000  425.000000  0.000039 
425.000000  426.000000  0.000038 
426.000000  427.000000  0.000038 
427.000000  428.000000  0.000038 
428.000000  429.000000  0.000037 
429.000000  430.000000  0.000037 
430.000000  431.000000  0.000037 
431.000000  432.000000  0.000036 
432.000000  433.000000  0.000036 
433.000000  434.000000  0.000036 
434.000000  435.000000  0.000036 
435.000000  436.000000  0.000035 
436.000000  437.000000  0.000035 
437.000000  438.000000  0.000035 
438.000000  439.000000  0.000035 
439.000000  440.000000  0.000034 
440.000000  441.000000  0.000034 
441.000000  442.000000  0.000034 
442.000000  443.000000  0.000034 
443.000000  444.000000  0.000033 
444.000000  445.000000  0.000033 
445.000000  446.000000  0.000033 
446.000000  447.000000  0.000033 
447.000000  448.000000  0.000032 
448.000000  449.000000  0.000032 
449.000000  450.000000  0.000032 
450.000000  451.000000  0.000032 
451.000000  452.000000  0.000031 
452.000000  453.000000  0.000031 
453.000000  454.000000  0.000031 
454.000000  455.000000  0.000031 
455.000000  456.000000  0.000031 
456.000000  457.000000  0.000030 
457.000000  458.000000  0.000030 
458.000000  459.000000  0.000030 
459.000000  460.000000  0.000030 
460.000000  461.000000  0.000029 
461.000000  462.000000  0.000029 
462.000000  463.000000  0.000029 
463.000000  464.000000  0.000029 
464.000000  465.000000  0.000029 
465.000000  466.000000  0.000028 
466.000000  467.000000  0.000028 
467.000000  468.000000  0.000028 
468.000000  469.000000  0.000028 
469.000000  470.000000  0.000028 
470.000000  471.000000  0.000028 
471.000000  472.000000  0.000027 
472.000000  473.000000  0.000027 
473.000000  474.000000  0.000027 
474.000000  475.000000  0.000027 
475.000000  476.000000  0.000027 
476.000000  477.000000  0.000026 
477.000000  478.000000  0.000026 
478.000000  479.000000  0.000026 
479.000000  480.000000  0.000026 
480.000000  481.000000  0.000026 
481.000000  482.000000  0.000026 
482.000000  483.000000  0.000025 
483.000000  484.000000  0.000025 
484.000000  485.000000  0.000025 
485.000000  486.000000  0.000025 
486.000000  487.000000  0.000025 
487.000000  488.000000  0.000025 
488.000000  489.000000  0.000025 
489.000000  490.000000  0.000024 
490.000000  491.000000  0.000024 
491.000000  492.000000  0.000024 
492.000000  493.000000  0.000024 
493.000000  494.000000  0.000024 
494.000000  495.000000  0.000024 
495.000000  496.000000  0.000023 
496.000000  497.000000  0.000023 
497.000000  498.000000  0.000023 
498.000000  499.000000  0.000023 
499.000000  500.000000  0.000023 
500.000000  501.000000  0.000023 
501.000000  502.000000  0.000023 
502.000000  503.000000  0.000023 
503.000000  504.000000  0.000022 
504.000000  505.000000  0.000022 
505.000000  506.000000  0.000022 
506.000000  507.000000  0.000022 
507.000000  508.000000  0.000022 
508.000000  509.000000  0.000022 
509.000000  510.000000  0.000022 
510.000000  511.000000  0.000022 
511.000000  512.000000  0.000021 
512.000000  513.000000  0.000021 
513.000000  514.000000  0.000021 
514.000000  515.000000  0.000021 
515.000000  516.000000  0.000021 
516.000000  517.000000  0.000021 
517.000000  518.000000  0.000021 
518.000000  519.000000  0.000021 
519.000000  520.000000  0.000021 
520.000000  521.000000  0.000020 
521.000000  522.000000  0.000020 
522.000000  523.000000  0.000020 
523.000000  524.000000  0.000020 
524.000000  525.000000  0.000020 
525.000000  526.000000  0.000020 
526.000000  527.000000  0.000020 
527.000000  528.000000  0.000020 
528.000000  529.000000  0.000020 
529.000000  530.000000  0.000019 
530.000000  531.000000  0.000019 
531.000000  532.000000  0.000019 
532.000000  533.000000  0.000019 
533.000000  534.000000  0.000019 
534.000000  535.000000  0.000019 
535.000000  536.000000  0.000019 
536.000000  537.000000  0.000019 
537.000000  538.000000  0.000019 
538.000000  539.000000  0.000019 
539.000000  540.000000  0.000019 
540.000000  541.000000  0.000018 
541.000000  542.000000  0.000018 
542.000000  543.000000  0.000018 
543.000000  544.000000  0.000018 
544.000000  545.000000  0.000018 
545.000000  546.000000  0.000018 
546.000000  547.000000  0.000018 
547.000000  548.000000  0.000018 
548.000000  549.000000  0.000018 
549.000000  550.000000  0.000018 
550.000000  551.000000  0.000018 
551.000000  552.000000  0.000018 
552.000000  553.000000  0.000017 
553.000000  554.000000  0.000017 
554.000000  555.000000  0.000017 
555.000000  556.000000  0.000017 
556.000000  557.000000  0.000017 
557.000000  558.000000  0.000017 
558.000000  559.000000  0.000017 
559.000000  560.000000  0.000017 
560.000000  561.000000  0.000017 
561.000000  562.000000  0.000017 
562.000000  563.000000  0.000017 
563.000000  564.000000  0.000017 
564.000000  565.000000  0.000017 
565.000000  566.000000  0.000017 
566.000000  567.000000  0.000016 
567.000000  568.000000  0.000016 
568.000000  569.000000  0.000016 
569.000000  570.000000  0.000016 
570.000000  571.000000  0.000016 
571.000000  572.000000  0.000016 
572.000000  573.000000  0.000016 
573.000000  574.000000  0.000016 
574.000000  575.000000  0.000016 
575.000000  576.000000  0.000016 
576.000000  577.000000  0.000016 
577.000000  578.000000  0.000016 
578.000000  579.000000  0.000016 
579.000000  580.000000  0.000016 
580.000000  581.000000  0.000016 
581.000000  582.000000  0.000016 
582.000000  583.000000  0.000016 
583.000000  584.000000  0.000015 
584.000000  585.000000  0.000015 
585.000000  586.000000  0.000015 
586.000000  587.000000  0.000015 
587.000000  588.000000  0.000015 
588.000000  589.000000  0.000015 
589.000000  590.000000  0.000015 
590.000000  591.000000  0.000015 
591.000000  592.000000  0.000015 
592.000000  593.000000  0.000015 
593.000000  594.000000  0.000015 
594.000000  595.000000  0.000015 
595.000000  596.000000  0.000015 
596.000000  597.000000  0.000015 
597.000000  598.000000  0.000015 
598.000000  599.000000  0.000015 
599.000000  600.000000  0.000015 
600.000000  601.000000  0.000015 
601.000000  602.000000  0.000015 
602.000000  603.000000  0.000015 
603.000000  604.000000  0.000014 
604.000000  605.000000  0.000014 
605.000000  606.000000  0.000014 
606.000000  607.000000  0.000014 
607.000000  608.000000  0.000014 
608.000000  609.000000  0.000014 
609.000000  610.000000  0.000014 
610.000000  611.000000  0.000014 
611.000000  612.000000  0.000014 
612.000000  613.000000  0.000014 
613.000000  614.000000  0.000014 
614.000000  615.000000  0.000014 
615.000000  616.000000  0.000014 
616.000000  617.000000  0.000014 
617.000000  618.000000  0.000014 
618.000000  619.000000  0.000014 
619.000000  620.000000  0.000014 
620.000000  621.000000  0.000014 
621.000000  622.000000  0.000014 
622.000000  623.000000  0.000014 
623.000000  624.000000  0.000014 
624.000000  625.000000  0.000014 
625.000000  626.000000  0.000014 
626.000000  627.000000  0.000014 
627.000000  628.000000  0.000014 
628.000000  629.000000  0.000014 
629.000000  630.000000  0.000014 
630.000000  631.000000  0.000013 
631.000000  632.000000  0.000013 
632.000000  633.000000  0.000013 
633.000000  634.000000  0.000013 
634.000000  635.000000  0.000013 
635.000000  636.000000  0.000013 
636.000000  637.000000  0.000013 
637.000000  638.000000  0.000013 
638.000000  639.000000  0.000013 
639.000000  640.000000  0.000013 
640.000000  641.000000  0.000013 
641.000000  642.000000  0.000013 
642.000000  643.000000  0.000013 
643.000000  644.000000  0.000013 
644.000000  645.000000  0.000013 
645.000000  646.000000  0.000013 
646.000000  647.000000  0.000013 
647.000000  648.000000  0.000013 
648.000000  649.000000  0.000013 
649.000000  650.000000  0.000013 
650.000000  651.000000  0.000013 
651.000000  652.000000  0.000013 
652.000000  653.000000  0.000013 
653.000000  654.000000  0.000013 
654.000000  655.000000  0.000013 
655.000000  656.000000  0.000013 
656.000000  657.000000  0.000013 
657.000000  658.000000  0.000013 
658.000000  659.000000  0.000013 
659.000000  660.000000  0.000013 
660.000000  661.000000  0.000013 
661.000000  662.000000  0.000013 
662.000000  663.000000  0.000013 
663.000000  664.000000  0.000013 
664.000000  665.000000  0.000013 
665.000000  666.000000  0.000013 
666.000000  667.000000  0.000013 
667.000000  668.000000  0.000013 
668.000000  669.000000  0.000012 
669.000000  670.000000  0.000012 
670.000000  671.000000  0.000012 
671.000000  672.000000  0.000012 
672.000000  673.000000  0.000012 
673.000000  674.000000  0.000012 
674.000000  675.000000  0.000012 
675.000000  676.000000  0.000012 
676.000000  677.000000  0.000012 
677.000000  678.000000  0.000012 
678.000000  679.000000  0.000012 
679.000000  680.000000  0.000012 
680.000000  681.000000  0.000012 
681.000000  682.000000  0.000012 
682.000000  683.000000  0.000012 
683.000000  684.000000  0.000012 
684.000000  685.000000  0.000012 
685.000000  686.000000  0.000012 
686.000000  687.000000  0.000012 
687.000000  688.000000  0.000012 
688.000000  689.000000  0.000012 
689.000000  690.000000  0.000012 
690.000000  691.000000  0.000012 
691.000000  692.000000  0.000012 
692.000000  693.000000  0.000012 
693.000000  694.000000  0.000012 
694.000000  695.000000  0.000012 
695.000000  696.000000  0.000012 
696.000000  697.000000  0.000012 
697.000000  698.000000  0.000012 
698.000000  699.000000  0.000012 
699.000000  700.000000  0.000012 
700.000000  701.000000  0.000012 
701.000000  702.000000  0.000012 
702.000000  703.000000  0.000012 
703.000000  704.000000  0.000012 
704.000000  705.000000  0.000012 
705.000000  706.000000  0.000012 
706.000000  707.000000  0.000012 
707.000000  708.000000  0.000012 
708.000000  709.000000  0.000012 
709.000000  710.000000  0.000012 
710.000000  711.000000  0.000012 
711.000000  712.000000  0.000012 
712.000000  713.000000  0.000012 
713.000000  714.000000  0.000012 
714.000000  715.000000  0.000012 
715.000000  716.000000  0.000012 
716.000000  717.000000  0.000012 
717.000000  718.000000  0.000012 
718.000000  719.000000  0.000012 
719.000000  720.000000  0.000012 
720.000000  721.000000  0.000012 
721.000000  722.000000  0.000012 
722.000000  723.000000  0.000012 
723.000000  724.000000  0.000012 
724.000000  725.000000  0.000012 
725.000000  726.000000  0.000012 
726.000000  727.000000  0.000012 
727.000000  728.000000  0.000012 
728.000000  729.000000  0.000012 
729.000000  730.000000  0.000012 
730.000000  731.000000  0.000012 
731.000000  732.000000  0.000012 
732.000000  733.000000  0.000012 
733.000000  734.000000  0.000012 
734.000000  735.000000  0.000012 
735.000000  736.000000  0.000012 
736.000000  737.000000  0.000012 
737.000000  738.000000  0.000012 
738.000000  739.000000  0.000012 
739.000000  740.000000  0.000012 
740.000000  741.000000  0.000012 
741.000000  742.000000  0.000012 
742.000000  743.000000  0.000012 
743.000000  744.000000  0.000012 
744.000000  745.000000  0.000012 
745.000000  746.000000  0.000012 
746.000000  747.000000  0.000012 
747.000000  748.000000  0.000012 
748.000000  749.000000  0.000012 
749.000000  750.000000  0.000012 
750.000000  751.000000  0.000012 
751.000000  752.000000  0.000012 
752.000000  753.000000  0.000012 
753.000000  754.000000  0.000012 
754.000000  755.000000  0.000012 
755.000000  756.000000  0.000012 
756.000000  757.000000  0.000012 
757.000000  758.000000  0.000012 
758.000000  759.000000  0.000012 
759.000000  760.000000  0.000012 
760.000000  761.000000  0.000012 
761.000000  762.000000  0.000012 
762.000000  763.000000  0.000012 
763.000000  764.000000  0.000012 
764.000000  765.000000  0.000012 
765.000000  766.000000  0.000012 
766.000000  767.000000  0.000012 
767.000000  768.000000  0.000012 
768.000000  769.000000  0.000012 
769.000000  770.000000  0.000012 
770.000000  771.000000  0.000012 
771.000000  772.000000  0.000012 
772.000000  773.000000  0.000012 
773.000000  774.000000  0.000012 
774.000000  775.000000  0.000012 
775.000000  776.000000  0.000012 
776.000000  777.000000  0.000012 
777.000000  778.000000  0.000012 
778.000000  779.000000  0.000012 
779.000000  780.000000  0.000012 
780.000000  781.000000  0.000012 
781.000000  782.000000  0.000012 
782.000000  783.000000  0.000012 
783.000000  784.000000  0.000012 
784.000000  785.000000  0.000012 
785.000000  786.000000  0.000012 
786.000000  787.000000  0.000012 
787.000000  788.000000  0.000012 
788.000000  789.000000  0.000012 
789.000000  790.000000  0.000012 
790.000000  791.000000  0.000012 
791.000000  792.000000  0.000012 
792.000000  793.000000  0.000012 
793.000000  794.000000  0.000012 
794.000000  795.000000  0.000012 
795.000000  796.000000  0.000012 
796.000000  797.000000  0.000012 
797.000000  798.000000  0.000012 
798.000000  799.000000  0.000012 
799.000000  800.000000  0.000012 
