17.000000  18.000000  0.041647 
18.000000  19.000000  0.040947 
19.000000  20.000000  0.040196 
20.000000  21.000000  0.039403 
21.000000  22.000000  0.038573 
22.000000  23.000000  0.037715 
23.000000  24.000000  0.036836 
24.000000  25.000000  0.035943 
25.000000  26.000000  0.035043 
26.000000  27.000000  0.034142 
27.000000  28.000000  0.033248 
28.000000  29.000000  0.032377 
29.000000  30.000000  0.031511 
30.000000  31.000000  0.030655 
31.000000  32.000000  0.029811 
32.000000  33.000000  0.028979 
33.000000  34.000000  0.028129 
34.000000  35.000000  0.027306 
35.000000  36.000000  0.026516 
36.000000  37.000000  0.025758 
37.000000  38.000000  0.025033 
38.000000  39.000000  0.024339 
39.000000  40.000000  0.023674 
40.000000  41.000000  0.023058 
41.000000  42.000000  0.022488 
42.000000  43.000000  0.021942 
43.000000  44.000000  0.021418 
44.000000  45.000000  0.020915 
45.000000  46.000000  0.020432 
46.000000  47.000000  0.019966 
47.000000  48.000000  0.019516 
48.000000  49.000000  0.019082 
49.000000  50.000000  0.018662 
50.000000  51.000000  0.018254 
51.000000  52.000000  0.017858 
52.000000  53.000000  0.017472 
53.000000  54.000000  0.017090 
54.000000  55.000000  0.016716 
55.000000  56.000000  0.016351 
56.000000  57.000000  0.015993 
57.000000  58.000000  0.015643 
58.000000  59.000000  0.015300 
59.000000  60.000000  0.014964 
60.000000  61.000000  0.014634 
61.000000  62.000000  0.014310 
62.000000  63.000000  0.013993 
63.000000  64.000000  0.013681 
64.000000  65.000000  0.013376 
65.000000  66.000000  0.013076 
66.000000  67.000000  0.012782 
67.000000  68.000000  0.012493 
68.000000  69.000000  0.012210 
69.000000  70.000000  0.011933 
70.000000  71.000000  0.011661 
71.000000  72.000000  0.011394 
72.000000  73.000000  0.011133 
73.000000  74.000000  0.010878 
74.000000  75.000000  0.010628 
75.000000  76.000000  0.010384 
76.000000  77.000000  0.010144 
77.000000  78.000000  0.009911 
78.000000  79.000000  0.009683 
79.000000  80.000000  0.009460 
80.000000  81.000000  0.009242 
81.000000  82.000000  0.009030 
82.000000  83.000000  0.008823 
83.000000  84.000000  0.008621 
84.000000  85.000000  0.008424 
85.000000  86.000000  0.008223 
86.000000  87.000000  0.008037 
87.000000  88.000000  0.007855 
88.000000  89.000000  0.007678 
89.000000  90.000000  0.007506 
90.000000  91.000000  0.007338 
91.000000  92.000000  0.007175 
92.000000  93.000000  0.007016 
93.000000  94.000000  0.006861 
94.000000  95.000000  0.006711 
95.000000  96.000000  0.006565 
96.000000  97.000000  0.006422 
97.000000  98.000000  0.006284 
98.000000  99.000000  0.006150 
99.000000  100.000000  0.006019 
100.000000  101.000000  0.005892 
101.000000  102.000000  0.005768 
102.000000  103.000000  0.005648 
103.000000  104.000000  0.005531 
104.000000  105.000000  0.005417 
105.000000  106.000000  0.005307 
106.000000  107.000000  0.005199 
107.000000  108.000000  0.005095 
108.000000  109.000000  0.004993 
109.000000  110.000000  0.004894 
110.000000  111.000000  0.004798 
111.000000  112.000000  0.004704 
112.000000  113.000000  0.004613 
113.000000  114.000000  0.004524 
114.000000  115.000000  0.004438 
115.000000  116.000000  0.004354 
116.000000  117.000000  0.004272 
117.000000  118.000000  0.004193 
118.000000  119.000000  0.004115 
119.000000  120.000000  0.004039 
120.000000  121.000000  0.003966 
121.000000  122.000000  0.003894 
122.000000  123.000000  0.003824 
123.000000  124.000000  0.003756 
124.000000  125.000000  0.003689 
125.000000  126.000000  0.003624 
126.000000  127.000000  0.003561 
127.000000  128.000000  0.003499 
128.000000  129.000000  0.003438 
129.000000  130.000000  0.003379 
130.000000  131.000000  0.003322 
131.000000  132.000000  0.003265 
132.000000  133.000000  0.003210 
133.000000  134.000000  0.003156 
134.000000  135.000000  0.003104 
135.000000  136.000000  0.003052 
136.000000  137.000000  0.003002 
137.000000  138.000000  0.002952 
138.000000  139.000000  0.002904 
139.000000  140.000000  0.002857 
140.000000  141.000000  0.002811 
141.000000  142.000000  0.002765 
142.000000  143.000000  0.002721 
143.000000  144.000000  0.002677 
144.000000  145.000000  0.002635 
145.000000  146.000000  0.002593 
146.000000  147.000000  0.002552 
147.000000  148.000000  0.002512 
148.000000  149.000000  0.002472 
149.000000  150.000000  0.002434 
150.000000  151.000000  0.002396 
151.000000  152.000000  0.002358 
152.000000  153.000000  0.002322 
153.000000  154.000000  0.002286 
154.000000  155.000000  0.002250 
155.000000  156.000000  0.002216 
156.000000  157.000000  0.002182 
157.000000  158.000000  0.002148 
158.000000  159.000000  0.002116 
159.000000  160.000000  0.002083 
160.000000  161.000000  0.002052 
161.000000  162.000000  0.002020 
162.000000  163.000000  0.001990 
163.000000  164.000000  0.001960 
164.000000  165.000000  0.001930 
165.000000  166.000000  0.001901 
166.000000  167.000000  0.001873 
167.000000  168.000000  0.001844 
168.000000  169.000000  0.001817 
169.000000  170.000000  0.001790 
170.000000  171.000000  0.001763 
171.000000  172.000000  0.001736 
172.000000  173.000000  0.001711 
173.000000  174.000000  0.001685 
174.000000  175.000000  0.001660 
175.000000  176.000000  0.001635 
176.000000  177.000000  0.001611 
177.000000  178.000000  0.001587 
178.000000  179.000000  0.001564 
179.000000  180.000000  0.001541 
180.000000  181.000000  0.001518 
181.000000  182.000000  0.001496 
182.000000  183.000000  0.001474 
183.000000  184.000000  0.001452 
184.000000  185.000000  0.001431 
185.000000  186.000000  0.001410 
186.000000  187.000000  0.001389 
187.000000  188.000000  0.001369 
188.000000  189.000000  0.001349 
189.000000  190.000000  0.001329 
190.000000  191.000000  0.001310 
191.000000  192.000000  0.001291 
192.000000  193.000000  0.001272 
193.000000  194.000000  0.001254 
194.000000  195.000000  0.001236 
195.000000  196.000000  0.001218 
196.000000  197.000000  0.001200 
197.000000  198.000000  0.001183 
198.000000  199.000000  0.001166 
199.000000  200.000000  0.001149 
200.000000  201.000000  0.001133 
201.000000  202.000000  0.001117 
202.000000  203.000000  0.001101 
203.000000  204.000000  0.001085 
204.000000  205.000000  0.001069 
205.000000  206.000000  0.001054 
206.000000  207.000000  0.001039 
207.000000  208.000000  0.001024 
208.000000  209.000000  0.001010 
209.000000  210.000000  0.000996 
210.000000  211.000000  0.000982 
211.000000  212.000000  0.000968 
212.000000  213.000000  0.000954 
213.000000  214.000000  0.000941 
214.000000  215.000000  0.000928 
215.000000  216.000000  0.000915 
216.000000  217.000000  0.000902 
217.000000  218.000000  0.000889 
218.000000  219.000000  0.000877 
219.000000  220.000000  0.000865 
220.000000  221.000000  0.000853 
221.000000  222.000000  0.000841 
222.000000  223.000000  0.000829 
223.000000  224.000000  0.000818 
224.000000  225.000000  0.000807 
225.000000  226.000000  0.000796 
226.000000  227.000000  0.000785 
227.000000  228.000000  0.000774 
228.000000  229.000000  0.000763 
229.000000  230.000000  0.000753 
230.000000  231.000000  0.000743 
231.000000  232.000000  0.000733 
232.000000  233.000000  0.000723 
233.000000  234.000000  0.000713 
234.000000  235.000000  0.000704 
235.000000  236.000000  0.000694 
236.000000  237.000000  0.000685 
237.000000  238.000000  0.000676 
238.000000  239.000000  0.000667 
239.000000  240.000000  0.000658 
240.000000  241.000000  0.000649 
241.000000  242.000000  0.000641 
242.000000  243.000000  0.000632 
243.000000  244.000000  0.000624 
244.000000  245.000000  0.000616 
245.000000  246.000000  0.000608 
246.000000  247.000000  0.000600 
247.000000  248.000000  0.000592 
248.000000  249.000000  0.000584 
249.000000  250.000000  0.000577 
250.000000  251.000000  0.000569 
251.000000  252.000000  0.000562 
252.000000  253.000000  0.000555 
253.000000  254.000000  0.000547 
254.000000  255.000000  0.000540 
255.000000  256.000000  0.000534 
256.000000  257.000000  0.000527 
257.000000  258.000000  0.000520 
258.000000  259.000000  0.000513 
259.000000  260.000000  0.000507 
260.000000  261.000000  0.000501 
261.000000  262.000000  0.000494 
262.000000  263.000000  0.000488 
263.000000  264.000000  0.000482 
264.000000  265.000000  0.000476 
265.000000  266.000000  0.000470 
266.000000  267.000000  0.000464 
267.000000  268.000000  0.000459 
268.000000  269.000000  0.000453 
269.000000  270.000000  0.000447 
270.000000  271.000000  0.000442 
271.000000  272.000000  0.000437 
272.000000  273.000000  0.000431 
273.000000  274.000000  0.000426 
274.000000  275.000000  0.000421 
275.000000  276.000000  0.000416 
276.000000  277.000000  0.000411 
277.000000  278.000000  0.000406 
278.000000  279.000000  0.000401 
279.000000  280.000000  0.000396 
280.000000  281.000000  0.000392 
281.000000  282.000000  0.000387 
282.000000  283.000000  0.000382 
283.000000  284.000000  0.000378 
284.000000  285.000000  0.000374 
285.000000  286.000000  0.000369 
286.000000  287.000000  0.000365 
287.000000  288.000000  0.000361 
288.000000  289.000000  0.000356 
289.000000  290.000000  0.000352 
290.000000  291.000000  0.000348 
291.000000  292.000000  0.000344 
292.000000  293.000000  0.000340 
293.000000  294.000000  0.000337 
294.000000  295.000000  0.000333 
295.000000  296.000000  0.000329 
296.000000  297.000000  0.000325 
297.000000  298.000000  0.000322 
298.000000  299.000000  0.000318 
299.000000  300.000000  0.000314 
300.000000  301.000000  0.000311 
301.000000  302.000000  0.000307 
302.000000  303.000000  0.000304 
303.000000  304.000000  0.000301 
304.000000  305.000000  0.000297 
305.000000  306.000000  0.000294 
306.000000  307.000000  0.000291 
307.000000  308.000000  0.000288 
308.000000  309.000000  0.000285 
309.000000  310.000000  0.000282 
310.000000  311.000000  0.000279 
311.000000  312.000000  0.000276 
312.000000  313.000000  0.000273 
313.000000  314.000000  0.000270 
314.000000  315.000000  0.000267 
315.000000  316.000000  0.000264 
316.000000  317.000000  0.000261 
317.000000  318.000000  0.000258 
318.000000  319.000000  0.000256 
319.000000  320.000000  0.000253 
320.000000  321.000000  0.000250 
321.000000  322.000000  0.000248 
322.000000  323.000000  0.000245 
323.000000  324.000000  0.000243 
324.000000  325.000000  0.000240 
325.000000  326.000000  0.000238 
326.000000  327.000000  0.000235 
327.000000  328.000000  0.000233 
328.000000  329.000000  0.000231 
329.000000  330.000000  0.000228 
330.000000  331.000000  0.000226 
331.000000  332.000000  0.000224 
332.000000  333.000000  0.000221 
333.000000  334.000000  0.000219 
334.000000  335.000000  0.000217 
335.000000  336.000000  0.000215 
336.000000  337.000000  0.000213 
337.000000  338.000000  0.000211 
338.000000  339.000000  0.000209 
339.000000  340.000000  0.000207 
340.000000  341.000000  0.000205 
341.000000  342.000000  0.000203 
342.000000  343.000000  0.000201 
343.000000  344.000000  0.000199 
344.000000  345.000000  0.000197 
345.000000  346.000000  0.000195 
346.000000  347.000000  0.000193 
347.000000  348.000000  0.000191 
348.000000  349.000000  0.000189 
349.000000  350.000000  0.000188 
350.000000  351.000000  0.000186 
351.000000  352.000000  0.000184 
352.000000  353.000000  0.000182 
353.000000  354.000000  0.000181 
354.000000  355.000000  0.000179 
355.000000  356.000000  0.000177 
356.000000  357.000000  0.000176 
357.000000  358.000000  0.000174 
358.000000  359.000000  0.000172 
359.000000  360.000000  0.000171 
360.000000  361.000000  0.000169 
361.000000  362.000000  0.000168 
362.000000  363.000000  0.000166 
363.000000  364.000000  0.000165 
364.000000  365.000000  0.000163 
365.000000  366.000000  0.000162 
366.000000  367.000000  0.000160 
367.000000  368.000000  0.000159 
368.000000  369.000000  0.000158 
369.000000  370.000000  0.000156 
370.000000  371.000000  0.000155 
371.000000  372.000000  0.000153 
372.000000  373.000000  0.000152 
373.000000  374.000000  0.000151 
374.000000  375.000000  0.000149 
375.000000  376.000000  0.000148 
376.000000  377.000000  0.000147 
377.000000  378.000000  0.000146 
378.000000  379.000000  0.000144 
379.000000  380.000000  0.000143 
380.000000  381.000000  0.000142 
381.000000  382.000000  0.000141 
382.000000  383.000000  0.000140 
383.000000  384.000000  0.000138 
384.000000  385.000000  0.000137 
385.000000  386.000000  0.000136 
386.000000  387.000000  0.000135 
387.000000  388.000000  0.000134 
388.000000  389.000000  0.000133 
389.000000  390.000000  0.000132 
390.000000  391.000000  0.000131 
391.000000  392.000000  0.000129 
392.000000  393.000000  0.000128 
393.000000  394.000000  0.000127 
394.000000  395.000000  0.000126 
395.000000  396.000000  0.000125 
396.000000  397.000000  0.000124 
397.000000  398.000000  0.000123 
398.000000  399.000000  0.000122 
399.000000  400.000000  0.000121 
400.000000  401.000000  0.000120 
401.000000  402.000000  0.000119 
402.000000  403.000000  0.000119 
403.000000  404.000000  0.000118 
404.000000  405.000000  0.000117 
405.000000  406.000000  0.000116 
406.000000  407.000000  0.000115 
407.000000  408.000000  0.000114 
408.000000  409.000000  0.000113 
409.000000  410.000000  0.000112 
410.000000  411.000000  0.000111 
411.000000  412.000000  0.000111 
412.000000  413.000000  0.000110 
413.000000  414.000000  0.000109 
414.000000  415.000000  0.000108 
415.000000  416.000000  0.000107 
416.000000  417.000000  0.000106 
417.000000  418.000000  0.000106 
418.000000  419.000000  0.000105 
419.000000  420.000000  0.000104 
420.000000  421.000000  0.000103 
421.000000  422.000000  0.000103 
422.000000  423.000000  0.000102 
423.000000  424.000000  0.000101 
424.000000  425.000000  0.000100 
425.000000  426.000000  0.000100 
426.000000  427.000000  0.000099 
427.000000  428.000000  0.000098 
428.000000  429.000000  0.000097 
429.000000  430.000000  0.000097 
430.000000  431.000000  0.000096 
431.000000  432.000000  0.000095 
432.000000  433.000000  0.000095 
433.000000  434.000000  0.000094 
434.000000  435.000000  0.000093 
435.000000  436.000000  0.000093 
436.000000  437.000000  0.000092 
437.000000  438.000000  0.000091 
438.000000  439.000000  0.000091 
439.000000  440.000000  0.000090 
440.000000  441.000000  0.000090 
441.000000  442.000000  0.000089 
442.000000  443.000000  0.000088 
443.000000  444.000000  0.000088 
444.000000  445.000000  0.000087 
445.000000  446.000000  0.000087 
446.000000  447.000000  0.000086 
447.000000  448.000000  0.000085 
448.000000  449.000000  0.000085 
449.000000  450.000000  0.000084 
450.000000  451.000000  0.000084 
451.000000  452.000000  0.000083 
452.000000  453.000000  0.000083 
453.000000  454.000000  0.000082 
454.000000  455.000000  0.000082 
455.000000  456.000000  0.000081 
456.000000  457.000000  0.000081 
457.000000  458.000000  0.000080 
458.000000  459.000000  0.000079 
459.000000  460.000000  0.000079 
460.000000  461.000000  0.000078 
461.000000  462.000000  0.000078 
462.000000  463.000000  0.000078 
463.000000  464.000000  0.000077 
464.000000  465.000000  0.000077 
465.000000  466.000000  0.000076 
466.000000  467.000000  0.000076 
467.000000  468.000000  0.000075 
468.000000  469.000000  0.000075 
469.000000  470.000000  0.000074 
470.000000  471.000000  0.000074 
471.000000  472.000000  0.000073 
472.000000  473.000000  0.000073 
473.000000  474.000000  0.000072 
474.000000  475.000000  0.000072 
475.000000  476.000000  0.000072 
476.000000  477.000000  0.000071 
477.000000  478.000000  0.000071 
478.000000  479.000000  0.000070 
479.000000  480.000000  0.000070 
480.000000  481.000000  0.000070 
481.000000  482.000000  0.000069 
482.000000  483.000000  0.000069 
483.000000  484.000000  0.000068 
484.000000  485.000000  0.000068 
485.000000  486.000000  0.000068 
486.000000  487.000000  0.000067 
487.000000  488.000000  0.000067 
488.000000  489.000000  0.000066 
489.000000  490.000000  0.000066 
490.000000  491.000000  0.000066 
491.000000  492.000000  0.000065 
492.000000  493.000000  0.000065 
493.000000  494.000000  0.000065 
494.000000  495.000000  0.000064 
495.000000  496.000000  0.000064 
496.000000  497.000000  0.000064 
497.000000  498.000000  0.000063 
498.000000  499.000000  0.000063 
499.000000  500.000000  0.000063 
500.000000  501.000000  0.000062 
501.000000  502.000000  0.000062 
502.000000  503.000000  0.000062 
503.000000  504.000000  0.000061 
504.000000  505.000000  0.000061 
505.000000  506.000000  0.000061 
506.000000  507.000000  0.000060 
507.000000  508.000000  0.000060 
508.000000  509.000000  0.000060 
509.000000  510.000000  0.000059 
510.000000  511.000000  0.000059 
511.000000  512.000000  0.000059 
512.000000  513.000000  0.000059 
513.000000  514.000000  0.000058 
514.000000  515.000000  0.000058 
515.000000  516.000000  0.000058 
516.000000  517.000000  0.000057 
517.000000  518.000000  0.000057 
518.000000  519.000000  0.000057 
519.000000  520.000000  0.000057 
520.000000  521.000000  0.000056 
521.000000  522.000000  0.000056 
522.000000  523.000000  0.000056 
523.000000  524.000000  0.000056 
524.000000  525.000000  0.000055 
525.000000  526.000000  0.000055 
526.000000  527.000000  0.000055 
527.000000  528.000000  0.000055 
528.000000  529.000000  0.000054 
529.000000  530.000000  0.000054 
530.000000  531.000000  0.000054 
531.000000  532.000000  0.000054 
532.000000  533.000000  0.000053 
533.000000  534.000000  0.000053 
534.000000  535.000000  0.000053 
535.000000  536.000000  0.000053 
536.000000  537.000000  0.000052 
537.000000  538.000000  0.000052 
538.000000  539.000000  0.000052 
539.000000  540.000000  0.000052 
540.000000  541.000000  0.000052 
541.000000  542.000000  0.000051 
542.000000  543.000000  0.000051 
543.000000  544.000000  0.000051 
544.000000  545.000000  0.000051 
545.000000  546.000000  0.000051 
546.000000  547.000000  0.000050 
547.000000  548.000000  0.000050 
548.000000  549.000000  0.000050 
549.000000  550.000000  0.000050 
550.000000  551.000000  0.000050 
551.000000  552.000000  0.000049 
552.000000  553.000000  0.000049 
553.000000  554.000000  0.000049 
554.000000  555.000000  0.000049 
555.000000  556.000000  0.000049 
556.000000  557.000000  0.000048 
557.000000  558.000000  0.000048 
558.000000  559.000000  0.000048 
559.000000  560.000000  0.000048 
560.000000  561.000000  0.000048 
561.000000  562.000000  0.000048 
562.000000  563.000000  0.000047 
563.000000  564.000000  0.000047 
564.000000  565.000000  0.000047 
565.000000  566.000000  0.000047 
566.000000  567.000000  0.000047 
567.000000  568.000000  0.000047 
568.000000  569.000000  0.000046 
569.000000  570.000000  0.000046 
570.000000  571.000000  0.000046 
571.000000  572.000000  0.000046 
572.000000  573.000000  0.000046 
573.000000  574.000000  0.000046 
574.000000  575.000000  0.000046 
575.000000  576.000000  0.000045 
576.000000  577.000000  0.000045 
577.000000  578.000000  0.000045 
578.000000  579.000000  0.000045 
579.000000  580.000000  0.000045 
580.000000  581.000000  0.000045 
581.000000  582.000000  0.000045 
582.000000  583.000000  0.000044 
583.000000  584.000000  0.000044 
584.000000  585.000000  0.000044 
585.000000  586.000000  0.000044 
586.000000  587.000000  0.000044 
587.000000  588.000000  0.000044 
588.000000  589.000000  0.000044 
589.000000  590.000000  0.000044 
590.000000  591.000000  0.000043 
591.000000  592.000000  0.000043 
592.000000  593.000000  0.000043 
593.000000  594.000000  0.000043 
594.000000  595.000000  0.000043 
595.000000  596.000000  0.000043 
596.000000  597.000000  0.000043 
597.000000  598.000000  0.000043 
598.000000  599.000000  0.000042 
599.000000  600.000000  0.000042 
600.000000  601.000000  0.000042 
601.000000  602.000000  0.000042 
602.000000  603.000000  0.000042 
603.000000  604.000000  0.000042 
604.000000  605.000000  0.000042 
605.000000  606.000000  0.000042 
606.000000  607.000000  0.000042 
607.000000  608.000000  0.000042 
608.000000  609.000000  0.000041 
609.000000  610.000000  0.000041 
610.000000  611.000000  0.000041 
611.000000  612.000000  0.000041 
612.000000  613.000000  0.000041 
613.000000  614.000000  0.000041 
614.000000  615.000000  0.000041 
615.000000  616.000000  0.000041 
616.000000  617.000000  0.000041 
617.000000  618.000000  0.000041 
618.000000  619.000000  0.000040 
619.000000  620.000000  0.000040 
620.000000  621.000000  0.000040 
621.000000  622.000000  0.000040 
622.000000  623.000000  0.000040 
623.000000  624.000000  0.000040 
624.000000  625.000000  0.000040 
625.000000  626.000000  0.000040 
626.000000  627.000000  0.000040 
627.000000  628.000000  0.000040 
628.000000  629.000000  0.000040 
629.000000  630.000000  0.000040 
630.000000  631.000000  0.000040 
631.000000  632.000000  0.000039 
632.000000  633.000000  0.000039 
633.000000  634.000000  0.000039 
634.000000  635.000000  0.000039 
635.000000  636.000000  0.000039 
636.000000  637.000000  0.000039 
637.000000  638.000000  0.000039 
638.000000  639.000000  0.000039 
639.000000  640.000000  0.000039 
640.000000  641.000000  0.000039 
641.000000  642.000000  0.000039 
642.000000  643.000000  0.000039 
643.000000  644.000000  0.000039 
644.000000  645.000000  0.000039 
645.000000  646.000000  0.000038 
646.000000  647.000000  0.000038 
647.000000  648.000000  0.000038 
648.000000  649.000000  0.000038 
649.000000  650.000000  0.000038 
650.000000  651.000000  0.000038 
651.000000  652.000000  0.000038 
652.000000  653.000000  0.000038 
653.000000  654.000000  0.000038 
654.000000  655.000000  0.000038 
655.000000  656.000000  0.000038 
656.000000  657.000000  0.000038 
657.000000  658.000000  0.000038 
658.000000  659.000000  0.000038 
659.000000  660.000000  0.000038 
660.000000  661.000000  0.000038 
661.000000  662.000000  0.000038 
662.000000  663.000000  0.000038 
663.000000  664.000000  0.000038 
664.000000  665.000000  0.000037 
665.000000  666.000000  0.000037 
666.000000  667.000000  0.000037 
667.000000  668.000000  0.000037 
668.000000  669.000000  0.000037 
669.000000  670.000000  0.000037 
670.000000  671.000000  0.000037 
671.000000  672.000000  0.000037 
672.000000  673.000000  0.000037 
673.000000  674.000000  0.000037 
674.000000  675.000000  0.000037 
675.000000  676.000000  0.000037 
676.000000  677.000000  0.000037 
677.000000  678.000000  0.000037 
678.000000  679.000000  0.000037 
679.000000  680.000000  0.000037 
680.000000  681.000000  0.000037 
681.000000  682.000000  0.000037 
682.000000  683.000000  0.000037 
683.000000  684.000000  0.000037 
684.000000  685.000000  0.000037 
685.000000  686.000000  0.000037 
686.000000  687.000000  0.000037 
687.000000  688.000000  0.000037 
688.000000  689.000000  0.000037 
689.000000  690.000000  0.000037 
690.000000  691.000000  0.000037 
691.000000  692.000000  0.000037 
692.000000  693.000000  0.000036 
693.000000  694.000000  0.000036 
694.000000  695.000000  0.000036 
695.000000  696.000000  0.000036 
696.000000  697.000000  0.000036 
697.000000  698.000000  0.000036 
698.000000  699.000000  0.000036 
699.000000  700.000000  0.000036 
700.000000  701.000000  0.000036 
701.000000  702.000000  0.000036 
702.000000  703.000000  0.000036 
703.000000  704.000000  0.000036 
704.000000  705.000000  0.000036 
705.000000  706.000000  0.000036 
706.000000  707.000000  0.000036 
707.000000  708.000000  0.000036 
708.000000  709.000000  0.000036 
709.000000  710.000000  0.000036 
710.000000  711.000000  0.000036 
711.000000  712.000000  0.000036 
712.000000  713.000000  0.000036 
713.000000  714.000000  0.000036 
714.000000  715.000000  0.000036 
715.000000  716.000000  0.000036 
716.000000  717.000000  0.000036 
717.000000  718.000000  0.000036 
718.000000  719.000000  0.000036 
719.000000  720.000000  0.000036 
720.000000  721.000000  0.000036 
721.000000  722.000000  0.000036 
722.000000  723.000000  0.000036 
723.000000  724.000000  0.000036 
724.000000  725.000000  0.000036 
725.000000  726.000000  0.000036 
726.000000  727.000000  0.000036 
727.000000  728.000000  0.000036 
728.000000  729.000000  0.000036 
729.000000  730.000000  0.000036 
730.000000  731.000000  0.000036 
731.000000  732.000000  0.000036 
732.000000  733.000000  0.000036 
733.000000  734.000000  0.000036 
734.000000  735.000000  0.000036 
735.000000  736.000000  0.000036 
736.000000  737.000000  0.000036 
737.000000  738.000000  0.000036 
738.000000  739.000000  0.000036 
739.000000  740.000000  0.000036 
740.000000  741.000000  0.000036 
741.000000  742.000000  0.000036 
742.000000  743.000000  0.000036 
743.000000  744.000000  0.000036 
744.000000  745.000000  0.000036 
745.000000  746.000000  0.000036 
746.000000  747.000000  0.000036 
747.000000  748.000000  0.000036 
748.000000  749.000000  0.000036 
749.000000  750.000000  0.000036 
750.000000  751.000000  0.000036 
751.000000  752.000000  0.000036 
752.000000  753.000000  0.000036 
753.000000  754.000000  0.000036 
754.000000  755.000000  0.000036 
755.000000  756.000000  0.000036 
756.000000  757.000000  0.000036 
757.000000  758.000000  0.000036 
758.000000  759.000000  0.000036 
759.000000  760.000000  0.000036 
760.000000  761.000000  0.000036 
761.000000  762.000000  0.000036 
762.000000  763.000000  0.000036 
763.000000  764.000000  0.000036 
764.000000  765.000000  0.000036 
765.000000  766.000000  0.000036 
766.000000  767.000000  0.000036 
767.000000  768.000000  0.000036 
768.000000  769.000000  0.000036 
769.000000  770.000000  0.000036 
770.000000  771.000000  0.000036 
771.000000  772.000000  0.000036 
772.000000  773.000000  0.000036 
773.000000  774.000000  0.000036 
774.000000  775.000000  0.000036 
775.000000  776.000000  0.000036 
776.000000  777.000000  0.000036 
777.000000  778.000000  0.000036 
778.000000  779.000000  0.000036 
779.000000  780.000000  0.000036 
780.000000  781.000000  0.000036 
781.000000  782.000000  0.000036 
782.000000  783.000000  0.000036 
783.000000  784.000000  0.000036 
784.000000  785.000000  0.000036 
785.000000  786.000000  0.000036 
786.000000  787.000000  0.000036 
787.000000  788.000000  0.000036 
788.000000  789.000000  0.000036 
789.000000  790.000000  0.000036 
790.000000  791.000000  0.000036 
791.000000  792.000000  0.000036 
792.000000  793.000000  0.000036 
793.000000  794.000000  0.000036 
794.000000  795.000000  0.000036 
795.000000  796.000000  0.000036 
796.000000  797.000000  0.000036 
797.000000  798.000000  0.000036 
798.000000  799.000000  0.000037 
799.000000  800.000000  0.000037 
