17.000000  18.000000  0.002778 
18.000000  19.000000  0.002821 
19.000000  20.000000  0.002855 
20.000000  21.000000  0.002880 
21.000000  22.000000  0.002899 
22.000000  23.000000  0.002912 
23.000000  24.000000  0.002917 
24.000000  25.000000  0.002923 
25.000000  26.000000  0.002930 
26.000000  27.000000  0.002940 
27.000000  28.000000  0.002954 
28.000000  29.000000  0.002979 
29.000000  30.000000  0.003005 
30.000000  31.000000  0.003030 
31.000000  32.000000  0.003054 
32.000000  33.000000  0.003076 
33.000000  34.000000  0.003087 
34.000000  35.000000  0.003097 
35.000000  36.000000  0.003107 
36.000000  37.000000  0.003117 
37.000000  38.000000  0.003126 
38.000000  39.000000  0.003135 
39.000000  40.000000  0.003143 
40.000000  41.000000  0.003153 
41.000000  42.000000  0.003166 
42.000000  43.000000  0.003176 
43.000000  44.000000  0.003185 
44.000000  45.000000  0.003190 
45.000000  46.000000  0.003194 
46.000000  47.000000  0.003194 
47.000000  48.000000  0.003192 
48.000000  49.000000  0.003187 
49.000000  50.000000  0.003180 
50.000000  51.000000  0.003170 
51.000000  52.000000  0.003157 
52.000000  53.000000  0.003142 
53.000000  54.000000  0.003122 
54.000000  55.000000  0.003100 
55.000000  56.000000  0.003076 
56.000000  57.000000  0.003050 
57.000000  58.000000  0.003022 
58.000000  59.000000  0.002992 
59.000000  60.000000  0.002961 
60.000000  61.000000  0.002929 
61.000000  62.000000  0.002895 
62.000000  63.000000  0.002860 
63.000000  64.000000  0.002824 
64.000000  65.000000  0.002787 
65.000000  66.000000  0.002750 
66.000000  67.000000  0.002712 
67.000000  68.000000  0.002673 
68.000000  69.000000  0.002634 
69.000000  70.000000  0.002595 
70.000000  71.000000  0.002556 
71.000000  72.000000  0.002517 
72.000000  73.000000  0.002477 
73.000000  74.000000  0.002438 
74.000000  75.000000  0.002399 
75.000000  76.000000  0.002361 
76.000000  77.000000  0.002322 
77.000000  78.000000  0.002284 
78.000000  79.000000  0.002247 
79.000000  80.000000  0.002209 
80.000000  81.000000  0.002173 
81.000000  82.000000  0.002136 
82.000000  83.000000  0.002101 
83.000000  84.000000  0.002065 
84.000000  85.000000  0.002031 
85.000000  86.000000  0.001994 
86.000000  87.000000  0.001961 
87.000000  88.000000  0.001928 
88.000000  89.000000  0.001896 
89.000000  90.000000  0.001864 
90.000000  91.000000  0.001834 
91.000000  92.000000  0.001803 
92.000000  93.000000  0.001774 
93.000000  94.000000  0.001745 
94.000000  95.000000  0.001716 
95.000000  96.000000  0.001688 
96.000000  97.000000  0.001661 
97.000000  98.000000  0.001634 
98.000000  99.000000  0.001608 
99.000000  100.000000  0.001583 
100.000000  101.000000  0.001558 
101.000000  102.000000  0.001534 
102.000000  103.000000  0.001510 
103.000000  104.000000  0.001486 
104.000000  105.000000  0.001464 
105.000000  106.000000  0.001441 
106.000000  107.000000  0.001420 
107.000000  108.000000  0.001398 
108.000000  109.000000  0.001377 
109.000000  110.000000  0.001357 
110.000000  111.000000  0.001337 
111.000000  112.000000  0.001317 
112.000000  113.000000  0.001298 
113.000000  114.000000  0.001279 
114.000000  115.000000  0.001261 
115.000000  116.000000  0.001243 
116.000000  117.000000  0.001225 
117.000000  118.000000  0.001208 
118.000000  119.000000  0.001191 
119.000000  120.000000  0.001174 
120.000000  121.000000  0.001158 
121.000000  122.000000  0.001142 
122.000000  123.000000  0.001126 
123.000000  124.000000  0.001110 
124.000000  125.000000  0.001095 
125.000000  126.000000  0.001080 
126.000000  127.000000  0.001065 
127.000000  128.000000  0.001051 
128.000000  129.000000  0.001037 
129.000000  130.000000  0.001023 
130.000000  131.000000  0.001009 
131.000000  132.000000  0.000995 
132.000000  133.000000  0.000982 
133.000000  134.000000  0.000969 
134.000000  135.000000  0.000956 
135.000000  136.000000  0.000943 
136.000000  137.000000  0.000930 
137.000000  138.000000  0.000918 
138.000000  139.000000  0.000905 
139.000000  140.000000  0.000893 
140.000000  141.000000  0.000881 
141.000000  142.000000  0.000870 
142.000000  143.000000  0.000858 
143.000000  144.000000  0.000847 
144.000000  145.000000  0.000835 
145.000000  146.000000  0.000824 
146.000000  147.000000  0.000813 
147.000000  148.000000  0.000802 
148.000000  149.000000  0.000791 
149.000000  150.000000  0.000781 
150.000000  151.000000  0.000770 
151.000000  152.000000  0.000760 
152.000000  153.000000  0.000750 
153.000000  154.000000  0.000740 
154.000000  155.000000  0.000730 
155.000000  156.000000  0.000720 
156.000000  157.000000  0.000710 
157.000000  158.000000  0.000701 
158.000000  159.000000  0.000691 
159.000000  160.000000  0.000682 
160.000000  161.000000  0.000672 
161.000000  162.000000  0.000663 
162.000000  163.000000  0.000654 
163.000000  164.000000  0.000645 
164.000000  165.000000  0.000636 
165.000000  166.000000  0.000628 
166.000000  167.000000  0.000619 
167.000000  168.000000  0.000611 
168.000000  169.000000  0.000602 
169.000000  170.000000  0.000594 
170.000000  171.000000  0.000586 
171.000000  172.000000  0.000578 
172.000000  173.000000  0.000570 
173.000000  174.000000  0.000562 
174.000000  175.000000  0.000554 
175.000000  176.000000  0.000546 
176.000000  177.000000  0.000539 
177.000000  178.000000  0.000531 
178.000000  179.000000  0.000524 
179.000000  180.000000  0.000517 
180.000000  181.000000  0.000509 
181.000000  182.000000  0.000502 
182.000000  183.000000  0.000495 
183.000000  184.000000  0.000488 
184.000000  185.000000  0.000482 
185.000000  186.000000  0.000475 
186.000000  187.000000  0.000468 
187.000000  188.000000  0.000462 
188.000000  189.000000  0.000455 
189.000000  190.000000  0.000449 
190.000000  191.000000  0.000442 
191.000000  192.000000  0.000436 
192.000000  193.000000  0.000430 
193.000000  194.000000  0.000424 
194.000000  195.000000  0.000418 
195.000000  196.000000  0.000412 
196.000000  197.000000  0.000406 
197.000000  198.000000  0.000401 
198.000000  199.000000  0.000395 
199.000000  200.000000  0.000389 
200.000000  201.000000  0.000384 
201.000000  202.000000  0.000379 
202.000000  203.000000  0.000373 
203.000000  204.000000  0.000368 
204.000000  205.000000  0.000363 
205.000000  206.000000  0.000358 
206.000000  207.000000  0.000353 
207.000000  208.000000  0.000348 
208.000000  209.000000  0.000343 
209.000000  210.000000  0.000338 
210.000000  211.000000  0.000333 
211.000000  212.000000  0.000329 
212.000000  213.000000  0.000324 
213.000000  214.000000  0.000320 
214.000000  215.000000  0.000315 
215.000000  216.000000  0.000311 
216.000000  217.000000  0.000306 
217.000000  218.000000  0.000302 
218.000000  219.000000  0.000298 
219.000000  220.000000  0.000294 
220.000000  221.000000  0.000290 
221.000000  222.000000  0.000286 
222.000000  223.000000  0.000282 
223.000000  224.000000  0.000278 
224.000000  225.000000  0.000274 
225.000000  226.000000  0.000270 
226.000000  227.000000  0.000266 
227.000000  228.000000  0.000263 
228.000000  229.000000  0.000259 
229.000000  230.000000  0.000256 
230.000000  231.000000  0.000252 
231.000000  232.000000  0.000249 
232.000000  233.000000  0.000245 
233.000000  234.000000  0.000242 
234.000000  235.000000  0.000239 
235.000000  236.000000  0.000235 
236.000000  237.000000  0.000232 
237.000000  238.000000  0.000229 
238.000000  239.000000  0.000226 
239.000000  240.000000  0.000223 
240.000000  241.000000  0.000220 
241.000000  242.000000  0.000217 
242.000000  243.000000  0.000214 
243.000000  244.000000  0.000211 
244.000000  245.000000  0.000208 
245.000000  246.000000  0.000205 
246.000000  247.000000  0.000203 
247.000000  248.000000  0.000200 
248.000000  249.000000  0.000197 
249.000000  250.000000  0.000195 
250.000000  251.000000  0.000192 
251.000000  252.000000  0.000190 
252.000000  253.000000  0.000187 
253.000000  254.000000  0.000185 
254.000000  255.000000  0.000182 
255.000000  256.000000  0.000180 
256.000000  257.000000  0.000177 
257.000000  258.000000  0.000175 
258.000000  259.000000  0.000173 
259.000000  260.000000  0.000171 
260.000000  261.000000  0.000168 
261.000000  262.000000  0.000166 
262.000000  263.000000  0.000164 
263.000000  264.000000  0.000162 
264.000000  265.000000  0.000160 
265.000000  266.000000  0.000158 
266.000000  267.000000  0.000156 
267.000000  268.000000  0.000154 
268.000000  269.000000  0.000152 
269.000000  270.000000  0.000150 
270.000000  271.000000  0.000148 
271.000000  272.000000  0.000146 
272.000000  273.000000  0.000144 
273.000000  274.000000  0.000143 
274.000000  275.000000  0.000141 
275.000000  276.000000  0.000139 
276.000000  277.000000  0.000137 
277.000000  278.000000  0.000136 
278.000000  279.000000  0.000134 
279.000000  280.000000  0.000132 
280.000000  281.000000  0.000131 
281.000000  282.000000  0.000129 
282.000000  283.000000  0.000127 
283.000000  284.000000  0.000126 
284.000000  285.000000  0.000124 
285.000000  286.000000  0.000123 
286.000000  287.000000  0.000121 
287.000000  288.000000  0.000120 
288.000000  289.000000  0.000118 
289.000000  290.000000  0.000117 
290.000000  291.000000  0.000116 
291.000000  292.000000  0.000114 
292.000000  293.000000  0.000113 
293.000000  294.000000  0.000111 
294.000000  295.000000  0.000110 
295.000000  296.000000  0.000109 
296.000000  297.000000  0.000108 
297.000000  298.000000  0.000106 
298.000000  299.000000  0.000105 
299.000000  300.000000  0.000104 
300.000000  301.000000  0.000103 
301.000000  302.000000  0.000101 
302.000000  303.000000  0.000100 
303.000000  304.000000  0.000099 
304.000000  305.000000  0.000098 
305.000000  306.000000  0.000097 
306.000000  307.000000  0.000096 
307.000000  308.000000  0.000095 
308.000000  309.000000  0.000094 
309.000000  310.000000  0.000092 
310.000000  311.000000  0.000091 
311.000000  312.000000  0.000090 
312.000000  313.000000  0.000089 
313.000000  314.000000  0.000088 
314.000000  315.000000  0.000087 
315.000000  316.000000  0.000086 
316.000000  317.000000  0.000085 
317.000000  318.000000  0.000084 
318.000000  319.000000  0.000084 
319.000000  320.000000  0.000083 
320.000000  321.000000  0.000082 
321.000000  322.000000  0.000081 
322.000000  323.000000  0.000080 
323.000000  324.000000  0.000079 
324.000000  325.000000  0.000078 
325.000000  326.000000  0.000077 
326.000000  327.000000  0.000077 
327.000000  328.000000  0.000076 
328.000000  329.000000  0.000075 
329.000000  330.000000  0.000074 
330.000000  331.000000  0.000073 
331.000000  332.000000  0.000073 
332.000000  333.000000  0.000072 
333.000000  334.000000  0.000071 
334.000000  335.000000  0.000070 
335.000000  336.000000  0.000070 
336.000000  337.000000  0.000069 
337.000000  338.000000  0.000068 
338.000000  339.000000  0.000067 
339.000000  340.000000  0.000067 
340.000000  341.000000  0.000066 
341.000000  342.000000  0.000065 
342.000000  343.000000  0.000065 
343.000000  344.000000  0.000064 
344.000000  345.000000  0.000063 
345.000000  346.000000  0.000063 
346.000000  347.000000  0.000062 
347.000000  348.000000  0.000061 
348.000000  349.000000  0.000061 
349.000000  350.000000  0.000060 
350.000000  351.000000  0.000060 
351.000000  352.000000  0.000059 
352.000000  353.000000  0.000058 
353.000000  354.000000  0.000058 
354.000000  355.000000  0.000057 
355.000000  356.000000  0.000057 
356.000000  357.000000  0.000056 
357.000000  358.000000  0.000056 
358.000000  359.000000  0.000055 
359.000000  360.000000  0.000054 
360.000000  361.000000  0.000054 
361.000000  362.000000  0.000053 
362.000000  363.000000  0.000053 
363.000000  364.000000  0.000052 
364.000000  365.000000  0.000052 
365.000000  366.000000  0.000051 
366.000000  367.000000  0.000051 
367.000000  368.000000  0.000050 
368.000000  369.000000  0.000050 
369.000000  370.000000  0.000049 
370.000000  371.000000  0.000049 
371.000000  372.000000  0.000049 
372.000000  373.000000  0.000048 
373.000000  374.000000  0.000048 
374.000000  375.000000  0.000047 
375.000000  376.000000  0.000047 
376.000000  377.000000  0.000046 
377.000000  378.000000  0.000046 
378.000000  379.000000  0.000045 
379.000000  380.000000  0.000045 
380.000000  381.000000  0.000045 
381.000000  382.000000  0.000044 
382.000000  383.000000  0.000044 
383.000000  384.000000  0.000043 
384.000000  385.000000  0.000043 
385.000000  386.000000  0.000043 
386.000000  387.000000  0.000042 
387.000000  388.000000  0.000042 
388.000000  389.000000  0.000042 
389.000000  390.000000  0.000041 
390.000000  391.000000  0.000041 
391.000000  392.000000  0.000040 
392.000000  393.000000  0.000040 
393.000000  394.000000  0.000040 
394.000000  395.000000  0.000039 
395.000000  396.000000  0.000039 
396.000000  397.000000  0.000039 
397.000000  398.000000  0.000038 
398.000000  399.000000  0.000038 
399.000000  400.000000  0.000038 
400.000000  401.000000  0.000037 
401.000000  402.000000  0.000037 
402.000000  403.000000  0.000037 
403.000000  404.000000  0.000036 
404.000000  405.000000  0.000036 
405.000000  406.000000  0.000036 
406.000000  407.000000  0.000036 
407.000000  408.000000  0.000035 
408.000000  409.000000  0.000035 
409.000000  410.000000  0.000035 
410.000000  411.000000  0.000034 
411.000000  412.000000  0.000034 
412.000000  413.000000  0.000034 
413.000000  414.000000  0.000034 
414.000000  415.000000  0.000033 
415.000000  416.000000  0.000033 
416.000000  417.000000  0.000033 
417.000000  418.000000  0.000032 
418.000000  419.000000  0.000032 
419.000000  420.000000  0.000032 
420.000000  421.000000  0.000032 
421.000000  422.000000  0.000031 
422.000000  423.000000  0.000031 
423.000000  424.000000  0.000031 
424.000000  425.000000  0.000031 
425.000000  426.000000  0.000030 
426.000000  427.000000  0.000030 
427.000000  428.000000  0.000030 
428.000000  429.000000  0.000030 
429.000000  430.000000  0.000029 
430.000000  431.000000  0.000029 
431.000000  432.000000  0.000029 
432.000000  433.000000  0.000029 
433.000000  434.000000  0.000029 
434.000000  435.000000  0.000028 
435.000000  436.000000  0.000028 
436.000000  437.000000  0.000028 
437.000000  438.000000  0.000028 
438.000000  439.000000  0.000028 
439.000000  440.000000  0.000027 
440.000000  441.000000  0.000027 
441.000000  442.000000  0.000027 
442.000000  443.000000  0.000027 
443.000000  444.000000  0.000026 
444.000000  445.000000  0.000026 
445.000000  446.000000  0.000026 
446.000000  447.000000  0.000026 
447.000000  448.000000  0.000026 
448.000000  449.000000  0.000026 
449.000000  450.000000  0.000025 
450.000000  451.000000  0.000025 
451.000000  452.000000  0.000025 
452.000000  453.000000  0.000025 
453.000000  454.000000  0.000025 
454.000000  455.000000  0.000024 
455.000000  456.000000  0.000024 
456.000000  457.000000  0.000024 
457.000000  458.000000  0.000024 
458.000000  459.000000  0.000024 
459.000000  460.000000  0.000024 
460.000000  461.000000  0.000023 
461.000000  462.000000  0.000023 
462.000000  463.000000  0.000023 
463.000000  464.000000  0.000023 
464.000000  465.000000  0.000023 
465.000000  466.000000  0.000023 
466.000000  467.000000  0.000023 
467.000000  468.000000  0.000022 
468.000000  469.000000  0.000022 
469.000000  470.000000  0.000022 
470.000000  471.000000  0.000022 
471.000000  472.000000  0.000022 
472.000000  473.000000  0.000022 
473.000000  474.000000  0.000021 
474.000000  475.000000  0.000021 
475.000000  476.000000  0.000021 
476.000000  477.000000  0.000021 
477.000000  478.000000  0.000021 
478.000000  479.000000  0.000021 
479.000000  480.000000  0.000021 
480.000000  481.000000  0.000021 
481.000000  482.000000  0.000020 
482.000000  483.000000  0.000020 
483.000000  484.000000  0.000020 
484.000000  485.000000  0.000020 
485.000000  486.000000  0.000020 
486.000000  487.000000  0.000020 
487.000000  488.000000  0.000020 
488.000000  489.000000  0.000020 
489.000000  490.000000  0.000019 
490.000000  491.000000  0.000019 
491.000000  492.000000  0.000019 
492.000000  493.000000  0.000019 
493.000000  494.000000  0.000019 
494.000000  495.000000  0.000019 
495.000000  496.000000  0.000019 
496.000000  497.000000  0.000019 
497.000000  498.000000  0.000018 
498.000000  499.000000  0.000018 
499.000000  500.000000  0.000018 
500.000000  501.000000  0.000018 
501.000000  502.000000  0.000018 
502.000000  503.000000  0.000018 
503.000000  504.000000  0.000018 
504.000000  505.000000  0.000018 
505.000000  506.000000  0.000018 
506.000000  507.000000  0.000018 
507.000000  508.000000  0.000017 
508.000000  509.000000  0.000017 
509.000000  510.000000  0.000017 
510.000000  511.000000  0.000017 
511.000000  512.000000  0.000017 
512.000000  513.000000  0.000017 
513.000000  514.000000  0.000017 
514.000000  515.000000  0.000017 
515.000000  516.000000  0.000017 
516.000000  517.000000  0.000017 
517.000000  518.000000  0.000017 
518.000000  519.000000  0.000016 
519.000000  520.000000  0.000016 
520.000000  521.000000  0.000016 
521.000000  522.000000  0.000016 
522.000000  523.000000  0.000016 
523.000000  524.000000  0.000016 
524.000000  525.000000  0.000016 
525.000000  526.000000  0.000016 
526.000000  527.000000  0.000016 
527.000000  528.000000  0.000016 
528.000000  529.000000  0.000016 
529.000000  530.000000  0.000016 
530.000000  531.000000  0.000015 
531.000000  532.000000  0.000015 
532.000000  533.000000  0.000015 
533.000000  534.000000  0.000015 
534.000000  535.000000  0.000015 
535.000000  536.000000  0.000015 
536.000000  537.000000  0.000015 
537.000000  538.000000  0.000015 
538.000000  539.000000  0.000015 
539.000000  540.000000  0.000015 
540.000000  541.000000  0.000015 
541.000000  542.000000  0.000015 
542.000000  543.000000  0.000015 
543.000000  544.000000  0.000015 
544.000000  545.000000  0.000014 
545.000000  546.000000  0.000014 
546.000000  547.000000  0.000014 
547.000000  548.000000  0.000014 
548.000000  549.000000  0.000014 
549.000000  550.000000  0.000014 
550.000000  551.000000  0.000014 
551.000000  552.000000  0.000014 
552.000000  553.000000  0.000014 
553.000000  554.000000  0.000014 
554.000000  555.000000  0.000014 
555.000000  556.000000  0.000014 
556.000000  557.000000  0.000014 
557.000000  558.000000  0.000014 
558.000000  559.000000  0.000014 
559.000000  560.000000  0.000014 
560.000000  561.000000  0.000013 
561.000000  562.000000  0.000013 
562.000000  563.000000  0.000013 
563.000000  564.000000  0.000013 
564.000000  565.000000  0.000013 
565.000000  566.000000  0.000013 
566.000000  567.000000  0.000013 
567.000000  568.000000  0.000013 
568.000000  569.000000  0.000013 
569.000000  570.000000  0.000013 
570.000000  571.000000  0.000013 
571.000000  572.000000  0.000013 
572.000000  573.000000  0.000013 
573.000000  574.000000  0.000013 
574.000000  575.000000  0.000013 
575.000000  576.000000  0.000013 
576.000000  577.000000  0.000013 
577.000000  578.000000  0.000013 
578.000000  579.000000  0.000013 
579.000000  580.000000  0.000013 
580.000000  581.000000  0.000012 
581.000000  582.000000  0.000012 
582.000000  583.000000  0.000012 
583.000000  584.000000  0.000012 
584.000000  585.000000  0.000012 
585.000000  586.000000  0.000012 
586.000000  587.000000  0.000012 
587.000000  588.000000  0.000012 
588.000000  589.000000  0.000012 
589.000000  590.000000  0.000012 
590.000000  591.000000  0.000012 
591.000000  592.000000  0.000012 
592.000000  593.000000  0.000012 
593.000000  594.000000  0.000012 
594.000000  595.000000  0.000012 
595.000000  596.000000  0.000012 
596.000000  597.000000  0.000012 
597.000000  598.000000  0.000012 
598.000000  599.000000  0.000012 
599.000000  600.000000  0.000012 
600.000000  601.000000  0.000012 
601.000000  602.000000  0.000012 
602.000000  603.000000  0.000012 
603.000000  604.000000  0.000012 
604.000000  605.000000  0.000012 
605.000000  606.000000  0.000011 
606.000000  607.000000  0.000011 
607.000000  608.000000  0.000011 
608.000000  609.000000  0.000011 
609.000000  610.000000  0.000011 
610.000000  611.000000  0.000011 
611.000000  612.000000  0.000011 
612.000000  613.000000  0.000011 
613.000000  614.000000  0.000011 
614.000000  615.000000  0.000011 
615.000000  616.000000  0.000011 
616.000000  617.000000  0.000011 
617.000000  618.000000  0.000011 
618.000000  619.000000  0.000011 
619.000000  620.000000  0.000011 
620.000000  621.000000  0.000011 
621.000000  622.000000  0.000011 
622.000000  623.000000  0.000011 
623.000000  624.000000  0.000011 
624.000000  625.000000  0.000011 
625.000000  626.000000  0.000011 
626.000000  627.000000  0.000011 
627.000000  628.000000  0.000011 
628.000000  629.000000  0.000011 
629.000000  630.000000  0.000011 
630.000000  631.000000  0.000011 
631.000000  632.000000  0.000011 
632.000000  633.000000  0.000011 
633.000000  634.000000  0.000011 
634.000000  635.000000  0.000011 
635.000000  636.000000  0.000011 
636.000000  637.000000  0.000011 
637.000000  638.000000  0.000011 
638.000000  639.000000  0.000011 
639.000000  640.000000  0.000011 
640.000000  641.000000  0.000011 
641.000000  642.000000  0.000010 
642.000000  643.000000  0.000010 
643.000000  644.000000  0.000010 
644.000000  645.000000  0.000010 
645.000000  646.000000  0.000010 
646.000000  647.000000  0.000010 
647.000000  648.000000  0.000010 
648.000000  649.000000  0.000010 
649.000000  650.000000  0.000010 
650.000000  651.000000  0.000010 
651.000000  652.000000  0.000010 
652.000000  653.000000  0.000010 
653.000000  654.000000  0.000010 
654.000000  655.000000  0.000010 
655.000000  656.000000  0.000010 
656.000000  657.000000  0.000010 
657.000000  658.000000  0.000010 
658.000000  659.000000  0.000010 
659.000000  660.000000  0.000010 
660.000000  661.000000  0.000010 
661.000000  662.000000  0.000010 
662.000000  663.000000  0.000010 
663.000000  664.000000  0.000010 
664.000000  665.000000  0.000010 
665.000000  666.000000  0.000010 
666.000000  667.000000  0.000010 
667.000000  668.000000  0.000010 
668.000000  669.000000  0.000010 
669.000000  670.000000  0.000010 
670.000000  671.000000  0.000010 
671.000000  672.000000  0.000010 
672.000000  673.000000  0.000010 
673.000000  674.000000  0.000010 
674.000000  675.000000  0.000010 
675.000000  676.000000  0.000010 
676.000000  677.000000  0.000010 
677.000000  678.000000  0.000010 
678.000000  679.000000  0.000010 
679.000000  680.000000  0.000010 
680.000000  681.000000  0.000010 
681.000000  682.000000  0.000010 
682.000000  683.000000  0.000010 
683.000000  684.000000  0.000010 
684.000000  685.000000  0.000010 
685.000000  686.000000  0.000010 
686.000000  687.000000  0.000010 
687.000000  688.000000  0.000010 
688.000000  689.000000  0.000010 
689.000000  690.000000  0.000010 
690.000000  691.000000  0.000010 
691.000000  692.000000  0.000010 
692.000000  693.000000  0.000010 
693.000000  694.000000  0.000010 
694.000000  695.000000  0.000010 
695.000000  696.000000  0.000010 
696.000000  697.000000  0.000010 
697.000000  698.000000  0.000010 
698.000000  699.000000  0.000010 
699.000000  700.000000  0.000010 
700.000000  701.000000  0.000010 
701.000000  702.000000  0.000010 
702.000000  703.000000  0.000010 
703.000000  704.000000  0.000010 
704.000000  705.000000  0.000010 
705.000000  706.000000  0.000010 
706.000000  707.000000  0.000010 
707.000000  708.000000  0.000010 
708.000000  709.000000  0.000009 
709.000000  710.000000  0.000009 
710.000000  711.000000  0.000009 
711.000000  712.000000  0.000009 
712.000000  713.000000  0.000009 
713.000000  714.000000  0.000009 
714.000000  715.000000  0.000009 
715.000000  716.000000  0.000009 
716.000000  717.000000  0.000009 
717.000000  718.000000  0.000009 
718.000000  719.000000  0.000009 
719.000000  720.000000  0.000009 
720.000000  721.000000  0.000009 
721.000000  722.000000  0.000009 
722.000000  723.000000  0.000009 
723.000000  724.000000  0.000009 
724.000000  725.000000  0.000009 
725.000000  726.000000  0.000009 
726.000000  727.000000  0.000009 
727.000000  728.000000  0.000009 
728.000000  729.000000  0.000009 
729.000000  730.000000  0.000009 
730.000000  731.000000  0.000009 
731.000000  732.000000  0.000009 
732.000000  733.000000  0.000009 
733.000000  734.000000  0.000009 
734.000000  735.000000  0.000009 
735.000000  736.000000  0.000009 
736.000000  737.000000  0.000009 
737.000000  738.000000  0.000009 
738.000000  739.000000  0.000009 
739.000000  740.000000  0.000009 
740.000000  741.000000  0.000009 
741.000000  742.000000  0.000009 
742.000000  743.000000  0.000009 
743.000000  744.000000  0.000009 
744.000000  745.000000  0.000009 
745.000000  746.000000  0.000009 
746.000000  747.000000  0.000009 
747.000000  748.000000  0.000009 
748.000000  749.000000  0.000009 
749.000000  750.000000  0.000009 
750.000000  751.000000  0.000009 
751.000000  752.000000  0.000009 
752.000000  753.000000  0.000009 
753.000000  754.000000  0.000009 
754.000000  755.000000  0.000009 
755.000000  756.000000  0.000009 
756.000000  757.000000  0.000009 
757.000000  758.000000  0.000009 
758.000000  759.000000  0.000009 
759.000000  760.000000  0.000009 
760.000000  761.000000  0.000009 
761.000000  762.000000  0.000009 
762.000000  763.000000  0.000009 
763.000000  764.000000  0.000009 
764.000000  765.000000  0.000009 
765.000000  766.000000  0.000009 
766.000000  767.000000  0.000009 
767.000000  768.000000  0.000009 
768.000000  769.000000  0.000009 
769.000000  770.000000  0.000009 
770.000000  771.000000  0.000009 
771.000000  772.000000  0.000009 
772.000000  773.000000  0.000009 
773.000000  774.000000  0.000009 
774.000000  775.000000  0.000009 
775.000000  776.000000  0.000009 
776.000000  777.000000  0.000009 
777.000000  778.000000  0.000009 
778.000000  779.000000  0.000009 
779.000000  780.000000  0.000009 
780.000000  781.000000  0.000009 
781.000000  782.000000  0.000009 
782.000000  783.000000  0.000009 
783.000000  784.000000  0.000009 
784.000000  785.000000  0.000009 
785.000000  786.000000  0.000009 
786.000000  787.000000  0.000009 
787.000000  788.000000  0.000009 
788.000000  789.000000  0.000009 
789.000000  790.000000  0.000009 
790.000000  791.000000  0.000009 
791.000000  792.000000  0.000009 
792.000000  793.000000  0.000009 
793.000000  794.000000  0.000009 
794.000000  795.000000  0.000009 
795.000000  796.000000  0.000009 
796.000000  797.000000  0.000009 
797.000000  798.000000  0.000009 
798.000000  799.000000  0.000009 
799.000000  800.000000  0.000009 
