17.000000  18.000000  0.000000 
18.000000  19.000000  0.000000 
19.000000  20.000000  0.000000 
20.000000  21.000000  0.000000 
21.000000  22.000000  0.000000 
22.000000  23.000000  0.000000 
23.000000  24.000000  0.000000 
24.000000  25.000000  0.000000 
25.000000  26.000000  0.000000 
26.000000  27.000000  0.000000 
27.000000  28.000000  0.000000 
28.000000  29.000000  0.000000 
29.000000  30.000000  0.000000 
30.000000  31.000000  0.000000 
31.000000  32.000000  0.000000 
32.000000  33.000000  0.000000 
33.000000  34.000000  0.000000 
34.000000  35.000000  0.000001 
35.000000  36.000000  0.000001 
36.000000  37.000000  0.000001 
37.000000  38.000000  0.000002 
38.000000  39.000000  0.000002 
39.000000  40.000000  0.000003 
40.000000  41.000000  0.000004 
41.000000  42.000000  0.000005 
42.000000  43.000000  0.000006 
43.000000  44.000000  0.000008 
44.000000  45.000000  0.000010 
45.000000  46.000000  0.000012 
46.000000  47.000000  0.000014 
47.000000  48.000000  0.000016 
48.000000  49.000000  0.000019 
49.000000  50.000000  0.000022 
50.000000  51.000000  0.000025 
51.000000  52.000000  0.000029 
52.000000  53.000000  0.000033 
53.000000  54.000000  0.000037 
54.000000  55.000000  0.000042 
55.000000  56.000000  0.000046 
56.000000  57.000000  0.000051 
57.000000  58.000000  0.000056 
58.000000  59.000000  0.000062 
59.000000  60.000000  0.000068 
60.000000  61.000000  0.000073 
61.000000  62.000000  0.000079 
62.000000  63.000000  0.000086 
63.000000  64.000000  0.000092 
64.000000  65.000000  0.000098 
65.000000  66.000000  0.000105 
66.000000  67.000000  0.000112 
67.000000  68.000000  0.000118 
68.000000  69.000000  0.000125 
69.000000  70.000000  0.000132 
70.000000  71.000000  0.000139 
71.000000  72.000000  0.000146 
72.000000  73.000000  0.000153 
73.000000  74.000000  0.000160 
74.000000  75.000000  0.000167 
75.000000  76.000000  0.000174 
76.000000  77.000000  0.000181 
77.000000  78.000000  0.000188 
78.000000  79.000000  0.000194 
79.000000  80.000000  0.000201 
80.000000  81.000000  0.000208 
81.000000  82.000000  0.000214 
82.000000  83.000000  0.000221 
83.000000  84.000000  0.000227 
84.000000  85.000000  0.000234 
85.000000  86.000000  0.000240 
86.000000  87.000000  0.000247 
87.000000  88.000000  0.000253 
88.000000  89.000000  0.000258 
89.000000  90.000000  0.000264 
90.000000  91.000000  0.000270 
91.000000  92.000000  0.000276 
92.000000  93.000000  0.000281 
93.000000  94.000000  0.000287 
94.000000  95.000000  0.000292 
95.000000  96.000000  0.000297 
96.000000  97.000000  0.000302 
97.000000  98.000000  0.000307 
98.000000  99.000000  0.000312 
99.000000  100.000000  0.000317 
100.000000  101.000000  0.000322 
101.000000  102.000000  0.000326 
102.000000  103.000000  0.000331 
103.000000  104.000000  0.000335 
104.000000  105.000000  0.000339 
105.000000  106.000000  0.000344 
106.000000  107.000000  0.000348 
107.000000  108.000000  0.000352 
108.000000  109.000000  0.000356 
109.000000  110.000000  0.000360 
110.000000  111.000000  0.000363 
111.000000  112.000000  0.000367 
112.000000  113.000000  0.000371 
113.000000  114.000000  0.000374 
114.000000  115.000000  0.000378 
115.000000  116.000000  0.000381 
116.000000  117.000000  0.000385 
117.000000  118.000000  0.000388 
118.000000  119.000000  0.000391 
119.000000  120.000000  0.000394 
120.000000  121.000000  0.000398 
121.000000  122.000000  0.000401 
122.000000  123.000000  0.000404 
123.000000  124.000000  0.000407 
124.000000  125.000000  0.000409 
125.000000  126.000000  0.000412 
126.000000  127.000000  0.000415 
127.000000  128.000000  0.000418 
128.000000  129.000000  0.000421 
129.000000  130.000000  0.000423 
130.000000  131.000000  0.000426 
131.000000  132.000000  0.000428 
132.000000  133.000000  0.000431 
133.000000  134.000000  0.000433 
134.000000  135.000000  0.000436 
135.000000  136.000000  0.000438 
136.000000  137.000000  0.000441 
137.000000  138.000000  0.000443 
138.000000  139.000000  0.000445 
139.000000  140.000000  0.000448 
140.000000  141.000000  0.000450 
141.000000  142.000000  0.000452 
142.000000  143.000000  0.000454 
143.000000  144.000000  0.000457 
144.000000  145.000000  0.000459 
145.000000  146.000000  0.000461 
146.000000  147.000000  0.000463 
147.000000  148.000000  0.000465 
148.000000  149.000000  0.000467 
149.000000  150.000000  0.000469 
150.000000  151.000000  0.000471 
151.000000  152.000000  0.000473 
152.000000  153.000000  0.000475 
153.000000  154.000000  0.000477 
154.000000  155.000000  0.000479 
155.000000  156.000000  0.000480 
156.000000  157.000000  0.000482 
157.000000  158.000000  0.000484 
158.000000  159.000000  0.000486 
159.000000  160.000000  0.000488 
160.000000  161.000000  0.000489 
161.000000  162.000000  0.000491 
162.000000  163.000000  0.000493 
163.000000  164.000000  0.000494 
164.000000  165.000000  0.000496 
165.000000  166.000000  0.000498 
166.000000  167.000000  0.000499 
167.000000  168.000000  0.000501 
168.000000  169.000000  0.000502 
169.000000  170.000000  0.000504 
170.000000  171.000000  0.000506 
171.000000  172.000000  0.000507 
172.000000  173.000000  0.000509 
173.000000  174.000000  0.000510 
174.000000  175.000000  0.000512 
175.000000  176.000000  0.000513 
176.000000  177.000000  0.000514 
177.000000  178.000000  0.000516 
178.000000  179.000000  0.000517 
179.000000  180.000000  0.000519 
180.000000  181.000000  0.000520 
181.000000  182.000000  0.000521 
182.000000  183.000000  0.000523 
183.000000  184.000000  0.000524 
184.000000  185.000000  0.000525 
185.000000  186.000000  0.000527 
186.000000  187.000000  0.000528 
187.000000  188.000000  0.000529 
188.000000  189.000000  0.000530 
189.000000  190.000000  0.000531 
190.000000  191.000000  0.000533 
191.000000  192.000000  0.000534 
192.000000  193.000000  0.000535 
193.000000  194.000000  0.000536 
194.000000  195.000000  0.000537 
195.000000  196.000000  0.000538 
196.000000  197.000000  0.000539 
197.000000  198.000000  0.000541 
198.000000  199.000000  0.000542 
199.000000  200.000000  0.000543 
200.000000  201.000000  0.000544 
201.000000  202.000000  0.000545 
202.000000  203.000000  0.000546 
203.000000  204.000000  0.000547 
204.000000  205.000000  0.000548 
205.000000  206.000000  0.000549 
206.000000  207.000000  0.000550 
207.000000  208.000000  0.000551 
208.000000  209.000000  0.000552 
209.000000  210.000000  0.000552 
210.000000  211.000000  0.000553 
211.000000  212.000000  0.000554 
212.000000  213.000000  0.000555 
213.000000  214.000000  0.000556 
214.000000  215.000000  0.000557 
215.000000  216.000000  0.000558 
216.000000  217.000000  0.000559 
217.000000  218.000000  0.000559 
218.000000  219.000000  0.000560 
219.000000  220.000000  0.000561 
220.000000  221.000000  0.000562 
221.000000  222.000000  0.000562 
222.000000  223.000000  0.000563 
223.000000  224.000000  0.000564 
224.000000  225.000000  0.000565 
225.000000  226.000000  0.000565 
226.000000  227.000000  0.000566 
227.000000  228.000000  0.000567 
228.000000  229.000000  0.000568 
229.000000  230.000000  0.000568 
230.000000  231.000000  0.000569 
231.000000  232.000000  0.000570 
232.000000  233.000000  0.000570 
233.000000  234.000000  0.000571 
234.000000  235.000000  0.000571 
235.000000  236.000000  0.000572 
236.000000  237.000000  0.000573 
237.000000  238.000000  0.000573 
238.000000  239.000000  0.000574 
239.000000  240.000000  0.000574 
240.000000  241.000000  0.000575 
241.000000  242.000000  0.000576 
242.000000  243.000000  0.000576 
243.000000  244.000000  0.000577 
244.000000  245.000000  0.000577 
245.000000  246.000000  0.000578 
246.000000  247.000000  0.000578 
247.000000  248.000000  0.000579 
248.000000  249.000000  0.000579 
249.000000  250.000000  0.000580 
250.000000  251.000000  0.000580 
251.000000  252.000000  0.000581 
252.000000  253.000000  0.000581 
253.000000  254.000000  0.000582 
254.000000  255.000000  0.000582 
255.000000  256.000000  0.000583 
256.000000  257.000000  0.000583 
257.000000  258.000000  0.000584 
258.000000  259.000000  0.000584 
259.000000  260.000000  0.000585 
260.000000  261.000000  0.000585 
261.000000  262.000000  0.000585 
262.000000  263.000000  0.000586 
263.000000  264.000000  0.000586 
264.000000  265.000000  0.000587 
265.000000  266.000000  0.000587 
266.000000  267.000000  0.000587 
267.000000  268.000000  0.000588 
268.000000  269.000000  0.000588 
269.000000  270.000000  0.000589 
270.000000  271.000000  0.000589 
271.000000  272.000000  0.000589 
272.000000  273.000000  0.000590 
273.000000  274.000000  0.000590 
274.000000  275.000000  0.000590 
275.000000  276.000000  0.000591 
276.000000  277.000000  0.000591 
277.000000  278.000000  0.000591 
278.000000  279.000000  0.000592 
279.000000  280.000000  0.000592 
280.000000  281.000000  0.000592 
281.000000  282.000000  0.000593 
282.000000  283.000000  0.000593 
283.000000  284.000000  0.000593 
284.000000  285.000000  0.000593 
285.000000  286.000000  0.000594 
286.000000  287.000000  0.000594 
287.000000  288.000000  0.000594 
288.000000  289.000000  0.000595 
289.000000  290.000000  0.000595 
290.000000  291.000000  0.000595 
291.000000  292.000000  0.000595 
292.000000  293.000000  0.000596 
293.000000  294.000000  0.000596 
294.000000  295.000000  0.000596 
295.000000  296.000000  0.000596 
296.000000  297.000000  0.000597 
297.000000  298.000000  0.000597 
298.000000  299.000000  0.000597 
299.000000  300.000000  0.000597 
300.000000  301.000000  0.000598 
301.000000  302.000000  0.000598 
302.000000  303.000000  0.000598 
303.000000  304.000000  0.000598 
304.000000  305.000000  0.000599 
305.000000  306.000000  0.000599 
306.000000  307.000000  0.000599 
307.000000  308.000000  0.000599 
308.000000  309.000000  0.000599 
309.000000  310.000000  0.000600 
310.000000  311.000000  0.000600 
311.000000  312.000000  0.000600 
312.000000  313.000000  0.000600 
313.000000  314.000000  0.000600 
314.000000  315.000000  0.000601 
315.000000  316.000000  0.000601 
316.000000  317.000000  0.000601 
317.000000  318.000000  0.000601 
318.000000  319.000000  0.000601 
319.000000  320.000000  0.000602 
320.000000  321.000000  0.000602 
321.000000  322.000000  0.000602 
322.000000  323.000000  0.000602 
323.000000  324.000000  0.000602 
324.000000  325.000000  0.000602 
325.000000  326.000000  0.000603 
326.000000  327.000000  0.000603 
327.000000  328.000000  0.000603 
328.000000  329.000000  0.000603 
329.000000  330.000000  0.000603 
330.000000  331.000000  0.000603 
331.000000  332.000000  0.000604 
332.000000  333.000000  0.000604 
333.000000  334.000000  0.000604 
334.000000  335.000000  0.000604 
335.000000  336.000000  0.000604 
336.000000  337.000000  0.000604 
337.000000  338.000000  0.000604 
338.000000  339.000000  0.000605 
339.000000  340.000000  0.000605 
340.000000  341.000000  0.000605 
341.000000  342.000000  0.000605 
342.000000  343.000000  0.000605 
343.000000  344.000000  0.000605 
344.000000  345.000000  0.000605 
345.000000  346.000000  0.000605 
346.000000  347.000000  0.000606 
347.000000  348.000000  0.000606 
348.000000  349.000000  0.000606 
349.000000  350.000000  0.000606 
350.000000  351.000000  0.000606 
351.000000  352.000000  0.000606 
352.000000  353.000000  0.000606 
353.000000  354.000000  0.000606 
354.000000  355.000000  0.000607 
355.000000  356.000000  0.000607 
356.000000  357.000000  0.000607 
357.000000  358.000000  0.000607 
358.000000  359.000000  0.000607 
359.000000  360.000000  0.000607 
360.000000  361.000000  0.000607 
361.000000  362.000000  0.000607 
362.000000  363.000000  0.000607 
363.000000  364.000000  0.000607 
364.000000  365.000000  0.000608 
365.000000  366.000000  0.000608 
366.000000  367.000000  0.000608 
367.000000  368.000000  0.000608 
368.000000  369.000000  0.000608 
369.000000  370.000000  0.000608 
370.000000  371.000000  0.000608 
371.000000  372.000000  0.000608 
372.000000  373.000000  0.000608 
373.000000  374.000000  0.000608 
374.000000  375.000000  0.000608 
375.000000  376.000000  0.000609 
376.000000  377.000000  0.000609 
377.000000  378.000000  0.000609 
378.000000  379.000000  0.000609 
379.000000  380.000000  0.000609 
380.000000  381.000000  0.000609 
381.000000  382.000000  0.000609 
382.000000  383.000000  0.000609 
383.000000  384.000000  0.000609 
384.000000  385.000000  0.000609 
385.000000  386.000000  0.000609 
386.000000  387.000000  0.000609 
387.000000  388.000000  0.000610 
388.000000  389.000000  0.000610 
389.000000  390.000000  0.000610 
390.000000  391.000000  0.000610 
391.000000  392.000000  0.000610 
392.000000  393.000000  0.000610 
393.000000  394.000000  0.000610 
394.000000  395.000000  0.000610 
395.000000  396.000000  0.000610 
396.000000  397.000000  0.000610 
397.000000  398.000000  0.000610 
398.000000  399.000000  0.000610 
399.000000  400.000000  0.000610 
400.000000  401.000000  0.000610 
401.000000  402.000000  0.000610 
402.000000  403.000000  0.000611 
403.000000  404.000000  0.000611 
404.000000  405.000000  0.000611 
405.000000  406.000000  0.000611 
406.000000  407.000000  0.000611 
407.000000  408.000000  0.000611 
408.000000  409.000000  0.000611 
409.000000  410.000000  0.000611 
410.000000  411.000000  0.000611 
411.000000  412.000000  0.000611 
412.000000  413.000000  0.000611 
413.000000  414.000000  0.000611 
414.000000  415.000000  0.000611 
415.000000  416.000000  0.000611 
416.000000  417.000000  0.000611 
417.000000  418.000000  0.000611 
418.000000  419.000000  0.000611 
419.000000  420.000000  0.000611 
420.000000  421.000000  0.000611 
421.000000  422.000000  0.000612 
422.000000  423.000000  0.000612 
423.000000  424.000000  0.000612 
424.000000  425.000000  0.000612 
425.000000  426.000000  0.000612 
426.000000  427.000000  0.000612 
427.000000  428.000000  0.000612 
428.000000  429.000000  0.000612 
429.000000  430.000000  0.000612 
430.000000  431.000000  0.000612 
431.000000  432.000000  0.000612 
432.000000  433.000000  0.000612 
433.000000  434.000000  0.000612 
434.000000  435.000000  0.000612 
435.000000  436.000000  0.000612 
436.000000  437.000000  0.000612 
437.000000  438.000000  0.000612 
438.000000  439.000000  0.000612 
439.000000  440.000000  0.000612 
440.000000  441.000000  0.000612 
441.000000  442.000000  0.000612 
442.000000  443.000000  0.000612 
443.000000  444.000000  0.000612 
444.000000  445.000000  0.000613 
445.000000  446.000000  0.000613 
446.000000  447.000000  0.000613 
447.000000  448.000000  0.000613 
448.000000  449.000000  0.000613 
449.000000  450.000000  0.000613 
450.000000  451.000000  0.000613 
451.000000  452.000000  0.000613 
452.000000  453.000000  0.000613 
453.000000  454.000000  0.000613 
454.000000  455.000000  0.000613 
455.000000  456.000000  0.000613 
456.000000  457.000000  0.000613 
457.000000  458.000000  0.000613 
458.000000  459.000000  0.000613 
459.000000  460.000000  0.000613 
460.000000  461.000000  0.000613 
461.000000  462.000000  0.000613 
462.000000  463.000000  0.000613 
463.000000  464.000000  0.000613 
464.000000  465.000000  0.000613 
465.000000  466.000000  0.000613 
466.000000  467.000000  0.000613 
467.000000  468.000000  0.000613 
468.000000  469.000000  0.000613 
469.000000  470.000000  0.000613 
470.000000  471.000000  0.000613 
471.000000  472.000000  0.000613 
472.000000  473.000000  0.000613 
473.000000  474.000000  0.000613 
474.000000  475.000000  0.000614 
475.000000  476.000000  0.000614 
476.000000  477.000000  0.000614 
477.000000  478.000000  0.000614 
478.000000  479.000000  0.000614 
479.000000  480.000000  0.000614 
480.000000  481.000000  0.000614 
481.000000  482.000000  0.000614 
482.000000  483.000000  0.000614 
483.000000  484.000000  0.000614 
484.000000  485.000000  0.000614 
485.000000  486.000000  0.000614 
486.000000  487.000000  0.000614 
487.000000  488.000000  0.000614 
488.000000  489.000000  0.000614 
489.000000  490.000000  0.000614 
490.000000  491.000000  0.000614 
491.000000  492.000000  0.000614 
492.000000  493.000000  0.000614 
493.000000  494.000000  0.000614 
494.000000  495.000000  0.000614 
495.000000  496.000000  0.000614 
496.000000  497.000000  0.000614 
497.000000  498.000000  0.000614 
498.000000  499.000000  0.000614 
499.000000  500.000000  0.000614 
500.000000  501.000000  0.000614 
501.000000  502.000000  0.000614 
502.000000  503.000000  0.000614 
503.000000  504.000000  0.000614 
504.000000  505.000000  0.000614 
505.000000  506.000000  0.000614 
506.000000  507.000000  0.000614 
507.000000  508.000000  0.000614 
508.000000  509.000000  0.000614 
509.000000  510.000000  0.000614 
510.000000  511.000000  0.000614 
511.000000  512.000000  0.000614 
512.000000  513.000000  0.000614 
513.000000  514.000000  0.000614 
514.000000  515.000000  0.000614 
515.000000  516.000000  0.000614 
516.000000  517.000000  0.000614 
517.000000  518.000000  0.000614 
518.000000  519.000000  0.000614 
519.000000  520.000000  0.000614 
520.000000  521.000000  0.000614 
521.000000  522.000000  0.000615 
522.000000  523.000000  0.000615 
523.000000  524.000000  0.000615 
524.000000  525.000000  0.000615 
525.000000  526.000000  0.000615 
526.000000  527.000000  0.000615 
527.000000  528.000000  0.000615 
528.000000  529.000000  0.000615 
529.000000  530.000000  0.000615 
530.000000  531.000000  0.000615 
531.000000  532.000000  0.000615 
532.000000  533.000000  0.000615 
533.000000  534.000000  0.000615 
534.000000  535.000000  0.000615 
535.000000  536.000000  0.000615 
536.000000  537.000000  0.000615 
537.000000  538.000000  0.000615 
538.000000  539.000000  0.000615 
539.000000  540.000000  0.000615 
540.000000  541.000000  0.000615 
541.000000  542.000000  0.000615 
542.000000  543.000000  0.000615 
543.000000  544.000000  0.000615 
544.000000  545.000000  0.000615 
545.000000  546.000000  0.000615 
546.000000  547.000000  0.000615 
547.000000  548.000000  0.000615 
548.000000  549.000000  0.000615 
549.000000  550.000000  0.000615 
550.000000  551.000000  0.000615 
551.000000  552.000000  0.000615 
552.000000  553.000000  0.000615 
553.000000  554.000000  0.000615 
554.000000  555.000000  0.000615 
555.000000  556.000000  0.000615 
556.000000  557.000000  0.000615 
557.000000  558.000000  0.000615 
558.000000  559.000000  0.000615 
559.000000  560.000000  0.000615 
560.000000  561.000000  0.000615 
561.000000  562.000000  0.000615 
562.000000  563.000000  0.000615 
563.000000  564.000000  0.000615 
564.000000  565.000000  0.000615 
565.000000  566.000000  0.000615 
566.000000  567.000000  0.000615 
567.000000  568.000000  0.000615 
568.000000  569.000000  0.000615 
569.000000  570.000000  0.000615 
570.000000  571.000000  0.000615 
571.000000  572.000000  0.000615 
572.000000  573.000000  0.000615 
573.000000  574.000000  0.000615 
574.000000  575.000000  0.000615 
575.000000  576.000000  0.000615 
576.000000  577.000000  0.000615 
577.000000  578.000000  0.000615 
578.000000  579.000000  0.000615 
579.000000  580.000000  0.000615 
580.000000  581.000000  0.000615 
581.000000  582.000000  0.000615 
582.000000  583.000000  0.000615 
583.000000  584.000000  0.000615 
584.000000  585.000000  0.000615 
585.000000  586.000000  0.000615 
586.000000  587.000000  0.000615 
587.000000  588.000000  0.000615 
588.000000  589.000000  0.000615 
589.000000  590.000000  0.000615 
590.000000  591.000000  0.000615 
591.000000  592.000000  0.000615 
592.000000  593.000000  0.000615 
593.000000  594.000000  0.000615 
594.000000  595.000000  0.000615 
595.000000  596.000000  0.000615 
596.000000  597.000000  0.000615 
597.000000  598.000000  0.000615 
598.000000  599.000000  0.000615 
599.000000  600.000000  0.000615 
600.000000  601.000000  0.000615 
601.000000  602.000000  0.000615 
602.000000  603.000000  0.000615 
603.000000  604.000000  0.000615 
604.000000  605.000000  0.000615 
605.000000  606.000000  0.000615 
606.000000  607.000000  0.000615 
607.000000  608.000000  0.000615 
608.000000  609.000000  0.000615 
609.000000  610.000000  0.000615 
610.000000  611.000000  0.000615 
611.000000  612.000000  0.000615 
612.000000  613.000000  0.000615 
613.000000  614.000000  0.000615 
614.000000  615.000000  0.000615 
615.000000  616.000000  0.000615 
616.000000  617.000000  0.000615 
617.000000  618.000000  0.000615 
618.000000  619.000000  0.000615 
619.000000  620.000000  0.000616 
620.000000  621.000000  0.000616 
621.000000  622.000000  0.000616 
622.000000  623.000000  0.000616 
623.000000  624.000000  0.000616 
624.000000  625.000000  0.000616 
625.000000  626.000000  0.000616 
626.000000  627.000000  0.000616 
627.000000  628.000000  0.000616 
628.000000  629.000000  0.000616 
629.000000  630.000000  0.000616 
630.000000  631.000000  0.000616 
631.000000  632.000000  0.000616 
632.000000  633.000000  0.000616 
633.000000  634.000000  0.000616 
634.000000  635.000000  0.000616 
635.000000  636.000000  0.000616 
636.000000  637.000000  0.000616 
637.000000  638.000000  0.000616 
638.000000  639.000000  0.000616 
639.000000  640.000000  0.000616 
640.000000  641.000000  0.000616 
641.000000  642.000000  0.000616 
642.000000  643.000000  0.000616 
643.000000  644.000000  0.000616 
644.000000  645.000000  0.000616 
645.000000  646.000000  0.000616 
646.000000  647.000000  0.000616 
647.000000  648.000000  0.000616 
648.000000  649.000000  0.000616 
649.000000  650.000000  0.000616 
650.000000  651.000000  0.000616 
651.000000  652.000000  0.000616 
652.000000  653.000000  0.000616 
653.000000  654.000000  0.000616 
654.000000  655.000000  0.000616 
655.000000  656.000000  0.000616 
656.000000  657.000000  0.000616 
657.000000  658.000000  0.000616 
658.000000  659.000000  0.000616 
659.000000  660.000000  0.000616 
660.000000  661.000000  0.000616 
661.000000  662.000000  0.000616 
662.000000  663.000000  0.000616 
663.000000  664.000000  0.000616 
664.000000  665.000000  0.000616 
665.000000  666.000000  0.000616 
666.000000  667.000000  0.000616 
667.000000  668.000000  0.000616 
668.000000  669.000000  0.000616 
669.000000  670.000000  0.000616 
670.000000  671.000000  0.000616 
671.000000  672.000000  0.000616 
672.000000  673.000000  0.000616 
673.000000  674.000000  0.000616 
674.000000  675.000000  0.000616 
675.000000  676.000000  0.000616 
676.000000  677.000000  0.000616 
677.000000  678.000000  0.000616 
678.000000  679.000000  0.000616 
679.000000  680.000000  0.000616 
680.000000  681.000000  0.000616 
681.000000  682.000000  0.000616 
682.000000  683.000000  0.000616 
683.000000  684.000000  0.000616 
684.000000  685.000000  0.000616 
685.000000  686.000000  0.000616 
686.000000  687.000000  0.000616 
687.000000  688.000000  0.000616 
688.000000  689.000000  0.000616 
689.000000  690.000000  0.000616 
690.000000  691.000000  0.000616 
691.000000  692.000000  0.000616 
692.000000  693.000000  0.000616 
693.000000  694.000000  0.000616 
694.000000  695.000000  0.000616 
695.000000  696.000000  0.000616 
696.000000  697.000000  0.000616 
697.000000  698.000000  0.000616 
698.000000  699.000000  0.000616 
699.000000  700.000000  0.000616 
700.000000  701.000000  0.000616 
701.000000  702.000000  0.000616 
702.000000  703.000000  0.000616 
703.000000  704.000000  0.000616 
704.000000  705.000000  0.000616 
705.000000  706.000000  0.000616 
706.000000  707.000000  0.000616 
707.000000  708.000000  0.000616 
708.000000  709.000000  0.000616 
709.000000  710.000000  0.000616 
710.000000  711.000000  0.000616 
711.000000  712.000000  0.000616 
712.000000  713.000000  0.000616 
713.000000  714.000000  0.000616 
714.000000  715.000000  0.000616 
715.000000  716.000000  0.000616 
716.000000  717.000000  0.000616 
717.000000  718.000000  0.000616 
718.000000  719.000000  0.000616 
719.000000  720.000000  0.000616 
720.000000  721.000000  0.000616 
721.000000  722.000000  0.000616 
722.000000  723.000000  0.000616 
723.000000  724.000000  0.000616 
724.000000  725.000000  0.000616 
725.000000  726.000000  0.000616 
726.000000  727.000000  0.000616 
727.000000  728.000000  0.000616 
728.000000  729.000000  0.000616 
729.000000  730.000000  0.000616 
730.000000  731.000000  0.000616 
731.000000  732.000000  0.000616 
732.000000  733.000000  0.000616 
733.000000  734.000000  0.000616 
734.000000  735.000000  0.000616 
735.000000  736.000000  0.000616 
736.000000  737.000000  0.000616 
737.000000  738.000000  0.000616 
738.000000  739.000000  0.000616 
739.000000  740.000000  0.000616 
740.000000  741.000000  0.000616 
741.000000  742.000000  0.000616 
742.000000  743.000000  0.000616 
743.000000  744.000000  0.000616 
744.000000  745.000000  0.000616 
745.000000  746.000000  0.000616 
746.000000  747.000000  0.000616 
747.000000  748.000000  0.000616 
748.000000  749.000000  0.000616 
749.000000  750.000000  0.000616 
750.000000  751.000000  0.000616 
751.000000  752.000000  0.000616 
752.000000  753.000000  0.000616 
753.000000  754.000000  0.000616 
754.000000  755.000000  0.000616 
755.000000  756.000000  0.000616 
756.000000  757.000000  0.000616 
757.000000  758.000000  0.000616 
758.000000  759.000000  0.000616 
759.000000  760.000000  0.000616 
760.000000  761.000000  0.000616 
761.000000  762.000000  0.000616 
762.000000  763.000000  0.000616 
763.000000  764.000000  0.000616 
764.000000  765.000000  0.000616 
765.000000  766.000000  0.000616 
766.000000  767.000000  0.000616 
767.000000  768.000000  0.000616 
768.000000  769.000000  0.000616 
769.000000  770.000000  0.000616 
770.000000  771.000000  0.000616 
771.000000  772.000000  0.000616 
772.000000  773.000000  0.000616 
773.000000  774.000000  0.000616 
774.000000  775.000000  0.000616 
775.000000  776.000000  0.000616 
776.000000  777.000000  0.000616 
777.000000  778.000000  0.000616 
778.000000  779.000000  0.000616 
779.000000  780.000000  0.000616 
780.000000  781.000000  0.000616 
781.000000  782.000000  0.000616 
782.000000  783.000000  0.000616 
783.000000  784.000000  0.000616 
784.000000  785.000000  0.000616 
785.000000  786.000000  0.000616 
786.000000  787.000000  0.000616 
787.000000  788.000000  0.000616 
788.000000  789.000000  0.000616 
789.000000  790.000000  0.000616 
790.000000  791.000000  0.000616 
791.000000  792.000000  0.000616 
792.000000  793.000000  0.000616 
793.000000  794.000000  0.000616 
794.000000  795.000000  0.000616 
795.000000  796.000000  0.000616 
796.000000  797.000000  0.000616 
797.000000  798.000000  0.000616 
798.000000  799.000000  0.000616 
799.000000  800.000000  0.000616 
