17.000000  18.000000  -0.000000 
18.000000  19.000000  -0.000000 
19.000000  20.000000  -0.000000 
20.000000  21.000000  -0.000000 
21.000000  22.000000  -0.000000 
22.000000  23.000000  -0.000000 
23.000000  24.000000  -0.000000 
24.000000  25.000000  -0.000000 
25.000000  26.000000  -0.000000 
26.000000  27.000000  -0.000000 
27.000000  28.000000  -0.000000 
28.000000  29.000000  -0.000000 
29.000000  30.000000  -0.000000 
30.000000  31.000000  -0.000000 
31.000000  32.000000  -0.000000 
32.000000  33.000000  -0.000000 
33.000000  34.000000  -0.000000 
34.000000  35.000000  -0.000000 
35.000000  36.000000  -0.000000 
36.000000  37.000000  -0.000000 
37.000000  38.000000  -0.000000 
38.000000  39.000000  -0.000000 
39.000000  40.000000  -0.000000 
40.000000  41.000000  -0.000000 
41.000000  42.000000  -0.000000 
42.000000  43.000000  -0.000000 
43.000000  44.000000  -0.000000 
44.000000  45.000000  -0.000000 
45.000000  46.000000  -0.000000 
46.000000  47.000000  -0.000000 
47.000000  48.000000  -0.000000 
48.000000  49.000000  -0.000001 
49.000000  50.000000  -0.000001 
50.000000  51.000000  -0.000001 
51.000000  52.000000  -0.000001 
52.000000  53.000000  -0.000001 
53.000000  54.000000  -0.000002 
54.000000  55.000000  -0.000002 
55.000000  56.000000  -0.000002 
56.000000  57.000000  -0.000002 
57.000000  58.000000  -0.000003 
58.000000  59.000000  -0.000003 
59.000000  60.000000  -0.000004 
60.000000  61.000000  -0.000004 
61.000000  62.000000  -0.000004 
62.000000  63.000000  -0.000005 
63.000000  64.000000  -0.000005 
64.000000  65.000000  -0.000006 
65.000000  66.000000  -0.000006 
66.000000  67.000000  -0.000007 
67.000000  68.000000  -0.000007 
68.000000  69.000000  -0.000008 
69.000000  70.000000  -0.000008 
70.000000  71.000000  -0.000009 
71.000000  72.000000  -0.000009 
72.000000  73.000000  -0.000009 
73.000000  74.000000  -0.000009 
74.000000  75.000000  -0.000010 
75.000000  76.000000  -0.000010 
76.000000  77.000000  -0.000010 
77.000000  78.000000  -0.000010 
78.000000  79.000000  -0.000009 
79.000000  80.000000  -0.000009 
80.000000  81.000000  -0.000009 
81.000000  82.000000  -0.000008 
82.000000  83.000000  -0.000007 
83.000000  84.000000  -0.000006 
84.000000  85.000000  -0.000005 
85.000000  86.000000  -0.000004 
86.000000  87.000000  -0.000003 
87.000000  88.000000  -0.000001 
88.000000  89.000000  0.000001 
89.000000  90.000000  0.000003 
90.000000  91.000000  0.000005 
91.000000  92.000000  0.000007 
92.000000  93.000000  0.000010 
93.000000  94.000000  0.000013 
94.000000  95.000000  0.000016 
95.000000  96.000000  0.000019 
96.000000  97.000000  0.000022 
97.000000  98.000000  0.000026 
98.000000  99.000000  0.000030 
99.000000  100.000000  0.000034 
100.000000  101.000000  0.000038 
101.000000  102.000000  0.000043 
102.000000  103.000000  0.000048 
103.000000  104.000000  0.000053 
104.000000  105.000000  0.000058 
105.000000  106.000000  0.000063 
106.000000  107.000000  0.000069 
107.000000  108.000000  0.000074 
108.000000  109.000000  0.000080 
109.000000  110.000000  0.000086 
110.000000  111.000000  0.000093 
111.000000  112.000000  0.000099 
112.000000  113.000000  0.000105 
113.000000  114.000000  0.000112 
114.000000  115.000000  0.000119 
115.000000  116.000000  0.000125 
116.000000  117.000000  0.000132 
117.000000  118.000000  0.000139 
118.000000  119.000000  0.000146 
119.000000  120.000000  0.000153 
120.000000  121.000000  0.000160 
121.000000  122.000000  0.000167 
122.000000  123.000000  0.000174 
123.000000  124.000000  0.000181 
124.000000  125.000000  0.000188 
125.000000  126.000000  0.000195 
126.000000  127.000000  0.000202 
127.000000  128.000000  0.000209 
128.000000  129.000000  0.000216 
129.000000  130.000000  0.000222 
130.000000  131.000000  0.000229 
131.000000  132.000000  0.000235 
132.000000  133.000000  0.000242 
133.000000  134.000000  0.000248 
134.000000  135.000000  0.000255 
135.000000  136.000000  0.000261 
136.000000  137.000000  0.000267 
137.000000  138.000000  0.000272 
138.000000  139.000000  0.000278 
139.000000  140.000000  0.000284 
140.000000  141.000000  0.000289 
141.000000  142.000000  0.000294 
142.000000  143.000000  0.000299 
143.000000  144.000000  0.000304 
144.000000  145.000000  0.000309 
145.000000  146.000000  0.000313 
146.000000  147.000000  0.000318 
147.000000  148.000000  0.000322 
148.000000  149.000000  0.000326 
149.000000  150.000000  0.000329 
150.000000  151.000000  0.000333 
151.000000  152.000000  0.000336 
152.000000  153.000000  0.000340 
153.000000  154.000000  0.000343 
154.000000  155.000000  0.000346 
155.000000  156.000000  0.000348 
156.000000  157.000000  0.000351 
157.000000  158.000000  0.000353 
158.000000  159.000000  0.000355 
159.000000  160.000000  0.000357 
160.000000  161.000000  0.000359 
161.000000  162.000000  0.000360 
162.000000  163.000000  0.000362 
163.000000  164.000000  0.000363 
164.000000  165.000000  0.000364 
165.000000  166.000000  0.000365 
166.000000  167.000000  0.000366 
167.000000  168.000000  0.000367 
168.000000  169.000000  0.000367 
169.000000  170.000000  0.000367 
170.000000  171.000000  0.000368 
171.000000  172.000000  0.000368 
172.000000  173.000000  0.000367 
173.000000  174.000000  0.000367 
174.000000  175.000000  0.000367 
175.000000  176.000000  0.000366 
176.000000  177.000000  0.000366 
177.000000  178.000000  0.000365 
178.000000  179.000000  0.000364 
179.000000  180.000000  0.000363 
180.000000  181.000000  0.000362 
181.000000  182.000000  0.000361 
182.000000  183.000000  0.000360 
183.000000  184.000000  0.000359 
184.000000  185.000000  0.000357 
185.000000  186.000000  0.000356 
186.000000  187.000000  0.000354 
187.000000  188.000000  0.000352 
188.000000  189.000000  0.000351 
189.000000  190.000000  0.000349 
190.000000  191.000000  0.000347 
191.000000  192.000000  0.000345 
192.000000  193.000000  0.000343 
193.000000  194.000000  0.000341 
194.000000  195.000000  0.000339 
195.000000  196.000000  0.000337 
196.000000  197.000000  0.000335 
197.000000  198.000000  0.000332 
198.000000  199.000000  0.000330 
199.000000  200.000000  0.000328 
200.000000  201.000000  0.000325 
201.000000  202.000000  0.000323 
202.000000  203.000000  0.000320 
203.000000  204.000000  0.000318 
204.000000  205.000000  0.000315 
205.000000  206.000000  0.000313 
206.000000  207.000000  0.000310 
207.000000  208.000000  0.000308 
208.000000  209.000000  0.000305 
209.000000  210.000000  0.000302 
210.000000  211.000000  0.000300 
211.000000  212.000000  0.000297 
212.000000  213.000000  0.000294 
213.000000  214.000000  0.000292 
214.000000  215.000000  0.000289 
215.000000  216.000000  0.000286 
216.000000  217.000000  0.000284 
217.000000  218.000000  0.000281 
218.000000  219.000000  0.000278 
219.000000  220.000000  0.000276 
220.000000  221.000000  0.000273 
221.000000  222.000000  0.000270 
222.000000  223.000000  0.000268 
223.000000  224.000000  0.000265 
224.000000  225.000000  0.000262 
225.000000  226.000000  0.000260 
226.000000  227.000000  0.000257 
227.000000  228.000000  0.000254 
228.000000  229.000000  0.000252 
229.000000  230.000000  0.000249 
230.000000  231.000000  0.000246 
231.000000  232.000000  0.000244 
232.000000  233.000000  0.000241 
233.000000  234.000000  0.000239 
234.000000  235.000000  0.000236 
235.000000  236.000000  0.000234 
236.000000  237.000000  0.000231 
237.000000  238.000000  0.000229 
238.000000  239.000000  0.000226 
239.000000  240.000000  0.000224 
240.000000  241.000000  0.000221 
241.000000  242.000000  0.000219 
242.000000  243.000000  0.000216 
243.000000  244.000000  0.000214 
244.000000  245.000000  0.000211 
245.000000  246.000000  0.000209 
246.000000  247.000000  0.000207 
247.000000  248.000000  0.000204 
248.000000  249.000000  0.000202 
249.000000  250.000000  0.000200 
250.000000  251.000000  0.000198 
251.000000  252.000000  0.000195 
252.000000  253.000000  0.000193 
253.000000  254.000000  0.000191 
254.000000  255.000000  0.000189 
255.000000  256.000000  0.000186 
256.000000  257.000000  0.000184 
257.000000  258.000000  0.000182 
258.000000  259.000000  0.000180 
259.000000  260.000000  0.000178 
260.000000  261.000000  0.000176 
261.000000  262.000000  0.000174 
262.000000  263.000000  0.000172 
263.000000  264.000000  0.000170 
264.000000  265.000000  0.000168 
265.000000  266.000000  0.000166 
266.000000  267.000000  0.000164 
267.000000  268.000000  0.000162 
268.000000  269.000000  0.000160 
269.000000  270.000000  0.000158 
270.000000  271.000000  0.000157 
271.000000  272.000000  0.000155 
272.000000  273.000000  0.000153 
273.000000  274.000000  0.000151 
274.000000  275.000000  0.000149 
275.000000  276.000000  0.000148 
276.000000  277.000000  0.000146 
277.000000  278.000000  0.000144 
278.000000  279.000000  0.000142 
279.000000  280.000000  0.000141 
280.000000  281.000000  0.000139 
281.000000  282.000000  0.000137 
282.000000  283.000000  0.000136 
283.000000  284.000000  0.000134 
284.000000  285.000000  0.000133 
285.000000  286.000000  0.000131 
286.000000  287.000000  0.000130 
287.000000  288.000000  0.000128 
288.000000  289.000000  0.000127 
289.000000  290.000000  0.000125 
290.000000  291.000000  0.000124 
291.000000  292.000000  0.000122 
292.000000  293.000000  0.000121 
293.000000  294.000000  0.000119 
294.000000  295.000000  0.000118 
295.000000  296.000000  0.000117 
296.000000  297.000000  0.000115 
297.000000  298.000000  0.000114 
298.000000  299.000000  0.000113 
299.000000  300.000000  0.000111 
300.000000  301.000000  0.000110 
301.000000  302.000000  0.000109 
302.000000  303.000000  0.000107 
303.000000  304.000000  0.000106 
304.000000  305.000000  0.000105 
305.000000  306.000000  0.000104 
306.000000  307.000000  0.000103 
307.000000  308.000000  0.000101 
308.000000  309.000000  0.000100 
309.000000  310.000000  0.000099 
310.000000  311.000000  0.000098 
311.000000  312.000000  0.000097 
312.000000  313.000000  0.000096 
313.000000  314.000000  0.000095 
314.000000  315.000000  0.000094 
315.000000  316.000000  0.000092 
316.000000  317.000000  0.000091 
317.000000  318.000000  0.000090 
318.000000  319.000000  0.000089 
319.000000  320.000000  0.000088 
320.000000  321.000000  0.000087 
321.000000  322.000000  0.000086 
322.000000  323.000000  0.000085 
323.000000  324.000000  0.000084 
324.000000  325.000000  0.000083 
325.000000  326.000000  0.000083 
326.000000  327.000000  0.000082 
327.000000  328.000000  0.000081 
328.000000  329.000000  0.000080 
329.000000  330.000000  0.000079 
330.000000  331.000000  0.000078 
331.000000  332.000000  0.000077 
332.000000  333.000000  0.000076 
333.000000  334.000000  0.000075 
334.000000  335.000000  0.000075 
335.000000  336.000000  0.000074 
336.000000  337.000000  0.000073 
337.000000  338.000000  0.000072 
338.000000  339.000000  0.000071 
339.000000  340.000000  0.000071 
340.000000  341.000000  0.000070 
341.000000  342.000000  0.000069 
342.000000  343.000000  0.000068 
343.000000  344.000000  0.000068 
344.000000  345.000000  0.000067 
345.000000  346.000000  0.000066 
346.000000  347.000000  0.000065 
347.000000  348.000000  0.000065 
348.000000  349.000000  0.000064 
349.000000  350.000000  0.000063 
350.000000  351.000000  0.000063 
351.000000  352.000000  0.000062 
352.000000  353.000000  0.000061 
353.000000  354.000000  0.000061 
354.000000  355.000000  0.000060 
355.000000  356.000000  0.000059 
356.000000  357.000000  0.000059 
357.000000  358.000000  0.000058 
358.000000  359.000000  0.000058 
359.000000  360.000000  0.000057 
360.000000  361.000000  0.000056 
361.000000  362.000000  0.000056 
362.000000  363.000000  0.000055 
363.000000  364.000000  0.000055 
364.000000  365.000000  0.000054 
365.000000  366.000000  0.000053 
366.000000  367.000000  0.000053 
367.000000  368.000000  0.000052 
368.000000  369.000000  0.000052 
369.000000  370.000000  0.000051 
370.000000  371.000000  0.000051 
371.000000  372.000000  0.000050 
372.000000  373.000000  0.000050 
373.000000  374.000000  0.000049 
374.000000  375.000000  0.000049 
375.000000  376.000000  0.000048 
376.000000  377.000000  0.000048 
377.000000  378.000000  0.000047 
378.000000  379.000000  0.000047 
379.000000  380.000000  0.000046 
380.000000  381.000000  0.000046 
381.000000  382.000000  0.000045 
382.000000  383.000000  0.000045 
383.000000  384.000000  0.000044 
384.000000  385.000000  0.000044 
385.000000  386.000000  0.000044 
386.000000  387.000000  0.000043 
387.000000  388.000000  0.000043 
388.000000  389.000000  0.000042 
389.000000  390.000000  0.000042 
390.000000  391.000000  0.000041 
391.000000  392.000000  0.000041 
392.000000  393.000000  0.000041 
393.000000  394.000000  0.000040 
394.000000  395.000000  0.000040 
395.000000  396.000000  0.000039 
396.000000  397.000000  0.000039 
397.000000  398.000000  0.000039 
398.000000  399.000000  0.000038 
399.000000  400.000000  0.000038 
400.000000  401.000000  0.000038 
401.000000  402.000000  0.000037 
402.000000  403.000000  0.000037 
403.000000  404.000000  0.000037 
404.000000  405.000000  0.000036 
405.000000  406.000000  0.000036 
406.000000  407.000000  0.000035 
407.000000  408.000000  0.000035 
408.000000  409.000000  0.000035 
409.000000  410.000000  0.000034 
410.000000  411.000000  0.000034 
411.000000  412.000000  0.000034 
412.000000  413.000000  0.000034 
413.000000  414.000000  0.000033 
414.000000  415.000000  0.000033 
415.000000  416.000000  0.000033 
416.000000  417.000000  0.000032 
417.000000  418.000000  0.000032 
418.000000  419.000000  0.000032 
419.000000  420.000000  0.000031 
420.000000  421.000000  0.000031 
421.000000  422.000000  0.000031 
422.000000  423.000000  0.000031 
423.000000  424.000000  0.000030 
424.000000  425.000000  0.000030 
425.000000  426.000000  0.000030 
426.000000  427.000000  0.000029 
427.000000  428.000000  0.000029 
428.000000  429.000000  0.000029 
429.000000  430.000000  0.000029 
430.000000  431.000000  0.000028 
431.000000  432.000000  0.000028 
432.000000  433.000000  0.000028 
433.000000  434.000000  0.000028 
434.000000  435.000000  0.000027 
435.000000  436.000000  0.000027 
436.000000  437.000000  0.000027 
437.000000  438.000000  0.000027 
438.000000  439.000000  0.000027 
439.000000  440.000000  0.000026 
440.000000  441.000000  0.000026 
441.000000  442.000000  0.000026 
442.000000  443.000000  0.000026 
443.000000  444.000000  0.000025 
444.000000  445.000000  0.000025 
445.000000  446.000000  0.000025 
446.000000  447.000000  0.000025 
447.000000  448.000000  0.000025 
448.000000  449.000000  0.000024 
449.000000  450.000000  0.000024 
450.000000  451.000000  0.000024 
451.000000  452.000000  0.000024 
452.000000  453.000000  0.000024 
453.000000  454.000000  0.000023 
454.000000  455.000000  0.000023 
455.000000  456.000000  0.000023 
456.000000  457.000000  0.000023 
457.000000  458.000000  0.000023 
458.000000  459.000000  0.000022 
459.000000  460.000000  0.000022 
460.000000  461.000000  0.000022 
461.000000  462.000000  0.000022 
462.000000  463.000000  0.000022 
463.000000  464.000000  0.000021 
464.000000  465.000000  0.000021 
465.000000  466.000000  0.000021 
466.000000  467.000000  0.000021 
467.000000  468.000000  0.000021 
468.000000  469.000000  0.000021 
469.000000  470.000000  0.000020 
470.000000  471.000000  0.000020 
471.000000  472.000000  0.000020 
472.000000  473.000000  0.000020 
473.000000  474.000000  0.000020 
474.000000  475.000000  0.000020 
475.000000  476.000000  0.000020 
476.000000  477.000000  0.000019 
477.000000  478.000000  0.000019 
478.000000  479.000000  0.000019 
479.000000  480.000000  0.000019 
480.000000  481.000000  0.000019 
481.000000  482.000000  0.000019 
482.000000  483.000000  0.000019 
483.000000  484.000000  0.000018 
484.000000  485.000000  0.000018 
485.000000  486.000000  0.000018 
486.000000  487.000000  0.000018 
487.000000  488.000000  0.000018 
488.000000  489.000000  0.000018 
489.000000  490.000000  0.000018 
490.000000  491.000000  0.000017 
491.000000  492.000000  0.000017 
492.000000  493.000000  0.000017 
493.000000  494.000000  0.000017 
494.000000  495.000000  0.000017 
495.000000  496.000000  0.000017 
496.000000  497.000000  0.000017 
497.000000  498.000000  0.000017 
498.000000  499.000000  0.000016 
499.000000  500.000000  0.000016 
500.000000  501.000000  0.000016 
501.000000  502.000000  0.000016 
502.000000  503.000000  0.000016 
503.000000  504.000000  0.000016 
504.000000  505.000000  0.000016 
505.000000  506.000000  0.000016 
506.000000  507.000000  0.000016 
507.000000  508.000000  0.000015 
508.000000  509.000000  0.000015 
509.000000  510.000000  0.000015 
510.000000  511.000000  0.000015 
511.000000  512.000000  0.000015 
512.000000  513.000000  0.000015 
513.000000  514.000000  0.000015 
514.000000  515.000000  0.000015 
515.000000  516.000000  0.000015 
516.000000  517.000000  0.000015 
517.000000  518.000000  0.000014 
518.000000  519.000000  0.000014 
519.000000  520.000000  0.000014 
520.000000  521.000000  0.000014 
521.000000  522.000000  0.000014 
522.000000  523.000000  0.000014 
523.000000  524.000000  0.000014 
524.000000  525.000000  0.000014 
525.000000  526.000000  0.000014 
526.000000  527.000000  0.000014 
527.000000  528.000000  0.000014 
528.000000  529.000000  0.000013 
529.000000  530.000000  0.000013 
530.000000  531.000000  0.000013 
531.000000  532.000000  0.000013 
532.000000  533.000000  0.000013 
533.000000  534.000000  0.000013 
534.000000  535.000000  0.000013 
535.000000  536.000000  0.000013 
536.000000  537.000000  0.000013 
537.000000  538.000000  0.000013 
538.000000  539.000000  0.000013 
539.000000  540.000000  0.000013 
540.000000  541.000000  0.000013 
541.000000  542.000000  0.000012 
542.000000  543.000000  0.000012 
543.000000  544.000000  0.000012 
544.000000  545.000000  0.000012 
545.000000  546.000000  0.000012 
546.000000  547.000000  0.000012 
547.000000  548.000000  0.000012 
548.000000  549.000000  0.000012 
549.000000  550.000000  0.000012 
550.000000  551.000000  0.000012 
551.000000  552.000000  0.000012 
552.000000  553.000000  0.000012 
553.000000  554.000000  0.000012 
554.000000  555.000000  0.000012 
555.000000  556.000000  0.000011 
556.000000  557.000000  0.000011 
557.000000  558.000000  0.000011 
558.000000  559.000000  0.000011 
559.000000  560.000000  0.000011 
560.000000  561.000000  0.000011 
561.000000  562.000000  0.000011 
562.000000  563.000000  0.000011 
563.000000  564.000000  0.000011 
564.000000  565.000000  0.000011 
565.000000  566.000000  0.000011 
566.000000  567.000000  0.000011 
567.000000  568.000000  0.000011 
568.000000  569.000000  0.000011 
569.000000  570.000000  0.000011 
570.000000  571.000000  0.000011 
571.000000  572.000000  0.000011 
572.000000  573.000000  0.000011 
573.000000  574.000000  0.000010 
574.000000  575.000000  0.000010 
575.000000  576.000000  0.000010 
576.000000  577.000000  0.000010 
577.000000  578.000000  0.000010 
578.000000  579.000000  0.000010 
579.000000  580.000000  0.000010 
580.000000  581.000000  0.000010 
581.000000  582.000000  0.000010 
582.000000  583.000000  0.000010 
583.000000  584.000000  0.000010 
584.000000  585.000000  0.000010 
585.000000  586.000000  0.000010 
586.000000  587.000000  0.000010 
587.000000  588.000000  0.000010 
588.000000  589.000000  0.000010 
589.000000  590.000000  0.000010 
590.000000  591.000000  0.000010 
591.000000  592.000000  0.000010 
592.000000  593.000000  0.000010 
593.000000  594.000000  0.000010 
594.000000  595.000000  0.000009 
595.000000  596.000000  0.000009 
596.000000  597.000000  0.000009 
597.000000  598.000000  0.000009 
598.000000  599.000000  0.000009 
599.000000  600.000000  0.000009 
600.000000  601.000000  0.000009 
601.000000  602.000000  0.000009 
602.000000  603.000000  0.000009 
603.000000  604.000000  0.000009 
604.000000  605.000000  0.000009 
605.000000  606.000000  0.000009 
606.000000  607.000000  0.000009 
607.000000  608.000000  0.000009 
608.000000  609.000000  0.000009 
609.000000  610.000000  0.000009 
610.000000  611.000000  0.000009 
611.000000  612.000000  0.000009 
612.000000  613.000000  0.000009 
613.000000  614.000000  0.000009 
614.000000  615.000000  0.000009 
615.000000  616.000000  0.000009 
616.000000  617.000000  0.000009 
617.000000  618.000000  0.000009 
618.000000  619.000000  0.000009 
619.000000  620.000000  0.000009 
620.000000  621.000000  0.000009 
621.000000  622.000000  0.000008 
622.000000  623.000000  0.000008 
623.000000  624.000000  0.000008 
624.000000  625.000000  0.000008 
625.000000  626.000000  0.000008 
626.000000  627.000000  0.000008 
627.000000  628.000000  0.000008 
628.000000  629.000000  0.000008 
629.000000  630.000000  0.000008 
630.000000  631.000000  0.000008 
631.000000  632.000000  0.000008 
632.000000  633.000000  0.000008 
633.000000  634.000000  0.000008 
634.000000  635.000000  0.000008 
635.000000  636.000000  0.000008 
636.000000  637.000000  0.000008 
637.000000  638.000000  0.000008 
638.000000  639.000000  0.000008 
639.000000  640.000000  0.000008 
640.000000  641.000000  0.000008 
641.000000  642.000000  0.000008 
642.000000  643.000000  0.000008 
643.000000  644.000000  0.000008 
644.000000  645.000000  0.000008 
645.000000  646.000000  0.000008 
646.000000  647.000000  0.000008 
647.000000  648.000000  0.000008 
648.000000  649.000000  0.000008 
649.000000  650.000000  0.000008 
650.000000  651.000000  0.000008 
651.000000  652.000000  0.000008 
652.000000  653.000000  0.000008 
653.000000  654.000000  0.000008 
654.000000  655.000000  0.000008 
655.000000  656.000000  0.000008 
656.000000  657.000000  0.000008 
657.000000  658.000000  0.000008 
658.000000  659.000000  0.000008 
659.000000  660.000000  0.000007 
660.000000  661.000000  0.000007 
661.000000  662.000000  0.000007 
662.000000  663.000000  0.000007 
663.000000  664.000000  0.000007 
664.000000  665.000000  0.000007 
665.000000  666.000000  0.000007 
666.000000  667.000000  0.000007 
667.000000  668.000000  0.000007 
668.000000  669.000000  0.000007 
669.000000  670.000000  0.000007 
670.000000  671.000000  0.000007 
671.000000  672.000000  0.000007 
672.000000  673.000000  0.000007 
673.000000  674.000000  0.000007 
674.000000  675.000000  0.000007 
675.000000  676.000000  0.000007 
676.000000  677.000000  0.000007 
677.000000  678.000000  0.000007 
678.000000  679.000000  0.000007 
679.000000  680.000000  0.000007 
680.000000  681.000000  0.000007 
681.000000  682.000000  0.000007 
682.000000  683.000000  0.000007 
683.000000  684.000000  0.000007 
684.000000  685.000000  0.000007 
685.000000  686.000000  0.000007 
686.000000  687.000000  0.000007 
687.000000  688.000000  0.000007 
688.000000  689.000000  0.000007 
689.000000  690.000000  0.000007 
690.000000  691.000000  0.000007 
691.000000  692.000000  0.000007 
692.000000  693.000000  0.000007 
693.000000  694.000000  0.000007 
694.000000  695.000000  0.000007 
695.000000  696.000000  0.000007 
696.000000  697.000000  0.000007 
697.000000  698.000000  0.000007 
698.000000  699.000000  0.000007 
699.000000  700.000000  0.000007 
700.000000  701.000000  0.000007 
701.000000  702.000000  0.000007 
702.000000  703.000000  0.000007 
703.000000  704.000000  0.000007 
704.000000  705.000000  0.000007 
705.000000  706.000000  0.000007 
706.000000  707.000000  0.000007 
707.000000  708.000000  0.000007 
708.000000  709.000000  0.000007 
709.000000  710.000000  0.000007 
710.000000  711.000000  0.000007 
711.000000  712.000000  0.000007 
712.000000  713.000000  0.000007 
713.000000  714.000000  0.000007 
714.000000  715.000000  0.000007 
715.000000  716.000000  0.000007 
716.000000  717.000000  0.000007 
717.000000  718.000000  0.000007 
718.000000  719.000000  0.000007 
719.000000  720.000000  0.000007 
720.000000  721.000000  0.000007 
721.000000  722.000000  0.000006 
722.000000  723.000000  0.000006 
723.000000  724.000000  0.000006 
724.000000  725.000000  0.000006 
725.000000  726.000000  0.000006 
726.000000  727.000000  0.000006 
727.000000  728.000000  0.000006 
728.000000  729.000000  0.000006 
729.000000  730.000000  0.000006 
730.000000  731.000000  0.000006 
731.000000  732.000000  0.000006 
732.000000  733.000000  0.000006 
733.000000  734.000000  0.000006 
734.000000  735.000000  0.000006 
735.000000  736.000000  0.000006 
736.000000  737.000000  0.000006 
737.000000  738.000000  0.000006 
738.000000  739.000000  0.000006 
739.000000  740.000000  0.000006 
740.000000  741.000000  0.000006 
741.000000  742.000000  0.000006 
742.000000  743.000000  0.000006 
743.000000  744.000000  0.000006 
744.000000  745.000000  0.000006 
745.000000  746.000000  0.000006 
746.000000  747.000000  0.000006 
747.000000  748.000000  0.000006 
748.000000  749.000000  0.000006 
749.000000  750.000000  0.000006 
750.000000  751.000000  0.000006 
751.000000  752.000000  0.000006 
752.000000  753.000000  0.000006 
753.000000  754.000000  0.000006 
754.000000  755.000000  0.000006 
755.000000  756.000000  0.000006 
756.000000  757.000000  0.000006 
757.000000  758.000000  0.000006 
758.000000  759.000000  0.000006 
759.000000  760.000000  0.000006 
760.000000  761.000000  0.000006 
761.000000  762.000000  0.000006 
762.000000  763.000000  0.000006 
763.000000  764.000000  0.000006 
764.000000  765.000000  0.000006 
765.000000  766.000000  0.000006 
766.000000  767.000000  0.000006 
767.000000  768.000000  0.000006 
768.000000  769.000000  0.000006 
769.000000  770.000000  0.000006 
770.000000  771.000000  0.000006 
771.000000  772.000000  0.000006 
772.000000  773.000000  0.000006 
773.000000  774.000000  0.000006 
774.000000  775.000000  0.000006 
775.000000  776.000000  0.000006 
776.000000  777.000000  0.000006 
777.000000  778.000000  0.000006 
778.000000  779.000000  0.000006 
779.000000  780.000000  0.000006 
780.000000  781.000000  0.000006 
781.000000  782.000000  0.000006 
782.000000  783.000000  0.000006 
783.000000  784.000000  0.000006 
784.000000  785.000000  0.000006 
785.000000  786.000000  0.000006 
786.000000  787.000000  0.000006 
787.000000  788.000000  0.000006 
788.000000  789.000000  0.000006 
789.000000  790.000000  0.000006 
790.000000  791.000000  0.000006 
791.000000  792.000000  0.000006 
792.000000  793.000000  0.000006 
793.000000  794.000000  0.000006 
794.000000  795.000000  0.000006 
795.000000  796.000000  0.000006 
796.000000  797.000000  0.000006 
797.000000  798.000000  0.000006 
798.000000  799.000000  0.000006 
799.000000  800.000000  0.000006 
