17.000000  18.000000  -0.000000 
18.000000  19.000000  -0.000000 
19.000000  20.000000  -0.000000 
20.000000  21.000000  -0.000000 
21.000000  22.000000  -0.000000 
22.000000  23.000000  -0.000000 
23.000000  24.000000  -0.000000 
24.000000  25.000000  -0.000000 
25.000000  26.000000  -0.000000 
26.000000  27.000000  -0.000000 
27.000000  28.000000  -0.000000 
28.000000  29.000000  -0.000000 
29.000000  30.000000  -0.000000 
30.000000  31.000000  -0.000000 
31.000000  32.000000  -0.000000 
32.000000  33.000000  -0.000000 
33.000000  34.000000  -0.000000 
34.000000  35.000000  -0.000000 
35.000000  36.000000  -0.000000 
36.000000  37.000000  -0.000000 
37.000000  38.000000  -0.000000 
38.000000  39.000000  -0.000000 
39.000000  40.000000  -0.000000 
40.000000  41.000000  -0.000000 
41.000000  42.000000  -0.000000 
42.000000  43.000000  -0.000000 
43.000000  44.000000  -0.000000 
44.000000  45.000000  -0.000000 
45.000000  46.000000  -0.000000 
46.000000  47.000000  -0.000000 
47.000000  48.000000  -0.000000 
48.000000  49.000000  -0.000000 
49.000000  50.000000  -0.000000 
50.000000  51.000000  -0.000000 
51.000000  52.000000  -0.000000 
52.000000  53.000000  -0.000000 
53.000000  54.000000  -0.000000 
54.000000  55.000000  -0.000000 
55.000000  56.000000  -0.000000 
56.000000  57.000000  -0.000000 
57.000000  58.000000  -0.000000 
58.000000  59.000000  -0.000000 
59.000000  60.000000  -0.000000 
60.000000  61.000000  -0.000000 
61.000000  62.000000  -0.000000 
62.000000  63.000000  -0.000000 
63.000000  64.000000  -0.000000 
64.000000  65.000000  -0.000000 
65.000000  66.000000  -0.000000 
66.000000  67.000000  -0.000000 
67.000000  68.000000  -0.000000 
68.000000  69.000000  -0.000000 
69.000000  70.000000  -0.000000 
70.000000  71.000000  -0.000000 
71.000000  72.000000  -0.000000 
72.000000  73.000000  -0.000000 
73.000000  74.000000  -0.000000 
74.000000  75.000000  -0.000000 
75.000000  76.000000  -0.000000 
76.000000  77.000000  -0.000000 
77.000000  78.000000  -0.000000 
78.000000  79.000000  -0.000000 
79.000000  80.000000  -0.000000 
80.000000  81.000000  -0.000000 
81.000000  82.000000  -0.000000 
82.000000  83.000000  -0.000000 
83.000000  84.000000  -0.000000 
84.000000  85.000000  -0.000000 
85.000000  86.000000  -0.000000 
86.000000  87.000000  -0.000000 
87.000000  88.000000  -0.000000 
88.000000  89.000000  -0.000000 
89.000000  90.000000  -0.000000 
90.000000  91.000000  -0.000000 
91.000000  92.000000  -0.000000 
92.000000  93.000000  -0.000000 
93.000000  94.000000  -0.000000 
94.000000  95.000000  -0.000000 
95.000000  96.000000  -0.000000 
96.000000  97.000000  -0.000001 
97.000000  98.000000  -0.000001 
98.000000  99.000000  -0.000001 
99.000000  100.000000  -0.000001 
100.000000  101.000000  -0.000001 
101.000000  102.000000  -0.000001 
102.000000  103.000000  -0.000001 
103.000000  104.000000  -0.000001 
104.000000  105.000000  -0.000001 
105.000000  106.000000  -0.000001 
106.000000  107.000000  -0.000002 
107.000000  108.000000  -0.000002 
108.000000  109.000000  -0.000002 
109.000000  110.000000  -0.000002 
110.000000  111.000000  -0.000002 
111.000000  112.000000  -0.000002 
112.000000  113.000000  -0.000003 
113.000000  114.000000  -0.000003 
114.000000  115.000000  -0.000003 
115.000000  116.000000  -0.000003 
116.000000  117.000000  -0.000003 
117.000000  118.000000  -0.000003 
118.000000  119.000000  -0.000003 
119.000000  120.000000  -0.000003 
120.000000  121.000000  -0.000004 
121.000000  122.000000  -0.000004 
122.000000  123.000000  -0.000004 
123.000000  124.000000  -0.000004 
124.000000  125.000000  -0.000003 
125.000000  126.000000  -0.000003 
126.000000  127.000000  -0.000003 
127.000000  128.000000  -0.000003 
128.000000  129.000000  -0.000003 
129.000000  130.000000  -0.000002 
130.000000  131.000000  -0.000002 
131.000000  132.000000  -0.000001 
132.000000  133.000000  -0.000001 
133.000000  134.000000  -0.000000 
134.000000  135.000000  0.000000 
135.000000  136.000000  0.000001 
136.000000  137.000000  0.000002 
137.000000  138.000000  0.000003 
138.000000  139.000000  0.000004 
139.000000  140.000000  0.000006 
140.000000  141.000000  0.000007 
141.000000  142.000000  0.000009 
142.000000  143.000000  0.000010 
143.000000  144.000000  0.000012 
144.000000  145.000000  0.000014 
145.000000  146.000000  0.000016 
146.000000  147.000000  0.000018 
147.000000  148.000000  0.000021 
148.000000  149.000000  0.000023 
149.000000  150.000000  0.000026 
150.000000  151.000000  0.000029 
151.000000  152.000000  0.000032 
152.000000  153.000000  0.000035 
153.000000  154.000000  0.000038 
154.000000  155.000000  0.000042 
155.000000  156.000000  0.000046 
156.000000  157.000000  0.000050 
157.000000  158.000000  0.000054 
158.000000  159.000000  0.000058 
159.000000  160.000000  0.000062 
160.000000  161.000000  0.000067 
161.000000  162.000000  0.000072 
162.000000  163.000000  0.000076 
163.000000  164.000000  0.000082 
164.000000  165.000000  0.000087 
165.000000  166.000000  0.000092 
166.000000  167.000000  0.000098 
167.000000  168.000000  0.000104 
168.000000  169.000000  0.000109 
169.000000  170.000000  0.000116 
170.000000  171.000000  0.000122 
171.000000  172.000000  0.000128 
172.000000  173.000000  0.000135 
173.000000  174.000000  0.000141 
174.000000  175.000000  0.000148 
175.000000  176.000000  0.000155 
176.000000  177.000000  0.000162 
177.000000  178.000000  0.000169 
178.000000  179.000000  0.000176 
179.000000  180.000000  0.000183 
180.000000  181.000000  0.000191 
181.000000  182.000000  0.000198 
182.000000  183.000000  0.000206 
183.000000  184.000000  0.000213 
184.000000  185.000000  0.000221 
185.000000  186.000000  0.000229 
186.000000  187.000000  0.000237 
187.000000  188.000000  0.000244 
188.000000  189.000000  0.000252 
189.000000  190.000000  0.000260 
190.000000  191.000000  0.000268 
191.000000  192.000000  0.000276 
192.000000  193.000000  0.000284 
193.000000  194.000000  0.000292 
194.000000  195.000000  0.000300 
195.000000  196.000000  0.000308 
196.000000  197.000000  0.000316 
197.000000  198.000000  0.000324 
198.000000  199.000000  0.000332 
199.000000  200.000000  0.000339 
200.000000  201.000000  0.000347 
201.000000  202.000000  0.000355 
202.000000  203.000000  0.000363 
203.000000  204.000000  0.000370 
204.000000  205.000000  0.000378 
205.000000  206.000000  0.000385 
206.000000  207.000000  0.000393 
207.000000  208.000000  0.000400 
208.000000  209.000000  0.000408 
209.000000  210.000000  0.000415 
210.000000  211.000000  0.000422 
211.000000  212.000000  0.000429 
212.000000  213.000000  0.000436 
213.000000  214.000000  0.000442 
214.000000  215.000000  0.000449 
215.000000  216.000000  0.000456 
216.000000  217.000000  0.000462 
217.000000  218.000000  0.000468 
218.000000  219.000000  0.000474 
219.000000  220.000000  0.000480 
220.000000  221.000000  0.000486 
221.000000  222.000000  0.000492 
222.000000  223.000000  0.000498 
223.000000  224.000000  0.000503 
224.000000  225.000000  0.000508 
225.000000  226.000000  0.000514 
226.000000  227.000000  0.000519 
227.000000  228.000000  0.000524 
228.000000  229.000000  0.000528 
229.000000  230.000000  0.000533 
230.000000  231.000000  0.000537 
231.000000  232.000000  0.000542 
232.000000  233.000000  0.000546 
233.000000  234.000000  0.000550 
234.000000  235.000000  0.000554 
235.000000  236.000000  0.000558 
236.000000  237.000000  0.000561 
237.000000  238.000000  0.000564 
238.000000  239.000000  0.000568 
239.000000  240.000000  0.000571 
240.000000  241.000000  0.000574 
241.000000  242.000000  0.000577 
242.000000  243.000000  0.000579 
243.000000  244.000000  0.000582 
244.000000  245.000000  0.000584 
245.000000  246.000000  0.000586 
246.000000  247.000000  0.000588 
247.000000  248.000000  0.000590 
248.000000  249.000000  0.000592 
249.000000  250.000000  0.000594 
250.000000  251.000000  0.000595 
251.000000  252.000000  0.000596 
252.000000  253.000000  0.000598 
253.000000  254.000000  0.000599 
254.000000  255.000000  0.000600 
255.000000  256.000000  0.000600 
256.000000  257.000000  0.000601 
257.000000  258.000000  0.000602 
258.000000  259.000000  0.000602 
259.000000  260.000000  0.000602 
260.000000  261.000000  0.000603 
261.000000  262.000000  0.000603 
262.000000  263.000000  0.000603 
263.000000  264.000000  0.000602 
264.000000  265.000000  0.000602 
265.000000  266.000000  0.000602 
266.000000  267.000000  0.000601 
267.000000  268.000000  0.000601 
268.000000  269.000000  0.000600 
269.000000  270.000000  0.000599 
270.000000  271.000000  0.000598 
271.000000  272.000000  0.000597 
272.000000  273.000000  0.000596 
273.000000  274.000000  0.000595 
274.000000  275.000000  0.000594 
275.000000  276.000000  0.000592 
276.000000  277.000000  0.000591 
277.000000  278.000000  0.000589 
278.000000  279.000000  0.000588 
279.000000  280.000000  0.000586 
280.000000  281.000000  0.000584 
281.000000  282.000000  0.000582 
282.000000  283.000000  0.000580 
283.000000  284.000000  0.000578 
284.000000  285.000000  0.000576 
285.000000  286.000000  0.000574 
286.000000  287.000000  0.000572 
287.000000  288.000000  0.000570 
288.000000  289.000000  0.000568 
289.000000  290.000000  0.000565 
290.000000  291.000000  0.000563 
291.000000  292.000000  0.000560 
292.000000  293.000000  0.000558 
293.000000  294.000000  0.000555 
294.000000  295.000000  0.000553 
295.000000  296.000000  0.000550 
296.000000  297.000000  0.000547 
297.000000  298.000000  0.000544 
298.000000  299.000000  0.000542 
299.000000  300.000000  0.000539 
300.000000  301.000000  0.000536 
301.000000  302.000000  0.000533 
302.000000  303.000000  0.000530 
303.000000  304.000000  0.000527 
304.000000  305.000000  0.000524 
305.000000  306.000000  0.000521 
306.000000  307.000000  0.000518 
307.000000  308.000000  0.000515 
308.000000  309.000000  0.000512 
309.000000  310.000000  0.000509 
310.000000  311.000000  0.000506 
311.000000  312.000000  0.000503 
312.000000  313.000000  0.000499 
313.000000  314.000000  0.000496 
314.000000  315.000000  0.000493 
315.000000  316.000000  0.000490 
316.000000  317.000000  0.000487 
317.000000  318.000000  0.000483 
318.000000  319.000000  0.000480 
319.000000  320.000000  0.000477 
320.000000  321.000000  0.000474 
321.000000  322.000000  0.000470 
322.000000  323.000000  0.000467 
323.000000  324.000000  0.000464 
324.000000  325.000000  0.000460 
325.000000  326.000000  0.000457 
326.000000  327.000000  0.000454 
327.000000  328.000000  0.000451 
328.000000  329.000000  0.000447 
329.000000  330.000000  0.000444 
330.000000  331.000000  0.000441 
331.000000  332.000000  0.000437 
332.000000  333.000000  0.000434 
333.000000  334.000000  0.000431 
334.000000  335.000000  0.000428 
335.000000  336.000000  0.000424 
336.000000  337.000000  0.000421 
337.000000  338.000000  0.000418 
338.000000  339.000000  0.000415 
339.000000  340.000000  0.000411 
340.000000  341.000000  0.000408 
341.000000  342.000000  0.000405 
342.000000  343.000000  0.000402 
343.000000  344.000000  0.000399 
344.000000  345.000000  0.000395 
345.000000  346.000000  0.000392 
346.000000  347.000000  0.000389 
347.000000  348.000000  0.000386 
348.000000  349.000000  0.000383 
349.000000  350.000000  0.000380 
350.000000  351.000000  0.000377 
351.000000  352.000000  0.000373 
352.000000  353.000000  0.000370 
353.000000  354.000000  0.000367 
354.000000  355.000000  0.000364 
355.000000  356.000000  0.000361 
356.000000  357.000000  0.000358 
357.000000  358.000000  0.000355 
358.000000  359.000000  0.000352 
359.000000  360.000000  0.000349 
360.000000  361.000000  0.000346 
361.000000  362.000000  0.000343 
362.000000  363.000000  0.000341 
363.000000  364.000000  0.000338 
364.000000  365.000000  0.000335 
365.000000  366.000000  0.000332 
366.000000  367.000000  0.000329 
367.000000  368.000000  0.000326 
368.000000  369.000000  0.000323 
369.000000  370.000000  0.000321 
370.000000  371.000000  0.000318 
371.000000  372.000000  0.000315 
372.000000  373.000000  0.000312 
373.000000  374.000000  0.000310 
374.000000  375.000000  0.000307 
375.000000  376.000000  0.000304 
376.000000  377.000000  0.000302 
377.000000  378.000000  0.000299 
378.000000  379.000000  0.000296 
379.000000  380.000000  0.000294 
380.000000  381.000000  0.000291 
381.000000  382.000000  0.000289 
382.000000  383.000000  0.000286 
383.000000  384.000000  0.000284 
384.000000  385.000000  0.000281 
385.000000  386.000000  0.000279 
386.000000  387.000000  0.000276 
387.000000  388.000000  0.000274 
388.000000  389.000000  0.000271 
389.000000  390.000000  0.000269 
390.000000  391.000000  0.000267 
391.000000  392.000000  0.000264 
392.000000  393.000000  0.000262 
393.000000  394.000000  0.000260 
394.000000  395.000000  0.000257 
395.000000  396.000000  0.000255 
396.000000  397.000000  0.000253 
397.000000  398.000000  0.000251 
398.000000  399.000000  0.000248 
399.000000  400.000000  0.000246 
400.000000  401.000000  0.000244 
401.000000  402.000000  0.000242 
402.000000  403.000000  0.000240 
403.000000  404.000000  0.000237 
404.000000  405.000000  0.000235 
405.000000  406.000000  0.000233 
406.000000  407.000000  0.000231 
407.000000  408.000000  0.000229 
408.000000  409.000000  0.000227 
409.000000  410.000000  0.000225 
410.000000  411.000000  0.000223 
411.000000  412.000000  0.000221 
412.000000  413.000000  0.000219 
413.000000  414.000000  0.000217 
414.000000  415.000000  0.000215 
415.000000  416.000000  0.000213 
416.000000  417.000000  0.000212 
417.000000  418.000000  0.000210 
418.000000  419.000000  0.000208 
419.000000  420.000000  0.000206 
420.000000  421.000000  0.000204 
421.000000  422.000000  0.000202 
422.000000  423.000000  0.000201 
423.000000  424.000000  0.000199 
424.000000  425.000000  0.000197 
425.000000  426.000000  0.000195 
426.000000  427.000000  0.000194 
427.000000  428.000000  0.000192 
428.000000  429.000000  0.000190 
429.000000  430.000000  0.000189 
430.000000  431.000000  0.000187 
431.000000  432.000000  0.000185 
432.000000  433.000000  0.000184 
433.000000  434.000000  0.000182 
434.000000  435.000000  0.000181 
435.000000  436.000000  0.000179 
436.000000  437.000000  0.000177 
437.000000  438.000000  0.000176 
438.000000  439.000000  0.000174 
439.000000  440.000000  0.000173 
440.000000  441.000000  0.000171 
441.000000  442.000000  0.000170 
442.000000  443.000000  0.000168 
443.000000  444.000000  0.000167 
444.000000  445.000000  0.000165 
445.000000  446.000000  0.000164 
446.000000  447.000000  0.000163 
447.000000  448.000000  0.000161 
448.000000  449.000000  0.000160 
449.000000  450.000000  0.000159 
450.000000  451.000000  0.000157 
451.000000  452.000000  0.000156 
452.000000  453.000000  0.000155 
453.000000  454.000000  0.000153 
454.000000  455.000000  0.000152 
455.000000  456.000000  0.000151 
456.000000  457.000000  0.000149 
457.000000  458.000000  0.000148 
458.000000  459.000000  0.000147 
459.000000  460.000000  0.000146 
460.000000  461.000000  0.000144 
461.000000  462.000000  0.000143 
462.000000  463.000000  0.000142 
463.000000  464.000000  0.000141 
464.000000  465.000000  0.000140 
465.000000  466.000000  0.000139 
466.000000  467.000000  0.000137 
467.000000  468.000000  0.000136 
468.000000  469.000000  0.000135 
469.000000  470.000000  0.000134 
470.000000  471.000000  0.000133 
471.000000  472.000000  0.000132 
472.000000  473.000000  0.000131 
473.000000  474.000000  0.000130 
474.000000  475.000000  0.000129 
475.000000  476.000000  0.000128 
476.000000  477.000000  0.000127 
477.000000  478.000000  0.000126 
478.000000  479.000000  0.000125 
479.000000  480.000000  0.000124 
480.000000  481.000000  0.000123 
481.000000  482.000000  0.000122 
482.000000  483.000000  0.000121 
483.000000  484.000000  0.000120 
484.000000  485.000000  0.000119 
485.000000  486.000000  0.000118 
486.000000  487.000000  0.000117 
487.000000  488.000000  0.000116 
488.000000  489.000000  0.000115 
489.000000  490.000000  0.000114 
490.000000  491.000000  0.000113 
491.000000  492.000000  0.000112 
492.000000  493.000000  0.000112 
493.000000  494.000000  0.000111 
494.000000  495.000000  0.000110 
495.000000  496.000000  0.000109 
496.000000  497.000000  0.000108 
497.000000  498.000000  0.000107 
498.000000  499.000000  0.000106 
499.000000  500.000000  0.000106 
500.000000  501.000000  0.000105 
501.000000  502.000000  0.000104 
502.000000  503.000000  0.000103 
503.000000  504.000000  0.000103 
504.000000  505.000000  0.000102 
505.000000  506.000000  0.000101 
506.000000  507.000000  0.000100 
507.000000  508.000000  0.000100 
508.000000  509.000000  0.000099 
509.000000  510.000000  0.000098 
510.000000  511.000000  0.000097 
511.000000  512.000000  0.000097 
512.000000  513.000000  0.000096 
513.000000  514.000000  0.000095 
514.000000  515.000000  0.000095 
515.000000  516.000000  0.000094 
516.000000  517.000000  0.000093 
517.000000  518.000000  0.000093 
518.000000  519.000000  0.000092 
519.000000  520.000000  0.000091 
520.000000  521.000000  0.000091 
521.000000  522.000000  0.000090 
522.000000  523.000000  0.000089 
523.000000  524.000000  0.000089 
524.000000  525.000000  0.000088 
525.000000  526.000000  0.000087 
526.000000  527.000000  0.000087 
527.000000  528.000000  0.000086 
528.000000  529.000000  0.000086 
529.000000  530.000000  0.000085 
530.000000  531.000000  0.000085 
531.000000  532.000000  0.000084 
532.000000  533.000000  0.000083 
533.000000  534.000000  0.000083 
534.000000  535.000000  0.000082 
535.000000  536.000000  0.000082 
536.000000  537.000000  0.000081 
537.000000  538.000000  0.000081 
538.000000  539.000000  0.000080 
539.000000  540.000000  0.000080 
540.000000  541.000000  0.000079 
541.000000  542.000000  0.000079 
542.000000  543.000000  0.000078 
543.000000  544.000000  0.000077 
544.000000  545.000000  0.000077 
545.000000  546.000000  0.000077 
546.000000  547.000000  0.000076 
547.000000  548.000000  0.000076 
548.000000  549.000000  0.000075 
549.000000  550.000000  0.000075 
550.000000  551.000000  0.000074 
551.000000  552.000000  0.000074 
552.000000  553.000000  0.000073 
553.000000  554.000000  0.000073 
554.000000  555.000000  0.000072 
555.000000  556.000000  0.000072 
556.000000  557.000000  0.000071 
557.000000  558.000000  0.000071 
558.000000  559.000000  0.000071 
559.000000  560.000000  0.000070 
560.000000  561.000000  0.000070 
561.000000  562.000000  0.000069 
562.000000  563.000000  0.000069 
563.000000  564.000000  0.000068 
564.000000  565.000000  0.000068 
565.000000  566.000000  0.000068 
566.000000  567.000000  0.000067 
567.000000  568.000000  0.000067 
568.000000  569.000000  0.000066 
569.000000  570.000000  0.000066 
570.000000  571.000000  0.000066 
571.000000  572.000000  0.000065 
572.000000  573.000000  0.000065 
573.000000  574.000000  0.000065 
574.000000  575.000000  0.000064 
575.000000  576.000000  0.000064 
576.000000  577.000000  0.000063 
577.000000  578.000000  0.000063 
578.000000  579.000000  0.000063 
579.000000  580.000000  0.000062 
580.000000  581.000000  0.000062 
581.000000  582.000000  0.000062 
582.000000  583.000000  0.000061 
583.000000  584.000000  0.000061 
584.000000  585.000000  0.000061 
585.000000  586.000000  0.000060 
586.000000  587.000000  0.000060 
587.000000  588.000000  0.000060 
588.000000  589.000000  0.000059 
589.000000  590.000000  0.000059 
590.000000  591.000000  0.000059 
591.000000  592.000000  0.000059 
592.000000  593.000000  0.000058 
593.000000  594.000000  0.000058 
594.000000  595.000000  0.000058 
595.000000  596.000000  0.000057 
596.000000  597.000000  0.000057 
597.000000  598.000000  0.000057 
598.000000  599.000000  0.000056 
599.000000  600.000000  0.000056 
600.000000  601.000000  0.000056 
601.000000  602.000000  0.000056 
602.000000  603.000000  0.000055 
603.000000  604.000000  0.000055 
604.000000  605.000000  0.000055 
605.000000  606.000000  0.000055 
606.000000  607.000000  0.000054 
607.000000  608.000000  0.000054 
608.000000  609.000000  0.000054 
609.000000  610.000000  0.000054 
610.000000  611.000000  0.000053 
611.000000  612.000000  0.000053 
612.000000  613.000000  0.000053 
613.000000  614.000000  0.000053 
614.000000  615.000000  0.000052 
615.000000  616.000000  0.000052 
616.000000  617.000000  0.000052 
617.000000  618.000000  0.000052 
618.000000  619.000000  0.000051 
619.000000  620.000000  0.000051 
620.000000  621.000000  0.000051 
621.000000  622.000000  0.000051 
622.000000  623.000000  0.000050 
623.000000  624.000000  0.000050 
624.000000  625.000000  0.000050 
625.000000  626.000000  0.000050 
626.000000  627.000000  0.000050 
627.000000  628.000000  0.000049 
628.000000  629.000000  0.000049 
629.000000  630.000000  0.000049 
630.000000  631.000000  0.000049 
631.000000  632.000000  0.000049 
632.000000  633.000000  0.000048 
633.000000  634.000000  0.000048 
634.000000  635.000000  0.000048 
635.000000  636.000000  0.000048 
636.000000  637.000000  0.000048 
637.000000  638.000000  0.000047 
638.000000  639.000000  0.000047 
639.000000  640.000000  0.000047 
640.000000  641.000000  0.000047 
641.000000  642.000000  0.000047 
642.000000  643.000000  0.000046 
643.000000  644.000000  0.000046 
644.000000  645.000000  0.000046 
645.000000  646.000000  0.000046 
646.000000  647.000000  0.000046 
647.000000  648.000000  0.000045 
648.000000  649.000000  0.000045 
649.000000  650.000000  0.000045 
650.000000  651.000000  0.000045 
651.000000  652.000000  0.000045 
652.000000  653.000000  0.000045 
653.000000  654.000000  0.000044 
654.000000  655.000000  0.000044 
655.000000  656.000000  0.000044 
656.000000  657.000000  0.000044 
657.000000  658.000000  0.000044 
658.000000  659.000000  0.000044 
659.000000  660.000000  0.000044 
660.000000  661.000000  0.000043 
661.000000  662.000000  0.000043 
662.000000  663.000000  0.000043 
663.000000  664.000000  0.000043 
664.000000  665.000000  0.000043 
665.000000  666.000000  0.000043 
666.000000  667.000000  0.000042 
667.000000  668.000000  0.000042 
668.000000  669.000000  0.000042 
669.000000  670.000000  0.000042 
670.000000  671.000000  0.000042 
671.000000  672.000000  0.000042 
672.000000  673.000000  0.000042 
673.000000  674.000000  0.000041 
674.000000  675.000000  0.000041 
675.000000  676.000000  0.000041 
676.000000  677.000000  0.000041 
677.000000  678.000000  0.000041 
678.000000  679.000000  0.000041 
679.000000  680.000000  0.000041 
680.000000  681.000000  0.000041 
681.000000  682.000000  0.000040 
682.000000  683.000000  0.000040 
683.000000  684.000000  0.000040 
684.000000  685.000000  0.000040 
685.000000  686.000000  0.000040 
686.000000  687.000000  0.000040 
687.000000  688.000000  0.000040 
688.000000  689.000000  0.000040 
689.000000  690.000000  0.000039 
690.000000  691.000000  0.000039 
691.000000  692.000000  0.000039 
692.000000  693.000000  0.000039 
693.000000  694.000000  0.000039 
694.000000  695.000000  0.000039 
695.000000  696.000000  0.000039 
696.000000  697.000000  0.000039 
697.000000  698.000000  0.000039 
698.000000  699.000000  0.000038 
699.000000  700.000000  0.000038 
700.000000  701.000000  0.000038 
701.000000  702.000000  0.000038 
702.000000  703.000000  0.000038 
703.000000  704.000000  0.000038 
704.000000  705.000000  0.000038 
705.000000  706.000000  0.000038 
706.000000  707.000000  0.000038 
707.000000  708.000000  0.000038 
708.000000  709.000000  0.000037 
709.000000  710.000000  0.000037 
710.000000  711.000000  0.000037 
711.000000  712.000000  0.000037 
712.000000  713.000000  0.000037 
713.000000  714.000000  0.000037 
714.000000  715.000000  0.000037 
715.000000  716.000000  0.000037 
716.000000  717.000000  0.000037 
717.000000  718.000000  0.000037 
718.000000  719.000000  0.000036 
719.000000  720.000000  0.000036 
720.000000  721.000000  0.000036 
721.000000  722.000000  0.000036 
722.000000  723.000000  0.000036 
723.000000  724.000000  0.000036 
724.000000  725.000000  0.000036 
725.000000  726.000000  0.000036 
726.000000  727.000000  0.000036 
727.000000  728.000000  0.000036 
728.000000  729.000000  0.000036 
729.000000  730.000000  0.000036 
730.000000  731.000000  0.000035 
731.000000  732.000000  0.000035 
732.000000  733.000000  0.000035 
733.000000  734.000000  0.000035 
734.000000  735.000000  0.000035 
735.000000  736.000000  0.000035 
736.000000  737.000000  0.000035 
737.000000  738.000000  0.000035 
738.000000  739.000000  0.000035 
739.000000  740.000000  0.000035 
740.000000  741.000000  0.000035 
741.000000  742.000000  0.000035 
742.000000  743.000000  0.000035 
743.000000  744.000000  0.000035 
744.000000  745.000000  0.000034 
745.000000  746.000000  0.000034 
746.000000  747.000000  0.000034 
747.000000  748.000000  0.000034 
748.000000  749.000000  0.000034 
749.000000  750.000000  0.000034 
750.000000  751.000000  0.000034 
751.000000  752.000000  0.000034 
752.000000  753.000000  0.000034 
753.000000  754.000000  0.000034 
754.000000  755.000000  0.000034 
755.000000  756.000000  0.000034 
756.000000  757.000000  0.000034 
757.000000  758.000000  0.000034 
758.000000  759.000000  0.000034 
759.000000  760.000000  0.000033 
760.000000  761.000000  0.000033 
761.000000  762.000000  0.000033 
762.000000  763.000000  0.000033 
763.000000  764.000000  0.000033 
764.000000  765.000000  0.000033 
765.000000  766.000000  0.000033 
766.000000  767.000000  0.000033 
767.000000  768.000000  0.000033 
768.000000  769.000000  0.000033 
769.000000  770.000000  0.000033 
770.000000  771.000000  0.000033 
771.000000  772.000000  0.000033 
772.000000  773.000000  0.000033 
773.000000  774.000000  0.000033 
774.000000  775.000000  0.000033 
775.000000  776.000000  0.000033 
776.000000  777.000000  0.000033 
777.000000  778.000000  0.000032 
778.000000  779.000000  0.000032 
779.000000  780.000000  0.000032 
780.000000  781.000000  0.000032 
781.000000  782.000000  0.000032 
782.000000  783.000000  0.000032 
783.000000  784.000000  0.000032 
784.000000  785.000000  0.000032 
785.000000  786.000000  0.000032 
786.000000  787.000000  0.000032 
787.000000  788.000000  0.000032 
788.000000  789.000000  0.000032 
789.000000  790.000000  0.000032 
790.000000  791.000000  0.000032 
791.000000  792.000000  0.000032 
792.000000  793.000000  0.000032 
793.000000  794.000000  0.000032 
794.000000  795.000000  0.000032 
795.000000  796.000000  0.000032 
796.000000  797.000000  0.000032 
797.000000  798.000000  0.000032 
798.000000  799.000000  0.000031 
799.000000  800.000000  0.000031 
