17.000000  18.000000  0.000000 
18.000000  19.000000  0.000000 
19.000000  20.000000  0.000000 
20.000000  21.000000  0.000000 
21.000000  22.000000  0.000000 
22.000000  23.000000  0.000000 
23.000000  24.000000  0.000000 
24.000000  25.000000  0.000000 
25.000000  26.000000  0.000000 
26.000000  27.000000  0.000000 
27.000000  28.000000  0.000000 
28.000000  29.000000  0.000000 
29.000000  30.000000  0.000001 
30.000000  31.000000  0.000001 
31.000000  32.000000  0.000002 
32.000000  33.000000  0.000003 
33.000000  34.000000  0.000004 
34.000000  35.000000  0.000005 
35.000000  36.000000  0.000008 
36.000000  37.000000  0.000010 
37.000000  38.000000  0.000014 
38.000000  39.000000  0.000019 
39.000000  40.000000  0.000024 
40.000000  41.000000  0.000031 
41.000000  42.000000  0.000039 
42.000000  43.000000  0.000049 
43.000000  44.000000  0.000061 
44.000000  45.000000  0.000074 
45.000000  46.000000  0.000089 
46.000000  47.000000  0.000107 
47.000000  48.000000  0.000126 
48.000000  49.000000  0.000148 
49.000000  50.000000  0.000172 
50.000000  51.000000  0.000198 
51.000000  52.000000  0.000226 
52.000000  53.000000  0.000257 
53.000000  54.000000  0.000291 
54.000000  55.000000  0.000326 
55.000000  56.000000  0.000364 
56.000000  57.000000  0.000404 
57.000000  58.000000  0.000445 
58.000000  59.000000  0.000489 
59.000000  60.000000  0.000535 
60.000000  61.000000  0.000583 
61.000000  62.000000  0.000632 
62.000000  63.000000  0.000682 
63.000000  64.000000  0.000734 
64.000000  65.000000  0.000788 
65.000000  66.000000  0.000842 
66.000000  67.000000  0.000898 
67.000000  68.000000  0.000954 
68.000000  69.000000  0.001012 
69.000000  70.000000  0.001069 
70.000000  71.000000  0.001128 
71.000000  72.000000  0.001187 
72.000000  73.000000  0.001246 
73.000000  74.000000  0.001305 
74.000000  75.000000  0.001365 
75.000000  76.000000  0.001424 
76.000000  77.000000  0.001483 
77.000000  78.000000  0.001543 
78.000000  79.000000  0.001602 
79.000000  80.000000  0.001660 
80.000000  81.000000  0.001719 
81.000000  82.000000  0.001777 
82.000000  83.000000  0.001834 
83.000000  84.000000  0.001891 
84.000000  85.000000  0.001947 
85.000000  86.000000  0.002007 
86.000000  87.000000  0.002062 
87.000000  88.000000  0.002116 
88.000000  89.000000  0.002170 
89.000000  90.000000  0.002222 
90.000000  91.000000  0.002274 
91.000000  92.000000  0.002325 
92.000000  93.000000  0.002376 
93.000000  94.000000  0.002425 
94.000000  95.000000  0.002474 
95.000000  96.000000  0.002522 
96.000000  97.000000  0.002569 
97.000000  98.000000  0.002615 
98.000000  99.000000  0.002661 
99.000000  100.000000  0.002705 
100.000000  101.000000  0.002749 
101.000000  102.000000  0.002792 
102.000000  103.000000  0.002834 
103.000000  104.000000  0.002875 
104.000000  105.000000  0.002916 
105.000000  106.000000  0.002955 
106.000000  107.000000  0.002994 
107.000000  108.000000  0.003032 
108.000000  109.000000  0.003069 
109.000000  110.000000  0.003105 
110.000000  111.000000  0.003141 
111.000000  112.000000  0.003176 
112.000000  113.000000  0.003210 
113.000000  114.000000  0.003244 
114.000000  115.000000  0.003277 
115.000000  116.000000  0.003309 
116.000000  117.000000  0.003340 
117.000000  118.000000  0.003371 
118.000000  119.000000  0.003401 
119.000000  120.000000  0.003431 
120.000000  121.000000  0.003460 
121.000000  122.000000  0.003488 
122.000000  123.000000  0.003516 
123.000000  124.000000  0.003543 
124.000000  125.000000  0.003570 
125.000000  126.000000  0.003596 
126.000000  127.000000  0.003621 
127.000000  128.000000  0.003647 
128.000000  129.000000  0.003671 
129.000000  130.000000  0.003695 
130.000000  131.000000  0.003719 
131.000000  132.000000  0.003743 
132.000000  133.000000  0.003765 
133.000000  134.000000  0.003788 
134.000000  135.000000  0.003810 
135.000000  136.000000  0.003832 
136.000000  137.000000  0.003853 
137.000000  138.000000  0.003874 
138.000000  139.000000  0.003895 
139.000000  140.000000  0.003915 
140.000000  141.000000  0.003935 
141.000000  142.000000  0.003955 
142.000000  143.000000  0.003974 
143.000000  144.000000  0.003993 
144.000000  145.000000  0.004012 
145.000000  146.000000  0.004031 
146.000000  147.000000  0.004049 
147.000000  148.000000  0.004067 
148.000000  149.000000  0.004085 
149.000000  150.000000  0.004103 
150.000000  151.000000  0.004120 
151.000000  152.000000  0.004138 
152.000000  153.000000  0.004155 
153.000000  154.000000  0.004172 
154.000000  155.000000  0.004188 
155.000000  156.000000  0.004205 
156.000000  157.000000  0.004221 
157.000000  158.000000  0.004237 
158.000000  159.000000  0.004253 
159.000000  160.000000  0.004269 
160.000000  161.000000  0.004285 
161.000000  162.000000  0.004301 
162.000000  163.000000  0.004316 
163.000000  164.000000  0.004331 
164.000000  165.000000  0.004346 
165.000000  166.000000  0.004362 
166.000000  167.000000  0.004376 
167.000000  168.000000  0.004391 
168.000000  169.000000  0.004406 
169.000000  170.000000  0.004421 
170.000000  171.000000  0.004435 
171.000000  172.000000  0.004449 
172.000000  173.000000  0.004464 
173.000000  174.000000  0.004478 
174.000000  175.000000  0.004492 
175.000000  176.000000  0.004506 
176.000000  177.000000  0.004520 
177.000000  178.000000  0.004533 
178.000000  179.000000  0.004547 
179.000000  180.000000  0.004560 
180.000000  181.000000  0.004574 
181.000000  182.000000  0.004587 
182.000000  183.000000  0.004600 
183.000000  184.000000  0.004613 
184.000000  185.000000  0.004626 
185.000000  186.000000  0.004639 
186.000000  187.000000  0.004652 
187.000000  188.000000  0.004665 
188.000000  189.000000  0.004677 
189.000000  190.000000  0.004689 
190.000000  191.000000  0.004702 
191.000000  192.000000  0.004714 
192.000000  193.000000  0.004726 
193.000000  194.000000  0.004738 
194.000000  195.000000  0.004750 
195.000000  196.000000  0.004762 
196.000000  197.000000  0.004773 
197.000000  198.000000  0.004785 
198.000000  199.000000  0.004796 
199.000000  200.000000  0.004807 
200.000000  201.000000  0.004818 
201.000000  202.000000  0.004829 
202.000000  203.000000  0.004840 
203.000000  204.000000  0.004851 
204.000000  205.000000  0.004862 
205.000000  206.000000  0.004872 
206.000000  207.000000  0.004882 
207.000000  208.000000  0.004893 
208.000000  209.000000  0.004903 
209.000000  210.000000  0.004913 
210.000000  211.000000  0.004923 
211.000000  212.000000  0.004932 
212.000000  213.000000  0.004942 
213.000000  214.000000  0.004951 
214.000000  215.000000  0.004960 
215.000000  216.000000  0.004970 
216.000000  217.000000  0.004979 
217.000000  218.000000  0.004988 
218.000000  219.000000  0.004996 
219.000000  220.000000  0.005005 
220.000000  221.000000  0.005013 
221.000000  222.000000  0.005022 
222.000000  223.000000  0.005030 
223.000000  224.000000  0.005038 
224.000000  225.000000  0.005046 
225.000000  226.000000  0.005054 
226.000000  227.000000  0.005061 
227.000000  228.000000  0.005069 
228.000000  229.000000  0.005076 
229.000000  230.000000  0.005084 
230.000000  231.000000  0.005091 
231.000000  232.000000  0.005098 
232.000000  233.000000  0.005105 
233.000000  234.000000  0.005111 
234.000000  235.000000  0.005118 
235.000000  236.000000  0.005125 
236.000000  237.000000  0.005131 
237.000000  238.000000  0.005137 
238.000000  239.000000  0.005143 
239.000000  240.000000  0.005149 
240.000000  241.000000  0.005155 
241.000000  242.000000  0.005161 
242.000000  243.000000  0.005167 
243.000000  244.000000  0.005172 
244.000000  245.000000  0.005178 
245.000000  246.000000  0.005183 
246.000000  247.000000  0.005188 
247.000000  248.000000  0.005193 
248.000000  249.000000  0.005198 
249.000000  250.000000  0.005203 
250.000000  251.000000  0.005208 
251.000000  252.000000  0.005212 
252.000000  253.000000  0.005217 
253.000000  254.000000  0.005221 
254.000000  255.000000  0.005226 
255.000000  256.000000  0.005230 
256.000000  257.000000  0.005234 
257.000000  258.000000  0.005238 
258.000000  259.000000  0.005242 
259.000000  260.000000  0.005246 
260.000000  261.000000  0.005250 
261.000000  262.000000  0.005254 
262.000000  263.000000  0.005257 
263.000000  264.000000  0.005261 
264.000000  265.000000  0.005264 
265.000000  266.000000  0.005267 
266.000000  267.000000  0.005271 
267.000000  268.000000  0.005274 
268.000000  269.000000  0.005277 
269.000000  270.000000  0.005280 
270.000000  271.000000  0.005283 
271.000000  272.000000  0.005286 
272.000000  273.000000  0.005289 
273.000000  274.000000  0.005291 
274.000000  275.000000  0.005294 
275.000000  276.000000  0.005297 
276.000000  277.000000  0.005299 
277.000000  278.000000  0.005302 
278.000000  279.000000  0.005304 
279.000000  280.000000  0.005307 
280.000000  281.000000  0.005309 
281.000000  282.000000  0.005311 
282.000000  283.000000  0.005313 
283.000000  284.000000  0.005316 
284.000000  285.000000  0.005318 
285.000000  286.000000  0.005320 
286.000000  287.000000  0.005322 
287.000000  288.000000  0.005324 
288.000000  289.000000  0.005326 
289.000000  290.000000  0.005327 
290.000000  291.000000  0.005329 
291.000000  292.000000  0.005331 
292.000000  293.000000  0.005333 
293.000000  294.000000  0.005334 
294.000000  295.000000  0.005336 
295.000000  296.000000  0.005338 
296.000000  297.000000  0.005339 
297.000000  298.000000  0.005341 
298.000000  299.000000  0.005342 
299.000000  300.000000  0.005344 
300.000000  301.000000  0.005345 
301.000000  302.000000  0.005347 
302.000000  303.000000  0.005348 
303.000000  304.000000  0.005349 
304.000000  305.000000  0.005351 
305.000000  306.000000  0.005352 
306.000000  307.000000  0.005353 
307.000000  308.000000  0.005355 
308.000000  309.000000  0.005356 
309.000000  310.000000  0.005357 
310.000000  311.000000  0.005358 
311.000000  312.000000  0.005359 
312.000000  313.000000  0.005360 
313.000000  314.000000  0.005361 
314.000000  315.000000  0.005363 
315.000000  316.000000  0.005364 
316.000000  317.000000  0.005365 
317.000000  318.000000  0.005366 
318.000000  319.000000  0.005367 
319.000000  320.000000  0.005368 
320.000000  321.000000  0.005369 
321.000000  322.000000  0.005370 
322.000000  323.000000  0.005371 
323.000000  324.000000  0.005372 
324.000000  325.000000  0.005373 
325.000000  326.000000  0.005373 
326.000000  327.000000  0.005374 
327.000000  328.000000  0.005375 
328.000000  329.000000  0.005376 
329.000000  330.000000  0.005377 
330.000000  331.000000  0.005378 
331.000000  332.000000  0.005379 
332.000000  333.000000  0.005380 
333.000000  334.000000  0.005380 
334.000000  335.000000  0.005381 
335.000000  336.000000  0.005382 
336.000000  337.000000  0.005383 
337.000000  338.000000  0.005384 
338.000000  339.000000  0.005384 
339.000000  340.000000  0.005385 
340.000000  341.000000  0.005386 
341.000000  342.000000  0.005387 
342.000000  343.000000  0.005388 
343.000000  344.000000  0.005388 
344.000000  345.000000  0.005389 
345.000000  346.000000  0.005390 
346.000000  347.000000  0.005391 
347.000000  348.000000  0.005391 
348.000000  349.000000  0.005392 
349.000000  350.000000  0.005393 
350.000000  351.000000  0.005394 
351.000000  352.000000  0.005394 
352.000000  353.000000  0.005395 
353.000000  354.000000  0.005396 
354.000000  355.000000  0.005396 
355.000000  356.000000  0.005397 
356.000000  357.000000  0.005398 
357.000000  358.000000  0.005399 
358.000000  359.000000  0.005399 
359.000000  360.000000  0.005400 
360.000000  361.000000  0.005401 
361.000000  362.000000  0.005401 
362.000000  363.000000  0.005402 
363.000000  364.000000  0.005403 
364.000000  365.000000  0.005403 
365.000000  366.000000  0.005404 
366.000000  367.000000  0.005405 
367.000000  368.000000  0.005405 
368.000000  369.000000  0.005406 
369.000000  370.000000  0.005407 
370.000000  371.000000  0.005407 
371.000000  372.000000  0.005408 
372.000000  373.000000  0.005409 
373.000000  374.000000  0.005409 
374.000000  375.000000  0.005410 
375.000000  376.000000  0.005411 
376.000000  377.000000  0.005411 
377.000000  378.000000  0.005412 
378.000000  379.000000  0.005413 
379.000000  380.000000  0.005413 
380.000000  381.000000  0.005414 
381.000000  382.000000  0.005415 
382.000000  383.000000  0.005415 
383.000000  384.000000  0.005416 
384.000000  385.000000  0.005416 
385.000000  386.000000  0.005417 
386.000000  387.000000  0.005418 
387.000000  388.000000  0.005418 
388.000000  389.000000  0.005419 
389.000000  390.000000  0.005420 
390.000000  391.000000  0.005420 
391.000000  392.000000  0.005421 
392.000000  393.000000  0.005421 
393.000000  394.000000  0.005422 
394.000000  395.000000  0.005423 
395.000000  396.000000  0.005423 
396.000000  397.000000  0.005424 
397.000000  398.000000  0.005424 
398.000000  399.000000  0.005425 
399.000000  400.000000  0.005426 
400.000000  401.000000  0.005426 
401.000000  402.000000  0.005427 
402.000000  403.000000  0.005427 
403.000000  404.000000  0.005428 
404.000000  405.000000  0.005428 
405.000000  406.000000  0.005429 
406.000000  407.000000  0.005429 
407.000000  408.000000  0.005430 
408.000000  409.000000  0.005431 
409.000000  410.000000  0.005431 
410.000000  411.000000  0.005432 
411.000000  412.000000  0.005432 
412.000000  413.000000  0.005433 
413.000000  414.000000  0.005433 
414.000000  415.000000  0.005434 
415.000000  416.000000  0.005434 
416.000000  417.000000  0.005435 
417.000000  418.000000  0.005435 
418.000000  419.000000  0.005436 
419.000000  420.000000  0.005436 
420.000000  421.000000  0.005437 
421.000000  422.000000  0.005437 
422.000000  423.000000  0.005438 
423.000000  424.000000  0.005438 
424.000000  425.000000  0.005439 
425.000000  426.000000  0.005439 
426.000000  427.000000  0.005440 
427.000000  428.000000  0.005440 
428.000000  429.000000  0.005440 
429.000000  430.000000  0.005441 
430.000000  431.000000  0.005441 
431.000000  432.000000  0.005442 
432.000000  433.000000  0.005442 
433.000000  434.000000  0.005443 
434.000000  435.000000  0.005443 
435.000000  436.000000  0.005443 
436.000000  437.000000  0.005444 
437.000000  438.000000  0.005444 
438.000000  439.000000  0.005445 
439.000000  440.000000  0.005445 
440.000000  441.000000  0.005445 
441.000000  442.000000  0.005446 
442.000000  443.000000  0.005446 
443.000000  444.000000  0.005446 
444.000000  445.000000  0.005447 
445.000000  446.000000  0.005447 
446.000000  447.000000  0.005447 
447.000000  448.000000  0.005448 
448.000000  449.000000  0.005448 
449.000000  450.000000  0.005448 
450.000000  451.000000  0.005449 
451.000000  452.000000  0.005449 
452.000000  453.000000  0.005449 
453.000000  454.000000  0.005450 
454.000000  455.000000  0.005450 
455.000000  456.000000  0.005450 
456.000000  457.000000  0.005450 
457.000000  458.000000  0.005451 
458.000000  459.000000  0.005451 
459.000000  460.000000  0.005451 
460.000000  461.000000  0.005451 
461.000000  462.000000  0.005452 
462.000000  463.000000  0.005452 
463.000000  464.000000  0.005452 
464.000000  465.000000  0.005452 
465.000000  466.000000  0.005453 
466.000000  467.000000  0.005453 
467.000000  468.000000  0.005453 
468.000000  469.000000  0.005453 
469.000000  470.000000  0.005453 
470.000000  471.000000  0.005454 
471.000000  472.000000  0.005454 
472.000000  473.000000  0.005454 
473.000000  474.000000  0.005454 
474.000000  475.000000  0.005454 
475.000000  476.000000  0.005454 
476.000000  477.000000  0.005455 
477.000000  478.000000  0.005455 
478.000000  479.000000  0.005455 
479.000000  480.000000  0.005455 
480.000000  481.000000  0.005455 
481.000000  482.000000  0.005455 
482.000000  483.000000  0.005455 
483.000000  484.000000  0.005455 
484.000000  485.000000  0.005455 
485.000000  486.000000  0.005456 
486.000000  487.000000  0.005456 
487.000000  488.000000  0.005456 
488.000000  489.000000  0.005456 
489.000000  490.000000  0.005456 
490.000000  491.000000  0.005456 
491.000000  492.000000  0.005456 
492.000000  493.000000  0.005456 
493.000000  494.000000  0.005456 
494.000000  495.000000  0.005456 
495.000000  496.000000  0.005456 
496.000000  497.000000  0.005456 
497.000000  498.000000  0.005456 
498.000000  499.000000  0.005456 
499.000000  500.000000  0.005456 
500.000000  501.000000  0.005456 
501.000000  502.000000  0.005456 
502.000000  503.000000  0.005456 
503.000000  504.000000  0.005456 
504.000000  505.000000  0.005456 
505.000000  506.000000  0.005456 
506.000000  507.000000  0.005456 
507.000000  508.000000  0.005456 
508.000000  509.000000  0.005456 
509.000000  510.000000  0.005456 
510.000000  511.000000  0.005456 
511.000000  512.000000  0.005456 
512.000000  513.000000  0.005456 
513.000000  514.000000  0.005456 
514.000000  515.000000  0.005456 
515.000000  516.000000  0.005456 
516.000000  517.000000  0.005456 
517.000000  518.000000  0.005456 
518.000000  519.000000  0.005456 
519.000000  520.000000  0.005456 
520.000000  521.000000  0.005455 
521.000000  522.000000  0.005455 
522.000000  523.000000  0.005455 
523.000000  524.000000  0.005455 
524.000000  525.000000  0.005455 
525.000000  526.000000  0.005455 
526.000000  527.000000  0.005455 
527.000000  528.000000  0.005455 
528.000000  529.000000  0.005455 
529.000000  530.000000  0.005455 
530.000000  531.000000  0.005454 
531.000000  532.000000  0.005454 
532.000000  533.000000  0.005454 
533.000000  534.000000  0.005454 
534.000000  535.000000  0.005454 
535.000000  536.000000  0.005454 
536.000000  537.000000  0.005454 
537.000000  538.000000  0.005453 
538.000000  539.000000  0.005453 
539.000000  540.000000  0.005453 
540.000000  541.000000  0.005453 
541.000000  542.000000  0.005453 
542.000000  543.000000  0.005453 
543.000000  544.000000  0.005453 
544.000000  545.000000  0.005452 
545.000000  546.000000  0.005452 
546.000000  547.000000  0.005452 
547.000000  548.000000  0.005452 
548.000000  549.000000  0.005452 
549.000000  550.000000  0.005451 
550.000000  551.000000  0.005451 
551.000000  552.000000  0.005451 
552.000000  553.000000  0.005451 
553.000000  554.000000  0.005451 
554.000000  555.000000  0.005451 
555.000000  556.000000  0.005450 
556.000000  557.000000  0.005450 
557.000000  558.000000  0.005450 
558.000000  559.000000  0.005450 
559.000000  560.000000  0.005450 
560.000000  561.000000  0.005449 
561.000000  562.000000  0.005449 
562.000000  563.000000  0.005449 
563.000000  564.000000  0.005449 
564.000000  565.000000  0.005448 
565.000000  566.000000  0.005448 
566.000000  567.000000  0.005448 
567.000000  568.000000  0.005448 
568.000000  569.000000  0.005448 
569.000000  570.000000  0.005447 
570.000000  571.000000  0.005447 
571.000000  572.000000  0.005447 
572.000000  573.000000  0.005447 
573.000000  574.000000  0.005446 
574.000000  575.000000  0.005446 
575.000000  576.000000  0.005446 
576.000000  577.000000  0.005446 
577.000000  578.000000  0.005445 
578.000000  579.000000  0.005445 
579.000000  580.000000  0.005445 
580.000000  581.000000  0.005445 
581.000000  582.000000  0.005444 
582.000000  583.000000  0.005444 
583.000000  584.000000  0.005444 
584.000000  585.000000  0.005444 
585.000000  586.000000  0.005444 
586.000000  587.000000  0.005443 
587.000000  588.000000  0.005443 
588.000000  589.000000  0.005443 
589.000000  590.000000  0.005442 
590.000000  591.000000  0.005442 
591.000000  592.000000  0.005442 
592.000000  593.000000  0.005442 
593.000000  594.000000  0.005441 
594.000000  595.000000  0.005441 
595.000000  596.000000  0.005441 
596.000000  597.000000  0.005441 
597.000000  598.000000  0.005440 
598.000000  599.000000  0.005440 
599.000000  600.000000  0.005440 
600.000000  601.000000  0.005440 
601.000000  602.000000  0.005439 
602.000000  603.000000  0.005439 
603.000000  604.000000  0.005439 
604.000000  605.000000  0.005439 
605.000000  606.000000  0.005438 
606.000000  607.000000  0.005438 
607.000000  608.000000  0.005438 
608.000000  609.000000  0.005438 
609.000000  610.000000  0.005437 
610.000000  611.000000  0.005437 
611.000000  612.000000  0.005437 
612.000000  613.000000  0.005436 
613.000000  614.000000  0.005436 
614.000000  615.000000  0.005436 
615.000000  616.000000  0.005436 
616.000000  617.000000  0.005435 
617.000000  618.000000  0.005435 
618.000000  619.000000  0.005435 
619.000000  620.000000  0.005435 
620.000000  621.000000  0.005434 
621.000000  622.000000  0.005434 
622.000000  623.000000  0.005434 
623.000000  624.000000  0.005433 
624.000000  625.000000  0.005433 
625.000000  626.000000  0.005433 
626.000000  627.000000  0.005433 
627.000000  628.000000  0.005432 
628.000000  629.000000  0.005432 
629.000000  630.000000  0.005432 
630.000000  631.000000  0.005432 
631.000000  632.000000  0.005431 
632.000000  633.000000  0.005431 
633.000000  634.000000  0.005431 
634.000000  635.000000  0.005430 
635.000000  636.000000  0.005430 
636.000000  637.000000  0.005430 
637.000000  638.000000  0.005430 
638.000000  639.000000  0.005429 
639.000000  640.000000  0.005429 
640.000000  641.000000  0.005429 
641.000000  642.000000  0.005429 
642.000000  643.000000  0.005428 
643.000000  644.000000  0.005428 
644.000000  645.000000  0.005428 
645.000000  646.000000  0.005427 
646.000000  647.000000  0.005427 
647.000000  648.000000  0.005427 
648.000000  649.000000  0.005427 
649.000000  650.000000  0.005426 
650.000000  651.000000  0.005426 
651.000000  652.000000  0.005426 
652.000000  653.000000  0.005426 
653.000000  654.000000  0.005425 
654.000000  655.000000  0.005425 
655.000000  656.000000  0.005425 
656.000000  657.000000  0.005425 
657.000000  658.000000  0.005424 
658.000000  659.000000  0.005424 
659.000000  660.000000  0.005424 
660.000000  661.000000  0.005423 
661.000000  662.000000  0.005423 
662.000000  663.000000  0.005423 
663.000000  664.000000  0.005423 
664.000000  665.000000  0.005422 
665.000000  666.000000  0.005422 
666.000000  667.000000  0.005422 
667.000000  668.000000  0.005422 
668.000000  669.000000  0.005421 
669.000000  670.000000  0.005421 
670.000000  671.000000  0.005421 
671.000000  672.000000  0.005421 
672.000000  673.000000  0.005420 
673.000000  674.000000  0.005420 
674.000000  675.000000  0.005420 
675.000000  676.000000  0.005420 
676.000000  677.000000  0.005419 
677.000000  678.000000  0.005419 
678.000000  679.000000  0.005419 
679.000000  680.000000  0.005418 
680.000000  681.000000  0.005418 
681.000000  682.000000  0.005418 
682.000000  683.000000  0.005418 
683.000000  684.000000  0.005417 
684.000000  685.000000  0.005417 
685.000000  686.000000  0.005417 
686.000000  687.000000  0.005417 
687.000000  688.000000  0.005416 
688.000000  689.000000  0.005416 
689.000000  690.000000  0.005416 
690.000000  691.000000  0.005416 
691.000000  692.000000  0.005415 
692.000000  693.000000  0.005415 
693.000000  694.000000  0.005415 
694.000000  695.000000  0.005415 
695.000000  696.000000  0.005414 
696.000000  697.000000  0.005414 
697.000000  698.000000  0.005414 
698.000000  699.000000  0.005414 
699.000000  700.000000  0.005413 
700.000000  701.000000  0.005413 
701.000000  702.000000  0.005413 
702.000000  703.000000  0.005413 
703.000000  704.000000  0.005413 
704.000000  705.000000  0.005412 
705.000000  706.000000  0.005412 
706.000000  707.000000  0.005412 
707.000000  708.000000  0.005412 
708.000000  709.000000  0.005411 
709.000000  710.000000  0.005411 
710.000000  711.000000  0.005411 
711.000000  712.000000  0.005411 
712.000000  713.000000  0.005410 
713.000000  714.000000  0.005410 
714.000000  715.000000  0.005410 
715.000000  716.000000  0.005410 
716.000000  717.000000  0.005409 
717.000000  718.000000  0.005409 
718.000000  719.000000  0.005409 
719.000000  720.000000  0.005409 
720.000000  721.000000  0.005409 
721.000000  722.000000  0.005408 
722.000000  723.000000  0.005408 
723.000000  724.000000  0.005408 
724.000000  725.000000  0.005408 
725.000000  726.000000  0.005407 
726.000000  727.000000  0.005407 
727.000000  728.000000  0.005407 
728.000000  729.000000  0.005407 
729.000000  730.000000  0.005406 
730.000000  731.000000  0.005406 
731.000000  732.000000  0.005406 
732.000000  733.000000  0.005406 
733.000000  734.000000  0.005406 
734.000000  735.000000  0.005405 
735.000000  736.000000  0.005405 
736.000000  737.000000  0.005405 
737.000000  738.000000  0.005405 
738.000000  739.000000  0.005404 
739.000000  740.000000  0.005404 
740.000000  741.000000  0.005404 
741.000000  742.000000  0.005404 
742.000000  743.000000  0.005404 
743.000000  744.000000  0.005403 
744.000000  745.000000  0.005403 
745.000000  746.000000  0.005403 
746.000000  747.000000  0.005403 
747.000000  748.000000  0.005403 
748.000000  749.000000  0.005402 
749.000000  750.000000  0.005402 
750.000000  751.000000  0.005402 
751.000000  752.000000  0.005402 
752.000000  753.000000  0.005402 
753.000000  754.000000  0.005401 
754.000000  755.000000  0.005401 
755.000000  756.000000  0.005401 
756.000000  757.000000  0.005401 
757.000000  758.000000  0.005401 
758.000000  759.000000  0.005400 
759.000000  760.000000  0.005400 
760.000000  761.000000  0.005400 
761.000000  762.000000  0.005400 
762.000000  763.000000  0.005399 
763.000000  764.000000  0.005399 
764.000000  765.000000  0.005399 
765.000000  766.000000  0.005399 
766.000000  767.000000  0.005399 
767.000000  768.000000  0.005399 
768.000000  769.000000  0.005398 
769.000000  770.000000  0.005398 
770.000000  771.000000  0.005398 
771.000000  772.000000  0.005398 
772.000000  773.000000  0.005398 
773.000000  774.000000  0.005397 
774.000000  775.000000  0.005397 
775.000000  776.000000  0.005397 
776.000000  777.000000  0.005397 
777.000000  778.000000  0.005397 
778.000000  779.000000  0.005396 
779.000000  780.000000  0.005396 
780.000000  781.000000  0.005396 
781.000000  782.000000  0.005396 
782.000000  783.000000  0.005396 
783.000000  784.000000  0.005395 
784.000000  785.000000  0.005395 
785.000000  786.000000  0.005395 
786.000000  787.000000  0.005395 
787.000000  788.000000  0.005395 
788.000000  789.000000  0.005395 
789.000000  790.000000  0.005394 
790.000000  791.000000  0.005394 
791.000000  792.000000  0.005394 
792.000000  793.000000  0.005394 
793.000000  794.000000  0.005394 
794.000000  795.000000  0.005393 
795.000000  796.000000  0.005393 
796.000000  797.000000  0.005393 
797.000000  798.000000  0.005393 
798.000000  799.000000  0.005393 
799.000000  800.000000  0.005393 
