17.000000  18.000000  -0.000000 
18.000000  19.000000  -0.000000 
19.000000  20.000000  -0.000000 
20.000000  21.000000  -0.000000 
21.000000  22.000000  -0.000000 
22.000000  23.000000  -0.000000 
23.000000  24.000000  -0.000000 
24.000000  25.000000  -0.000000 
25.000000  26.000000  -0.000000 
26.000000  27.000000  -0.000000 
27.000000  28.000000  -0.000000 
28.000000  29.000000  -0.000000 
29.000000  30.000000  -0.000000 
30.000000  31.000000  -0.000000 
31.000000  32.000000  -0.000000 
32.000000  33.000000  -0.000000 
33.000000  34.000000  -0.000000 
34.000000  35.000000  -0.000001 
35.000000  36.000000  -0.000001 
36.000000  37.000000  -0.000001 
37.000000  38.000000  -0.000001 
38.000000  39.000000  -0.000002 
39.000000  40.000000  -0.000002 
40.000000  41.000000  -0.000003 
41.000000  42.000000  -0.000003 
42.000000  43.000000  -0.000004 
43.000000  44.000000  -0.000004 
44.000000  45.000000  -0.000005 
45.000000  46.000000  -0.000005 
46.000000  47.000000  -0.000006 
47.000000  48.000000  -0.000006 
48.000000  49.000000  -0.000007 
49.000000  50.000000  -0.000007 
50.000000  51.000000  -0.000007 
51.000000  52.000000  -0.000007 
52.000000  53.000000  -0.000007 
53.000000  54.000000  -0.000006 
54.000000  55.000000  -0.000005 
55.000000  56.000000  -0.000004 
56.000000  57.000000  -0.000002 
57.000000  58.000000  0.000000 
58.000000  59.000000  0.000003 
59.000000  60.000000  0.000006 
60.000000  61.000000  0.000009 
61.000000  62.000000  0.000013 
62.000000  63.000000  0.000018 
63.000000  64.000000  0.000023 
64.000000  65.000000  0.000028 
65.000000  66.000000  0.000034 
66.000000  67.000000  0.000041 
67.000000  68.000000  0.000048 
68.000000  69.000000  0.000056 
69.000000  70.000000  0.000064 
70.000000  71.000000  0.000073 
71.000000  72.000000  0.000082 
72.000000  73.000000  0.000092 
73.000000  74.000000  0.000102 
74.000000  75.000000  0.000113 
75.000000  76.000000  0.000124 
76.000000  77.000000  0.000135 
77.000000  78.000000  0.000147 
78.000000  79.000000  0.000158 
79.000000  80.000000  0.000170 
80.000000  81.000000  0.000183 
81.000000  82.000000  0.000195 
82.000000  83.000000  0.000208 
83.000000  84.000000  0.000221 
84.000000  85.000000  0.000233 
85.000000  86.000000  0.000245 
86.000000  87.000000  0.000258 
87.000000  88.000000  0.000271 
88.000000  89.000000  0.000284 
89.000000  90.000000  0.000296 
90.000000  91.000000  0.000309 
91.000000  92.000000  0.000321 
92.000000  93.000000  0.000333 
93.000000  94.000000  0.000345 
94.000000  95.000000  0.000356 
95.000000  96.000000  0.000368 
96.000000  97.000000  0.000379 
97.000000  98.000000  0.000389 
98.000000  99.000000  0.000400 
99.000000  100.000000  0.000410 
100.000000  101.000000  0.000419 
101.000000  102.000000  0.000429 
102.000000  103.000000  0.000438 
103.000000  104.000000  0.000446 
104.000000  105.000000  0.000454 
105.000000  106.000000  0.000462 
106.000000  107.000000  0.000469 
107.000000  108.000000  0.000476 
108.000000  109.000000  0.000482 
109.000000  110.000000  0.000488 
110.000000  111.000000  0.000493 
111.000000  112.000000  0.000499 
112.000000  113.000000  0.000503 
113.000000  114.000000  0.000507 
114.000000  115.000000  0.000511 
115.000000  116.000000  0.000515 
116.000000  117.000000  0.000518 
117.000000  118.000000  0.000520 
118.000000  119.000000  0.000523 
119.000000  120.000000  0.000524 
120.000000  121.000000  0.000526 
121.000000  122.000000  0.000527 
122.000000  123.000000  0.000528 
123.000000  124.000000  0.000528 
124.000000  125.000000  0.000528 
125.000000  126.000000  0.000528 
126.000000  127.000000  0.000527 
127.000000  128.000000  0.000527 
128.000000  129.000000  0.000525 
129.000000  130.000000  0.000524 
130.000000  131.000000  0.000522 
131.000000  132.000000  0.000520 
132.000000  133.000000  0.000518 
133.000000  134.000000  0.000516 
134.000000  135.000000  0.000513 
135.000000  136.000000  0.000510 
136.000000  137.000000  0.000507 
137.000000  138.000000  0.000504 
138.000000  139.000000  0.000501 
139.000000  140.000000  0.000497 
140.000000  141.000000  0.000493 
141.000000  142.000000  0.000489 
142.000000  143.000000  0.000485 
143.000000  144.000000  0.000481 
144.000000  145.000000  0.000477 
145.000000  146.000000  0.000473 
146.000000  147.000000  0.000468 
147.000000  148.000000  0.000464 
148.000000  149.000000  0.000459 
149.000000  150.000000  0.000454 
150.000000  151.000000  0.000449 
151.000000  152.000000  0.000445 
152.000000  153.000000  0.000440 
153.000000  154.000000  0.000435 
154.000000  155.000000  0.000430 
155.000000  156.000000  0.000425 
156.000000  157.000000  0.000420 
157.000000  158.000000  0.000415 
158.000000  159.000000  0.000409 
159.000000  160.000000  0.000404 
160.000000  161.000000  0.000399 
161.000000  162.000000  0.000394 
162.000000  163.000000  0.000389 
163.000000  164.000000  0.000384 
164.000000  165.000000  0.000379 
165.000000  166.000000  0.000374 
166.000000  167.000000  0.000368 
167.000000  168.000000  0.000363 
168.000000  169.000000  0.000358 
169.000000  170.000000  0.000353 
170.000000  171.000000  0.000348 
171.000000  172.000000  0.000343 
172.000000  173.000000  0.000338 
173.000000  174.000000  0.000334 
174.000000  175.000000  0.000329 
175.000000  176.000000  0.000324 
176.000000  177.000000  0.000319 
177.000000  178.000000  0.000314 
178.000000  179.000000  0.000310 
179.000000  180.000000  0.000305 
180.000000  181.000000  0.000300 
181.000000  182.000000  0.000296 
182.000000  183.000000  0.000291 
183.000000  184.000000  0.000287 
184.000000  185.000000  0.000283 
185.000000  186.000000  0.000278 
186.000000  187.000000  0.000274 
187.000000  188.000000  0.000270 
188.000000  189.000000  0.000266 
189.000000  190.000000  0.000261 
190.000000  191.000000  0.000257 
191.000000  192.000000  0.000253 
192.000000  193.000000  0.000249 
193.000000  194.000000  0.000246 
194.000000  195.000000  0.000242 
195.000000  196.000000  0.000238 
196.000000  197.000000  0.000234 
197.000000  198.000000  0.000230 
198.000000  199.000000  0.000227 
199.000000  200.000000  0.000223 
200.000000  201.000000  0.000220 
201.000000  202.000000  0.000216 
202.000000  203.000000  0.000213 
203.000000  204.000000  0.000209 
204.000000  205.000000  0.000206 
205.000000  206.000000  0.000203 
206.000000  207.000000  0.000200 
207.000000  208.000000  0.000196 
208.000000  209.000000  0.000193 
209.000000  210.000000  0.000190 
210.000000  211.000000  0.000187 
211.000000  212.000000  0.000184 
212.000000  213.000000  0.000181 
213.000000  214.000000  0.000179 
214.000000  215.000000  0.000176 
215.000000  216.000000  0.000173 
216.000000  217.000000  0.000170 
217.000000  218.000000  0.000168 
218.000000  219.000000  0.000165 
219.000000  220.000000  0.000162 
220.000000  221.000000  0.000160 
221.000000  222.000000  0.000157 
222.000000  223.000000  0.000155 
223.000000  224.000000  0.000152 
224.000000  225.000000  0.000150 
225.000000  226.000000  0.000148 
226.000000  227.000000  0.000145 
227.000000  228.000000  0.000143 
228.000000  229.000000  0.000141 
229.000000  230.000000  0.000139 
230.000000  231.000000  0.000136 
231.000000  232.000000  0.000134 
232.000000  233.000000  0.000132 
233.000000  234.000000  0.000130 
234.000000  235.000000  0.000128 
235.000000  236.000000  0.000126 
236.000000  237.000000  0.000124 
237.000000  238.000000  0.000122 
238.000000  239.000000  0.000121 
239.000000  240.000000  0.000119 
240.000000  241.000000  0.000117 
241.000000  242.000000  0.000115 
242.000000  243.000000  0.000113 
243.000000  244.000000  0.000112 
244.000000  245.000000  0.000110 
245.000000  246.000000  0.000108 
246.000000  247.000000  0.000107 
247.000000  248.000000  0.000105 
248.000000  249.000000  0.000104 
249.000000  250.000000  0.000102 
250.000000  251.000000  0.000101 
251.000000  252.000000  0.000099 
252.000000  253.000000  0.000098 
253.000000  254.000000  0.000096 
254.000000  255.000000  0.000095 
255.000000  256.000000  0.000093 
256.000000  257.000000  0.000092 
257.000000  258.000000  0.000091 
258.000000  259.000000  0.000089 
259.000000  260.000000  0.000088 
260.000000  261.000000  0.000087 
261.000000  262.000000  0.000086 
262.000000  263.000000  0.000084 
263.000000  264.000000  0.000083 
264.000000  265.000000  0.000082 
265.000000  266.000000  0.000081 
266.000000  267.000000  0.000080 
267.000000  268.000000  0.000078 
268.000000  269.000000  0.000077 
269.000000  270.000000  0.000076 
270.000000  271.000000  0.000075 
271.000000  272.000000  0.000074 
272.000000  273.000000  0.000073 
273.000000  274.000000  0.000072 
274.000000  275.000000  0.000071 
275.000000  276.000000  0.000070 
276.000000  277.000000  0.000069 
277.000000  278.000000  0.000068 
278.000000  279.000000  0.000067 
279.000000  280.000000  0.000066 
280.000000  281.000000  0.000065 
281.000000  282.000000  0.000065 
282.000000  283.000000  0.000064 
283.000000  284.000000  0.000063 
284.000000  285.000000  0.000062 
285.000000  286.000000  0.000061 
286.000000  287.000000  0.000060 
287.000000  288.000000  0.000059 
288.000000  289.000000  0.000059 
289.000000  290.000000  0.000058 
290.000000  291.000000  0.000057 
291.000000  292.000000  0.000056 
292.000000  293.000000  0.000056 
293.000000  294.000000  0.000055 
294.000000  295.000000  0.000054 
295.000000  296.000000  0.000054 
296.000000  297.000000  0.000053 
297.000000  298.000000  0.000052 
298.000000  299.000000  0.000051 
299.000000  300.000000  0.000051 
300.000000  301.000000  0.000050 
301.000000  302.000000  0.000050 
302.000000  303.000000  0.000049 
303.000000  304.000000  0.000048 
304.000000  305.000000  0.000048 
305.000000  306.000000  0.000047 
306.000000  307.000000  0.000046 
307.000000  308.000000  0.000046 
308.000000  309.000000  0.000045 
309.000000  310.000000  0.000045 
310.000000  311.000000  0.000044 
311.000000  312.000000  0.000044 
312.000000  313.000000  0.000043 
313.000000  314.000000  0.000043 
314.000000  315.000000  0.000042 
315.000000  316.000000  0.000042 
316.000000  317.000000  0.000041 
317.000000  318.000000  0.000041 
318.000000  319.000000  0.000040 
319.000000  320.000000  0.000040 
320.000000  321.000000  0.000039 
321.000000  322.000000  0.000039 
322.000000  323.000000  0.000038 
323.000000  324.000000  0.000038 
324.000000  325.000000  0.000037 
325.000000  326.000000  0.000037 
326.000000  327.000000  0.000036 
327.000000  328.000000  0.000036 
328.000000  329.000000  0.000036 
329.000000  330.000000  0.000035 
330.000000  331.000000  0.000035 
331.000000  332.000000  0.000034 
332.000000  333.000000  0.000034 
333.000000  334.000000  0.000034 
334.000000  335.000000  0.000033 
335.000000  336.000000  0.000033 
336.000000  337.000000  0.000032 
337.000000  338.000000  0.000032 
338.000000  339.000000  0.000032 
339.000000  340.000000  0.000031 
340.000000  341.000000  0.000031 
341.000000  342.000000  0.000031 
342.000000  343.000000  0.000030 
343.000000  344.000000  0.000030 
344.000000  345.000000  0.000030 
345.000000  346.000000  0.000029 
346.000000  347.000000  0.000029 
347.000000  348.000000  0.000029 
348.000000  349.000000  0.000028 
349.000000  350.000000  0.000028 
350.000000  351.000000  0.000028 
351.000000  352.000000  0.000027 
352.000000  353.000000  0.000027 
353.000000  354.000000  0.000027 
354.000000  355.000000  0.000027 
355.000000  356.000000  0.000026 
356.000000  357.000000  0.000026 
357.000000  358.000000  0.000026 
358.000000  359.000000  0.000025 
359.000000  360.000000  0.000025 
360.000000  361.000000  0.000025 
361.000000  362.000000  0.000025 
362.000000  363.000000  0.000024 
363.000000  364.000000  0.000024 
364.000000  365.000000  0.000024 
365.000000  366.000000  0.000024 
366.000000  367.000000  0.000023 
367.000000  368.000000  0.000023 
368.000000  369.000000  0.000023 
369.000000  370.000000  0.000023 
370.000000  371.000000  0.000022 
371.000000  372.000000  0.000022 
372.000000  373.000000  0.000022 
373.000000  374.000000  0.000022 
374.000000  375.000000  0.000022 
375.000000  376.000000  0.000021 
376.000000  377.000000  0.000021 
377.000000  378.000000  0.000021 
378.000000  379.000000  0.000021 
379.000000  380.000000  0.000021 
380.000000  381.000000  0.000020 
381.000000  382.000000  0.000020 
382.000000  383.000000  0.000020 
383.000000  384.000000  0.000020 
384.000000  385.000000  0.000020 
385.000000  386.000000  0.000019 
386.000000  387.000000  0.000019 
387.000000  388.000000  0.000019 
388.000000  389.000000  0.000019 
389.000000  390.000000  0.000019 
390.000000  391.000000  0.000018 
391.000000  392.000000  0.000018 
392.000000  393.000000  0.000018 
393.000000  394.000000  0.000018 
394.000000  395.000000  0.000018 
395.000000  396.000000  0.000018 
396.000000  397.000000  0.000017 
397.000000  398.000000  0.000017 
398.000000  399.000000  0.000017 
399.000000  400.000000  0.000017 
400.000000  401.000000  0.000017 
401.000000  402.000000  0.000017 
402.000000  403.000000  0.000016 
403.000000  404.000000  0.000016 
404.000000  405.000000  0.000016 
405.000000  406.000000  0.000016 
406.000000  407.000000  0.000016 
407.000000  408.000000  0.000016 
408.000000  409.000000  0.000016 
409.000000  410.000000  0.000015 
410.000000  411.000000  0.000015 
411.000000  412.000000  0.000015 
412.000000  413.000000  0.000015 
413.000000  414.000000  0.000015 
414.000000  415.000000  0.000015 
415.000000  416.000000  0.000015 
416.000000  417.000000  0.000015 
417.000000  418.000000  0.000014 
418.000000  419.000000  0.000014 
419.000000  420.000000  0.000014 
420.000000  421.000000  0.000014 
421.000000  422.000000  0.000014 
422.000000  423.000000  0.000014 
423.000000  424.000000  0.000014 
424.000000  425.000000  0.000014 
425.000000  426.000000  0.000013 
426.000000  427.000000  0.000013 
427.000000  428.000000  0.000013 
428.000000  429.000000  0.000013 
429.000000  430.000000  0.000013 
430.000000  431.000000  0.000013 
431.000000  432.000000  0.000013 
432.000000  433.000000  0.000013 
433.000000  434.000000  0.000013 
434.000000  435.000000  0.000012 
435.000000  436.000000  0.000012 
436.000000  437.000000  0.000012 
437.000000  438.000000  0.000012 
438.000000  439.000000  0.000012 
439.000000  440.000000  0.000012 
440.000000  441.000000  0.000012 
441.000000  442.000000  0.000012 
442.000000  443.000000  0.000012 
443.000000  444.000000  0.000012 
444.000000  445.000000  0.000012 
445.000000  446.000000  0.000011 
446.000000  447.000000  0.000011 
447.000000  448.000000  0.000011 
448.000000  449.000000  0.000011 
449.000000  450.000000  0.000011 
450.000000  451.000000  0.000011 
451.000000  452.000000  0.000011 
452.000000  453.000000  0.000011 
453.000000  454.000000  0.000011 
454.000000  455.000000  0.000011 
455.000000  456.000000  0.000011 
456.000000  457.000000  0.000010 
457.000000  458.000000  0.000010 
458.000000  459.000000  0.000010 
459.000000  460.000000  0.000010 
460.000000  461.000000  0.000010 
461.000000  462.000000  0.000010 
462.000000  463.000000  0.000010 
463.000000  464.000000  0.000010 
464.000000  465.000000  0.000010 
465.000000  466.000000  0.000010 
466.000000  467.000000  0.000010 
467.000000  468.000000  0.000010 
468.000000  469.000000  0.000010 
469.000000  470.000000  0.000010 
470.000000  471.000000  0.000009 
471.000000  472.000000  0.000009 
472.000000  473.000000  0.000009 
473.000000  474.000000  0.000009 
474.000000  475.000000  0.000009 
475.000000  476.000000  0.000009 
476.000000  477.000000  0.000009 
477.000000  478.000000  0.000009 
478.000000  479.000000  0.000009 
479.000000  480.000000  0.000009 
480.000000  481.000000  0.000009 
481.000000  482.000000  0.000009 
482.000000  483.000000  0.000009 
483.000000  484.000000  0.000009 
484.000000  485.000000  0.000009 
485.000000  486.000000  0.000009 
486.000000  487.000000  0.000008 
487.000000  488.000000  0.000008 
488.000000  489.000000  0.000008 
489.000000  490.000000  0.000008 
490.000000  491.000000  0.000008 
491.000000  492.000000  0.000008 
492.000000  493.000000  0.000008 
493.000000  494.000000  0.000008 
494.000000  495.000000  0.000008 
495.000000  496.000000  0.000008 
496.000000  497.000000  0.000008 
497.000000  498.000000  0.000008 
498.000000  499.000000  0.000008 
499.000000  500.000000  0.000008 
500.000000  501.000000  0.000008 
501.000000  502.000000  0.000008 
502.000000  503.000000  0.000008 
503.000000  504.000000  0.000008 
504.000000  505.000000  0.000008 
505.000000  506.000000  0.000007 
506.000000  507.000000  0.000007 
507.000000  508.000000  0.000007 
508.000000  509.000000  0.000007 
509.000000  510.000000  0.000007 
510.000000  511.000000  0.000007 
511.000000  512.000000  0.000007 
512.000000  513.000000  0.000007 
513.000000  514.000000  0.000007 
514.000000  515.000000  0.000007 
515.000000  516.000000  0.000007 
516.000000  517.000000  0.000007 
517.000000  518.000000  0.000007 
518.000000  519.000000  0.000007 
519.000000  520.000000  0.000007 
520.000000  521.000000  0.000007 
521.000000  522.000000  0.000007 
522.000000  523.000000  0.000007 
523.000000  524.000000  0.000007 
524.000000  525.000000  0.000007 
525.000000  526.000000  0.000007 
526.000000  527.000000  0.000007 
527.000000  528.000000  0.000007 
528.000000  529.000000  0.000007 
529.000000  530.000000  0.000006 
530.000000  531.000000  0.000006 
531.000000  532.000000  0.000006 
532.000000  533.000000  0.000006 
533.000000  534.000000  0.000006 
534.000000  535.000000  0.000006 
535.000000  536.000000  0.000006 
536.000000  537.000000  0.000006 
537.000000  538.000000  0.000006 
538.000000  539.000000  0.000006 
539.000000  540.000000  0.000006 
540.000000  541.000000  0.000006 
541.000000  542.000000  0.000006 
542.000000  543.000000  0.000006 
543.000000  544.000000  0.000006 
544.000000  545.000000  0.000006 
545.000000  546.000000  0.000006 
546.000000  547.000000  0.000006 
547.000000  548.000000  0.000006 
548.000000  549.000000  0.000006 
549.000000  550.000000  0.000006 
550.000000  551.000000  0.000006 
551.000000  552.000000  0.000006 
552.000000  553.000000  0.000006 
553.000000  554.000000  0.000006 
554.000000  555.000000  0.000006 
555.000000  556.000000  0.000006 
556.000000  557.000000  0.000006 
557.000000  558.000000  0.000006 
558.000000  559.000000  0.000006 
559.000000  560.000000  0.000006 
560.000000  561.000000  0.000006 
561.000000  562.000000  0.000006 
562.000000  563.000000  0.000005 
563.000000  564.000000  0.000005 
564.000000  565.000000  0.000005 
565.000000  566.000000  0.000005 
566.000000  567.000000  0.000005 
567.000000  568.000000  0.000005 
568.000000  569.000000  0.000005 
569.000000  570.000000  0.000005 
570.000000  571.000000  0.000005 
571.000000  572.000000  0.000005 
572.000000  573.000000  0.000005 
573.000000  574.000000  0.000005 
574.000000  575.000000  0.000005 
575.000000  576.000000  0.000005 
576.000000  577.000000  0.000005 
577.000000  578.000000  0.000005 
578.000000  579.000000  0.000005 
579.000000  580.000000  0.000005 
580.000000  581.000000  0.000005 
581.000000  582.000000  0.000005 
582.000000  583.000000  0.000005 
583.000000  584.000000  0.000005 
584.000000  585.000000  0.000005 
585.000000  586.000000  0.000005 
586.000000  587.000000  0.000005 
587.000000  588.000000  0.000005 
588.000000  589.000000  0.000005 
589.000000  590.000000  0.000005 
590.000000  591.000000  0.000005 
591.000000  592.000000  0.000005 
592.000000  593.000000  0.000005 
593.000000  594.000000  0.000005 
594.000000  595.000000  0.000005 
595.000000  596.000000  0.000005 
596.000000  597.000000  0.000005 
597.000000  598.000000  0.000005 
598.000000  599.000000  0.000005 
599.000000  600.000000  0.000005 
600.000000  601.000000  0.000005 
601.000000  602.000000  0.000005 
602.000000  603.000000  0.000005 
603.000000  604.000000  0.000005 
604.000000  605.000000  0.000005 
605.000000  606.000000  0.000005 
606.000000  607.000000  0.000005 
607.000000  608.000000  0.000005 
608.000000  609.000000  0.000005 
609.000000  610.000000  0.000005 
610.000000  611.000000  0.000005 
611.000000  612.000000  0.000005 
612.000000  613.000000  0.000005 
613.000000  614.000000  0.000005 
614.000000  615.000000  0.000004 
615.000000  616.000000  0.000004 
616.000000  617.000000  0.000004 
617.000000  618.000000  0.000004 
618.000000  619.000000  0.000004 
619.000000  620.000000  0.000004 
620.000000  621.000000  0.000004 
621.000000  622.000000  0.000004 
622.000000  623.000000  0.000004 
623.000000  624.000000  0.000004 
624.000000  625.000000  0.000004 
625.000000  626.000000  0.000004 
626.000000  627.000000  0.000004 
627.000000  628.000000  0.000004 
628.000000  629.000000  0.000004 
629.000000  630.000000  0.000004 
630.000000  631.000000  0.000004 
631.000000  632.000000  0.000004 
632.000000  633.000000  0.000004 
633.000000  634.000000  0.000004 
634.000000  635.000000  0.000004 
635.000000  636.000000  0.000004 
636.000000  637.000000  0.000004 
637.000000  638.000000  0.000004 
638.000000  639.000000  0.000004 
639.000000  640.000000  0.000004 
640.000000  641.000000  0.000004 
641.000000  642.000000  0.000004 
642.000000  643.000000  0.000004 
643.000000  644.000000  0.000004 
644.000000  645.000000  0.000004 
645.000000  646.000000  0.000004 
646.000000  647.000000  0.000004 
647.000000  648.000000  0.000004 
648.000000  649.000000  0.000004 
649.000000  650.000000  0.000004 
650.000000  651.000000  0.000004 
651.000000  652.000000  0.000004 
652.000000  653.000000  0.000004 
653.000000  654.000000  0.000004 
654.000000  655.000000  0.000004 
655.000000  656.000000  0.000004 
656.000000  657.000000  0.000004 
657.000000  658.000000  0.000004 
658.000000  659.000000  0.000004 
659.000000  660.000000  0.000004 
660.000000  661.000000  0.000004 
661.000000  662.000000  0.000004 
662.000000  663.000000  0.000004 
663.000000  664.000000  0.000004 
664.000000  665.000000  0.000004 
665.000000  666.000000  0.000004 
666.000000  667.000000  0.000004 
667.000000  668.000000  0.000004 
668.000000  669.000000  0.000004 
669.000000  670.000000  0.000004 
670.000000  671.000000  0.000004 
671.000000  672.000000  0.000004 
672.000000  673.000000  0.000004 
673.000000  674.000000  0.000004 
674.000000  675.000000  0.000004 
675.000000  676.000000  0.000004 
676.000000  677.000000  0.000004 
677.000000  678.000000  0.000004 
678.000000  679.000000  0.000004 
679.000000  680.000000  0.000004 
680.000000  681.000000  0.000004 
681.000000  682.000000  0.000004 
682.000000  683.000000  0.000004 
683.000000  684.000000  0.000004 
684.000000  685.000000  0.000004 
685.000000  686.000000  0.000004 
686.000000  687.000000  0.000004 
687.000000  688.000000  0.000004 
688.000000  689.000000  0.000004 
689.000000  690.000000  0.000004 
690.000000  691.000000  0.000004 
691.000000  692.000000  0.000004 
692.000000  693.000000  0.000004 
693.000000  694.000000  0.000004 
694.000000  695.000000  0.000004 
695.000000  696.000000  0.000004 
696.000000  697.000000  0.000004 
697.000000  698.000000  0.000004 
698.000000  699.000000  0.000004 
699.000000  700.000000  0.000004 
700.000000  701.000000  0.000004 
701.000000  702.000000  0.000004 
702.000000  703.000000  0.000004 
703.000000  704.000000  0.000004 
704.000000  705.000000  0.000004 
705.000000  706.000000  0.000004 
706.000000  707.000000  0.000004 
707.000000  708.000000  0.000004 
708.000000  709.000000  0.000004 
709.000000  710.000000  0.000004 
710.000000  711.000000  0.000004 
711.000000  712.000000  0.000004 
712.000000  713.000000  0.000004 
713.000000  714.000000  0.000004 
714.000000  715.000000  0.000004 
715.000000  716.000000  0.000004 
716.000000  717.000000  0.000004 
717.000000  718.000000  0.000004 
718.000000  719.000000  0.000004 
719.000000  720.000000  0.000004 
720.000000  721.000000  0.000004 
721.000000  722.000000  0.000004 
722.000000  723.000000  0.000004 
723.000000  724.000000  0.000004 
724.000000  725.000000  0.000004 
725.000000  726.000000  0.000004 
726.000000  727.000000  0.000004 
727.000000  728.000000  0.000004 
728.000000  729.000000  0.000004 
729.000000  730.000000  0.000004 
730.000000  731.000000  0.000004 
731.000000  732.000000  0.000004 
732.000000  733.000000  0.000004 
733.000000  734.000000  0.000004 
734.000000  735.000000  0.000004 
735.000000  736.000000  0.000004 
736.000000  737.000000  0.000004 
737.000000  738.000000  0.000004 
738.000000  739.000000  0.000004 
739.000000  740.000000  0.000004 
740.000000  741.000000  0.000004 
741.000000  742.000000  0.000004 
742.000000  743.000000  0.000004 
743.000000  744.000000  0.000004 
744.000000  745.000000  0.000004 
745.000000  746.000000  0.000004 
746.000000  747.000000  0.000004 
747.000000  748.000000  0.000004 
748.000000  749.000000  0.000004 
749.000000  750.000000  0.000004 
750.000000  751.000000  0.000004 
751.000000  752.000000  0.000003 
752.000000  753.000000  0.000003 
753.000000  754.000000  0.000003 
754.000000  755.000000  0.000003 
755.000000  756.000000  0.000003 
756.000000  757.000000  0.000003 
757.000000  758.000000  0.000003 
758.000000  759.000000  0.000003 
759.000000  760.000000  0.000003 
760.000000  761.000000  0.000003 
761.000000  762.000000  0.000003 
762.000000  763.000000  0.000003 
763.000000  764.000000  0.000003 
764.000000  765.000000  0.000003 
765.000000  766.000000  0.000003 
766.000000  767.000000  0.000003 
767.000000  768.000000  0.000003 
768.000000  769.000000  0.000003 
769.000000  770.000000  0.000003 
770.000000  771.000000  0.000003 
771.000000  772.000000  0.000003 
772.000000  773.000000  0.000003 
773.000000  774.000000  0.000003 
774.000000  775.000000  0.000003 
775.000000  776.000000  0.000003 
776.000000  777.000000  0.000003 
777.000000  778.000000  0.000003 
778.000000  779.000000  0.000003 
779.000000  780.000000  0.000003 
780.000000  781.000000  0.000003 
781.000000  782.000000  0.000003 
782.000000  783.000000  0.000003 
783.000000  784.000000  0.000003 
784.000000  785.000000  0.000003 
785.000000  786.000000  0.000003 
786.000000  787.000000  0.000003 
787.000000  788.000000  0.000003 
788.000000  789.000000  0.000003 
789.000000  790.000000  0.000003 
790.000000  791.000000  0.000003 
791.000000  792.000000  0.000003 
792.000000  793.000000  0.000003 
793.000000  794.000000  0.000003 
794.000000  795.000000  0.000003 
795.000000  796.000000  0.000003 
796.000000  797.000000  0.000003 
797.000000  798.000000  0.000003 
798.000000  799.000000  0.000003 
799.000000  800.000000  0.000003 
