17.000000  18.000000  0.016727 
18.000000  19.000000  0.016727 
19.000000  20.000000  0.016727 
20.000000  21.000000  0.016727 
21.000000  22.000000  0.016727 
22.000000  23.000000  0.016727 
23.000000  24.000000  0.016727 
24.000000  25.000000  0.016727 
25.000000  26.000000  0.016727 
26.000000  27.000000  0.016727 
27.000000  28.000000  0.016726 
28.000000  29.000000  0.016726 
29.000000  30.000000  0.016725 
30.000000  31.000000  0.016723 
31.000000  32.000000  0.016721 
32.000000  33.000000  0.016718 
33.000000  34.000000  0.016714 
34.000000  35.000000  0.016708 
35.000000  36.000000  0.016700 
36.000000  37.000000  0.016690 
37.000000  38.000000  0.016677 
38.000000  39.000000  0.016661 
39.000000  40.000000  0.016641 
40.000000  41.000000  0.016617 
41.000000  42.000000  0.016588 
42.000000  43.000000  0.016554 
43.000000  44.000000  0.016513 
44.000000  45.000000  0.016467 
45.000000  46.000000  0.016414 
46.000000  47.000000  0.016353 
47.000000  48.000000  0.016286 
48.000000  49.000000  0.016211 
49.000000  50.000000  0.016129 
50.000000  51.000000  0.016039 
51.000000  52.000000  0.015941 
52.000000  53.000000  0.015835 
53.000000  54.000000  0.015722 
54.000000  55.000000  0.015601 
55.000000  56.000000  0.015474 
56.000000  57.000000  0.015339 
57.000000  58.000000  0.015199 
58.000000  59.000000  0.015051 
59.000000  60.000000  0.014898 
60.000000  61.000000  0.014740 
61.000000  62.000000  0.014577 
62.000000  63.000000  0.014409 
63.000000  64.000000  0.014238 
64.000000  65.000000  0.014062 
65.000000  66.000000  0.013884 
66.000000  67.000000  0.013703 
67.000000  68.000000  0.013519 
68.000000  69.000000  0.013334 
69.000000  70.000000  0.013147 
70.000000  71.000000  0.012960 
71.000000  72.000000  0.012772 
72.000000  73.000000  0.012583 
73.000000  74.000000  0.012395 
74.000000  75.000000  0.012207 
75.000000  76.000000  0.012019 
76.000000  77.000000  0.011833 
77.000000  78.000000  0.011647 
78.000000  79.000000  0.011464 
79.000000  80.000000  0.011281 
80.000000  81.000000  0.011101 
81.000000  82.000000  0.010923 
82.000000  83.000000  0.010746 
83.000000  84.000000  0.010572 
84.000000  85.000000  0.010401 
85.000000  86.000000  0.010217 
86.000000  87.000000  0.010051 
87.000000  88.000000  0.009888 
88.000000  89.000000  0.009727 
89.000000  90.000000  0.009569 
90.000000  91.000000  0.009414 
91.000000  92.000000  0.009262 
92.000000  93.000000  0.009113 
93.000000  94.000000  0.008966 
94.000000  95.000000  0.008822 
95.000000  96.000000  0.008681 
96.000000  97.000000  0.008543 
97.000000  98.000000  0.008408 
98.000000  99.000000  0.008275 
99.000000  100.000000  0.008145 
100.000000  101.000000  0.008018 
101.000000  102.000000  0.007894 
102.000000  103.000000  0.007772 
103.000000  104.000000  0.007652 
104.000000  105.000000  0.007535 
105.000000  106.000000  0.007421 
106.000000  107.000000  0.007309 
107.000000  108.000000  0.007199 
108.000000  109.000000  0.007092 
109.000000  110.000000  0.006986 
110.000000  111.000000  0.006883 
111.000000  112.000000  0.006782 
112.000000  113.000000  0.006684 
113.000000  114.000000  0.006587 
114.000000  115.000000  0.006492 
115.000000  116.000000  0.006399 
116.000000  117.000000  0.006308 
117.000000  118.000000  0.006218 
118.000000  119.000000  0.006130 
119.000000  120.000000  0.006044 
120.000000  121.000000  0.005960 
121.000000  122.000000  0.005877 
122.000000  123.000000  0.005796 
123.000000  124.000000  0.005716 
124.000000  125.000000  0.005637 
125.000000  126.000000  0.005560 
126.000000  127.000000  0.005484 
127.000000  128.000000  0.005410 
128.000000  129.000000  0.005337 
129.000000  130.000000  0.005265 
130.000000  131.000000  0.005194 
131.000000  132.000000  0.005124 
132.000000  133.000000  0.005055 
133.000000  134.000000  0.004988 
134.000000  135.000000  0.004921 
135.000000  136.000000  0.004855 
136.000000  137.000000  0.004791 
137.000000  138.000000  0.004727 
138.000000  139.000000  0.004665 
139.000000  140.000000  0.004603 
140.000000  141.000000  0.004542 
141.000000  142.000000  0.004482 
142.000000  143.000000  0.004422 
143.000000  144.000000  0.004364 
144.000000  145.000000  0.004306 
145.000000  146.000000  0.004249 
146.000000  147.000000  0.004193 
147.000000  148.000000  0.004137 
148.000000  149.000000  0.004082 
149.000000  150.000000  0.004028 
150.000000  151.000000  0.003975 
151.000000  152.000000  0.003922 
152.000000  153.000000  0.003870 
153.000000  154.000000  0.003819 
154.000000  155.000000  0.003768 
155.000000  156.000000  0.003718 
156.000000  157.000000  0.003668 
157.000000  158.000000  0.003619 
158.000000  159.000000  0.003571 
159.000000  160.000000  0.003523 
160.000000  161.000000  0.003476 
161.000000  162.000000  0.003429 
162.000000  163.000000  0.003383 
163.000000  164.000000  0.003338 
164.000000  165.000000  0.003293 
165.000000  166.000000  0.003249 
166.000000  167.000000  0.003205 
167.000000  168.000000  0.003162 
168.000000  169.000000  0.003119 
169.000000  170.000000  0.003077 
170.000000  171.000000  0.003035 
171.000000  172.000000  0.002994 
172.000000  173.000000  0.002953 
173.000000  174.000000  0.002913 
174.000000  175.000000  0.002873 
175.000000  176.000000  0.002834 
176.000000  177.000000  0.002795 
177.000000  178.000000  0.002757 
178.000000  179.000000  0.002719 
179.000000  180.000000  0.002682 
180.000000  181.000000  0.002645 
181.000000  182.000000  0.002609 
182.000000  183.000000  0.002573 
183.000000  184.000000  0.002537 
184.000000  185.000000  0.002502 
185.000000  186.000000  0.002468 
186.000000  187.000000  0.002434 
187.000000  188.000000  0.002400 
188.000000  189.000000  0.002367 
189.000000  190.000000  0.002334 
190.000000  191.000000  0.002302 
191.000000  192.000000  0.002270 
192.000000  193.000000  0.002239 
193.000000  194.000000  0.002208 
194.000000  195.000000  0.002177 
195.000000  196.000000  0.002147 
196.000000  197.000000  0.002117 
197.000000  198.000000  0.002088 
198.000000  199.000000  0.002059 
199.000000  200.000000  0.002030 
200.000000  201.000000  0.002002 
201.000000  202.000000  0.001974 
202.000000  203.000000  0.001947 
203.000000  204.000000  0.001920 
204.000000  205.000000  0.001893 
205.000000  206.000000  0.001867 
206.000000  207.000000  0.001841 
207.000000  208.000000  0.001816 
208.000000  209.000000  0.001791 
209.000000  210.000000  0.001766 
210.000000  211.000000  0.001741 
211.000000  212.000000  0.001717 
212.000000  213.000000  0.001693 
213.000000  214.000000  0.001670 
214.000000  215.000000  0.001647 
215.000000  216.000000  0.001624 
216.000000  217.000000  0.001602 
217.000000  218.000000  0.001580 
218.000000  219.000000  0.001558 
219.000000  220.000000  0.001537 
220.000000  221.000000  0.001515 
221.000000  222.000000  0.001495 
222.000000  223.000000  0.001474 
223.000000  224.000000  0.001454 
224.000000  225.000000  0.001434 
225.000000  226.000000  0.001414 
226.000000  227.000000  0.001395 
227.000000  228.000000  0.001376 
228.000000  229.000000  0.001357 
229.000000  230.000000  0.001339 
230.000000  231.000000  0.001321 
231.000000  232.000000  0.001303 
232.000000  233.000000  0.001285 
233.000000  234.000000  0.001268 
234.000000  235.000000  0.001250 
235.000000  236.000000  0.001234 
236.000000  237.000000  0.001217 
237.000000  238.000000  0.001201 
238.000000  239.000000  0.001184 
239.000000  240.000000  0.001169 
240.000000  241.000000  0.001153 
241.000000  242.000000  0.001137 
242.000000  243.000000  0.001122 
243.000000  244.000000  0.001107 
244.000000  245.000000  0.001093 
245.000000  246.000000  0.001078 
246.000000  247.000000  0.001064 
247.000000  248.000000  0.001050 
248.000000  249.000000  0.001036 
249.000000  250.000000  0.001022 
250.000000  251.000000  0.001009 
251.000000  252.000000  0.000996 
252.000000  253.000000  0.000982 
253.000000  254.000000  0.000970 
254.000000  255.000000  0.000957 
255.000000  256.000000  0.000945 
256.000000  257.000000  0.000932 
257.000000  258.000000  0.000920 
258.000000  259.000000  0.000908 
259.000000  260.000000  0.000897 
260.000000  261.000000  0.000885 
261.000000  262.000000  0.000874 
262.000000  263.000000  0.000862 
263.000000  264.000000  0.000851 
264.000000  265.000000  0.000840 
265.000000  266.000000  0.000830 
266.000000  267.000000  0.000819 
267.000000  268.000000  0.000809 
268.000000  269.000000  0.000799 
269.000000  270.000000  0.000788 
270.000000  271.000000  0.000779 
271.000000  272.000000  0.000769 
272.000000  273.000000  0.000759 
273.000000  274.000000  0.000750 
274.000000  275.000000  0.000740 
275.000000  276.000000  0.000731 
276.000000  277.000000  0.000722 
277.000000  278.000000  0.000713 
278.000000  279.000000  0.000704 
279.000000  280.000000  0.000696 
280.000000  281.000000  0.000687 
281.000000  282.000000  0.000679 
282.000000  283.000000  0.000670 
283.000000  284.000000  0.000662 
284.000000  285.000000  0.000654 
285.000000  286.000000  0.000646 
286.000000  287.000000  0.000638 
287.000000  288.000000  0.000631 
288.000000  289.000000  0.000623 
289.000000  290.000000  0.000616 
290.000000  291.000000  0.000608 
291.000000  292.000000  0.000601 
292.000000  293.000000  0.000594 
293.000000  294.000000  0.000587 
294.000000  295.000000  0.000580 
295.000000  296.000000  0.000573 
296.000000  297.000000  0.000566 
297.000000  298.000000  0.000560 
298.000000  299.000000  0.000553 
299.000000  300.000000  0.000547 
300.000000  301.000000  0.000540 
301.000000  302.000000  0.000534 
302.000000  303.000000  0.000528 
303.000000  304.000000  0.000522 
304.000000  305.000000  0.000516 
305.000000  306.000000  0.000510 
306.000000  307.000000  0.000504 
307.000000  308.000000  0.000498 
308.000000  309.000000  0.000492 
309.000000  310.000000  0.000487 
310.000000  311.000000  0.000481 
311.000000  312.000000  0.000476 
312.000000  313.000000  0.000471 
313.000000  314.000000  0.000465 
314.000000  315.000000  0.000460 
315.000000  316.000000  0.000455 
316.000000  317.000000  0.000450 
317.000000  318.000000  0.000445 
318.000000  319.000000  0.000440 
319.000000  320.000000  0.000435 
320.000000  321.000000  0.000430 
321.000000  322.000000  0.000426 
322.000000  323.000000  0.000421 
323.000000  324.000000  0.000416 
324.000000  325.000000  0.000412 
325.000000  326.000000  0.000407 
326.000000  327.000000  0.000403 
327.000000  328.000000  0.000399 
328.000000  329.000000  0.000394 
329.000000  330.000000  0.000390 
330.000000  331.000000  0.000386 
331.000000  332.000000  0.000382 
332.000000  333.000000  0.000378 
333.000000  334.000000  0.000374 
334.000000  335.000000  0.000370 
335.000000  336.000000  0.000366 
336.000000  337.000000  0.000362 
337.000000  338.000000  0.000358 
338.000000  339.000000  0.000355 
339.000000  340.000000  0.000351 
340.000000  341.000000  0.000347 
341.000000  342.000000  0.000344 
342.000000  343.000000  0.000340 
343.000000  344.000000  0.000337 
344.000000  345.000000  0.000333 
345.000000  346.000000  0.000330 
346.000000  347.000000  0.000327 
347.000000  348.000000  0.000323 
348.000000  349.000000  0.000320 
349.000000  350.000000  0.000317 
350.000000  351.000000  0.000314 
351.000000  352.000000  0.000310 
352.000000  353.000000  0.000307 
353.000000  354.000000  0.000304 
354.000000  355.000000  0.000301 
355.000000  356.000000  0.000298 
356.000000  357.000000  0.000295 
357.000000  358.000000  0.000292 
358.000000  359.000000  0.000290 
359.000000  360.000000  0.000287 
360.000000  361.000000  0.000284 
361.000000  362.000000  0.000281 
362.000000  363.000000  0.000278 
363.000000  364.000000  0.000276 
364.000000  365.000000  0.000273 
365.000000  366.000000  0.000270 
366.000000  367.000000  0.000268 
367.000000  368.000000  0.000265 
368.000000  369.000000  0.000263 
369.000000  370.000000  0.000260 
370.000000  371.000000  0.000258 
371.000000  372.000000  0.000255 
372.000000  373.000000  0.000253 
373.000000  374.000000  0.000251 
374.000000  375.000000  0.000248 
375.000000  376.000000  0.000246 
376.000000  377.000000  0.000244 
377.000000  378.000000  0.000242 
378.000000  379.000000  0.000239 
379.000000  380.000000  0.000237 
380.000000  381.000000  0.000235 
381.000000  382.000000  0.000233 
382.000000  383.000000  0.000231 
383.000000  384.000000  0.000229 
384.000000  385.000000  0.000227 
385.000000  386.000000  0.000224 
386.000000  387.000000  0.000222 
387.000000  388.000000  0.000220 
388.000000  389.000000  0.000219 
389.000000  390.000000  0.000217 
390.000000  391.000000  0.000215 
391.000000  392.000000  0.000213 
392.000000  393.000000  0.000211 
393.000000  394.000000  0.000209 
394.000000  395.000000  0.000207 
395.000000  396.000000  0.000205 
396.000000  397.000000  0.000204 
397.000000  398.000000  0.000202 
398.000000  399.000000  0.000200 
399.000000  400.000000  0.000198 
400.000000  401.000000  0.000197 
401.000000  402.000000  0.000195 
402.000000  403.000000  0.000193 
403.000000  404.000000  0.000192 
404.000000  405.000000  0.000190 
405.000000  406.000000  0.000188 
406.000000  407.000000  0.000187 
407.000000  408.000000  0.000185 
408.000000  409.000000  0.000184 
409.000000  410.000000  0.000182 
410.000000  411.000000  0.000181 
411.000000  412.000000  0.000179 
412.000000  413.000000  0.000178 
413.000000  414.000000  0.000176 
414.000000  415.000000  0.000175 
415.000000  416.000000  0.000173 
416.000000  417.000000  0.000172 
417.000000  418.000000  0.000171 
418.000000  419.000000  0.000169 
419.000000  420.000000  0.000168 
420.000000  421.000000  0.000166 
421.000000  422.000000  0.000165 
422.000000  423.000000  0.000164 
423.000000  424.000000  0.000163 
424.000000  425.000000  0.000161 
425.000000  426.000000  0.000160 
426.000000  427.000000  0.000159 
427.000000  428.000000  0.000157 
428.000000  429.000000  0.000156 
429.000000  430.000000  0.000155 
430.000000  431.000000  0.000154 
431.000000  432.000000  0.000153 
432.000000  433.000000  0.000151 
433.000000  434.000000  0.000150 
434.000000  435.000000  0.000149 
435.000000  436.000000  0.000148 
436.000000  437.000000  0.000147 
437.000000  438.000000  0.000146 
438.000000  439.000000  0.000145 
439.000000  440.000000  0.000144 
440.000000  441.000000  0.000142 
441.000000  442.000000  0.000141 
442.000000  443.000000  0.000140 
443.000000  444.000000  0.000139 
444.000000  445.000000  0.000138 
445.000000  446.000000  0.000137 
446.000000  447.000000  0.000136 
447.000000  448.000000  0.000135 
448.000000  449.000000  0.000134 
449.000000  450.000000  0.000133 
450.000000  451.000000  0.000132 
451.000000  452.000000  0.000131 
452.000000  453.000000  0.000130 
453.000000  454.000000  0.000130 
454.000000  455.000000  0.000129 
455.000000  456.000000  0.000128 
456.000000  457.000000  0.000127 
457.000000  458.000000  0.000126 
458.000000  459.000000  0.000125 
459.000000  460.000000  0.000124 
460.000000  461.000000  0.000123 
461.000000  462.000000  0.000122 
462.000000  463.000000  0.000122 
463.000000  464.000000  0.000121 
464.000000  465.000000  0.000120 
465.000000  466.000000  0.000119 
466.000000  467.000000  0.000118 
467.000000  468.000000  0.000117 
468.000000  469.000000  0.000117 
469.000000  470.000000  0.000116 
470.000000  471.000000  0.000115 
471.000000  472.000000  0.000114 
472.000000  473.000000  0.000114 
473.000000  474.000000  0.000113 
474.000000  475.000000  0.000112 
475.000000  476.000000  0.000111 
476.000000  477.000000  0.000111 
477.000000  478.000000  0.000110 
478.000000  479.000000  0.000109 
479.000000  480.000000  0.000109 
480.000000  481.000000  0.000108 
481.000000  482.000000  0.000107 
482.000000  483.000000  0.000106 
483.000000  484.000000  0.000106 
484.000000  485.000000  0.000105 
485.000000  486.000000  0.000104 
486.000000  487.000000  0.000104 
487.000000  488.000000  0.000103 
488.000000  489.000000  0.000103 
489.000000  490.000000  0.000102 
490.000000  491.000000  0.000101 
491.000000  492.000000  0.000101 
492.000000  493.000000  0.000100 
493.000000  494.000000  0.000099 
494.000000  495.000000  0.000099 
495.000000  496.000000  0.000098 
496.000000  497.000000  0.000098 
497.000000  498.000000  0.000097 
498.000000  499.000000  0.000097 
499.000000  500.000000  0.000096 
500.000000  501.000000  0.000095 
501.000000  502.000000  0.000095 
502.000000  503.000000  0.000094 
503.000000  504.000000  0.000094 
504.000000  505.000000  0.000093 
505.000000  506.000000  0.000093 
506.000000  507.000000  0.000092 
507.000000  508.000000  0.000092 
508.000000  509.000000  0.000091 
509.000000  510.000000  0.000091 
510.000000  511.000000  0.000090 
511.000000  512.000000  0.000090 
512.000000  513.000000  0.000089 
513.000000  514.000000  0.000089 
514.000000  515.000000  0.000088 
515.000000  516.000000  0.000088 
516.000000  517.000000  0.000087 
517.000000  518.000000  0.000087 
518.000000  519.000000  0.000086 
519.000000  520.000000  0.000086 
520.000000  521.000000  0.000085 
521.000000  522.000000  0.000085 
522.000000  523.000000  0.000084 
523.000000  524.000000  0.000084 
524.000000  525.000000  0.000084 
525.000000  526.000000  0.000083 
526.000000  527.000000  0.000083 
527.000000  528.000000  0.000082 
528.000000  529.000000  0.000082 
529.000000  530.000000  0.000081 
530.000000  531.000000  0.000081 
531.000000  532.000000  0.000081 
532.000000  533.000000  0.000080 
533.000000  534.000000  0.000080 
534.000000  535.000000  0.000079 
535.000000  536.000000  0.000079 
536.000000  537.000000  0.000079 
537.000000  538.000000  0.000078 
538.000000  539.000000  0.000078 
539.000000  540.000000  0.000078 
540.000000  541.000000  0.000077 
541.000000  542.000000  0.000077 
542.000000  543.000000  0.000077 
543.000000  544.000000  0.000076 
544.000000  545.000000  0.000076 
545.000000  546.000000  0.000075 
546.000000  547.000000  0.000075 
547.000000  548.000000  0.000075 
548.000000  549.000000  0.000074 
549.000000  550.000000  0.000074 
550.000000  551.000000  0.000074 
551.000000  552.000000  0.000073 
552.000000  553.000000  0.000073 
553.000000  554.000000  0.000073 
554.000000  555.000000  0.000073 
555.000000  556.000000  0.000072 
556.000000  557.000000  0.000072 
557.000000  558.000000  0.000072 
558.000000  559.000000  0.000071 
559.000000  560.000000  0.000071 
560.000000  561.000000  0.000071 
561.000000  562.000000  0.000070 
562.000000  563.000000  0.000070 
563.000000  564.000000  0.000070 
564.000000  565.000000  0.000070 
565.000000  566.000000  0.000069 
566.000000  567.000000  0.000069 
567.000000  568.000000  0.000069 
568.000000  569.000000  0.000068 
569.000000  570.000000  0.000068 
570.000000  571.000000  0.000068 
571.000000  572.000000  0.000068 
572.000000  573.000000  0.000067 
573.000000  574.000000  0.000067 
574.000000  575.000000  0.000067 
575.000000  576.000000  0.000067 
576.000000  577.000000  0.000066 
577.000000  578.000000  0.000066 
578.000000  579.000000  0.000066 
579.000000  580.000000  0.000066 
580.000000  581.000000  0.000065 
581.000000  582.000000  0.000065 
582.000000  583.000000  0.000065 
583.000000  584.000000  0.000065 
584.000000  585.000000  0.000064 
585.000000  586.000000  0.000064 
586.000000  587.000000  0.000064 
587.000000  588.000000  0.000064 
588.000000  589.000000  0.000064 
589.000000  590.000000  0.000063 
590.000000  591.000000  0.000063 
591.000000  592.000000  0.000063 
592.000000  593.000000  0.000063 
593.000000  594.000000  0.000063 
594.000000  595.000000  0.000062 
595.000000  596.000000  0.000062 
596.000000  597.000000  0.000062 
597.000000  598.000000  0.000062 
598.000000  599.000000  0.000062 
599.000000  600.000000  0.000061 
600.000000  601.000000  0.000061 
601.000000  602.000000  0.000061 
602.000000  603.000000  0.000061 
603.000000  604.000000  0.000061 
604.000000  605.000000  0.000060 
605.000000  606.000000  0.000060 
606.000000  607.000000  0.000060 
607.000000  608.000000  0.000060 
608.000000  609.000000  0.000060 
609.000000  610.000000  0.000060 
610.000000  611.000000  0.000059 
611.000000  612.000000  0.000059 
612.000000  613.000000  0.000059 
613.000000  614.000000  0.000059 
614.000000  615.000000  0.000059 
615.000000  616.000000  0.000059 
616.000000  617.000000  0.000058 
617.000000  618.000000  0.000058 
618.000000  619.000000  0.000058 
619.000000  620.000000  0.000058 
620.000000  621.000000  0.000058 
621.000000  622.000000  0.000058 
622.000000  623.000000  0.000057 
623.000000  624.000000  0.000057 
624.000000  625.000000  0.000057 
625.000000  626.000000  0.000057 
626.000000  627.000000  0.000057 
627.000000  628.000000  0.000057 
628.000000  629.000000  0.000057 
629.000000  630.000000  0.000056 
630.000000  631.000000  0.000056 
631.000000  632.000000  0.000056 
632.000000  633.000000  0.000056 
633.000000  634.000000  0.000056 
634.000000  635.000000  0.000056 
635.000000  636.000000  0.000056 
636.000000  637.000000  0.000056 
637.000000  638.000000  0.000055 
638.000000  639.000000  0.000055 
639.000000  640.000000  0.000055 
640.000000  641.000000  0.000055 
641.000000  642.000000  0.000055 
642.000000  643.000000  0.000055 
643.000000  644.000000  0.000055 
644.000000  645.000000  0.000055 
645.000000  646.000000  0.000054 
646.000000  647.000000  0.000054 
647.000000  648.000000  0.000054 
648.000000  649.000000  0.000054 
649.000000  650.000000  0.000054 
650.000000  651.000000  0.000054 
651.000000  652.000000  0.000054 
652.000000  653.000000  0.000054 
653.000000  654.000000  0.000054 
654.000000  655.000000  0.000054 
655.000000  656.000000  0.000053 
656.000000  657.000000  0.000053 
657.000000  658.000000  0.000053 
658.000000  659.000000  0.000053 
659.000000  660.000000  0.000053 
660.000000  661.000000  0.000053 
661.000000  662.000000  0.000053 
662.000000  663.000000  0.000053 
663.000000  664.000000  0.000053 
664.000000  665.000000  0.000053 
665.000000  666.000000  0.000052 
666.000000  667.000000  0.000052 
667.000000  668.000000  0.000052 
668.000000  669.000000  0.000052 
669.000000  670.000000  0.000052 
670.000000  671.000000  0.000052 
671.000000  672.000000  0.000052 
672.000000  673.000000  0.000052 
673.000000  674.000000  0.000052 
674.000000  675.000000  0.000052 
675.000000  676.000000  0.000052 
676.000000  677.000000  0.000052 
677.000000  678.000000  0.000052 
678.000000  679.000000  0.000051 
679.000000  680.000000  0.000051 
680.000000  681.000000  0.000051 
681.000000  682.000000  0.000051 
682.000000  683.000000  0.000051 
683.000000  684.000000  0.000051 
684.000000  685.000000  0.000051 
685.000000  686.000000  0.000051 
686.000000  687.000000  0.000051 
687.000000  688.000000  0.000051 
688.000000  689.000000  0.000051 
689.000000  690.000000  0.000051 
690.000000  691.000000  0.000051 
691.000000  692.000000  0.000051 
692.000000  693.000000  0.000051 
693.000000  694.000000  0.000050 
694.000000  695.000000  0.000050 
695.000000  696.000000  0.000050 
696.000000  697.000000  0.000050 
697.000000  698.000000  0.000050 
698.000000  699.000000  0.000050 
699.000000  700.000000  0.000050 
700.000000  701.000000  0.000050 
701.000000  702.000000  0.000050 
702.000000  703.000000  0.000050 
703.000000  704.000000  0.000050 
704.000000  705.000000  0.000050 
705.000000  706.000000  0.000050 
706.000000  707.000000  0.000050 
707.000000  708.000000  0.000050 
708.000000  709.000000  0.000050 
709.000000  710.000000  0.000050 
710.000000  711.000000  0.000050 
711.000000  712.000000  0.000050 
712.000000  713.000000  0.000050 
713.000000  714.000000  0.000050 
714.000000  715.000000  0.000049 
715.000000  716.000000  0.000049 
716.000000  717.000000  0.000049 
717.000000  718.000000  0.000049 
718.000000  719.000000  0.000049 
719.000000  720.000000  0.000049 
720.000000  721.000000  0.000049 
721.000000  722.000000  0.000049 
722.000000  723.000000  0.000049 
723.000000  724.000000  0.000049 
724.000000  725.000000  0.000049 
725.000000  726.000000  0.000049 
726.000000  727.000000  0.000049 
727.000000  728.000000  0.000049 
728.000000  729.000000  0.000049 
729.000000  730.000000  0.000049 
730.000000  731.000000  0.000049 
731.000000  732.000000  0.000049 
732.000000  733.000000  0.000049 
733.000000  734.000000  0.000049 
734.000000  735.000000  0.000049 
735.000000  736.000000  0.000049 
736.000000  737.000000  0.000049 
737.000000  738.000000  0.000049 
738.000000  739.000000  0.000049 
739.000000  740.000000  0.000049 
740.000000  741.000000  0.000049 
741.000000  742.000000  0.000049 
742.000000  743.000000  0.000049 
743.000000  744.000000  0.000049 
744.000000  745.000000  0.000049 
745.000000  746.000000  0.000049 
746.000000  747.000000  0.000049 
747.000000  748.000000  0.000049 
748.000000  749.000000  0.000049 
749.000000  750.000000  0.000049 
750.000000  751.000000  0.000049 
751.000000  752.000000  0.000048 
752.000000  753.000000  0.000048 
753.000000  754.000000  0.000048 
754.000000  755.000000  0.000048 
755.000000  756.000000  0.000048 
756.000000  757.000000  0.000048 
757.000000  758.000000  0.000048 
758.000000  759.000000  0.000048 
759.000000  760.000000  0.000048 
760.000000  761.000000  0.000048 
761.000000  762.000000  0.000048 
762.000000  763.000000  0.000048 
763.000000  764.000000  0.000048 
764.000000  765.000000  0.000048 
765.000000  766.000000  0.000048 
766.000000  767.000000  0.000048 
767.000000  768.000000  0.000048 
768.000000  769.000000  0.000048 
769.000000  770.000000  0.000048 
770.000000  771.000000  0.000048 
771.000000  772.000000  0.000048 
772.000000  773.000000  0.000048 
773.000000  774.000000  0.000048 
774.000000  775.000000  0.000048 
775.000000  776.000000  0.000048 
776.000000  777.000000  0.000048 
777.000000  778.000000  0.000048 
778.000000  779.000000  0.000048 
779.000000  780.000000  0.000048 
780.000000  781.000000  0.000048 
781.000000  782.000000  0.000048 
782.000000  783.000000  0.000048 
783.000000  784.000000  0.000048 
784.000000  785.000000  0.000048 
785.000000  786.000000  0.000048 
786.000000  787.000000  0.000048 
787.000000  788.000000  0.000048 
788.000000  789.000000  0.000048 
789.000000  790.000000  0.000048 
790.000000  791.000000  0.000048 
791.000000  792.000000  0.000048 
792.000000  793.000000  0.000048 
793.000000  794.000000  0.000048 
794.000000  795.000000  0.000048 
795.000000  796.000000  0.000048 
796.000000  797.000000  0.000048 
797.000000  798.000000  0.000048 
798.000000  799.000000  0.000048 
799.000000  800.000000  0.000048 
