17.000000  18.000000  -0.000000 
18.000000  19.000000  -0.000001 
19.000000  20.000000  -0.000001 
20.000000  21.000000  -0.000001 
21.000000  22.000000  -0.000001 
22.000000  23.000000  -0.000002 
23.000000  24.000000  -0.000002 
24.000000  25.000000  -0.000003 
25.000000  26.000000  -0.000004 
26.000000  27.000000  -0.000004 
27.000000  28.000000  -0.000005 
28.000000  29.000000  -0.000005 
29.000000  30.000000  -0.000005 
30.000000  31.000000  -0.000004 
31.000000  32.000000  -0.000003 
32.000000  33.000000  -0.000002 
33.000000  34.000000  0.000001 
34.000000  35.000000  0.000004 
35.000000  36.000000  0.000008 
36.000000  37.000000  0.000013 
37.000000  38.000000  0.000020 
38.000000  39.000000  0.000028 
39.000000  40.000000  0.000037 
40.000000  41.000000  0.000048 
41.000000  42.000000  0.000060 
42.000000  43.000000  0.000073 
43.000000  44.000000  0.000088 
44.000000  45.000000  0.000104 
45.000000  46.000000  0.000121 
46.000000  47.000000  0.000140 
47.000000  48.000000  0.000160 
48.000000  49.000000  0.000180 
49.000000  50.000000  0.000202 
50.000000  51.000000  0.000224 
51.000000  52.000000  0.000247 
52.000000  53.000000  0.000271 
53.000000  54.000000  0.000294 
54.000000  55.000000  0.000318 
55.000000  56.000000  0.000343 
56.000000  57.000000  0.000367 
57.000000  58.000000  0.000391 
58.000000  59.000000  0.000415 
59.000000  60.000000  0.000439 
60.000000  61.000000  0.000462 
61.000000  62.000000  0.000485 
62.000000  63.000000  0.000507 
63.000000  64.000000  0.000529 
64.000000  65.000000  0.000549 
65.000000  66.000000  0.000569 
66.000000  67.000000  0.000589 
67.000000  68.000000  0.000607 
68.000000  69.000000  0.000624 
69.000000  70.000000  0.000641 
70.000000  71.000000  0.000656 
71.000000  72.000000  0.000671 
72.000000  73.000000  0.000685 
73.000000  74.000000  0.000697 
74.000000  75.000000  0.000708 
75.000000  76.000000  0.000719 
76.000000  77.000000  0.000728 
77.000000  78.000000  0.000736 
78.000000  79.000000  0.000743 
79.000000  80.000000  0.000750 
80.000000  81.000000  0.000755 
81.000000  82.000000  0.000759 
82.000000  83.000000  0.000762 
83.000000  84.000000  0.000764 
84.000000  85.000000  0.000766 
85.000000  86.000000  0.000763 
86.000000  87.000000  0.000763 
87.000000  88.000000  0.000762 
88.000000  89.000000  0.000760 
89.000000  90.000000  0.000757 
90.000000  91.000000  0.000754 
91.000000  92.000000  0.000750 
92.000000  93.000000  0.000746 
93.000000  94.000000  0.000741 
94.000000  95.000000  0.000735 
95.000000  96.000000  0.000729 
96.000000  97.000000  0.000722 
97.000000  98.000000  0.000715 
98.000000  99.000000  0.000708 
99.000000  100.000000  0.000700 
100.000000  101.000000  0.000692 
101.000000  102.000000  0.000684 
102.000000  103.000000  0.000675 
103.000000  104.000000  0.000666 
104.000000  105.000000  0.000657 
105.000000  106.000000  0.000648 
106.000000  107.000000  0.000638 
107.000000  108.000000  0.000629 
108.000000  109.000000  0.000619 
109.000000  110.000000  0.000609 
110.000000  111.000000  0.000600 
111.000000  112.000000  0.000590 
112.000000  113.000000  0.000580 
113.000000  114.000000  0.000570 
114.000000  115.000000  0.000560 
115.000000  116.000000  0.000550 
116.000000  117.000000  0.000540 
117.000000  118.000000  0.000530 
118.000000  119.000000  0.000521 
119.000000  120.000000  0.000511 
120.000000  121.000000  0.000501 
121.000000  122.000000  0.000492 
122.000000  123.000000  0.000482 
123.000000  124.000000  0.000473 
124.000000  125.000000  0.000464 
125.000000  126.000000  0.000455 
126.000000  127.000000  0.000446 
127.000000  128.000000  0.000437 
128.000000  129.000000  0.000428 
129.000000  130.000000  0.000420 
130.000000  131.000000  0.000411 
131.000000  132.000000  0.000403 
132.000000  133.000000  0.000395 
133.000000  134.000000  0.000387 
134.000000  135.000000  0.000379 
135.000000  136.000000  0.000371 
136.000000  137.000000  0.000363 
137.000000  138.000000  0.000356 
138.000000  139.000000  0.000349 
139.000000  140.000000  0.000342 
140.000000  141.000000  0.000335 
141.000000  142.000000  0.000328 
142.000000  143.000000  0.000321 
143.000000  144.000000  0.000314 
144.000000  145.000000  0.000308 
145.000000  146.000000  0.000302 
146.000000  147.000000  0.000296 
147.000000  148.000000  0.000289 
148.000000  149.000000  0.000284 
149.000000  150.000000  0.000278 
150.000000  151.000000  0.000272 
151.000000  152.000000  0.000267 
152.000000  153.000000  0.000261 
153.000000  154.000000  0.000256 
154.000000  155.000000  0.000251 
155.000000  156.000000  0.000246 
156.000000  157.000000  0.000241 
157.000000  158.000000  0.000236 
158.000000  159.000000  0.000231 
159.000000  160.000000  0.000227 
160.000000  161.000000  0.000222 
161.000000  162.000000  0.000218 
162.000000  163.000000  0.000214 
163.000000  164.000000  0.000210 
164.000000  165.000000  0.000206 
165.000000  166.000000  0.000202 
166.000000  167.000000  0.000198 
167.000000  168.000000  0.000194 
168.000000  169.000000  0.000190 
169.000000  170.000000  0.000187 
170.000000  171.000000  0.000183 
171.000000  172.000000  0.000180 
172.000000  173.000000  0.000176 
173.000000  174.000000  0.000173 
174.000000  175.000000  0.000170 
175.000000  176.000000  0.000167 
176.000000  177.000000  0.000163 
177.000000  178.000000  0.000160 
178.000000  179.000000  0.000157 
179.000000  180.000000  0.000155 
180.000000  181.000000  0.000152 
181.000000  182.000000  0.000149 
182.000000  183.000000  0.000146 
183.000000  184.000000  0.000144 
184.000000  185.000000  0.000141 
185.000000  186.000000  0.000139 
186.000000  187.000000  0.000136 
187.000000  188.000000  0.000134 
188.000000  189.000000  0.000131 
189.000000  190.000000  0.000129 
190.000000  191.000000  0.000127 
191.000000  192.000000  0.000125 
192.000000  193.000000  0.000122 
193.000000  194.000000  0.000120 
194.000000  195.000000  0.000118 
195.000000  196.000000  0.000116 
196.000000  197.000000  0.000114 
197.000000  198.000000  0.000112 
198.000000  199.000000  0.000110 
199.000000  200.000000  0.000109 
200.000000  201.000000  0.000107 
201.000000  202.000000  0.000105 
202.000000  203.000000  0.000103 
203.000000  204.000000  0.000102 
204.000000  205.000000  0.000100 
205.000000  206.000000  0.000098 
206.000000  207.000000  0.000097 
207.000000  208.000000  0.000095 
208.000000  209.000000  0.000094 
209.000000  210.000000  0.000092 
210.000000  211.000000  0.000091 
211.000000  212.000000  0.000089 
212.000000  213.000000  0.000088 
213.000000  214.000000  0.000086 
214.000000  215.000000  0.000085 
215.000000  216.000000  0.000084 
216.000000  217.000000  0.000082 
217.000000  218.000000  0.000081 
218.000000  219.000000  0.000080 
219.000000  220.000000  0.000078 
220.000000  221.000000  0.000077 
221.000000  222.000000  0.000076 
222.000000  223.000000  0.000075 
223.000000  224.000000  0.000074 
224.000000  225.000000  0.000073 
225.000000  226.000000  0.000071 
226.000000  227.000000  0.000070 
227.000000  228.000000  0.000069 
228.000000  229.000000  0.000068 
229.000000  230.000000  0.000067 
230.000000  231.000000  0.000066 
231.000000  232.000000  0.000065 
232.000000  233.000000  0.000064 
233.000000  234.000000  0.000063 
234.000000  235.000000  0.000062 
235.000000  236.000000  0.000062 
236.000000  237.000000  0.000061 
237.000000  238.000000  0.000060 
238.000000  239.000000  0.000059 
239.000000  240.000000  0.000058 
240.000000  241.000000  0.000057 
241.000000  242.000000  0.000056 
242.000000  243.000000  0.000056 
243.000000  244.000000  0.000055 
244.000000  245.000000  0.000054 
245.000000  246.000000  0.000053 
246.000000  247.000000  0.000052 
247.000000  248.000000  0.000052 
248.000000  249.000000  0.000051 
249.000000  250.000000  0.000050 
250.000000  251.000000  0.000050 
251.000000  252.000000  0.000049 
252.000000  253.000000  0.000048 
253.000000  254.000000  0.000048 
254.000000  255.000000  0.000047 
255.000000  256.000000  0.000046 
256.000000  257.000000  0.000046 
257.000000  258.000000  0.000045 
258.000000  259.000000  0.000044 
259.000000  260.000000  0.000044 
260.000000  261.000000  0.000043 
261.000000  262.000000  0.000043 
262.000000  263.000000  0.000042 
263.000000  264.000000  0.000042 
264.000000  265.000000  0.000041 
265.000000  266.000000  0.000040 
266.000000  267.000000  0.000040 
267.000000  268.000000  0.000039 
268.000000  269.000000  0.000039 
269.000000  270.000000  0.000038 
270.000000  271.000000  0.000038 
271.000000  272.000000  0.000037 
272.000000  273.000000  0.000037 
273.000000  274.000000  0.000036 
274.000000  275.000000  0.000036 
275.000000  276.000000  0.000036 
276.000000  277.000000  0.000035 
277.000000  278.000000  0.000035 
278.000000  279.000000  0.000034 
279.000000  280.000000  0.000034 
280.000000  281.000000  0.000033 
281.000000  282.000000  0.000033 
282.000000  283.000000  0.000033 
283.000000  284.000000  0.000032 
284.000000  285.000000  0.000032 
285.000000  286.000000  0.000031 
286.000000  287.000000  0.000031 
287.000000  288.000000  0.000031 
288.000000  289.000000  0.000030 
289.000000  290.000000  0.000030 
290.000000  291.000000  0.000029 
291.000000  292.000000  0.000029 
292.000000  293.000000  0.000029 
293.000000  294.000000  0.000028 
294.000000  295.000000  0.000028 
295.000000  296.000000  0.000028 
296.000000  297.000000  0.000027 
297.000000  298.000000  0.000027 
298.000000  299.000000  0.000027 
299.000000  300.000000  0.000026 
300.000000  301.000000  0.000026 
301.000000  302.000000  0.000026 
302.000000  303.000000  0.000026 
303.000000  304.000000  0.000025 
304.000000  305.000000  0.000025 
305.000000  306.000000  0.000025 
306.000000  307.000000  0.000024 
307.000000  308.000000  0.000024 
308.000000  309.000000  0.000024 
309.000000  310.000000  0.000024 
310.000000  311.000000  0.000023 
311.000000  312.000000  0.000023 
312.000000  313.000000  0.000023 
313.000000  314.000000  0.000023 
314.000000  315.000000  0.000022 
315.000000  316.000000  0.000022 
316.000000  317.000000  0.000022 
317.000000  318.000000  0.000022 
318.000000  319.000000  0.000021 
319.000000  320.000000  0.000021 
320.000000  321.000000  0.000021 
321.000000  322.000000  0.000021 
322.000000  323.000000  0.000020 
323.000000  324.000000  0.000020 
324.000000  325.000000  0.000020 
325.000000  326.000000  0.000020 
326.000000  327.000000  0.000020 
327.000000  328.000000  0.000019 
328.000000  329.000000  0.000019 
329.000000  330.000000  0.000019 
330.000000  331.000000  0.000019 
331.000000  332.000000  0.000018 
332.000000  333.000000  0.000018 
333.000000  334.000000  0.000018 
334.000000  335.000000  0.000018 
335.000000  336.000000  0.000018 
336.000000  337.000000  0.000018 
337.000000  338.000000  0.000017 
338.000000  339.000000  0.000017 
339.000000  340.000000  0.000017 
340.000000  341.000000  0.000017 
341.000000  342.000000  0.000017 
342.000000  343.000000  0.000016 
343.000000  344.000000  0.000016 
344.000000  345.000000  0.000016 
345.000000  346.000000  0.000016 
346.000000  347.000000  0.000016 
347.000000  348.000000  0.000016 
348.000000  349.000000  0.000016 
349.000000  350.000000  0.000015 
350.000000  351.000000  0.000015 
351.000000  352.000000  0.000015 
352.000000  353.000000  0.000015 
353.000000  354.000000  0.000015 
354.000000  355.000000  0.000015 
355.000000  356.000000  0.000014 
356.000000  357.000000  0.000014 
357.000000  358.000000  0.000014 
358.000000  359.000000  0.000014 
359.000000  360.000000  0.000014 
360.000000  361.000000  0.000014 
361.000000  362.000000  0.000014 
362.000000  363.000000  0.000014 
363.000000  364.000000  0.000013 
364.000000  365.000000  0.000013 
365.000000  366.000000  0.000013 
366.000000  367.000000  0.000013 
367.000000  368.000000  0.000013 
368.000000  369.000000  0.000013 
369.000000  370.000000  0.000013 
370.000000  371.000000  0.000013 
371.000000  372.000000  0.000012 
372.000000  373.000000  0.000012 
373.000000  374.000000  0.000012 
374.000000  375.000000  0.000012 
375.000000  376.000000  0.000012 
376.000000  377.000000  0.000012 
377.000000  378.000000  0.000012 
378.000000  379.000000  0.000012 
379.000000  380.000000  0.000012 
380.000000  381.000000  0.000011 
381.000000  382.000000  0.000011 
382.000000  383.000000  0.000011 
383.000000  384.000000  0.000011 
384.000000  385.000000  0.000011 
385.000000  386.000000  0.000011 
386.000000  387.000000  0.000011 
387.000000  388.000000  0.000011 
388.000000  389.000000  0.000011 
389.000000  390.000000  0.000011 
390.000000  391.000000  0.000010 
391.000000  392.000000  0.000010 
392.000000  393.000000  0.000010 
393.000000  394.000000  0.000010 
394.000000  395.000000  0.000010 
395.000000  396.000000  0.000010 
396.000000  397.000000  0.000010 
397.000000  398.000000  0.000010 
398.000000  399.000000  0.000010 
399.000000  400.000000  0.000010 
400.000000  401.000000  0.000010 
401.000000  402.000000  0.000010 
402.000000  403.000000  0.000009 
403.000000  404.000000  0.000009 
404.000000  405.000000  0.000009 
405.000000  406.000000  0.000009 
406.000000  407.000000  0.000009 
407.000000  408.000000  0.000009 
408.000000  409.000000  0.000009 
409.000000  410.000000  0.000009 
410.000000  411.000000  0.000009 
411.000000  412.000000  0.000009 
412.000000  413.000000  0.000009 
413.000000  414.000000  0.000009 
414.000000  415.000000  0.000009 
415.000000  416.000000  0.000009 
416.000000  417.000000  0.000008 
417.000000  418.000000  0.000008 
418.000000  419.000000  0.000008 
419.000000  420.000000  0.000008 
420.000000  421.000000  0.000008 
421.000000  422.000000  0.000008 
422.000000  423.000000  0.000008 
423.000000  424.000000  0.000008 
424.000000  425.000000  0.000008 
425.000000  426.000000  0.000008 
426.000000  427.000000  0.000008 
427.000000  428.000000  0.000008 
428.000000  429.000000  0.000008 
429.000000  430.000000  0.000008 
430.000000  431.000000  0.000008 
431.000000  432.000000  0.000008 
432.000000  433.000000  0.000007 
433.000000  434.000000  0.000007 
434.000000  435.000000  0.000007 
435.000000  436.000000  0.000007 
436.000000  437.000000  0.000007 
437.000000  438.000000  0.000007 
438.000000  439.000000  0.000007 
439.000000  440.000000  0.000007 
440.000000  441.000000  0.000007 
441.000000  442.000000  0.000007 
442.000000  443.000000  0.000007 
443.000000  444.000000  0.000007 
444.000000  445.000000  0.000007 
445.000000  446.000000  0.000007 
446.000000  447.000000  0.000007 
447.000000  448.000000  0.000007 
448.000000  449.000000  0.000007 
449.000000  450.000000  0.000007 
450.000000  451.000000  0.000007 
451.000000  452.000000  0.000006 
452.000000  453.000000  0.000006 
453.000000  454.000000  0.000006 
454.000000  455.000000  0.000006 
455.000000  456.000000  0.000006 
456.000000  457.000000  0.000006 
457.000000  458.000000  0.000006 
458.000000  459.000000  0.000006 
459.000000  460.000000  0.000006 
460.000000  461.000000  0.000006 
461.000000  462.000000  0.000006 
462.000000  463.000000  0.000006 
463.000000  464.000000  0.000006 
464.000000  465.000000  0.000006 
465.000000  466.000000  0.000006 
466.000000  467.000000  0.000006 
467.000000  468.000000  0.000006 
468.000000  469.000000  0.000006 
469.000000  470.000000  0.000006 
470.000000  471.000000  0.000006 
471.000000  472.000000  0.000006 
472.000000  473.000000  0.000006 
473.000000  474.000000  0.000006 
474.000000  475.000000  0.000006 
475.000000  476.000000  0.000006 
476.000000  477.000000  0.000005 
477.000000  478.000000  0.000005 
478.000000  479.000000  0.000005 
479.000000  480.000000  0.000005 
480.000000  481.000000  0.000005 
481.000000  482.000000  0.000005 
482.000000  483.000000  0.000005 
483.000000  484.000000  0.000005 
484.000000  485.000000  0.000005 
485.000000  486.000000  0.000005 
486.000000  487.000000  0.000005 
487.000000  488.000000  0.000005 
488.000000  489.000000  0.000005 
489.000000  490.000000  0.000005 
490.000000  491.000000  0.000005 
491.000000  492.000000  0.000005 
492.000000  493.000000  0.000005 
493.000000  494.000000  0.000005 
494.000000  495.000000  0.000005 
495.000000  496.000000  0.000005 
496.000000  497.000000  0.000005 
497.000000  498.000000  0.000005 
498.000000  499.000000  0.000005 
499.000000  500.000000  0.000005 
500.000000  501.000000  0.000005 
501.000000  502.000000  0.000005 
502.000000  503.000000  0.000005 
503.000000  504.000000  0.000005 
504.000000  505.000000  0.000005 
505.000000  506.000000  0.000005 
506.000000  507.000000  0.000005 
507.000000  508.000000  0.000005 
508.000000  509.000000  0.000005 
509.000000  510.000000  0.000005 
510.000000  511.000000  0.000004 
511.000000  512.000000  0.000004 
512.000000  513.000000  0.000004 
513.000000  514.000000  0.000004 
514.000000  515.000000  0.000004 
515.000000  516.000000  0.000004 
516.000000  517.000000  0.000004 
517.000000  518.000000  0.000004 
518.000000  519.000000  0.000004 
519.000000  520.000000  0.000004 
520.000000  521.000000  0.000004 
521.000000  522.000000  0.000004 
522.000000  523.000000  0.000004 
523.000000  524.000000  0.000004 
524.000000  525.000000  0.000004 
525.000000  526.000000  0.000004 
526.000000  527.000000  0.000004 
527.000000  528.000000  0.000004 
528.000000  529.000000  0.000004 
529.000000  530.000000  0.000004 
530.000000  531.000000  0.000004 
531.000000  532.000000  0.000004 
532.000000  533.000000  0.000004 
533.000000  534.000000  0.000004 
534.000000  535.000000  0.000004 
535.000000  536.000000  0.000004 
536.000000  537.000000  0.000004 
537.000000  538.000000  0.000004 
538.000000  539.000000  0.000004 
539.000000  540.000000  0.000004 
540.000000  541.000000  0.000004 
541.000000  542.000000  0.000004 
542.000000  543.000000  0.000004 
543.000000  544.000000  0.000004 
544.000000  545.000000  0.000004 
545.000000  546.000000  0.000004 
546.000000  547.000000  0.000004 
547.000000  548.000000  0.000004 
548.000000  549.000000  0.000004 
549.000000  550.000000  0.000004 
550.000000  551.000000  0.000004 
551.000000  552.000000  0.000004 
552.000000  553.000000  0.000004 
553.000000  554.000000  0.000004 
554.000000  555.000000  0.000004 
555.000000  556.000000  0.000004 
556.000000  557.000000  0.000004 
557.000000  558.000000  0.000004 
558.000000  559.000000  0.000004 
559.000000  560.000000  0.000004 
560.000000  561.000000  0.000004 
561.000000  562.000000  0.000004 
562.000000  563.000000  0.000004 
563.000000  564.000000  0.000003 
564.000000  565.000000  0.000003 
565.000000  566.000000  0.000003 
566.000000  567.000000  0.000003 
567.000000  568.000000  0.000003 
568.000000  569.000000  0.000003 
569.000000  570.000000  0.000003 
570.000000  571.000000  0.000003 
571.000000  572.000000  0.000003 
572.000000  573.000000  0.000003 
573.000000  574.000000  0.000003 
574.000000  575.000000  0.000003 
575.000000  576.000000  0.000003 
576.000000  577.000000  0.000003 
577.000000  578.000000  0.000003 
578.000000  579.000000  0.000003 
579.000000  580.000000  0.000003 
580.000000  581.000000  0.000003 
581.000000  582.000000  0.000003 
582.000000  583.000000  0.000003 
583.000000  584.000000  0.000003 
584.000000  585.000000  0.000003 
585.000000  586.000000  0.000003 
586.000000  587.000000  0.000003 
587.000000  588.000000  0.000003 
588.000000  589.000000  0.000003 
589.000000  590.000000  0.000003 
590.000000  591.000000  0.000003 
591.000000  592.000000  0.000003 
592.000000  593.000000  0.000003 
593.000000  594.000000  0.000003 
594.000000  595.000000  0.000003 
595.000000  596.000000  0.000003 
596.000000  597.000000  0.000003 
597.000000  598.000000  0.000003 
598.000000  599.000000  0.000003 
599.000000  600.000000  0.000003 
600.000000  601.000000  0.000003 
601.000000  602.000000  0.000003 
602.000000  603.000000  0.000003 
603.000000  604.000000  0.000003 
604.000000  605.000000  0.000003 
605.000000  606.000000  0.000003 
606.000000  607.000000  0.000003 
607.000000  608.000000  0.000003 
608.000000  609.000000  0.000003 
609.000000  610.000000  0.000003 
610.000000  611.000000  0.000003 
611.000000  612.000000  0.000003 
612.000000  613.000000  0.000003 
613.000000  614.000000  0.000003 
614.000000  615.000000  0.000003 
615.000000  616.000000  0.000003 
616.000000  617.000000  0.000003 
617.000000  618.000000  0.000003 
618.000000  619.000000  0.000003 
619.000000  620.000000  0.000003 
620.000000  621.000000  0.000003 
621.000000  622.000000  0.000003 
622.000000  623.000000  0.000003 
623.000000  624.000000  0.000003 
624.000000  625.000000  0.000003 
625.000000  626.000000  0.000003 
626.000000  627.000000  0.000003 
627.000000  628.000000  0.000003 
628.000000  629.000000  0.000003 
629.000000  630.000000  0.000003 
630.000000  631.000000  0.000003 
631.000000  632.000000  0.000003 
632.000000  633.000000  0.000003 
633.000000  634.000000  0.000003 
634.000000  635.000000  0.000003 
635.000000  636.000000  0.000003 
636.000000  637.000000  0.000003 
637.000000  638.000000  0.000003 
638.000000  639.000000  0.000003 
639.000000  640.000000  0.000003 
640.000000  641.000000  0.000003 
641.000000  642.000000  0.000003 
642.000000  643.000000  0.000003 
643.000000  644.000000  0.000003 
644.000000  645.000000  0.000003 
645.000000  646.000000  0.000003 
646.000000  647.000000  0.000003 
647.000000  648.000000  0.000003 
648.000000  649.000000  0.000003 
649.000000  650.000000  0.000003 
650.000000  651.000000  0.000003 
651.000000  652.000000  0.000003 
652.000000  653.000000  0.000003 
653.000000  654.000000  0.000003 
654.000000  655.000000  0.000003 
655.000000  656.000000  0.000003 
656.000000  657.000000  0.000003 
657.000000  658.000000  0.000003 
658.000000  659.000000  0.000003 
659.000000  660.000000  0.000003 
660.000000  661.000000  0.000003 
661.000000  662.000000  0.000003 
662.000000  663.000000  0.000003 
663.000000  664.000000  0.000003 
664.000000  665.000000  0.000003 
665.000000  666.000000  0.000003 
666.000000  667.000000  0.000003 
667.000000  668.000000  0.000003 
668.000000  669.000000  0.000003 
669.000000  670.000000  0.000003 
670.000000  671.000000  0.000003 
671.000000  672.000000  0.000003 
672.000000  673.000000  0.000003 
673.000000  674.000000  0.000003 
674.000000  675.000000  0.000003 
675.000000  676.000000  0.000003 
676.000000  677.000000  0.000003 
677.000000  678.000000  0.000003 
678.000000  679.000000  0.000003 
679.000000  680.000000  0.000003 
680.000000  681.000000  0.000003 
681.000000  682.000000  0.000003 
682.000000  683.000000  0.000003 
683.000000  684.000000  0.000003 
684.000000  685.000000  0.000003 
685.000000  686.000000  0.000003 
686.000000  687.000000  0.000003 
687.000000  688.000000  0.000003 
688.000000  689.000000  0.000003 
689.000000  690.000000  0.000003 
690.000000  691.000000  0.000003 
691.000000  692.000000  0.000003 
692.000000  693.000000  0.000003 
693.000000  694.000000  0.000003 
694.000000  695.000000  0.000003 
695.000000  696.000000  0.000003 
696.000000  697.000000  0.000003 
697.000000  698.000000  0.000003 
698.000000  699.000000  0.000003 
699.000000  700.000000  0.000003 
700.000000  701.000000  0.000003 
701.000000  702.000000  0.000003 
702.000000  703.000000  0.000003 
703.000000  704.000000  0.000003 
704.000000  705.000000  0.000003 
705.000000  706.000000  0.000003 
706.000000  707.000000  0.000003 
707.000000  708.000000  0.000003 
708.000000  709.000000  0.000003 
709.000000  710.000000  0.000002 
710.000000  711.000000  0.000002 
711.000000  712.000000  0.000002 
712.000000  713.000000  0.000002 
713.000000  714.000000  0.000002 
714.000000  715.000000  0.000002 
715.000000  716.000000  0.000002 
716.000000  717.000000  0.000002 
717.000000  718.000000  0.000002 
718.000000  719.000000  0.000002 
719.000000  720.000000  0.000002 
720.000000  721.000000  0.000002 
721.000000  722.000000  0.000002 
722.000000  723.000000  0.000002 
723.000000  724.000000  0.000002 
724.000000  725.000000  0.000002 
725.000000  726.000000  0.000002 
726.000000  727.000000  0.000002 
727.000000  728.000000  0.000002 
728.000000  729.000000  0.000002 
729.000000  730.000000  0.000002 
730.000000  731.000000  0.000002 
731.000000  732.000000  0.000002 
732.000000  733.000000  0.000002 
733.000000  734.000000  0.000002 
734.000000  735.000000  0.000002 
735.000000  736.000000  0.000002 
736.000000  737.000000  0.000002 
737.000000  738.000000  0.000002 
738.000000  739.000000  0.000002 
739.000000  740.000000  0.000002 
740.000000  741.000000  0.000002 
741.000000  742.000000  0.000002 
742.000000  743.000000  0.000002 
743.000000  744.000000  0.000002 
744.000000  745.000000  0.000002 
745.000000  746.000000  0.000002 
746.000000  747.000000  0.000002 
747.000000  748.000000  0.000002 
748.000000  749.000000  0.000002 
749.000000  750.000000  0.000002 
750.000000  751.000000  0.000002 
751.000000  752.000000  0.000002 
752.000000  753.000000  0.000002 
753.000000  754.000000  0.000002 
754.000000  755.000000  0.000002 
755.000000  756.000000  0.000002 
756.000000  757.000000  0.000002 
757.000000  758.000000  0.000002 
758.000000  759.000000  0.000002 
759.000000  760.000000  0.000002 
760.000000  761.000000  0.000002 
761.000000  762.000000  0.000002 
762.000000  763.000000  0.000002 
763.000000  764.000000  0.000002 
764.000000  765.000000  0.000002 
765.000000  766.000000  0.000002 
766.000000  767.000000  0.000002 
767.000000  768.000000  0.000002 
768.000000  769.000000  0.000002 
769.000000  770.000000  0.000002 
770.000000  771.000000  0.000002 
771.000000  772.000000  0.000002 
772.000000  773.000000  0.000002 
773.000000  774.000000  0.000002 
774.000000  775.000000  0.000002 
775.000000  776.000000  0.000002 
776.000000  777.000000  0.000002 
777.000000  778.000000  0.000002 
778.000000  779.000000  0.000002 
779.000000  780.000000  0.000002 
780.000000  781.000000  0.000002 
781.000000  782.000000  0.000002 
782.000000  783.000000  0.000002 
783.000000  784.000000  0.000002 
784.000000  785.000000  0.000002 
785.000000  786.000000  0.000002 
786.000000  787.000000  0.000002 
787.000000  788.000000  0.000002 
788.000000  789.000000  0.000002 
789.000000  790.000000  0.000002 
790.000000  791.000000  0.000002 
791.000000  792.000000  0.000002 
792.000000  793.000000  0.000002 
793.000000  794.000000  0.000002 
794.000000  795.000000  0.000002 
795.000000  796.000000  0.000002 
796.000000  797.000000  0.000002 
797.000000  798.000000  0.000002 
798.000000  799.000000  0.000002 
799.000000  800.000000  0.000002 
