17.000000  18.000000  0.000000 
18.000000  19.000000  0.000000 
19.000000  20.000000  0.000000 
20.000000  21.000000  0.000000 
21.000000  22.000000  0.000000 
22.000000  23.000000  0.000000 
23.000000  24.000000  0.000000 
24.000000  25.000000  0.000000 
25.000000  26.000000  0.000000 
26.000000  27.000000  0.000000 
27.000000  28.000000  0.000000 
28.000000  29.000000  0.000001 
29.000000  30.000000  0.000001 
30.000000  31.000000  0.000002 
31.000000  32.000000  0.000003 
32.000000  33.000000  0.000005 
33.000000  34.000000  0.000007 
34.000000  35.000000  0.000010 
35.000000  36.000000  0.000014 
36.000000  37.000000  0.000019 
37.000000  38.000000  0.000026 
38.000000  39.000000  0.000034 
39.000000  40.000000  0.000044 
40.000000  41.000000  0.000056 
41.000000  42.000000  0.000071 
42.000000  43.000000  0.000088 
43.000000  44.000000  0.000108 
44.000000  45.000000  0.000131 
45.000000  46.000000  0.000157 
46.000000  47.000000  0.000187 
47.000000  48.000000  0.000219 
48.000000  49.000000  0.000256 
49.000000  50.000000  0.000295 
50.000000  51.000000  0.000338 
51.000000  52.000000  0.000385 
52.000000  53.000000  0.000434 
53.000000  54.000000  0.000487 
54.000000  55.000000  0.000543 
55.000000  56.000000  0.000602 
56.000000  57.000000  0.000663 
57.000000  58.000000  0.000727 
58.000000  59.000000  0.000793 
59.000000  60.000000  0.000861 
60.000000  61.000000  0.000930 
61.000000  62.000000  0.001001 
62.000000  63.000000  0.001073 
63.000000  64.000000  0.001146 
64.000000  65.000000  0.001220 
65.000000  66.000000  0.001294 
66.000000  67.000000  0.001369 
67.000000  68.000000  0.001443 
68.000000  69.000000  0.001517 
69.000000  70.000000  0.001591 
70.000000  71.000000  0.001664 
71.000000  72.000000  0.001736 
72.000000  73.000000  0.001807 
73.000000  74.000000  0.001877 
74.000000  75.000000  0.001946 
75.000000  76.000000  0.002013 
76.000000  77.000000  0.002079 
77.000000  78.000000  0.002143 
78.000000  79.000000  0.002205 
79.000000  80.000000  0.002266 
80.000000  81.000000  0.002325 
81.000000  82.000000  0.002381 
82.000000  83.000000  0.002436 
83.000000  84.000000  0.002489 
84.000000  85.000000  0.002539 
85.000000  86.000000  0.002596 
86.000000  87.000000  0.002642 
87.000000  88.000000  0.002686 
88.000000  89.000000  0.002728 
89.000000  90.000000  0.002768 
90.000000  91.000000  0.002806 
91.000000  92.000000  0.002842 
92.000000  93.000000  0.002876 
93.000000  94.000000  0.002909 
94.000000  95.000000  0.002939 
95.000000  96.000000  0.002967 
96.000000  97.000000  0.002993 
97.000000  98.000000  0.003018 
98.000000  99.000000  0.003041 
99.000000  100.000000  0.003062 
100.000000  101.000000  0.003081 
101.000000  102.000000  0.003099 
102.000000  103.000000  0.003115 
103.000000  104.000000  0.003129 
104.000000  105.000000  0.003142 
105.000000  106.000000  0.003154 
106.000000  107.000000  0.003164 
107.000000  108.000000  0.003172 
108.000000  109.000000  0.003179 
109.000000  110.000000  0.003185 
110.000000  111.000000  0.003190 
111.000000  112.000000  0.003193 
112.000000  113.000000  0.003195 
113.000000  114.000000  0.003196 
114.000000  115.000000  0.003196 
115.000000  116.000000  0.003195 
116.000000  117.000000  0.003193 
117.000000  118.000000  0.003190 
118.000000  119.000000  0.003185 
119.000000  120.000000  0.003180 
120.000000  121.000000  0.003174 
121.000000  122.000000  0.003167 
122.000000  123.000000  0.003159 
123.000000  124.000000  0.003151 
124.000000  125.000000  0.003141 
125.000000  126.000000  0.003131 
126.000000  127.000000  0.003121 
127.000000  128.000000  0.003109 
128.000000  129.000000  0.003097 
129.000000  130.000000  0.003084 
130.000000  131.000000  0.003071 
131.000000  132.000000  0.003057 
132.000000  133.000000  0.003042 
133.000000  134.000000  0.003027 
134.000000  135.000000  0.003012 
135.000000  136.000000  0.002996 
136.000000  137.000000  0.002979 
137.000000  138.000000  0.002962 
138.000000  139.000000  0.002945 
139.000000  140.000000  0.002927 
140.000000  141.000000  0.002909 
141.000000  142.000000  0.002890 
142.000000  143.000000  0.002872 
143.000000  144.000000  0.002853 
144.000000  145.000000  0.002833 
145.000000  146.000000  0.002814 
146.000000  147.000000  0.002794 
147.000000  148.000000  0.002773 
148.000000  149.000000  0.002753 
149.000000  150.000000  0.002733 
150.000000  151.000000  0.002712 
151.000000  152.000000  0.002691 
152.000000  153.000000  0.002670 
153.000000  154.000000  0.002649 
154.000000  155.000000  0.002627 
155.000000  156.000000  0.002606 
156.000000  157.000000  0.002584 
157.000000  158.000000  0.002563 
158.000000  159.000000  0.002541 
159.000000  160.000000  0.002519 
160.000000  161.000000  0.002497 
161.000000  162.000000  0.002475 
162.000000  163.000000  0.002454 
163.000000  164.000000  0.002432 
164.000000  165.000000  0.002410 
165.000000  166.000000  0.002388 
166.000000  167.000000  0.002366 
167.000000  168.000000  0.002344 
168.000000  169.000000  0.002322 
169.000000  170.000000  0.002301 
170.000000  171.000000  0.002279 
171.000000  172.000000  0.002257 
172.000000  173.000000  0.002236 
173.000000  174.000000  0.002214 
174.000000  175.000000  0.002193 
175.000000  176.000000  0.002172 
176.000000  177.000000  0.002151 
177.000000  178.000000  0.002129 
178.000000  179.000000  0.002108 
179.000000  180.000000  0.002088 
180.000000  181.000000  0.002067 
181.000000  182.000000  0.002046 
182.000000  183.000000  0.002026 
183.000000  184.000000  0.002006 
184.000000  185.000000  0.001985 
185.000000  186.000000  0.001965 
186.000000  187.000000  0.001945 
187.000000  188.000000  0.001926 
188.000000  189.000000  0.001906 
189.000000  190.000000  0.001887 
190.000000  191.000000  0.001868 
191.000000  192.000000  0.001849 
192.000000  193.000000  0.001830 
193.000000  194.000000  0.001811 
194.000000  195.000000  0.001792 
195.000000  196.000000  0.001774 
196.000000  197.000000  0.001756 
197.000000  198.000000  0.001738 
198.000000  199.000000  0.001720 
199.000000  200.000000  0.001702 
200.000000  201.000000  0.001685 
201.000000  202.000000  0.001668 
202.000000  203.000000  0.001651 
203.000000  204.000000  0.001634 
204.000000  205.000000  0.001617 
205.000000  206.000000  0.001601 
206.000000  207.000000  0.001584 
207.000000  208.000000  0.001568 
208.000000  209.000000  0.001552 
209.000000  210.000000  0.001536 
210.000000  211.000000  0.001521 
211.000000  212.000000  0.001505 
212.000000  213.000000  0.001490 
213.000000  214.000000  0.001475 
214.000000  215.000000  0.001460 
215.000000  216.000000  0.001446 
216.000000  217.000000  0.001431 
217.000000  218.000000  0.001417 
218.000000  219.000000  0.001403 
219.000000  220.000000  0.001389 
220.000000  221.000000  0.001375 
221.000000  222.000000  0.001362 
222.000000  223.000000  0.001348 
223.000000  224.000000  0.001335 
224.000000  225.000000  0.001322 
225.000000  226.000000  0.001309 
226.000000  227.000000  0.001297 
227.000000  228.000000  0.001284 
228.000000  229.000000  0.001272 
229.000000  230.000000  0.001260 
230.000000  231.000000  0.001248 
231.000000  232.000000  0.001236 
232.000000  233.000000  0.001224 
233.000000  234.000000  0.001213 
234.000000  235.000000  0.001201 
235.000000  236.000000  0.001190 
236.000000  237.000000  0.001179 
237.000000  238.000000  0.001168 
238.000000  239.000000  0.001158 
239.000000  240.000000  0.001147 
240.000000  241.000000  0.001137 
241.000000  242.000000  0.001126 
242.000000  243.000000  0.001116 
243.000000  244.000000  0.001106 
244.000000  245.000000  0.001097 
245.000000  246.000000  0.001087 
246.000000  247.000000  0.001077 
247.000000  248.000000  0.001068 
248.000000  249.000000  0.001059 
249.000000  250.000000  0.001050 
250.000000  251.000000  0.001041 
251.000000  252.000000  0.001032 
252.000000  253.000000  0.001023 
253.000000  254.000000  0.001014 
254.000000  255.000000  0.001006 
255.000000  256.000000  0.000998 
256.000000  257.000000  0.000989 
257.000000  258.000000  0.000981 
258.000000  259.000000  0.000973 
259.000000  260.000000  0.000966 
260.000000  261.000000  0.000958 
261.000000  262.000000  0.000950 
262.000000  263.000000  0.000943 
263.000000  264.000000  0.000935 
264.000000  265.000000  0.000928 
265.000000  266.000000  0.000921 
266.000000  267.000000  0.000914 
267.000000  268.000000  0.000907 
268.000000  269.000000  0.000900 
269.000000  270.000000  0.000893 
270.000000  271.000000  0.000886 
271.000000  272.000000  0.000880 
272.000000  273.000000  0.000873 
273.000000  274.000000  0.000867 
274.000000  275.000000  0.000861 
275.000000  276.000000  0.000855 
276.000000  277.000000  0.000849 
277.000000  278.000000  0.000843 
278.000000  279.000000  0.000837 
279.000000  280.000000  0.000831 
280.000000  281.000000  0.000825 
281.000000  282.000000  0.000819 
282.000000  283.000000  0.000814 
283.000000  284.000000  0.000808 
284.000000  285.000000  0.000803 
285.000000  286.000000  0.000798 
286.000000  287.000000  0.000792 
287.000000  288.000000  0.000787 
288.000000  289.000000  0.000782 
289.000000  290.000000  0.000777 
290.000000  291.000000  0.000772 
291.000000  292.000000  0.000767 
292.000000  293.000000  0.000763 
293.000000  294.000000  0.000758 
294.000000  295.000000  0.000753 
295.000000  296.000000  0.000749 
296.000000  297.000000  0.000744 
297.000000  298.000000  0.000740 
298.000000  299.000000  0.000735 
299.000000  300.000000  0.000731 
300.000000  301.000000  0.000727 
301.000000  302.000000  0.000723 
302.000000  303.000000  0.000719 
303.000000  304.000000  0.000714 
304.000000  305.000000  0.000710 
305.000000  306.000000  0.000706 
306.000000  307.000000  0.000703 
307.000000  308.000000  0.000699 
308.000000  309.000000  0.000695 
309.000000  310.000000  0.000691 
310.000000  311.000000  0.000688 
311.000000  312.000000  0.000684 
312.000000  313.000000  0.000680 
313.000000  314.000000  0.000677 
314.000000  315.000000  0.000673 
315.000000  316.000000  0.000670 
316.000000  317.000000  0.000667 
317.000000  318.000000  0.000663 
318.000000  319.000000  0.000660 
319.000000  320.000000  0.000657 
320.000000  321.000000  0.000654 
321.000000  322.000000  0.000651 
322.000000  323.000000  0.000648 
323.000000  324.000000  0.000644 
324.000000  325.000000  0.000642 
325.000000  326.000000  0.000639 
326.000000  327.000000  0.000636 
327.000000  328.000000  0.000633 
328.000000  329.000000  0.000630 
329.000000  330.000000  0.000627 
330.000000  331.000000  0.000624 
331.000000  332.000000  0.000622 
332.000000  333.000000  0.000619 
333.000000  334.000000  0.000616 
334.000000  335.000000  0.000614 
335.000000  336.000000  0.000611 
336.000000  337.000000  0.000609 
337.000000  338.000000  0.000606 
338.000000  339.000000  0.000604 
339.000000  340.000000  0.000601 
340.000000  341.000000  0.000599 
341.000000  342.000000  0.000597 
342.000000  343.000000  0.000594 
343.000000  344.000000  0.000592 
344.000000  345.000000  0.000590 
345.000000  346.000000  0.000588 
346.000000  347.000000  0.000585 
347.000000  348.000000  0.000583 
348.000000  349.000000  0.000581 
349.000000  350.000000  0.000579 
350.000000  351.000000  0.000577 
351.000000  352.000000  0.000575 
352.000000  353.000000  0.000573 
353.000000  354.000000  0.000571 
354.000000  355.000000  0.000569 
355.000000  356.000000  0.000567 
356.000000  357.000000  0.000565 
357.000000  358.000000  0.000563 
358.000000  359.000000  0.000561 
359.000000  360.000000  0.000559 
360.000000  361.000000  0.000557 
361.000000  362.000000  0.000556 
362.000000  363.000000  0.000554 
363.000000  364.000000  0.000552 
364.000000  365.000000  0.000550 
365.000000  366.000000  0.000549 
366.000000  367.000000  0.000547 
367.000000  368.000000  0.000545 
368.000000  369.000000  0.000544 
369.000000  370.000000  0.000542 
370.000000  371.000000  0.000541 
371.000000  372.000000  0.000539 
372.000000  373.000000  0.000537 
373.000000  374.000000  0.000536 
374.000000  375.000000  0.000534 
375.000000  376.000000  0.000533 
376.000000  377.000000  0.000531 
377.000000  378.000000  0.000530 
378.000000  379.000000  0.000529 
379.000000  380.000000  0.000527 
380.000000  381.000000  0.000526 
381.000000  382.000000  0.000524 
382.000000  383.000000  0.000523 
383.000000  384.000000  0.000522 
384.000000  385.000000  0.000520 
385.000000  386.000000  0.000519 
386.000000  387.000000  0.000518 
387.000000  388.000000  0.000516 
388.000000  389.000000  0.000515 
389.000000  390.000000  0.000514 
390.000000  391.000000  0.000513 
391.000000  392.000000  0.000511 
392.000000  393.000000  0.000510 
393.000000  394.000000  0.000509 
394.000000  395.000000  0.000508 
395.000000  396.000000  0.000507 
396.000000  397.000000  0.000506 
397.000000  398.000000  0.000505 
398.000000  399.000000  0.000503 
399.000000  400.000000  0.000502 
400.000000  401.000000  0.000501 
401.000000  402.000000  0.000500 
402.000000  403.000000  0.000499 
403.000000  404.000000  0.000498 
404.000000  405.000000  0.000497 
405.000000  406.000000  0.000496 
406.000000  407.000000  0.000495 
407.000000  408.000000  0.000494 
408.000000  409.000000  0.000493 
409.000000  410.000000  0.000492 
410.000000  411.000000  0.000491 
411.000000  412.000000  0.000490 
412.000000  413.000000  0.000489 
413.000000  414.000000  0.000488 
414.000000  415.000000  0.000487 
415.000000  416.000000  0.000486 
416.000000  417.000000  0.000486 
417.000000  418.000000  0.000485 
418.000000  419.000000  0.000484 
419.000000  420.000000  0.000483 
420.000000  421.000000  0.000482 
421.000000  422.000000  0.000481 
422.000000  423.000000  0.000480 
423.000000  424.000000  0.000480 
424.000000  425.000000  0.000479 
425.000000  426.000000  0.000478 
426.000000  427.000000  0.000477 
427.000000  428.000000  0.000476 
428.000000  429.000000  0.000476 
429.000000  430.000000  0.000475 
430.000000  431.000000  0.000474 
431.000000  432.000000  0.000473 
432.000000  433.000000  0.000473 
433.000000  434.000000  0.000472 
434.000000  435.000000  0.000471 
435.000000  436.000000  0.000470 
436.000000  437.000000  0.000470 
437.000000  438.000000  0.000469 
438.000000  439.000000  0.000468 
439.000000  440.000000  0.000468 
440.000000  441.000000  0.000467 
441.000000  442.000000  0.000466 
442.000000  443.000000  0.000466 
443.000000  444.000000  0.000465 
444.000000  445.000000  0.000464 
445.000000  446.000000  0.000464 
446.000000  447.000000  0.000463 
447.000000  448.000000  0.000462 
448.000000  449.000000  0.000462 
449.000000  450.000000  0.000461 
450.000000  451.000000  0.000461 
451.000000  452.000000  0.000460 
452.000000  453.000000  0.000459 
453.000000  454.000000  0.000459 
454.000000  455.000000  0.000458 
455.000000  456.000000  0.000458 
456.000000  457.000000  0.000457 
457.000000  458.000000  0.000457 
458.000000  459.000000  0.000456 
459.000000  460.000000  0.000455 
460.000000  461.000000  0.000455 
461.000000  462.000000  0.000454 
462.000000  463.000000  0.000454 
463.000000  464.000000  0.000453 
464.000000  465.000000  0.000453 
465.000000  466.000000  0.000452 
466.000000  467.000000  0.000452 
467.000000  468.000000  0.000451 
468.000000  469.000000  0.000451 
469.000000  470.000000  0.000450 
470.000000  471.000000  0.000450 
471.000000  472.000000  0.000449 
472.000000  473.000000  0.000449 
473.000000  474.000000  0.000449 
474.000000  475.000000  0.000448 
475.000000  476.000000  0.000448 
476.000000  477.000000  0.000447 
477.000000  478.000000  0.000447 
478.000000  479.000000  0.000446 
479.000000  480.000000  0.000446 
480.000000  481.000000  0.000445 
481.000000  482.000000  0.000445 
482.000000  483.000000  0.000445 
483.000000  484.000000  0.000444 
484.000000  485.000000  0.000444 
485.000000  486.000000  0.000443 
486.000000  487.000000  0.000443 
487.000000  488.000000  0.000443 
488.000000  489.000000  0.000442 
489.000000  490.000000  0.000442 
490.000000  491.000000  0.000441 
491.000000  492.000000  0.000441 
492.000000  493.000000  0.000441 
493.000000  494.000000  0.000440 
494.000000  495.000000  0.000440 
495.000000  496.000000  0.000440 
496.000000  497.000000  0.000439 
497.000000  498.000000  0.000439 
498.000000  499.000000  0.000438 
499.000000  500.000000  0.000438 
500.000000  501.000000  0.000438 
501.000000  502.000000  0.000437 
502.000000  503.000000  0.000437 
503.000000  504.000000  0.000437 
504.000000  505.000000  0.000436 
505.000000  506.000000  0.000436 
506.000000  507.000000  0.000436 
507.000000  508.000000  0.000435 
508.000000  509.000000  0.000435 
509.000000  510.000000  0.000435 
510.000000  511.000000  0.000435 
511.000000  512.000000  0.000434 
512.000000  513.000000  0.000434 
513.000000  514.000000  0.000434 
514.000000  515.000000  0.000433 
515.000000  516.000000  0.000433 
516.000000  517.000000  0.000433 
517.000000  518.000000  0.000432 
518.000000  519.000000  0.000432 
519.000000  520.000000  0.000432 
520.000000  521.000000  0.000432 
521.000000  522.000000  0.000431 
522.000000  523.000000  0.000431 
523.000000  524.000000  0.000431 
524.000000  525.000000  0.000431 
525.000000  526.000000  0.000430 
526.000000  527.000000  0.000430 
527.000000  528.000000  0.000430 
528.000000  529.000000  0.000429 
529.000000  530.000000  0.000429 
530.000000  531.000000  0.000429 
531.000000  532.000000  0.000429 
532.000000  533.000000  0.000429 
533.000000  534.000000  0.000428 
534.000000  535.000000  0.000428 
535.000000  536.000000  0.000428 
536.000000  537.000000  0.000428 
537.000000  538.000000  0.000427 
538.000000  539.000000  0.000427 
539.000000  540.000000  0.000427 
540.000000  541.000000  0.000427 
541.000000  542.000000  0.000426 
542.000000  543.000000  0.000426 
543.000000  544.000000  0.000426 
544.000000  545.000000  0.000426 
545.000000  546.000000  0.000426 
546.000000  547.000000  0.000425 
547.000000  548.000000  0.000425 
548.000000  549.000000  0.000425 
549.000000  550.000000  0.000425 
550.000000  551.000000  0.000425 
551.000000  552.000000  0.000424 
552.000000  553.000000  0.000424 
553.000000  554.000000  0.000424 
554.000000  555.000000  0.000424 
555.000000  556.000000  0.000424 
556.000000  557.000000  0.000423 
557.000000  558.000000  0.000423 
558.000000  559.000000  0.000423 
559.000000  560.000000  0.000423 
560.000000  561.000000  0.000423 
561.000000  562.000000  0.000422 
562.000000  563.000000  0.000422 
563.000000  564.000000  0.000422 
564.000000  565.000000  0.000422 
565.000000  566.000000  0.000422 
566.000000  567.000000  0.000422 
567.000000  568.000000  0.000421 
568.000000  569.000000  0.000421 
569.000000  570.000000  0.000421 
570.000000  571.000000  0.000421 
571.000000  572.000000  0.000421 
572.000000  573.000000  0.000421 
573.000000  574.000000  0.000420 
574.000000  575.000000  0.000420 
575.000000  576.000000  0.000420 
576.000000  577.000000  0.000420 
577.000000  578.000000  0.000420 
578.000000  579.000000  0.000420 
579.000000  580.000000  0.000420 
580.000000  581.000000  0.000419 
581.000000  582.000000  0.000419 
582.000000  583.000000  0.000419 
583.000000  584.000000  0.000419 
584.000000  585.000000  0.000419 
585.000000  586.000000  0.000419 
586.000000  587.000000  0.000419 
587.000000  588.000000  0.000418 
588.000000  589.000000  0.000418 
589.000000  590.000000  0.000418 
590.000000  591.000000  0.000418 
591.000000  592.000000  0.000418 
592.000000  593.000000  0.000418 
593.000000  594.000000  0.000418 
594.000000  595.000000  0.000418 
595.000000  596.000000  0.000417 
596.000000  597.000000  0.000417 
597.000000  598.000000  0.000417 
598.000000  599.000000  0.000417 
599.000000  600.000000  0.000417 
600.000000  601.000000  0.000417 
601.000000  602.000000  0.000417 
602.000000  603.000000  0.000417 
603.000000  604.000000  0.000416 
604.000000  605.000000  0.000416 
605.000000  606.000000  0.000416 
606.000000  607.000000  0.000416 
607.000000  608.000000  0.000416 
608.000000  609.000000  0.000416 
609.000000  610.000000  0.000416 
610.000000  611.000000  0.000416 
611.000000  612.000000  0.000416 
612.000000  613.000000  0.000416 
613.000000  614.000000  0.000415 
614.000000  615.000000  0.000415 
615.000000  616.000000  0.000415 
616.000000  617.000000  0.000415 
617.000000  618.000000  0.000415 
618.000000  619.000000  0.000415 
619.000000  620.000000  0.000415 
620.000000  621.000000  0.000415 
621.000000  622.000000  0.000415 
622.000000  623.000000  0.000415 
623.000000  624.000000  0.000414 
624.000000  625.000000  0.000414 
625.000000  626.000000  0.000414 
626.000000  627.000000  0.000414 
627.000000  628.000000  0.000414 
628.000000  629.000000  0.000414 
629.000000  630.000000  0.000414 
630.000000  631.000000  0.000414 
631.000000  632.000000  0.000414 
632.000000  633.000000  0.000414 
633.000000  634.000000  0.000414 
634.000000  635.000000  0.000413 
635.000000  636.000000  0.000413 
636.000000  637.000000  0.000413 
637.000000  638.000000  0.000413 
638.000000  639.000000  0.000413 
639.000000  640.000000  0.000413 
640.000000  641.000000  0.000413 
641.000000  642.000000  0.000413 
642.000000  643.000000  0.000413 
643.000000  644.000000  0.000413 
644.000000  645.000000  0.000413 
645.000000  646.000000  0.000413 
646.000000  647.000000  0.000413 
647.000000  648.000000  0.000412 
648.000000  649.000000  0.000412 
649.000000  650.000000  0.000412 
650.000000  651.000000  0.000412 
651.000000  652.000000  0.000412 
652.000000  653.000000  0.000412 
653.000000  654.000000  0.000412 
654.000000  655.000000  0.000412 
655.000000  656.000000  0.000412 
656.000000  657.000000  0.000412 
657.000000  658.000000  0.000412 
658.000000  659.000000  0.000412 
659.000000  660.000000  0.000412 
660.000000  661.000000  0.000412 
661.000000  662.000000  0.000412 
662.000000  663.000000  0.000412 
663.000000  664.000000  0.000411 
664.000000  665.000000  0.000411 
665.000000  666.000000  0.000411 
666.000000  667.000000  0.000411 
667.000000  668.000000  0.000411 
668.000000  669.000000  0.000411 
669.000000  670.000000  0.000411 
670.000000  671.000000  0.000411 
671.000000  672.000000  0.000411 
672.000000  673.000000  0.000411 
673.000000  674.000000  0.000411 
674.000000  675.000000  0.000411 
675.000000  676.000000  0.000411 
676.000000  677.000000  0.000411 
677.000000  678.000000  0.000411 
678.000000  679.000000  0.000411 
679.000000  680.000000  0.000411 
680.000000  681.000000  0.000411 
681.000000  682.000000  0.000410 
682.000000  683.000000  0.000410 
683.000000  684.000000  0.000410 
684.000000  685.000000  0.000410 
685.000000  686.000000  0.000410 
686.000000  687.000000  0.000410 
687.000000  688.000000  0.000410 
688.000000  689.000000  0.000410 
689.000000  690.000000  0.000410 
690.000000  691.000000  0.000410 
691.000000  692.000000  0.000410 
692.000000  693.000000  0.000410 
693.000000  694.000000  0.000410 
694.000000  695.000000  0.000410 
695.000000  696.000000  0.000410 
696.000000  697.000000  0.000410 
697.000000  698.000000  0.000410 
698.000000  699.000000  0.000410 
699.000000  700.000000  0.000410 
700.000000  701.000000  0.000410 
701.000000  702.000000  0.000410 
702.000000  703.000000  0.000410 
703.000000  704.000000  0.000410 
704.000000  705.000000  0.000410 
705.000000  706.000000  0.000409 
706.000000  707.000000  0.000409 
707.000000  708.000000  0.000409 
708.000000  709.000000  0.000409 
709.000000  710.000000  0.000409 
710.000000  711.000000  0.000409 
711.000000  712.000000  0.000409 
712.000000  713.000000  0.000409 
713.000000  714.000000  0.000409 
714.000000  715.000000  0.000409 
715.000000  716.000000  0.000409 
716.000000  717.000000  0.000409 
717.000000  718.000000  0.000409 
718.000000  719.000000  0.000409 
719.000000  720.000000  0.000409 
720.000000  721.000000  0.000409 
721.000000  722.000000  0.000409 
722.000000  723.000000  0.000409 
723.000000  724.000000  0.000409 
724.000000  725.000000  0.000409 
725.000000  726.000000  0.000409 
726.000000  727.000000  0.000409 
727.000000  728.000000  0.000409 
728.000000  729.000000  0.000409 
729.000000  730.000000  0.000409 
730.000000  731.000000  0.000409 
731.000000  732.000000  0.000409 
732.000000  733.000000  0.000409 
733.000000  734.000000  0.000409 
734.000000  735.000000  0.000409 
735.000000  736.000000  0.000409 
736.000000  737.000000  0.000409 
737.000000  738.000000  0.000409 
738.000000  739.000000  0.000409 
739.000000  740.000000  0.000408 
740.000000  741.000000  0.000408 
741.000000  742.000000  0.000408 
742.000000  743.000000  0.000408 
743.000000  744.000000  0.000408 
744.000000  745.000000  0.000408 
745.000000  746.000000  0.000408 
746.000000  747.000000  0.000408 
747.000000  748.000000  0.000408 
748.000000  749.000000  0.000408 
749.000000  750.000000  0.000408 
750.000000  751.000000  0.000408 
751.000000  752.000000  0.000408 
752.000000  753.000000  0.000408 
753.000000  754.000000  0.000408 
754.000000  755.000000  0.000408 
755.000000  756.000000  0.000408 
756.000000  757.000000  0.000408 
757.000000  758.000000  0.000408 
758.000000  759.000000  0.000408 
759.000000  760.000000  0.000408 
760.000000  761.000000  0.000408 
761.000000  762.000000  0.000408 
762.000000  763.000000  0.000408 
763.000000  764.000000  0.000408 
764.000000  765.000000  0.000408 
765.000000  766.000000  0.000408 
766.000000  767.000000  0.000408 
767.000000  768.000000  0.000408 
768.000000  769.000000  0.000408 
769.000000  770.000000  0.000408 
770.000000  771.000000  0.000408 
771.000000  772.000000  0.000408 
772.000000  773.000000  0.000408 
773.000000  774.000000  0.000408 
774.000000  775.000000  0.000408 
775.000000  776.000000  0.000408 
776.000000  777.000000  0.000408 
777.000000  778.000000  0.000408 
778.000000  779.000000  0.000408 
779.000000  780.000000  0.000408 
780.000000  781.000000  0.000408 
781.000000  782.000000  0.000408 
782.000000  783.000000  0.000408 
783.000000  784.000000  0.000408 
784.000000  785.000000  0.000408 
785.000000  786.000000  0.000408 
786.000000  787.000000  0.000408 
787.000000  788.000000  0.000408 
788.000000  789.000000  0.000408 
789.000000  790.000000  0.000408 
790.000000  791.000000  0.000408 
791.000000  792.000000  0.000408 
792.000000  793.000000  0.000408 
793.000000  794.000000  0.000408 
794.000000  795.000000  0.000408 
795.000000  796.000000  0.000408 
796.000000  797.000000  0.000408 
797.000000  798.000000  0.000408 
798.000000  799.000000  0.000408 
799.000000  800.000000  0.000408 
