17.000000  18.000000  0.000000 
18.000000  19.000000  0.000000 
19.000000  20.000000  0.000000 
20.000000  21.000000  0.000000 
21.000000  22.000000  0.000000 
22.000000  23.000000  0.000000 
23.000000  24.000000  0.000000 
24.000000  25.000000  0.000000 
25.000000  26.000000  0.000000 
26.000000  27.000000  0.000000 
27.000000  28.000000  0.000000 
28.000000  29.000000  0.000000 
29.000000  30.000000  0.000000 
30.000000  31.000000  0.000001 
31.000000  32.000000  0.000001 
32.000000  33.000000  0.000002 
33.000000  34.000000  0.000003 
34.000000  35.000000  0.000004 
35.000000  36.000000  0.000006 
36.000000  37.000000  0.000008 
37.000000  38.000000  0.000010 
38.000000  39.000000  0.000014 
39.000000  40.000000  0.000018 
40.000000  41.000000  0.000023 
41.000000  42.000000  0.000029 
42.000000  43.000000  0.000036 
43.000000  44.000000  0.000044 
44.000000  45.000000  0.000054 
45.000000  46.000000  0.000065 
46.000000  47.000000  0.000077 
47.000000  48.000000  0.000091 
48.000000  49.000000  0.000107 
49.000000  50.000000  0.000124 
50.000000  51.000000  0.000143 
51.000000  52.000000  0.000164 
52.000000  53.000000  0.000186 
53.000000  54.000000  0.000209 
54.000000  55.000000  0.000235 
55.000000  56.000000  0.000261 
56.000000  57.000000  0.000290 
57.000000  58.000000  0.000319 
58.000000  59.000000  0.000350 
59.000000  60.000000  0.000383 
60.000000  61.000000  0.000416 
61.000000  62.000000  0.000451 
62.000000  63.000000  0.000486 
63.000000  64.000000  0.000523 
64.000000  65.000000  0.000560 
65.000000  66.000000  0.000598 
66.000000  67.000000  0.000636 
67.000000  68.000000  0.000676 
68.000000  69.000000  0.000715 
69.000000  70.000000  0.000755 
70.000000  71.000000  0.000795 
71.000000  72.000000  0.000836 
72.000000  73.000000  0.000876 
73.000000  74.000000  0.000916 
74.000000  75.000000  0.000957 
75.000000  76.000000  0.000997 
76.000000  77.000000  0.001037 
77.000000  78.000000  0.001077 
78.000000  79.000000  0.001117 
79.000000  80.000000  0.001156 
80.000000  81.000000  0.001195 
81.000000  82.000000  0.001234 
82.000000  83.000000  0.001272 
83.000000  84.000000  0.001310 
84.000000  85.000000  0.001347 
85.000000  86.000000  0.001387 
86.000000  87.000000  0.001423 
87.000000  88.000000  0.001458 
88.000000  89.000000  0.001493 
89.000000  90.000000  0.001527 
90.000000  91.000000  0.001561 
91.000000  92.000000  0.001594 
92.000000  93.000000  0.001627 
93.000000  94.000000  0.001658 
94.000000  95.000000  0.001690 
95.000000  96.000000  0.001720 
96.000000  97.000000  0.001750 
97.000000  98.000000  0.001779 
98.000000  99.000000  0.001808 
99.000000  100.000000  0.001836 
100.000000  101.000000  0.001864 
101.000000  102.000000  0.001890 
102.000000  103.000000  0.001917 
103.000000  104.000000  0.001942 
104.000000  105.000000  0.001967 
105.000000  106.000000  0.001992 
106.000000  107.000000  0.002015 
107.000000  108.000000  0.002039 
108.000000  109.000000  0.002061 
109.000000  110.000000  0.002084 
110.000000  111.000000  0.002105 
111.000000  112.000000  0.002126 
112.000000  113.000000  0.002147 
113.000000  114.000000  0.002167 
114.000000  115.000000  0.002187 
115.000000  116.000000  0.002206 
116.000000  117.000000  0.002225 
117.000000  118.000000  0.002243 
118.000000  119.000000  0.002261 
119.000000  120.000000  0.002279 
120.000000  121.000000  0.002296 
121.000000  122.000000  0.002312 
122.000000  123.000000  0.002329 
123.000000  124.000000  0.002345 
124.000000  125.000000  0.002360 
125.000000  126.000000  0.002375 
126.000000  127.000000  0.002390 
127.000000  128.000000  0.002405 
128.000000  129.000000  0.002419 
129.000000  130.000000  0.002433 
130.000000  131.000000  0.002447 
131.000000  132.000000  0.002460 
132.000000  133.000000  0.002473 
133.000000  134.000000  0.002486 
134.000000  135.000000  0.002498 
135.000000  136.000000  0.002511 
136.000000  137.000000  0.002523 
137.000000  138.000000  0.002535 
138.000000  139.000000  0.002546 
139.000000  140.000000  0.002558 
140.000000  141.000000  0.002569 
141.000000  142.000000  0.002580 
142.000000  143.000000  0.002591 
143.000000  144.000000  0.002601 
144.000000  145.000000  0.002612 
145.000000  146.000000  0.002622 
146.000000  147.000000  0.002632 
147.000000  148.000000  0.002642 
148.000000  149.000000  0.002652 
149.000000  150.000000  0.002662 
150.000000  151.000000  0.002672 
151.000000  152.000000  0.002681 
152.000000  153.000000  0.002690 
153.000000  154.000000  0.002699 
154.000000  155.000000  0.002708 
155.000000  156.000000  0.002717 
156.000000  157.000000  0.002726 
157.000000  158.000000  0.002735 
158.000000  159.000000  0.002744 
159.000000  160.000000  0.002752 
160.000000  161.000000  0.002760 
161.000000  162.000000  0.002769 
162.000000  163.000000  0.002777 
163.000000  164.000000  0.002785 
164.000000  165.000000  0.002793 
165.000000  166.000000  0.002801 
166.000000  167.000000  0.002809 
167.000000  168.000000  0.002817 
168.000000  169.000000  0.002824 
169.000000  170.000000  0.002832 
170.000000  171.000000  0.002839 
171.000000  172.000000  0.002847 
172.000000  173.000000  0.002854 
173.000000  174.000000  0.002861 
174.000000  175.000000  0.002869 
175.000000  176.000000  0.002876 
176.000000  177.000000  0.002883 
177.000000  178.000000  0.002890 
178.000000  179.000000  0.002897 
179.000000  180.000000  0.002904 
180.000000  181.000000  0.002910 
181.000000  182.000000  0.002917 
182.000000  183.000000  0.002923 
183.000000  184.000000  0.002930 
184.000000  185.000000  0.002936 
185.000000  186.000000  0.002943 
186.000000  187.000000  0.002949 
187.000000  188.000000  0.002955 
188.000000  189.000000  0.002961 
189.000000  190.000000  0.002968 
190.000000  191.000000  0.002974 
191.000000  192.000000  0.002979 
192.000000  193.000000  0.002985 
193.000000  194.000000  0.002991 
194.000000  195.000000  0.002997 
195.000000  196.000000  0.003002 
196.000000  197.000000  0.003008 
197.000000  198.000000  0.003013 
198.000000  199.000000  0.003019 
199.000000  200.000000  0.003024 
200.000000  201.000000  0.003029 
201.000000  202.000000  0.003035 
202.000000  203.000000  0.003040 
203.000000  204.000000  0.003045 
204.000000  205.000000  0.003050 
205.000000  206.000000  0.003055 
206.000000  207.000000  0.003059 
207.000000  208.000000  0.003064 
208.000000  209.000000  0.003069 
209.000000  210.000000  0.003073 
210.000000  211.000000  0.003078 
211.000000  212.000000  0.003082 
212.000000  213.000000  0.003087 
213.000000  214.000000  0.003091 
214.000000  215.000000  0.003095 
215.000000  216.000000  0.003099 
216.000000  217.000000  0.003103 
217.000000  218.000000  0.003107 
218.000000  219.000000  0.003111 
219.000000  220.000000  0.003115 
220.000000  221.000000  0.003119 
221.000000  222.000000  0.003123 
222.000000  223.000000  0.003126 
223.000000  224.000000  0.003130 
224.000000  225.000000  0.003133 
225.000000  226.000000  0.003137 
226.000000  227.000000  0.003140 
227.000000  228.000000  0.003144 
228.000000  229.000000  0.003147 
229.000000  230.000000  0.003150 
230.000000  231.000000  0.003153 
231.000000  232.000000  0.003156 
232.000000  233.000000  0.003159 
233.000000  234.000000  0.003162 
234.000000  235.000000  0.003165 
235.000000  236.000000  0.003168 
236.000000  237.000000  0.003171 
237.000000  238.000000  0.003174 
238.000000  239.000000  0.003176 
239.000000  240.000000  0.003179 
240.000000  241.000000  0.003182 
241.000000  242.000000  0.003184 
242.000000  243.000000  0.003187 
243.000000  244.000000  0.003189 
244.000000  245.000000  0.003192 
245.000000  246.000000  0.003194 
246.000000  247.000000  0.003196 
247.000000  248.000000  0.003199 
248.000000  249.000000  0.003201 
249.000000  250.000000  0.003203 
250.000000  251.000000  0.003205 
251.000000  252.000000  0.003207 
252.000000  253.000000  0.003210 
253.000000  254.000000  0.003212 
254.000000  255.000000  0.003214 
255.000000  256.000000  0.003216 
256.000000  257.000000  0.003218 
257.000000  258.000000  0.003220 
258.000000  259.000000  0.003221 
259.000000  260.000000  0.003223 
260.000000  261.000000  0.003225 
261.000000  262.000000  0.003227 
262.000000  263.000000  0.003229 
263.000000  264.000000  0.003231 
264.000000  265.000000  0.003232 
265.000000  266.000000  0.003234 
266.000000  267.000000  0.003236 
267.000000  268.000000  0.003237 
268.000000  269.000000  0.003239 
269.000000  270.000000  0.003241 
270.000000  271.000000  0.003242 
271.000000  272.000000  0.003244 
272.000000  273.000000  0.003245 
273.000000  274.000000  0.003247 
274.000000  275.000000  0.003249 
275.000000  276.000000  0.003250 
276.000000  277.000000  0.003252 
277.000000  278.000000  0.003253 
278.000000  279.000000  0.003255 
279.000000  280.000000  0.003256 
280.000000  281.000000  0.003257 
281.000000  282.000000  0.003259 
282.000000  283.000000  0.003260 
283.000000  284.000000  0.003262 
284.000000  285.000000  0.003263 
285.000000  286.000000  0.003265 
286.000000  287.000000  0.003266 
287.000000  288.000000  0.003267 
288.000000  289.000000  0.003269 
289.000000  290.000000  0.003270 
290.000000  291.000000  0.003272 
291.000000  292.000000  0.003273 
292.000000  293.000000  0.003274 
293.000000  294.000000  0.003276 
294.000000  295.000000  0.003277 
295.000000  296.000000  0.003278 
296.000000  297.000000  0.003280 
297.000000  298.000000  0.003281 
298.000000  299.000000  0.003282 
299.000000  300.000000  0.003284 
300.000000  301.000000  0.003285 
301.000000  302.000000  0.003286 
302.000000  303.000000  0.003288 
303.000000  304.000000  0.003289 
304.000000  305.000000  0.003290 
305.000000  306.000000  0.003292 
306.000000  307.000000  0.003293 
307.000000  308.000000  0.003294 
308.000000  309.000000  0.003295 
309.000000  310.000000  0.003297 
310.000000  311.000000  0.003298 
311.000000  312.000000  0.003299 
312.000000  313.000000  0.003301 
313.000000  314.000000  0.003302 
314.000000  315.000000  0.003303 
315.000000  316.000000  0.003305 
316.000000  317.000000  0.003306 
317.000000  318.000000  0.003307 
318.000000  319.000000  0.003308 
319.000000  320.000000  0.003310 
320.000000  321.000000  0.003311 
321.000000  322.000000  0.003312 
322.000000  323.000000  0.003314 
323.000000  324.000000  0.003315 
324.000000  325.000000  0.003316 
325.000000  326.000000  0.003317 
326.000000  327.000000  0.003319 
327.000000  328.000000  0.003320 
328.000000  329.000000  0.003321 
329.000000  330.000000  0.003323 
330.000000  331.000000  0.003324 
331.000000  332.000000  0.003325 
332.000000  333.000000  0.003326 
333.000000  334.000000  0.003328 
334.000000  335.000000  0.003329 
335.000000  336.000000  0.003330 
336.000000  337.000000  0.003332 
337.000000  338.000000  0.003333 
338.000000  339.000000  0.003334 
339.000000  340.000000  0.003335 
340.000000  341.000000  0.003337 
341.000000  342.000000  0.003338 
342.000000  343.000000  0.003339 
343.000000  344.000000  0.003340 
344.000000  345.000000  0.003342 
345.000000  346.000000  0.003343 
346.000000  347.000000  0.003344 
347.000000  348.000000  0.003345 
348.000000  349.000000  0.003347 
349.000000  350.000000  0.003348 
350.000000  351.000000  0.003349 
351.000000  352.000000  0.003350 
352.000000  353.000000  0.003352 
353.000000  354.000000  0.003353 
354.000000  355.000000  0.003354 
355.000000  356.000000  0.003355 
356.000000  357.000000  0.003357 
357.000000  358.000000  0.003358 
358.000000  359.000000  0.003359 
359.000000  360.000000  0.003360 
360.000000  361.000000  0.003361 
361.000000  362.000000  0.003363 
362.000000  363.000000  0.003364 
363.000000  364.000000  0.003365 
364.000000  365.000000  0.003366 
365.000000  366.000000  0.003367 
366.000000  367.000000  0.003368 
367.000000  368.000000  0.003370 
368.000000  369.000000  0.003371 
369.000000  370.000000  0.003372 
370.000000  371.000000  0.003373 
371.000000  372.000000  0.003374 
372.000000  373.000000  0.003375 
373.000000  374.000000  0.003376 
374.000000  375.000000  0.003378 
375.000000  376.000000  0.003379 
376.000000  377.000000  0.003380 
377.000000  378.000000  0.003381 
378.000000  379.000000  0.003382 
379.000000  380.000000  0.003383 
380.000000  381.000000  0.003384 
381.000000  382.000000  0.003385 
382.000000  383.000000  0.003386 
383.000000  384.000000  0.003387 
384.000000  385.000000  0.003388 
385.000000  386.000000  0.003389 
386.000000  387.000000  0.003390 
387.000000  388.000000  0.003391 
388.000000  389.000000  0.003392 
389.000000  390.000000  0.003393 
390.000000  391.000000  0.003394 
391.000000  392.000000  0.003395 
392.000000  393.000000  0.003396 
393.000000  394.000000  0.003397 
394.000000  395.000000  0.003398 
395.000000  396.000000  0.003399 
396.000000  397.000000  0.003400 
397.000000  398.000000  0.003401 
398.000000  399.000000  0.003402 
399.000000  400.000000  0.003403 
400.000000  401.000000  0.003404 
401.000000  402.000000  0.003405 
402.000000  403.000000  0.003406 
403.000000  404.000000  0.003406 
404.000000  405.000000  0.003407 
405.000000  406.000000  0.003408 
406.000000  407.000000  0.003409 
407.000000  408.000000  0.003410 
408.000000  409.000000  0.003411 
409.000000  410.000000  0.003411 
410.000000  411.000000  0.003412 
411.000000  412.000000  0.003413 
412.000000  413.000000  0.003414 
413.000000  414.000000  0.003415 
414.000000  415.000000  0.003415 
415.000000  416.000000  0.003416 
416.000000  417.000000  0.003417 
417.000000  418.000000  0.003418 
418.000000  419.000000  0.003418 
419.000000  420.000000  0.003419 
420.000000  421.000000  0.003420 
421.000000  422.000000  0.003420 
422.000000  423.000000  0.003421 
423.000000  424.000000  0.003422 
424.000000  425.000000  0.003422 
425.000000  426.000000  0.003423 
426.000000  427.000000  0.003424 
427.000000  428.000000  0.003424 
428.000000  429.000000  0.003425 
429.000000  430.000000  0.003426 
430.000000  431.000000  0.003426 
431.000000  432.000000  0.003427 
432.000000  433.000000  0.003427 
433.000000  434.000000  0.003428 
434.000000  435.000000  0.003428 
435.000000  436.000000  0.003429 
436.000000  437.000000  0.003430 
437.000000  438.000000  0.003430 
438.000000  439.000000  0.003431 
439.000000  440.000000  0.003431 
440.000000  441.000000  0.003432 
441.000000  442.000000  0.003432 
442.000000  443.000000  0.003432 
443.000000  444.000000  0.003433 
444.000000  445.000000  0.003433 
445.000000  446.000000  0.003434 
446.000000  447.000000  0.003434 
447.000000  448.000000  0.003435 
448.000000  449.000000  0.003435 
449.000000  450.000000  0.003435 
450.000000  451.000000  0.003436 
451.000000  452.000000  0.003436 
452.000000  453.000000  0.003437 
453.000000  454.000000  0.003437 
454.000000  455.000000  0.003437 
455.000000  456.000000  0.003438 
456.000000  457.000000  0.003438 
457.000000  458.000000  0.003438 
458.000000  459.000000  0.003439 
459.000000  460.000000  0.003439 
460.000000  461.000000  0.003439 
461.000000  462.000000  0.003440 
462.000000  463.000000  0.003440 
463.000000  464.000000  0.003440 
464.000000  465.000000  0.003440 
465.000000  466.000000  0.003441 
466.000000  467.000000  0.003441 
467.000000  468.000000  0.003441 
468.000000  469.000000  0.003441 
469.000000  470.000000  0.003442 
470.000000  471.000000  0.003442 
471.000000  472.000000  0.003442 
472.000000  473.000000  0.003442 
473.000000  474.000000  0.003442 
474.000000  475.000000  0.003442 
475.000000  476.000000  0.003443 
476.000000  477.000000  0.003443 
477.000000  478.000000  0.003443 
478.000000  479.000000  0.003443 
479.000000  480.000000  0.003443 
480.000000  481.000000  0.003443 
481.000000  482.000000  0.003443 
482.000000  483.000000  0.003444 
483.000000  484.000000  0.003444 
484.000000  485.000000  0.003444 
485.000000  486.000000  0.003444 
486.000000  487.000000  0.003444 
487.000000  488.000000  0.003444 
488.000000  489.000000  0.003444 
489.000000  490.000000  0.003444 
490.000000  491.000000  0.003444 
491.000000  492.000000  0.003444 
492.000000  493.000000  0.003444 
493.000000  494.000000  0.003444 
494.000000  495.000000  0.003444 
495.000000  496.000000  0.003444 
496.000000  497.000000  0.003444 
497.000000  498.000000  0.003444 
498.000000  499.000000  0.003444 
499.000000  500.000000  0.003444 
500.000000  501.000000  0.003444 
501.000000  502.000000  0.003444 
502.000000  503.000000  0.003444 
503.000000  504.000000  0.003444 
504.000000  505.000000  0.003444 
505.000000  506.000000  0.003444 
506.000000  507.000000  0.003444 
507.000000  508.000000  0.003444 
508.000000  509.000000  0.003444 
509.000000  510.000000  0.003444 
510.000000  511.000000  0.003444 
511.000000  512.000000  0.003444 
512.000000  513.000000  0.003444 
513.000000  514.000000  0.003444 
514.000000  515.000000  0.003443 
515.000000  516.000000  0.003443 
516.000000  517.000000  0.003443 
517.000000  518.000000  0.003443 
518.000000  519.000000  0.003443 
519.000000  520.000000  0.003443 
520.000000  521.000000  0.003443 
521.000000  522.000000  0.003443 
522.000000  523.000000  0.003443 
523.000000  524.000000  0.003442 
524.000000  525.000000  0.003442 
525.000000  526.000000  0.003442 
526.000000  527.000000  0.003442 
527.000000  528.000000  0.003442 
528.000000  529.000000  0.003442 
529.000000  530.000000  0.003442 
530.000000  531.000000  0.003441 
531.000000  532.000000  0.003441 
532.000000  533.000000  0.003441 
533.000000  534.000000  0.003441 
534.000000  535.000000  0.003441 
535.000000  536.000000  0.003441 
536.000000  537.000000  0.003440 
537.000000  538.000000  0.003440 
538.000000  539.000000  0.003440 
539.000000  540.000000  0.003440 
540.000000  541.000000  0.003440 
541.000000  542.000000  0.003439 
542.000000  543.000000  0.003439 
543.000000  544.000000  0.003439 
544.000000  545.000000  0.003439 
545.000000  546.000000  0.003439 
546.000000  547.000000  0.003438 
547.000000  548.000000  0.003438 
548.000000  549.000000  0.003438 
549.000000  550.000000  0.003438 
550.000000  551.000000  0.003437 
551.000000  552.000000  0.003437 
552.000000  553.000000  0.003437 
553.000000  554.000000  0.003437 
554.000000  555.000000  0.003437 
555.000000  556.000000  0.003436 
556.000000  557.000000  0.003436 
557.000000  558.000000  0.003436 
558.000000  559.000000  0.003436 
559.000000  560.000000  0.003435 
560.000000  561.000000  0.003435 
561.000000  562.000000  0.003435 
562.000000  563.000000  0.003435 
563.000000  564.000000  0.003434 
564.000000  565.000000  0.003434 
565.000000  566.000000  0.003434 
566.000000  567.000000  0.003434 
567.000000  568.000000  0.003433 
568.000000  569.000000  0.003433 
569.000000  570.000000  0.003433 
570.000000  571.000000  0.003433 
571.000000  572.000000  0.003432 
572.000000  573.000000  0.003432 
573.000000  574.000000  0.003432 
574.000000  575.000000  0.003431 
575.000000  576.000000  0.003431 
576.000000  577.000000  0.003431 
577.000000  578.000000  0.003431 
578.000000  579.000000  0.003430 
579.000000  580.000000  0.003430 
580.000000  581.000000  0.003430 
581.000000  582.000000  0.003430 
582.000000  583.000000  0.003429 
583.000000  584.000000  0.003429 
584.000000  585.000000  0.003429 
585.000000  586.000000  0.003428 
586.000000  587.000000  0.003428 
587.000000  588.000000  0.003428 
588.000000  589.000000  0.003428 
589.000000  590.000000  0.003427 
590.000000  591.000000  0.003427 
591.000000  592.000000  0.003427 
592.000000  593.000000  0.003427 
593.000000  594.000000  0.003426 
594.000000  595.000000  0.003426 
595.000000  596.000000  0.003426 
596.000000  597.000000  0.003425 
597.000000  598.000000  0.003425 
598.000000  599.000000  0.003425 
599.000000  600.000000  0.003425 
600.000000  601.000000  0.003424 
601.000000  602.000000  0.003424 
602.000000  603.000000  0.003424 
603.000000  604.000000  0.003423 
604.000000  605.000000  0.003423 
605.000000  606.000000  0.003423 
606.000000  607.000000  0.003422 
607.000000  608.000000  0.003422 
608.000000  609.000000  0.003422 
609.000000  610.000000  0.003422 
610.000000  611.000000  0.003421 
611.000000  612.000000  0.003421 
612.000000  613.000000  0.003421 
613.000000  614.000000  0.003420 
614.000000  615.000000  0.003420 
615.000000  616.000000  0.003420 
616.000000  617.000000  0.003420 
617.000000  618.000000  0.003419 
618.000000  619.000000  0.003419 
619.000000  620.000000  0.003419 
620.000000  621.000000  0.003418 
621.000000  622.000000  0.003418 
622.000000  623.000000  0.003418 
623.000000  624.000000  0.003418 
624.000000  625.000000  0.003417 
625.000000  626.000000  0.003417 
626.000000  627.000000  0.003417 
627.000000  628.000000  0.003416 
628.000000  629.000000  0.003416 
629.000000  630.000000  0.003416 
630.000000  631.000000  0.003416 
631.000000  632.000000  0.003415 
632.000000  633.000000  0.003415 
633.000000  634.000000  0.003415 
634.000000  635.000000  0.003414 
635.000000  636.000000  0.003414 
636.000000  637.000000  0.003414 
637.000000  638.000000  0.003414 
638.000000  639.000000  0.003413 
639.000000  640.000000  0.003413 
640.000000  641.000000  0.003413 
641.000000  642.000000  0.003412 
642.000000  643.000000  0.003412 
643.000000  644.000000  0.003412 
644.000000  645.000000  0.003412 
645.000000  646.000000  0.003411 
646.000000  647.000000  0.003411 
647.000000  648.000000  0.003411 
648.000000  649.000000  0.003410 
649.000000  650.000000  0.003410 
650.000000  651.000000  0.003410 
651.000000  652.000000  0.003410 
652.000000  653.000000  0.003409 
653.000000  654.000000  0.003409 
654.000000  655.000000  0.003409 
655.000000  656.000000  0.003409 
656.000000  657.000000  0.003408 
657.000000  658.000000  0.003408 
658.000000  659.000000  0.003408 
659.000000  660.000000  0.003407 
660.000000  661.000000  0.003407 
661.000000  662.000000  0.003407 
662.000000  663.000000  0.003407 
663.000000  664.000000  0.003406 
664.000000  665.000000  0.003406 
665.000000  666.000000  0.003406 
666.000000  667.000000  0.003406 
667.000000  668.000000  0.003405 
668.000000  669.000000  0.003405 
669.000000  670.000000  0.003405 
670.000000  671.000000  0.003405 
671.000000  672.000000  0.003404 
672.000000  673.000000  0.003404 
673.000000  674.000000  0.003404 
674.000000  675.000000  0.003403 
675.000000  676.000000  0.003403 
676.000000  677.000000  0.003403 
677.000000  678.000000  0.003403 
678.000000  679.000000  0.003402 
679.000000  680.000000  0.003402 
680.000000  681.000000  0.003402 
681.000000  682.000000  0.003402 
682.000000  683.000000  0.003401 
683.000000  684.000000  0.003401 
684.000000  685.000000  0.003401 
685.000000  686.000000  0.003401 
686.000000  687.000000  0.003400 
687.000000  688.000000  0.003400 
688.000000  689.000000  0.003400 
689.000000  690.000000  0.003400 
690.000000  691.000000  0.003399 
691.000000  692.000000  0.003399 
692.000000  693.000000  0.003399 
693.000000  694.000000  0.003399 
694.000000  695.000000  0.003398 
695.000000  696.000000  0.003398 
696.000000  697.000000  0.003398 
697.000000  698.000000  0.003398 
698.000000  699.000000  0.003397 
699.000000  700.000000  0.003397 
700.000000  701.000000  0.003397 
701.000000  702.000000  0.003397 
702.000000  703.000000  0.003396 
703.000000  704.000000  0.003396 
704.000000  705.000000  0.003396 
705.000000  706.000000  0.003396 
706.000000  707.000000  0.003396 
707.000000  708.000000  0.003395 
708.000000  709.000000  0.003395 
709.000000  710.000000  0.003395 
710.000000  711.000000  0.003395 
711.000000  712.000000  0.003394 
712.000000  713.000000  0.003394 
713.000000  714.000000  0.003394 
714.000000  715.000000  0.003394 
715.000000  716.000000  0.003393 
716.000000  717.000000  0.003393 
717.000000  718.000000  0.003393 
718.000000  719.000000  0.003393 
719.000000  720.000000  0.003393 
720.000000  721.000000  0.003392 
721.000000  722.000000  0.003392 
722.000000  723.000000  0.003392 
723.000000  724.000000  0.003392 
724.000000  725.000000  0.003391 
725.000000  726.000000  0.003391 
726.000000  727.000000  0.003391 
727.000000  728.000000  0.003391 
728.000000  729.000000  0.003391 
729.000000  730.000000  0.003390 
730.000000  731.000000  0.003390 
731.000000  732.000000  0.003390 
732.000000  733.000000  0.003390 
733.000000  734.000000  0.003389 
734.000000  735.000000  0.003389 
735.000000  736.000000  0.003389 
736.000000  737.000000  0.003389 
737.000000  738.000000  0.003389 
738.000000  739.000000  0.003388 
739.000000  740.000000  0.003388 
740.000000  741.000000  0.003388 
741.000000  742.000000  0.003388 
742.000000  743.000000  0.003388 
743.000000  744.000000  0.003387 
744.000000  745.000000  0.003387 
745.000000  746.000000  0.003387 
746.000000  747.000000  0.003387 
747.000000  748.000000  0.003387 
748.000000  749.000000  0.003386 
749.000000  750.000000  0.003386 
750.000000  751.000000  0.003386 
751.000000  752.000000  0.003386 
752.000000  753.000000  0.003386 
753.000000  754.000000  0.003385 
754.000000  755.000000  0.003385 
755.000000  756.000000  0.003385 
756.000000  757.000000  0.003385 
757.000000  758.000000  0.003385 
758.000000  759.000000  0.003384 
759.000000  760.000000  0.003384 
760.000000  761.000000  0.003384 
761.000000  762.000000  0.003384 
762.000000  763.000000  0.003384 
763.000000  764.000000  0.003383 
764.000000  765.000000  0.003383 
765.000000  766.000000  0.003383 
766.000000  767.000000  0.003383 
767.000000  768.000000  0.003383 
768.000000  769.000000  0.003383 
769.000000  770.000000  0.003382 
770.000000  771.000000  0.003382 
771.000000  772.000000  0.003382 
772.000000  773.000000  0.003382 
773.000000  774.000000  0.003382 
774.000000  775.000000  0.003381 
775.000000  776.000000  0.003381 
776.000000  777.000000  0.003381 
777.000000  778.000000  0.003381 
778.000000  779.000000  0.003381 
779.000000  780.000000  0.003381 
780.000000  781.000000  0.003380 
781.000000  782.000000  0.003380 
782.000000  783.000000  0.003380 
783.000000  784.000000  0.003380 
784.000000  785.000000  0.003380 
785.000000  786.000000  0.003379 
786.000000  787.000000  0.003379 
787.000000  788.000000  0.003379 
788.000000  789.000000  0.003379 
789.000000  790.000000  0.003379 
790.000000  791.000000  0.003379 
791.000000  792.000000  0.003378 
792.000000  793.000000  0.003378 
793.000000  794.000000  0.003378 
794.000000  795.000000  0.003378 
795.000000  796.000000  0.003378 
796.000000  797.000000  0.003378 
797.000000  798.000000  0.003377 
798.000000  799.000000  0.003377 
799.000000  800.000000  0.003377 
