17.000000  18.000000  0.003388 
18.000000  19.000000  0.003337 
19.000000  20.000000  0.003314 
20.000000  21.000000  0.003313 
21.000000  22.000000  0.003330 
22.000000  23.000000  0.003365 
23.000000  24.000000  0.003423 
24.000000  25.000000  0.003483 
25.000000  26.000000  0.003540 
26.000000  27.000000  0.003595 
27.000000  28.000000  0.003646 
28.000000  29.000000  0.003675 
29.000000  30.000000  0.003702 
30.000000  31.000000  0.003727 
31.000000  32.000000  0.003753 
32.000000  33.000000  0.003779 
33.000000  34.000000  0.003812 
34.000000  35.000000  0.003846 
35.000000  36.000000  0.003879 
36.000000  37.000000  0.003911 
37.000000  38.000000  0.003942 
38.000000  39.000000  0.003971 
39.000000  40.000000  0.003998 
40.000000  41.000000  0.004022 
41.000000  42.000000  0.004042 
42.000000  43.000000  0.004060 
43.000000  44.000000  0.004074 
44.000000  45.000000  0.004086 
45.000000  46.000000  0.004095 
46.000000  47.000000  0.004100 
47.000000  48.000000  0.004102 
48.000000  49.000000  0.004101 
49.000000  50.000000  0.004097 
50.000000  51.000000  0.004090 
51.000000  52.000000  0.004079 
52.000000  53.000000  0.004065 
53.000000  54.000000  0.004048 
54.000000  55.000000  0.004028 
55.000000  56.000000  0.004005 
56.000000  57.000000  0.003979 
57.000000  58.000000  0.003950 
58.000000  59.000000  0.003919 
59.000000  60.000000  0.003886 
60.000000  61.000000  0.003851 
61.000000  62.000000  0.003813 
62.000000  63.000000  0.003773 
63.000000  64.000000  0.003732 
64.000000  65.000000  0.003689 
65.000000  66.000000  0.003645 
66.000000  67.000000  0.003600 
67.000000  68.000000  0.003553 
68.000000  69.000000  0.003506 
69.000000  70.000000  0.003457 
70.000000  71.000000  0.003408 
71.000000  72.000000  0.003359 
72.000000  73.000000  0.003309 
73.000000  74.000000  0.003259 
74.000000  75.000000  0.003208 
75.000000  76.000000  0.003158 
76.000000  77.000000  0.003107 
77.000000  78.000000  0.003057 
78.000000  79.000000  0.003007 
79.000000  80.000000  0.002957 
80.000000  81.000000  0.002908 
81.000000  82.000000  0.002859 
82.000000  83.000000  0.002810 
83.000000  84.000000  0.002762 
84.000000  85.000000  0.002715 
85.000000  86.000000  0.002664 
86.000000  87.000000  0.002618 
87.000000  88.000000  0.002573 
88.000000  89.000000  0.002528 
89.000000  90.000000  0.002484 
90.000000  91.000000  0.002441 
91.000000  92.000000  0.002399 
92.000000  93.000000  0.002357 
93.000000  94.000000  0.002316 
94.000000  95.000000  0.002276 
95.000000  96.000000  0.002237 
96.000000  97.000000  0.002198 
97.000000  98.000000  0.002160 
98.000000  99.000000  0.002123 
99.000000  100.000000  0.002087 
100.000000  101.000000  0.002052 
101.000000  102.000000  0.002017 
102.000000  103.000000  0.001983 
103.000000  104.000000  0.001950 
104.000000  105.000000  0.001917 
105.000000  106.000000  0.001886 
106.000000  107.000000  0.001855 
107.000000  108.000000  0.001824 
108.000000  109.000000  0.001795 
109.000000  110.000000  0.001766 
110.000000  111.000000  0.001737 
111.000000  112.000000  0.001710 
112.000000  113.000000  0.001683 
113.000000  114.000000  0.001656 
114.000000  115.000000  0.001630 
115.000000  116.000000  0.001605 
116.000000  117.000000  0.001580 
117.000000  118.000000  0.001556 
118.000000  119.000000  0.001532 
119.000000  120.000000  0.001509 
120.000000  121.000000  0.001486 
121.000000  122.000000  0.001464 
122.000000  123.000000  0.001442 
123.000000  124.000000  0.001421 
124.000000  125.000000  0.001400 
125.000000  126.000000  0.001380 
126.000000  127.000000  0.001360 
127.000000  128.000000  0.001340 
128.000000  129.000000  0.001321 
129.000000  130.000000  0.001302 
130.000000  131.000000  0.001283 
131.000000  132.000000  0.001265 
132.000000  133.000000  0.001247 
133.000000  134.000000  0.001230 
134.000000  135.000000  0.001212 
135.000000  136.000000  0.001195 
136.000000  137.000000  0.001179 
137.000000  138.000000  0.001162 
138.000000  139.000000  0.001146 
139.000000  140.000000  0.001131 
140.000000  141.000000  0.001115 
141.000000  142.000000  0.001100 
142.000000  143.000000  0.001085 
143.000000  144.000000  0.001070 
144.000000  145.000000  0.001055 
145.000000  146.000000  0.001041 
146.000000  147.000000  0.001027 
147.000000  148.000000  0.001013 
148.000000  149.000000  0.000999 
149.000000  150.000000  0.000985 
150.000000  151.000000  0.000972 
151.000000  152.000000  0.000959 
152.000000  153.000000  0.000946 
153.000000  154.000000  0.000933 
154.000000  155.000000  0.000920 
155.000000  156.000000  0.000908 
156.000000  157.000000  0.000896 
157.000000  158.000000  0.000884 
158.000000  159.000000  0.000872 
159.000000  160.000000  0.000860 
160.000000  161.000000  0.000848 
161.000000  162.000000  0.000837 
162.000000  163.000000  0.000825 
163.000000  164.000000  0.000814 
164.000000  165.000000  0.000803 
165.000000  166.000000  0.000792 
166.000000  167.000000  0.000782 
167.000000  168.000000  0.000771 
168.000000  169.000000  0.000761 
169.000000  170.000000  0.000750 
170.000000  171.000000  0.000740 
171.000000  172.000000  0.000730 
172.000000  173.000000  0.000720 
173.000000  174.000000  0.000710 
174.000000  175.000000  0.000701 
175.000000  176.000000  0.000691 
176.000000  177.000000  0.000682 
177.000000  178.000000  0.000672 
178.000000  179.000000  0.000663 
179.000000  180.000000  0.000654 
180.000000  181.000000  0.000645 
181.000000  182.000000  0.000636 
182.000000  183.000000  0.000628 
183.000000  184.000000  0.000619 
184.000000  185.000000  0.000610 
185.000000  186.000000  0.000602 
186.000000  187.000000  0.000594 
187.000000  188.000000  0.000586 
188.000000  189.000000  0.000578 
189.000000  190.000000  0.000570 
190.000000  191.000000  0.000562 
191.000000  192.000000  0.000554 
192.000000  193.000000  0.000547 
193.000000  194.000000  0.000539 
194.000000  195.000000  0.000532 
195.000000  196.000000  0.000524 
196.000000  197.000000  0.000517 
197.000000  198.000000  0.000510 
198.000000  199.000000  0.000503 
199.000000  200.000000  0.000496 
200.000000  201.000000  0.000489 
201.000000  202.000000  0.000482 
202.000000  203.000000  0.000476 
203.000000  204.000000  0.000469 
204.000000  205.000000  0.000463 
205.000000  206.000000  0.000456 
206.000000  207.000000  0.000450 
207.000000  208.000000  0.000444 
208.000000  209.000000  0.000438 
209.000000  210.000000  0.000432 
210.000000  211.000000  0.000426 
211.000000  212.000000  0.000420 
212.000000  213.000000  0.000414 
213.000000  214.000000  0.000409 
214.000000  215.000000  0.000403 
215.000000  216.000000  0.000397 
216.000000  217.000000  0.000392 
217.000000  218.000000  0.000387 
218.000000  219.000000  0.000381 
219.000000  220.000000  0.000376 
220.000000  221.000000  0.000371 
221.000000  222.000000  0.000366 
222.000000  223.000000  0.000361 
223.000000  224.000000  0.000356 
224.000000  225.000000  0.000351 
225.000000  226.000000  0.000346 
226.000000  227.000000  0.000342 
227.000000  228.000000  0.000337 
228.000000  229.000000  0.000333 
229.000000  230.000000  0.000328 
230.000000  231.000000  0.000324 
231.000000  232.000000  0.000319 
232.000000  233.000000  0.000315 
233.000000  234.000000  0.000311 
234.000000  235.000000  0.000307 
235.000000  236.000000  0.000302 
236.000000  237.000000  0.000298 
237.000000  238.000000  0.000294 
238.000000  239.000000  0.000291 
239.000000  240.000000  0.000287 
240.000000  241.000000  0.000283 
241.000000  242.000000  0.000279 
242.000000  243.000000  0.000275 
243.000000  244.000000  0.000272 
244.000000  245.000000  0.000268 
245.000000  246.000000  0.000265 
246.000000  247.000000  0.000261 
247.000000  248.000000  0.000258 
248.000000  249.000000  0.000254 
249.000000  250.000000  0.000251 
250.000000  251.000000  0.000248 
251.000000  252.000000  0.000244 
252.000000  253.000000  0.000241 
253.000000  254.000000  0.000238 
254.000000  255.000000  0.000235 
255.000000  256.000000  0.000232 
256.000000  257.000000  0.000229 
257.000000  258.000000  0.000226 
258.000000  259.000000  0.000223 
259.000000  260.000000  0.000220 
260.000000  261.000000  0.000217 
261.000000  262.000000  0.000215 
262.000000  263.000000  0.000212 
263.000000  264.000000  0.000209 
264.000000  265.000000  0.000207 
265.000000  266.000000  0.000204 
266.000000  267.000000  0.000201 
267.000000  268.000000  0.000199 
268.000000  269.000000  0.000196 
269.000000  270.000000  0.000194 
270.000000  271.000000  0.000191 
271.000000  272.000000  0.000189 
272.000000  273.000000  0.000187 
273.000000  274.000000  0.000184 
274.000000  275.000000  0.000182 
275.000000  276.000000  0.000180 
276.000000  277.000000  0.000178 
277.000000  278.000000  0.000175 
278.000000  279.000000  0.000173 
279.000000  280.000000  0.000171 
280.000000  281.000000  0.000169 
281.000000  282.000000  0.000167 
282.000000  283.000000  0.000165 
283.000000  284.000000  0.000163 
284.000000  285.000000  0.000161 
285.000000  286.000000  0.000159 
286.000000  287.000000  0.000157 
287.000000  288.000000  0.000155 
288.000000  289.000000  0.000153 
289.000000  290.000000  0.000152 
290.000000  291.000000  0.000150 
291.000000  292.000000  0.000148 
292.000000  293.000000  0.000146 
293.000000  294.000000  0.000144 
294.000000  295.000000  0.000143 
295.000000  296.000000  0.000141 
296.000000  297.000000  0.000139 
297.000000  298.000000  0.000138 
298.000000  299.000000  0.000136 
299.000000  300.000000  0.000135 
300.000000  301.000000  0.000133 
301.000000  302.000000  0.000132 
302.000000  303.000000  0.000130 
303.000000  304.000000  0.000129 
304.000000  305.000000  0.000127 
305.000000  306.000000  0.000126 
306.000000  307.000000  0.000124 
307.000000  308.000000  0.000123 
308.000000  309.000000  0.000121 
309.000000  310.000000  0.000120 
310.000000  311.000000  0.000119 
311.000000  312.000000  0.000117 
312.000000  313.000000  0.000116 
313.000000  314.000000  0.000115 
314.000000  315.000000  0.000113 
315.000000  316.000000  0.000112 
316.000000  317.000000  0.000111 
317.000000  318.000000  0.000110 
318.000000  319.000000  0.000108 
319.000000  320.000000  0.000107 
320.000000  321.000000  0.000106 
321.000000  322.000000  0.000105 
322.000000  323.000000  0.000104 
323.000000  324.000000  0.000103 
324.000000  325.000000  0.000102 
325.000000  326.000000  0.000100 
326.000000  327.000000  0.000099 
327.000000  328.000000  0.000098 
328.000000  329.000000  0.000097 
329.000000  330.000000  0.000096 
330.000000  331.000000  0.000095 
331.000000  332.000000  0.000094 
332.000000  333.000000  0.000093 
333.000000  334.000000  0.000092 
334.000000  335.000000  0.000091 
335.000000  336.000000  0.000090 
336.000000  337.000000  0.000089 
337.000000  338.000000  0.000088 
338.000000  339.000000  0.000087 
339.000000  340.000000  0.000087 
340.000000  341.000000  0.000086 
341.000000  342.000000  0.000085 
342.000000  343.000000  0.000084 
343.000000  344.000000  0.000083 
344.000000  345.000000  0.000082 
345.000000  346.000000  0.000081 
346.000000  347.000000  0.000081 
347.000000  348.000000  0.000080 
348.000000  349.000000  0.000079 
349.000000  350.000000  0.000078 
350.000000  351.000000  0.000077 
351.000000  352.000000  0.000077 
352.000000  353.000000  0.000076 
353.000000  354.000000  0.000075 
354.000000  355.000000  0.000074 
355.000000  356.000000  0.000074 
356.000000  357.000000  0.000073 
357.000000  358.000000  0.000072 
358.000000  359.000000  0.000071 
359.000000  360.000000  0.000071 
360.000000  361.000000  0.000070 
361.000000  362.000000  0.000069 
362.000000  363.000000  0.000069 
363.000000  364.000000  0.000068 
364.000000  365.000000  0.000067 
365.000000  366.000000  0.000067 
366.000000  367.000000  0.000066 
367.000000  368.000000  0.000066 
368.000000  369.000000  0.000065 
369.000000  370.000000  0.000064 
370.000000  371.000000  0.000064 
371.000000  372.000000  0.000063 
372.000000  373.000000  0.000062 
373.000000  374.000000  0.000062 
374.000000  375.000000  0.000061 
375.000000  376.000000  0.000061 
376.000000  377.000000  0.000060 
377.000000  378.000000  0.000060 
378.000000  379.000000  0.000059 
379.000000  380.000000  0.000059 
380.000000  381.000000  0.000058 
381.000000  382.000000  0.000057 
382.000000  383.000000  0.000057 
383.000000  384.000000  0.000056 
384.000000  385.000000  0.000056 
385.000000  386.000000  0.000055 
386.000000  387.000000  0.000055 
387.000000  388.000000  0.000054 
388.000000  389.000000  0.000054 
389.000000  390.000000  0.000053 
390.000000  391.000000  0.000053 
391.000000  392.000000  0.000053 
392.000000  393.000000  0.000052 
393.000000  394.000000  0.000052 
394.000000  395.000000  0.000051 
395.000000  396.000000  0.000051 
396.000000  397.000000  0.000050 
397.000000  398.000000  0.000050 
398.000000  399.000000  0.000049 
399.000000  400.000000  0.000049 
400.000000  401.000000  0.000049 
401.000000  402.000000  0.000048 
402.000000  403.000000  0.000048 
403.000000  404.000000  0.000047 
404.000000  405.000000  0.000047 
405.000000  406.000000  0.000047 
406.000000  407.000000  0.000046 
407.000000  408.000000  0.000046 
408.000000  409.000000  0.000045 
409.000000  410.000000  0.000045 
410.000000  411.000000  0.000045 
411.000000  412.000000  0.000044 
412.000000  413.000000  0.000044 
413.000000  414.000000  0.000044 
414.000000  415.000000  0.000043 
415.000000  416.000000  0.000043 
416.000000  417.000000  0.000042 
417.000000  418.000000  0.000042 
418.000000  419.000000  0.000042 
419.000000  420.000000  0.000041 
420.000000  421.000000  0.000041 
421.000000  422.000000  0.000041 
422.000000  423.000000  0.000040 
423.000000  424.000000  0.000040 
424.000000  425.000000  0.000040 
425.000000  426.000000  0.000040 
426.000000  427.000000  0.000039 
427.000000  428.000000  0.000039 
428.000000  429.000000  0.000039 
429.000000  430.000000  0.000038 
430.000000  431.000000  0.000038 
431.000000  432.000000  0.000038 
432.000000  433.000000  0.000037 
433.000000  434.000000  0.000037 
434.000000  435.000000  0.000037 
435.000000  436.000000  0.000037 
436.000000  437.000000  0.000036 
437.000000  438.000000  0.000036 
438.000000  439.000000  0.000036 
439.000000  440.000000  0.000035 
440.000000  441.000000  0.000035 
441.000000  442.000000  0.000035 
442.000000  443.000000  0.000035 
443.000000  444.000000  0.000034 
444.000000  445.000000  0.000034 
445.000000  446.000000  0.000034 
446.000000  447.000000  0.000034 
447.000000  448.000000  0.000033 
448.000000  449.000000  0.000033 
449.000000  450.000000  0.000033 
450.000000  451.000000  0.000033 
451.000000  452.000000  0.000032 
452.000000  453.000000  0.000032 
453.000000  454.000000  0.000032 
454.000000  455.000000  0.000032 
455.000000  456.000000  0.000032 
456.000000  457.000000  0.000031 
457.000000  458.000000  0.000031 
458.000000  459.000000  0.000031 
459.000000  460.000000  0.000031 
460.000000  461.000000  0.000030 
461.000000  462.000000  0.000030 
462.000000  463.000000  0.000030 
463.000000  464.000000  0.000030 
464.000000  465.000000  0.000030 
465.000000  466.000000  0.000029 
466.000000  467.000000  0.000029 
467.000000  468.000000  0.000029 
468.000000  469.000000  0.000029 
469.000000  470.000000  0.000029 
470.000000  471.000000  0.000028 
471.000000  472.000000  0.000028 
472.000000  473.000000  0.000028 
473.000000  474.000000  0.000028 
474.000000  475.000000  0.000028 
475.000000  476.000000  0.000028 
476.000000  477.000000  0.000027 
477.000000  478.000000  0.000027 
478.000000  479.000000  0.000027 
479.000000  480.000000  0.000027 
480.000000  481.000000  0.000027 
481.000000  482.000000  0.000026 
482.000000  483.000000  0.000026 
483.000000  484.000000  0.000026 
484.000000  485.000000  0.000026 
485.000000  486.000000  0.000026 
486.000000  487.000000  0.000026 
487.000000  488.000000  0.000026 
488.000000  489.000000  0.000025 
489.000000  490.000000  0.000025 
490.000000  491.000000  0.000025 
491.000000  492.000000  0.000025 
492.000000  493.000000  0.000025 
493.000000  494.000000  0.000025 
494.000000  495.000000  0.000024 
495.000000  496.000000  0.000024 
496.000000  497.000000  0.000024 
497.000000  498.000000  0.000024 
498.000000  499.000000  0.000024 
499.000000  500.000000  0.000024 
500.000000  501.000000  0.000024 
501.000000  502.000000  0.000023 
502.000000  503.000000  0.000023 
503.000000  504.000000  0.000023 
504.000000  505.000000  0.000023 
505.000000  506.000000  0.000023 
506.000000  507.000000  0.000023 
507.000000  508.000000  0.000023 
508.000000  509.000000  0.000023 
509.000000  510.000000  0.000022 
510.000000  511.000000  0.000022 
511.000000  512.000000  0.000022 
512.000000  513.000000  0.000022 
513.000000  514.000000  0.000022 
514.000000  515.000000  0.000022 
515.000000  516.000000  0.000022 
516.000000  517.000000  0.000022 
517.000000  518.000000  0.000021 
518.000000  519.000000  0.000021 
519.000000  520.000000  0.000021 
520.000000  521.000000  0.000021 
521.000000  522.000000  0.000021 
522.000000  523.000000  0.000021 
523.000000  524.000000  0.000021 
524.000000  525.000000  0.000021 
525.000000  526.000000  0.000021 
526.000000  527.000000  0.000020 
527.000000  528.000000  0.000020 
528.000000  529.000000  0.000020 
529.000000  530.000000  0.000020 
530.000000  531.000000  0.000020 
531.000000  532.000000  0.000020 
532.000000  533.000000  0.000020 
533.000000  534.000000  0.000020 
534.000000  535.000000  0.000020 
535.000000  536.000000  0.000020 
536.000000  537.000000  0.000019 
537.000000  538.000000  0.000019 
538.000000  539.000000  0.000019 
539.000000  540.000000  0.000019 
540.000000  541.000000  0.000019 
541.000000  542.000000  0.000019 
542.000000  543.000000  0.000019 
543.000000  544.000000  0.000019 
544.000000  545.000000  0.000019 
545.000000  546.000000  0.000019 
546.000000  547.000000  0.000019 
547.000000  548.000000  0.000018 
548.000000  549.000000  0.000018 
549.000000  550.000000  0.000018 
550.000000  551.000000  0.000018 
551.000000  552.000000  0.000018 
552.000000  553.000000  0.000018 
553.000000  554.000000  0.000018 
554.000000  555.000000  0.000018 
555.000000  556.000000  0.000018 
556.000000  557.000000  0.000018 
557.000000  558.000000  0.000018 
558.000000  559.000000  0.000018 
559.000000  560.000000  0.000018 
560.000000  561.000000  0.000017 
561.000000  562.000000  0.000017 
562.000000  563.000000  0.000017 
563.000000  564.000000  0.000017 
564.000000  565.000000  0.000017 
565.000000  566.000000  0.000017 
566.000000  567.000000  0.000017 
567.000000  568.000000  0.000017 
568.000000  569.000000  0.000017 
569.000000  570.000000  0.000017 
570.000000  571.000000  0.000017 
571.000000  572.000000  0.000017 
572.000000  573.000000  0.000017 
573.000000  574.000000  0.000017 
574.000000  575.000000  0.000017 
575.000000  576.000000  0.000016 
576.000000  577.000000  0.000016 
577.000000  578.000000  0.000016 
578.000000  579.000000  0.000016 
579.000000  580.000000  0.000016 
580.000000  581.000000  0.000016 
581.000000  582.000000  0.000016 
582.000000  583.000000  0.000016 
583.000000  584.000000  0.000016 
584.000000  585.000000  0.000016 
585.000000  586.000000  0.000016 
586.000000  587.000000  0.000016 
587.000000  588.000000  0.000016 
588.000000  589.000000  0.000016 
589.000000  590.000000  0.000016 
590.000000  591.000000  0.000016 
591.000000  592.000000  0.000016 
592.000000  593.000000  0.000016 
593.000000  594.000000  0.000015 
594.000000  595.000000  0.000015 
595.000000  596.000000  0.000015 
596.000000  597.000000  0.000015 
597.000000  598.000000  0.000015 
598.000000  599.000000  0.000015 
599.000000  600.000000  0.000015 
600.000000  601.000000  0.000015 
601.000000  602.000000  0.000015 
602.000000  603.000000  0.000015 
603.000000  604.000000  0.000015 
604.000000  605.000000  0.000015 
605.000000  606.000000  0.000015 
606.000000  607.000000  0.000015 
607.000000  608.000000  0.000015 
608.000000  609.000000  0.000015 
609.000000  610.000000  0.000015 
610.000000  611.000000  0.000015 
611.000000  612.000000  0.000015 
612.000000  613.000000  0.000015 
613.000000  614.000000  0.000015 
614.000000  615.000000  0.000015 
615.000000  616.000000  0.000014 
616.000000  617.000000  0.000014 
617.000000  618.000000  0.000014 
618.000000  619.000000  0.000014 
619.000000  620.000000  0.000014 
620.000000  621.000000  0.000014 
621.000000  622.000000  0.000014 
622.000000  623.000000  0.000014 
623.000000  624.000000  0.000014 
624.000000  625.000000  0.000014 
625.000000  626.000000  0.000014 
626.000000  627.000000  0.000014 
627.000000  628.000000  0.000014 
628.000000  629.000000  0.000014 
629.000000  630.000000  0.000014 
630.000000  631.000000  0.000014 
631.000000  632.000000  0.000014 
632.000000  633.000000  0.000014 
633.000000  634.000000  0.000014 
634.000000  635.000000  0.000014 
635.000000  636.000000  0.000014 
636.000000  637.000000  0.000014 
637.000000  638.000000  0.000014 
638.000000  639.000000  0.000014 
639.000000  640.000000  0.000014 
640.000000  641.000000  0.000014 
641.000000  642.000000  0.000014 
642.000000  643.000000  0.000014 
643.000000  644.000000  0.000014 
644.000000  645.000000  0.000013 
645.000000  646.000000  0.000013 
646.000000  647.000000  0.000013 
647.000000  648.000000  0.000013 
648.000000  649.000000  0.000013 
649.000000  650.000000  0.000013 
650.000000  651.000000  0.000013 
651.000000  652.000000  0.000013 
652.000000  653.000000  0.000013 
653.000000  654.000000  0.000013 
654.000000  655.000000  0.000013 
655.000000  656.000000  0.000013 
656.000000  657.000000  0.000013 
657.000000  658.000000  0.000013 
658.000000  659.000000  0.000013 
659.000000  660.000000  0.000013 
660.000000  661.000000  0.000013 
661.000000  662.000000  0.000013 
662.000000  663.000000  0.000013 
663.000000  664.000000  0.000013 
664.000000  665.000000  0.000013 
665.000000  666.000000  0.000013 
666.000000  667.000000  0.000013 
667.000000  668.000000  0.000013 
668.000000  669.000000  0.000013 
669.000000  670.000000  0.000013 
670.000000  671.000000  0.000013 
671.000000  672.000000  0.000013 
672.000000  673.000000  0.000013 
673.000000  674.000000  0.000013 
674.000000  675.000000  0.000013 
675.000000  676.000000  0.000013 
676.000000  677.000000  0.000013 
677.000000  678.000000  0.000013 
678.000000  679.000000  0.000013 
679.000000  680.000000  0.000013 
680.000000  681.000000  0.000013 
681.000000  682.000000  0.000013 
682.000000  683.000000  0.000013 
683.000000  684.000000  0.000013 
684.000000  685.000000  0.000013 
685.000000  686.000000  0.000013 
686.000000  687.000000  0.000013 
687.000000  688.000000  0.000013 
688.000000  689.000000  0.000013 
689.000000  690.000000  0.000013 
690.000000  691.000000  0.000013 
691.000000  692.000000  0.000013 
692.000000  693.000000  0.000012 
693.000000  694.000000  0.000012 
694.000000  695.000000  0.000012 
695.000000  696.000000  0.000012 
696.000000  697.000000  0.000012 
697.000000  698.000000  0.000012 
698.000000  699.000000  0.000012 
699.000000  700.000000  0.000012 
700.000000  701.000000  0.000012 
701.000000  702.000000  0.000012 
702.000000  703.000000  0.000012 
703.000000  704.000000  0.000012 
704.000000  705.000000  0.000012 
705.000000  706.000000  0.000012 
706.000000  707.000000  0.000012 
707.000000  708.000000  0.000012 
708.000000  709.000000  0.000012 
709.000000  710.000000  0.000012 
710.000000  711.000000  0.000012 
711.000000  712.000000  0.000012 
712.000000  713.000000  0.000012 
713.000000  714.000000  0.000012 
714.000000  715.000000  0.000012 
715.000000  716.000000  0.000012 
716.000000  717.000000  0.000012 
717.000000  718.000000  0.000012 
718.000000  719.000000  0.000012 
719.000000  720.000000  0.000012 
720.000000  721.000000  0.000012 
721.000000  722.000000  0.000012 
722.000000  723.000000  0.000012 
723.000000  724.000000  0.000012 
724.000000  725.000000  0.000012 
725.000000  726.000000  0.000012 
726.000000  727.000000  0.000012 
727.000000  728.000000  0.000012 
728.000000  729.000000  0.000012 
729.000000  730.000000  0.000012 
730.000000  731.000000  0.000012 
731.000000  732.000000  0.000012 
732.000000  733.000000  0.000012 
733.000000  734.000000  0.000012 
734.000000  735.000000  0.000012 
735.000000  736.000000  0.000012 
736.000000  737.000000  0.000012 
737.000000  738.000000  0.000012 
738.000000  739.000000  0.000012 
739.000000  740.000000  0.000012 
740.000000  741.000000  0.000012 
741.000000  742.000000  0.000012 
742.000000  743.000000  0.000012 
743.000000  744.000000  0.000012 
744.000000  745.000000  0.000012 
745.000000  746.000000  0.000012 
746.000000  747.000000  0.000012 
747.000000  748.000000  0.000012 
748.000000  749.000000  0.000012 
749.000000  750.000000  0.000012 
750.000000  751.000000  0.000012 
751.000000  752.000000  0.000012 
752.000000  753.000000  0.000012 
753.000000  754.000000  0.000012 
754.000000  755.000000  0.000012 
755.000000  756.000000  0.000012 
756.000000  757.000000  0.000012 
757.000000  758.000000  0.000012 
758.000000  759.000000  0.000012 
759.000000  760.000000  0.000012 
760.000000  761.000000  0.000012 
761.000000  762.000000  0.000012 
762.000000  763.000000  0.000012 
763.000000  764.000000  0.000012 
764.000000  765.000000  0.000012 
765.000000  766.000000  0.000012 
766.000000  767.000000  0.000012 
767.000000  768.000000  0.000012 
768.000000  769.000000  0.000012 
769.000000  770.000000  0.000012 
770.000000  771.000000  0.000012 
771.000000  772.000000  0.000012 
772.000000  773.000000  0.000012 
773.000000  774.000000  0.000012 
774.000000  775.000000  0.000012 
775.000000  776.000000  0.000012 
776.000000  777.000000  0.000012 
777.000000  778.000000  0.000012 
778.000000  779.000000  0.000012 
779.000000  780.000000  0.000012 
780.000000  781.000000  0.000012 
781.000000  782.000000  0.000012 
782.000000  783.000000  0.000012 
783.000000  784.000000  0.000012 
784.000000  785.000000  0.000012 
785.000000  786.000000  0.000012 
786.000000  787.000000  0.000012 
787.000000  788.000000  0.000012 
788.000000  789.000000  0.000012 
789.000000  790.000000  0.000012 
790.000000  791.000000  0.000012 
791.000000  792.000000  0.000012 
792.000000  793.000000  0.000012 
793.000000  794.000000  0.000012 
794.000000  795.000000  0.000012 
795.000000  796.000000  0.000012 
796.000000  797.000000  0.000012 
797.000000  798.000000  0.000012 
798.000000  799.000000  0.000012 
799.000000  800.000000  0.000012 
