20.000000  21.000000  -0.000000 
21.000000  22.000000  -0.000000 
22.000000  23.000000  -0.000000 
23.000000  24.000000  -0.000000 
24.000000  25.000000  -0.000000 
25.000000  26.000000  -0.000000 
26.000000  27.000000  -0.000000 
27.000000  28.000000  -0.000000 
28.000000  29.000000  -0.000000 
29.000000  30.000000  -0.000000 
30.000000  31.000000  -0.000000 
31.000000  32.000000  -0.000000 
32.000000  33.000000  -0.000000 
33.000000  34.000000  -0.000000 
34.000000  35.000000  -0.000000 
35.000000  36.000000  -0.000000 
36.000000  37.000000  -0.000000 
37.000000  38.000000  -0.000000 
38.000000  39.000000  -0.000000 
39.000000  40.000000  -0.000000 
40.000000  41.000000  -0.000000 
41.000000  42.000000  -0.000000 
42.000000  43.000000  -0.000000 
43.000000  44.000000  -0.000000 
44.000000  45.000000  -0.000000 
45.000000  46.000000  -0.000000 
46.000000  47.000000  -0.000000 
47.000000  48.000000  -0.000000 
48.000000  49.000000  -0.000000 
49.000000  50.000000  -0.000000 
50.000000  51.000000  -0.000000 
51.000000  52.000000  -0.000000 
52.000000  53.000000  -0.000000 
53.000000  54.000000  -0.000000 
54.000000  55.000000  -0.000000 
55.000000  56.000000  -0.000000 
56.000000  57.000000  -0.000000 
57.000000  58.000000  -0.000000 
58.000000  59.000000  -0.000001 
59.000000  60.000000  -0.000001 
60.000000  61.000000  -0.000001 
61.000000  62.000000  -0.000001 
62.000000  63.000000  -0.000001 
63.000000  64.000000  -0.000001 
64.000000  65.000000  -0.000002 
65.000000  66.000000  -0.000002 
66.000000  67.000000  -0.000002 
67.000000  68.000000  -0.000003 
68.000000  69.000000  -0.000003 
69.000000  70.000000  -0.000003 
70.000000  71.000000  -0.000004 
71.000000  72.000000  -0.000004 
72.000000  73.000000  -0.000005 
73.000000  74.000000  -0.000005 
74.000000  75.000000  -0.000006 
75.000000  76.000000  -0.000006 
76.000000  77.000000  -0.000007 
77.000000  78.000000  -0.000007 
78.000000  79.000000  -0.000008 
79.000000  80.000000  -0.000008 
80.000000  81.000000  -0.000009 
81.000000  82.000000  -0.000010 
82.000000  83.000000  -0.000010 
83.000000  84.000000  -0.000010 
84.000000  85.000000  -0.000011 
85.000000  86.000000  -0.000011 
86.000000  87.000000  -0.000011 
87.000000  88.000000  -0.000011 
88.000000  89.000000  -0.000011 
89.000000  90.000000  -0.000011 
90.000000  91.000000  -0.000011 
91.000000  92.000000  -0.000011 
92.000000  93.000000  -0.000010 
93.000000  94.000000  -0.000010 
94.000000  95.000000  -0.000009 
95.000000  96.000000  -0.000008 
96.000000  97.000000  -0.000007 
97.000000  98.000000  -0.000005 
98.000000  99.000000  -0.000004 
99.000000  100.000000  -0.000002 
100.000000  101.000000  0.000000 
101.000000  102.000000  0.000003 
102.000000  103.000000  0.000005 
103.000000  104.000000  0.000008 
104.000000  105.000000  0.000011 
105.000000  106.000000  0.000014 
106.000000  107.000000  0.000018 
107.000000  108.000000  0.000022 
108.000000  109.000000  0.000026 
109.000000  110.000000  0.000031 
110.000000  111.000000  0.000036 
111.000000  112.000000  0.000041 
112.000000  113.000000  0.000046 
113.000000  114.000000  0.000052 
114.000000  115.000000  0.000058 
115.000000  116.000000  0.000064 
116.000000  117.000000  0.000070 
117.000000  118.000000  0.000077 
118.000000  119.000000  0.000084 
119.000000  120.000000  0.000091 
120.000000  121.000000  0.000099 
121.000000  122.000000  0.000107 
122.000000  123.000000  0.000115 
123.000000  124.000000  0.000123 
124.000000  125.000000  0.000131 
125.000000  126.000000  0.000140 
126.000000  127.000000  0.000148 
127.000000  128.000000  0.000157 
128.000000  129.000000  0.000166 
129.000000  130.000000  0.000176 
130.000000  131.000000  0.000185 
131.000000  132.000000  0.000194 
132.000000  133.000000  0.000204 
133.000000  134.000000  0.000214 
134.000000  135.000000  0.000223 
135.000000  136.000000  0.000233 
136.000000  137.000000  0.000243 
137.000000  138.000000  0.000253 
138.000000  139.000000  0.000263 
139.000000  140.000000  0.000272 
140.000000  141.000000  0.000282 
141.000000  142.000000  0.000292 
142.000000  143.000000  0.000302 
143.000000  144.000000  0.000312 
144.000000  145.000000  0.000321 
145.000000  146.000000  0.000331 
146.000000  147.000000  0.000340 
147.000000  148.000000  0.000349 
148.000000  149.000000  0.000359 
149.000000  150.000000  0.000368 
150.000000  151.000000  0.000377 
151.000000  152.000000  0.000385 
152.000000  153.000000  0.000394 
153.000000  154.000000  0.000402 
154.000000  155.000000  0.000411 
155.000000  156.000000  0.000419 
156.000000  157.000000  0.000427 
157.000000  158.000000  0.000434 
158.000000  159.000000  0.000442 
159.000000  160.000000  0.000449 
160.000000  161.000000  0.000456 
161.000000  162.000000  0.000463 
162.000000  163.000000  0.000469 
163.000000  164.000000  0.000475 
164.000000  165.000000  0.000481 
165.000000  166.000000  0.000487 
166.000000  167.000000  0.000492 
167.000000  168.000000  0.000498 
168.000000  169.000000  0.000502 
169.000000  170.000000  0.000507 
170.000000  171.000000  0.000512 
171.000000  172.000000  0.000516 
172.000000  173.000000  0.000519 
173.000000  174.000000  0.000523 
174.000000  175.000000  0.000526 
175.000000  176.000000  0.000529 
176.000000  177.000000  0.000532 
177.000000  178.000000  0.000534 
178.000000  179.000000  0.000537 
179.000000  180.000000  0.000538 
180.000000  181.000000  0.000540 
181.000000  182.000000  0.000541 
182.000000  183.000000  0.000542 
183.000000  184.000000  0.000543 
184.000000  185.000000  0.000544 
185.000000  186.000000  0.000544 
186.000000  187.000000  0.000544 
187.000000  188.000000  0.000544 
188.000000  189.000000  0.000544 
189.000000  190.000000  0.000543 
190.000000  191.000000  0.000542 
191.000000  192.000000  0.000541 
192.000000  193.000000  0.000539 
193.000000  194.000000  0.000538 
194.000000  195.000000  0.000536 
195.000000  196.000000  0.000534 
196.000000  197.000000  0.000532 
197.000000  198.000000  0.000529 
198.000000  199.000000  0.000526 
199.000000  200.000000  0.000524 
200.000000  201.000000  0.000521 
201.000000  202.000000  0.000517 
202.000000  203.000000  0.000514 
203.000000  204.000000  0.000510 
204.000000  205.000000  0.000507 
205.000000  206.000000  0.000503 
206.000000  207.000000  0.000499 
207.000000  208.000000  0.000494 
208.000000  209.000000  0.000490 
209.000000  210.000000  0.000486 
210.000000  211.000000  0.000481 
211.000000  212.000000  0.000476 
212.000000  213.000000  0.000471 
213.000000  214.000000  0.000466 
214.000000  215.000000  0.000461 
215.000000  216.000000  0.000456 
216.000000  217.000000  0.000451 
217.000000  218.000000  0.000445 
218.000000  219.000000  0.000440 
219.000000  220.000000  0.000434 
220.000000  221.000000  0.000429 
221.000000  222.000000  0.000423 
222.000000  223.000000  0.000417 
223.000000  224.000000  0.000411 
224.000000  225.000000  0.000406 
225.000000  226.000000  0.000400 
226.000000  227.000000  0.000394 
227.000000  228.000000  0.000388 
228.000000  229.000000  0.000382 
229.000000  230.000000  0.000376 
230.000000  231.000000  0.000369 
231.000000  232.000000  0.000363 
232.000000  233.000000  0.000357 
233.000000  234.000000  0.000351 
234.000000  235.000000  0.000345 
235.000000  236.000000  0.000339 
236.000000  237.000000  0.000333 
237.000000  238.000000  0.000326 
238.000000  239.000000  0.000320 
239.000000  240.000000  0.000314 
240.000000  241.000000  0.000308 
241.000000  242.000000  0.000302 
242.000000  243.000000  0.000296 
243.000000  244.000000  0.000290 
244.000000  245.000000  0.000284 
245.000000  246.000000  0.000278 
246.000000  247.000000  0.000272 
247.000000  248.000000  0.000266 
248.000000  249.000000  0.000260 
249.000000  250.000000  0.000254 
250.000000  251.000000  0.000248 
251.000000  252.000000  0.000243 
252.000000  253.000000  0.000237 
253.000000  254.000000  0.000231 
254.000000  255.000000  0.000226 
255.000000  256.000000  0.000220 
256.000000  257.000000  0.000215 
257.000000  258.000000  0.000209 
258.000000  259.000000  0.000204 
259.000000  260.000000  0.000199 
260.000000  261.000000  0.000193 
261.000000  262.000000  0.000188 
262.000000  263.000000  0.000183 
263.000000  264.000000  0.000178 
264.000000  265.000000  0.000173 
265.000000  266.000000  0.000168 
266.000000  267.000000  0.000164 
267.000000  268.000000  0.000159 
268.000000  269.000000  0.000154 
269.000000  270.000000  0.000150 
270.000000  271.000000  0.000145 
271.000000  272.000000  0.000141 
272.000000  273.000000  0.000136 
273.000000  274.000000  0.000132 
274.000000  275.000000  0.000128 
275.000000  276.000000  0.000124 
276.000000  277.000000  0.000120 
277.000000  278.000000  0.000116 
278.000000  279.000000  0.000112 
279.000000  280.000000  0.000108 
280.000000  281.000000  0.000104 
281.000000  282.000000  0.000101 
282.000000  283.000000  0.000097 
283.000000  284.000000  0.000093 
284.000000  285.000000  0.000090 
285.000000  286.000000  0.000087 
286.000000  287.000000  0.000083 
287.000000  288.000000  0.000080 
288.000000  289.000000  0.000077 
289.000000  290.000000  0.000074 
290.000000  291.000000  0.000071 
291.000000  292.000000  0.000068 
292.000000  293.000000  0.000065 
293.000000  294.000000  0.000063 
294.000000  295.000000  0.000060 
295.000000  296.000000  0.000057 
296.000000  297.000000  0.000055 
297.000000  298.000000  0.000053 
298.000000  299.000000  0.000050 
299.000000  300.000000  0.000048 
300.000000  301.000000  0.000046 
301.000000  302.000000  0.000043 
302.000000  303.000000  0.000041 
303.000000  304.000000  0.000039 
304.000000  305.000000  0.000037 
305.000000  306.000000  0.000036 
306.000000  307.000000  0.000034 
307.000000  308.000000  0.000032 
308.000000  309.000000  0.000030 
309.000000  310.000000  0.000029 
310.000000  311.000000  0.000027 
311.000000  312.000000  0.000026 
312.000000  313.000000  0.000024 
313.000000  314.000000  0.000023 
314.000000  315.000000  0.000021 
315.000000  316.000000  0.000020 
316.000000  317.000000  0.000019 
317.000000  318.000000  0.000018 
318.000000  319.000000  0.000016 
319.000000  320.000000  0.000015 
320.000000  321.000000  0.000014 
321.000000  322.000000  0.000013 
322.000000  323.000000  0.000012 
323.000000  324.000000  0.000012 
324.000000  325.000000  0.000011 
325.000000  326.000000  0.000010 
326.000000  327.000000  0.000009 
327.000000  328.000000  0.000009 
328.000000  329.000000  0.000008 
329.000000  330.000000  0.000007 
330.000000  331.000000  0.000007 
331.000000  332.000000  0.000006 
332.000000  333.000000  0.000006 
333.000000  334.000000  0.000005 
334.000000  335.000000  0.000005 
335.000000  336.000000  0.000004 
336.000000  337.000000  0.000004 
337.000000  338.000000  0.000004 
338.000000  339.000000  0.000004 
339.000000  340.000000  0.000003 
340.000000  341.000000  0.000003 
341.000000  342.000000  0.000003 
342.000000  343.000000  0.000003 
343.000000  344.000000  0.000003 
344.000000  345.000000  0.000002 
345.000000  346.000000  0.000002 
346.000000  347.000000  0.000002 
347.000000  348.000000  0.000002 
348.000000  349.000000  0.000002 
349.000000  350.000000  0.000002 
350.000000  351.000000  0.000002 
351.000000  352.000000  0.000003 
352.000000  353.000000  0.000003 
353.000000  354.000000  0.000003 
354.000000  355.000000  0.000003 
355.000000  356.000000  0.000003 
356.000000  357.000000  0.000003 
357.000000  358.000000  0.000003 
358.000000  359.000000  0.000004 
359.000000  360.000000  0.000004 
360.000000  361.000000  0.000004 
361.000000  362.000000  0.000004 
362.000000  363.000000  0.000005 
363.000000  364.000000  0.000005 
364.000000  365.000000  0.000005 
365.000000  366.000000  0.000005 
366.000000  367.000000  0.000006 
367.000000  368.000000  0.000006 
368.000000  369.000000  0.000006 
369.000000  370.000000  0.000007 
370.000000  371.000000  0.000007 
371.000000  372.000000  0.000007 
372.000000  373.000000  0.000008 
373.000000  374.000000  0.000008 
374.000000  375.000000  0.000009 
375.000000  376.000000  0.000009 
376.000000  377.000000  0.000009 
377.000000  378.000000  0.000010 
378.000000  379.000000  0.000010 
379.000000  380.000000  0.000011 
380.000000  381.000000  0.000011 
381.000000  382.000000  0.000012 
382.000000  383.000000  0.000012 
383.000000  384.000000  0.000012 
384.000000  385.000000  0.000013 
385.000000  386.000000  0.000013 
386.000000  387.000000  0.000014 
387.000000  388.000000  0.000014 
388.000000  389.000000  0.000015 
389.000000  390.000000  0.000015 
390.000000  391.000000  0.000016 
391.000000  392.000000  0.000016 
392.000000  393.000000  0.000017 
393.000000  394.000000  0.000017 
394.000000  395.000000  0.000017 
395.000000  396.000000  0.000018 
396.000000  397.000000  0.000018 
397.000000  398.000000  0.000019 
398.000000  399.000000  0.000019 
399.000000  400.000000  0.000020 
400.000000  401.000000  0.000020 
401.000000  402.000000  0.000021 
402.000000  403.000000  0.000021 
403.000000  404.000000  0.000021 
404.000000  405.000000  0.000022 
405.000000  406.000000  0.000022 
406.000000  407.000000  0.000023 
407.000000  408.000000  0.000023 
408.000000  409.000000  0.000024 
409.000000  410.000000  0.000024 
410.000000  411.000000  0.000025 
411.000000  412.000000  0.000025 
412.000000  413.000000  0.000025 
413.000000  414.000000  0.000026 
414.000000  415.000000  0.000026 
415.000000  416.000000  0.000027 
416.000000  417.000000  0.000027 
417.000000  418.000000  0.000027 
418.000000  419.000000  0.000028 
419.000000  420.000000  0.000028 
420.000000  421.000000  0.000029 
421.000000  422.000000  0.000029 
422.000000  423.000000  0.000029 
423.000000  424.000000  0.000030 
424.000000  425.000000  0.000030 
425.000000  426.000000  0.000030 
426.000000  427.000000  0.000031 
427.000000  428.000000  0.000031 
428.000000  429.000000  0.000032 
429.000000  430.000000  0.000032 
430.000000  431.000000  0.000032 
431.000000  432.000000  0.000033 
432.000000  433.000000  0.000033 
433.000000  434.000000  0.000033 
434.000000  435.000000  0.000034 
435.000000  436.000000  0.000034 
436.000000  437.000000  0.000034 
437.000000  438.000000  0.000034 
438.000000  439.000000  0.000035 
439.000000  440.000000  0.000035 
440.000000  441.000000  0.000035 
441.000000  442.000000  0.000036 
442.000000  443.000000  0.000036 
443.000000  444.000000  0.000036 
444.000000  445.000000  0.000036 
445.000000  446.000000  0.000037 
446.000000  447.000000  0.000037 
447.000000  448.000000  0.000037 
448.000000  449.000000  0.000037 
449.000000  450.000000  0.000038 
450.000000  451.000000  0.000038 
451.000000  452.000000  0.000038 
452.000000  453.000000  0.000038 
453.000000  454.000000  0.000039 
454.000000  455.000000  0.000039 
455.000000  456.000000  0.000039 
456.000000  457.000000  0.000039 
457.000000  458.000000  0.000039 
458.000000  459.000000  0.000040 
459.000000  460.000000  0.000040 
460.000000  461.000000  0.000040 
461.000000  462.000000  0.000040 
462.000000  463.000000  0.000040 
463.000000  464.000000  0.000040 
464.000000  465.000000  0.000041 
465.000000  466.000000  0.000041 
466.000000  467.000000  0.000041 
467.000000  468.000000  0.000041 
468.000000  469.000000  0.000041 
469.000000  470.000000  0.000041 
470.000000  471.000000  0.000041 
471.000000  472.000000  0.000042 
472.000000  473.000000  0.000042 
473.000000  474.000000  0.000042 
474.000000  475.000000  0.000042 
475.000000  476.000000  0.000042 
476.000000  477.000000  0.000042 
477.000000  478.000000  0.000042 
478.000000  479.000000  0.000042 
479.000000  480.000000  0.000042 
480.000000  481.000000  0.000043 
481.000000  482.000000  0.000043 
482.000000  483.000000  0.000043 
483.000000  484.000000  0.000043 
484.000000  485.000000  0.000043 
485.000000  486.000000  0.000043 
486.000000  487.000000  0.000043 
487.000000  488.000000  0.000043 
488.000000  489.000000  0.000043 
489.000000  490.000000  0.000043 
490.000000  491.000000  0.000043 
491.000000  492.000000  0.000043 
492.000000  493.000000  0.000043 
493.000000  494.000000  0.000043 
494.000000  495.000000  0.000043 
495.000000  496.000000  0.000043 
496.000000  497.000000  0.000043 
497.000000  498.000000  0.000044 
498.000000  499.000000  0.000044 
499.000000  500.000000  0.000044 
500.000000  501.000000  0.000044 
501.000000  502.000000  0.000044 
502.000000  503.000000  0.000044 
503.000000  504.000000  0.000044 
504.000000  505.000000  0.000044 
505.000000  506.000000  0.000044 
506.000000  507.000000  0.000044 
507.000000  508.000000  0.000044 
508.000000  509.000000  0.000044 
509.000000  510.000000  0.000044 
510.000000  511.000000  0.000044 
511.000000  512.000000  0.000044 
512.000000  513.000000  0.000044 
513.000000  514.000000  0.000044 
514.000000  515.000000  0.000043 
515.000000  516.000000  0.000043 
516.000000  517.000000  0.000043 
517.000000  518.000000  0.000043 
518.000000  519.000000  0.000043 
519.000000  520.000000  0.000043 
520.000000  521.000000  0.000043 
521.000000  522.000000  0.000043 
522.000000  523.000000  0.000043 
523.000000  524.000000  0.000043 
524.000000  525.000000  0.000043 
525.000000  526.000000  0.000043 
526.000000  527.000000  0.000043 
527.000000  528.000000  0.000043 
528.000000  529.000000  0.000043 
529.000000  530.000000  0.000043 
530.000000  531.000000  0.000043 
531.000000  532.000000  0.000043 
532.000000  533.000000  0.000043 
533.000000  534.000000  0.000043 
534.000000  535.000000  0.000043 
535.000000  536.000000  0.000042 
536.000000  537.000000  0.000042 
537.000000  538.000000  0.000042 
538.000000  539.000000  0.000042 
539.000000  540.000000  0.000042 
540.000000  541.000000  0.000042 
541.000000  542.000000  0.000042 
542.000000  543.000000  0.000042 
543.000000  544.000000  0.000042 
544.000000  545.000000  0.000042 
545.000000  546.000000  0.000042 
546.000000  547.000000  0.000042 
547.000000  548.000000  0.000042 
548.000000  549.000000  0.000041 
549.000000  550.000000  0.000041 
550.000000  551.000000  0.000041 
551.000000  552.000000  0.000041 
552.000000  553.000000  0.000041 
553.000000  554.000000  0.000041 
554.000000  555.000000  0.000041 
555.000000  556.000000  0.000041 
556.000000  557.000000  0.000041 
557.000000  558.000000  0.000041 
558.000000  559.000000  0.000041 
559.000000  560.000000  0.000040 
560.000000  561.000000  0.000040 
561.000000  562.000000  0.000040 
562.000000  563.000000  0.000040 
563.000000  564.000000  0.000040 
564.000000  565.000000  0.000040 
565.000000  566.000000  0.000040 
566.000000  567.000000  0.000040 
567.000000  568.000000  0.000040 
568.000000  569.000000  0.000040 
569.000000  570.000000  0.000039 
570.000000  571.000000  0.000039 
571.000000  572.000000  0.000039 
572.000000  573.000000  0.000039 
573.000000  574.000000  0.000039 
574.000000  575.000000  0.000039 
575.000000  576.000000  0.000039 
576.000000  577.000000  0.000039 
577.000000  578.000000  0.000039 
578.000000  579.000000  0.000038 
579.000000  580.000000  0.000038 
580.000000  581.000000  0.000038 
581.000000  582.000000  0.000038 
582.000000  583.000000  0.000038 
583.000000  584.000000  0.000038 
584.000000  585.000000  0.000038 
585.000000  586.000000  0.000038 
586.000000  587.000000  0.000038 
587.000000  588.000000  0.000037 
588.000000  589.000000  0.000037 
589.000000  590.000000  0.000037 
590.000000  591.000000  0.000037 
591.000000  592.000000  0.000037 
592.000000  593.000000  0.000037 
593.000000  594.000000  0.000037 
594.000000  595.000000  0.000037 
595.000000  596.000000  0.000037 
596.000000  597.000000  0.000036 
597.000000  598.000000  0.000036 
598.000000  599.000000  0.000036 
599.000000  600.000000  0.000036 
600.000000  601.000000  0.000036 
601.000000  602.000000  0.000036 
602.000000  603.000000  0.000036 
603.000000  604.000000  0.000036 
604.000000  605.000000  0.000036 
605.000000  606.000000  0.000035 
606.000000  607.000000  0.000035 
607.000000  608.000000  0.000035 
608.000000  609.000000  0.000035 
609.000000  610.000000  0.000035 
610.000000  611.000000  0.000035 
611.000000  612.000000  0.000035 
612.000000  613.000000  0.000035 
613.000000  614.000000  0.000035 
614.000000  615.000000  0.000034 
615.000000  616.000000  0.000034 
616.000000  617.000000  0.000034 
617.000000  618.000000  0.000034 
618.000000  619.000000  0.000034 
619.000000  620.000000  0.000034 
620.000000  621.000000  0.000034 
621.000000  622.000000  0.000034 
622.000000  623.000000  0.000034 
623.000000  624.000000  0.000033 
624.000000  625.000000  0.000033 
625.000000  626.000000  0.000033 
626.000000  627.000000  0.000033 
627.000000  628.000000  0.000033 
628.000000  629.000000  0.000033 
629.000000  630.000000  0.000033 
630.000000  631.000000  0.000033 
631.000000  632.000000  0.000033 
632.000000  633.000000  0.000033 
633.000000  634.000000  0.000032 
634.000000  635.000000  0.000032 
635.000000  636.000000  0.000032 
636.000000  637.000000  0.000032 
637.000000  638.000000  0.000032 
638.000000  639.000000  0.000032 
639.000000  640.000000  0.000032 
640.000000  641.000000  0.000032 
641.000000  642.000000  0.000032 
642.000000  643.000000  0.000031 
643.000000  644.000000  0.000031 
644.000000  645.000000  0.000031 
645.000000  646.000000  0.000031 
646.000000  647.000000  0.000031 
647.000000  648.000000  0.000031 
648.000000  649.000000  0.000031 
649.000000  650.000000  0.000031 
650.000000  651.000000  0.000031 
651.000000  652.000000  0.000031 
652.000000  653.000000  0.000030 
653.000000  654.000000  0.000030 
654.000000  655.000000  0.000030 
655.000000  656.000000  0.000030 
656.000000  657.000000  0.000030 
657.000000  658.000000  0.000030 
658.000000  659.000000  0.000030 
659.000000  660.000000  0.000030 
660.000000  661.000000  0.000030 
661.000000  662.000000  0.000030 
662.000000  663.000000  0.000029 
663.000000  664.000000  0.000029 
664.000000  665.000000  0.000029 
665.000000  666.000000  0.000029 
666.000000  667.000000  0.000029 
667.000000  668.000000  0.000029 
668.000000  669.000000  0.000029 
669.000000  670.000000  0.000029 
670.000000  671.000000  0.000029 
671.000000  672.000000  0.000029 
672.000000  673.000000  0.000029 
673.000000  674.000000  0.000028 
674.000000  675.000000  0.000028 
675.000000  676.000000  0.000028 
676.000000  677.000000  0.000028 
677.000000  678.000000  0.000028 
678.000000  679.000000  0.000028 
679.000000  680.000000  0.000028 
680.000000  681.000000  0.000028 
681.000000  682.000000  0.000028 
682.000000  683.000000  0.000028 
683.000000  684.000000  0.000028 
684.000000  685.000000  0.000027 
685.000000  686.000000  0.000027 
686.000000  687.000000  0.000027 
687.000000  688.000000  0.000027 
688.000000  689.000000  0.000027 
689.000000  690.000000  0.000027 
690.000000  691.000000  0.000027 
691.000000  692.000000  0.000027 
692.000000  693.000000  0.000027 
693.000000  694.000000  0.000027 
694.000000  695.000000  0.000027 
695.000000  696.000000  0.000027 
696.000000  697.000000  0.000026 
697.000000  698.000000  0.000026 
698.000000  699.000000  0.000026 
699.000000  700.000000  0.000026 
700.000000  701.000000  0.000026 
701.000000  702.000000  0.000026 
702.000000  703.000000  0.000026 
703.000000  704.000000  0.000026 
704.000000  705.000000  0.000026 
705.000000  706.000000  0.000026 
706.000000  707.000000  0.000026 
707.000000  708.000000  0.000026 
708.000000  709.000000  0.000025 
709.000000  710.000000  0.000025 
710.000000  711.000000  0.000025 
711.000000  712.000000  0.000025 
712.000000  713.000000  0.000025 
713.000000  714.000000  0.000025 
714.000000  715.000000  0.000025 
715.000000  716.000000  0.000025 
716.000000  717.000000  0.000025 
717.000000  718.000000  0.000025 
718.000000  719.000000  0.000025 
719.000000  720.000000  0.000025 
720.000000  721.000000  0.000025 
721.000000  722.000000  0.000025 
722.000000  723.000000  0.000024 
723.000000  724.000000  0.000024 
724.000000  725.000000  0.000024 
725.000000  726.000000  0.000024 
726.000000  727.000000  0.000024 
727.000000  728.000000  0.000024 
728.000000  729.000000  0.000024 
729.000000  730.000000  0.000024 
730.000000  731.000000  0.000024 
731.000000  732.000000  0.000024 
732.000000  733.000000  0.000024 
733.000000  734.000000  0.000024 
734.000000  735.000000  0.000024 
735.000000  736.000000  0.000024 
736.000000  737.000000  0.000024 
737.000000  738.000000  0.000023 
738.000000  739.000000  0.000023 
739.000000  740.000000  0.000023 
740.000000  741.000000  0.000023 
741.000000  742.000000  0.000023 
742.000000  743.000000  0.000023 
743.000000  744.000000  0.000023 
744.000000  745.000000  0.000023 
745.000000  746.000000  0.000023 
746.000000  747.000000  0.000023 
747.000000  748.000000  0.000023 
748.000000  749.000000  0.000023 
749.000000  750.000000  0.000023 
750.000000  751.000000  0.000023 
751.000000  752.000000  0.000023 
752.000000  753.000000  0.000023 
753.000000  754.000000  0.000022 
754.000000  755.000000  0.000022 
755.000000  756.000000  0.000022 
756.000000  757.000000  0.000022 
757.000000  758.000000  0.000022 
758.000000  759.000000  0.000022 
759.000000  760.000000  0.000022 
760.000000  761.000000  0.000022 
761.000000  762.000000  0.000022 
762.000000  763.000000  0.000022 
763.000000  764.000000  0.000022 
764.000000  765.000000  0.000022 
765.000000  766.000000  0.000022 
766.000000  767.000000  0.000022 
767.000000  768.000000  0.000022 
768.000000  769.000000  0.000022 
769.000000  770.000000  0.000022 
770.000000  771.000000  0.000021 
771.000000  772.000000  0.000021 
772.000000  773.000000  0.000021 
773.000000  774.000000  0.000021 
774.000000  775.000000  0.000021 
775.000000  776.000000  0.000021 
776.000000  777.000000  0.000021 
777.000000  778.000000  0.000021 
778.000000  779.000000  0.000021 
779.000000  780.000000  0.000021 
780.000000  781.000000  0.000021 
781.000000  782.000000  0.000021 
782.000000  783.000000  0.000021 
783.000000  784.000000  0.000021 
784.000000  785.000000  0.000021 
785.000000  786.000000  0.000021 
786.000000  787.000000  0.000021 
787.000000  788.000000  0.000021 
788.000000  789.000000  0.000021 
789.000000  790.000000  0.000021 
790.000000  791.000000  0.000020 
791.000000  792.000000  0.000020 
792.000000  793.000000  0.000020 
793.000000  794.000000  0.000020 
794.000000  795.000000  0.000020 
795.000000  796.000000  0.000020 
796.000000  797.000000  0.000020 
797.000000  798.000000  0.000020 
798.000000  799.000000  0.000020 
799.000000  800.000000  0.000020 
800.000000  801.000000  0.000020 
801.000000  802.000000  0.000020 
802.000000  803.000000  0.000020 
803.000000  804.000000  0.000020 
804.000000  805.000000  0.000020 
805.000000  806.000000  0.000020 
806.000000  807.000000  0.000020 
807.000000  808.000000  0.000020 
808.000000  809.000000  0.000020 
809.000000  810.000000  0.000020 
810.000000  811.000000  0.000020 
811.000000  812.000000  0.000020 
812.000000  813.000000  0.000020 
813.000000  814.000000  0.000019 
814.000000  815.000000  0.000019 
815.000000  816.000000  0.000019 
816.000000  817.000000  0.000019 
817.000000  818.000000  0.000019 
818.000000  819.000000  0.000019 
819.000000  820.000000  0.000019 
820.000000  821.000000  0.000019 
821.000000  822.000000  0.000019 
822.000000  823.000000  0.000019 
823.000000  824.000000  0.000019 
824.000000  825.000000  0.000019 
825.000000  826.000000  0.000019 
826.000000  827.000000  0.000019 
827.000000  828.000000  0.000019 
828.000000  829.000000  0.000019 
829.000000  830.000000  0.000019 
830.000000  831.000000  0.000019 
831.000000  832.000000  0.000019 
832.000000  833.000000  0.000019 
833.000000  834.000000  0.000019 
834.000000  835.000000  0.000019 
835.000000  836.000000  0.000019 
836.000000  837.000000  0.000019 
837.000000  838.000000  0.000019 
838.000000  839.000000  0.000019 
839.000000  840.000000  0.000018 
840.000000  841.000000  0.000018 
841.000000  842.000000  0.000018 
842.000000  843.000000  0.000018 
843.000000  844.000000  0.000018 
844.000000  845.000000  0.000018 
845.000000  846.000000  0.000018 
846.000000  847.000000  0.000018 
847.000000  848.000000  0.000018 
848.000000  849.000000  0.000018 
849.000000  850.000000  0.000018 
850.000000  851.000000  0.000018 
851.000000  852.000000  0.000018 
852.000000  853.000000  0.000018 
853.000000  854.000000  0.000018 
854.000000  855.000000  0.000018 
855.000000  856.000000  0.000018 
856.000000  857.000000  0.000018 
857.000000  858.000000  0.000018 
858.000000  859.000000  0.000018 
859.000000  860.000000  0.000018 
860.000000  861.000000  0.000018 
861.000000  862.000000  0.000018 
862.000000  863.000000  0.000018 
863.000000  864.000000  0.000018 
864.000000  865.000000  0.000018 
865.000000  866.000000  0.000018 
866.000000  867.000000  0.000018 
867.000000  868.000000  0.000018 
868.000000  869.000000  0.000018 
869.000000  870.000000  0.000018 
870.000000  871.000000  0.000018 
871.000000  872.000000  0.000017 
872.000000  873.000000  0.000017 
873.000000  874.000000  0.000017 
874.000000  875.000000  0.000017 
875.000000  876.000000  0.000017 
876.000000  877.000000  0.000017 
877.000000  878.000000  0.000017 
878.000000  879.000000  0.000017 
879.000000  880.000000  0.000017 
880.000000  881.000000  0.000017 
881.000000  882.000000  0.000017 
882.000000  883.000000  0.000017 
883.000000  884.000000  0.000017 
884.000000  885.000000  0.000017 
885.000000  886.000000  0.000017 
886.000000  887.000000  0.000017 
887.000000  888.000000  0.000017 
888.000000  889.000000  0.000017 
889.000000  890.000000  0.000017 
890.000000  891.000000  0.000017 
891.000000  892.000000  0.000017 
892.000000  893.000000  0.000017 
893.000000  894.000000  0.000017 
894.000000  895.000000  0.000017 
895.000000  896.000000  0.000017 
896.000000  897.000000  0.000017 
897.000000  898.000000  0.000017 
898.000000  899.000000  0.000017 
899.000000  900.000000  0.000017 
900.000000  901.000000  0.000017 
901.000000  902.000000  0.000017 
902.000000  903.000000  0.000017 
903.000000  904.000000  0.000017 
904.000000  905.000000  0.000017 
905.000000  906.000000  0.000017 
906.000000  907.000000  0.000017 
907.000000  908.000000  0.000017 
908.000000  909.000000  0.000017 
909.000000  910.000000  0.000017 
910.000000  911.000000  0.000016 
911.000000  912.000000  0.000016 
912.000000  913.000000  0.000016 
913.000000  914.000000  0.000016 
914.000000  915.000000  0.000016 
915.000000  916.000000  0.000016 
916.000000  917.000000  0.000016 
917.000000  918.000000  0.000016 
918.000000  919.000000  0.000016 
919.000000  920.000000  0.000016 
920.000000  921.000000  0.000016 
921.000000  922.000000  0.000016 
922.000000  923.000000  0.000016 
923.000000  924.000000  0.000016 
924.000000  925.000000  0.000016 
925.000000  926.000000  0.000016 
926.000000  927.000000  0.000016 
927.000000  928.000000  0.000016 
928.000000  929.000000  0.000016 
929.000000  930.000000  0.000016 
930.000000  931.000000  0.000016 
931.000000  932.000000  0.000016 
932.000000  933.000000  0.000016 
933.000000  934.000000  0.000016 
934.000000  935.000000  0.000016 
935.000000  936.000000  0.000016 
936.000000  937.000000  0.000016 
937.000000  938.000000  0.000016 
938.000000  939.000000  0.000016 
939.000000  940.000000  0.000016 
940.000000  941.000000  0.000016 
941.000000  942.000000  0.000016 
942.000000  943.000000  0.000016 
943.000000  944.000000  0.000016 
