20.000000  21.000000  0.000254 
21.000000  22.000000  0.000252 
22.000000  23.000000  0.000250 
23.000000  24.000000  0.000249 
24.000000  25.000000  0.000247 
25.000000  26.000000  0.000245 
26.000000  27.000000  0.000243 
27.000000  28.000000  0.000241 
28.000000  29.000000  0.000239 
29.000000  30.000000  0.000237 
30.000000  31.000000  0.000235 
31.000000  32.000000  0.000233 
32.000000  33.000000  0.000230 
33.000000  34.000000  0.000228 
34.000000  35.000000  0.000226 
35.000000  36.000000  0.000223 
36.000000  37.000000  0.000221 
37.000000  38.000000  0.000218 
38.000000  39.000000  0.000215 
39.000000  40.000000  0.000213 
40.000000  41.000000  0.000210 
41.000000  42.000000  0.000207 
42.000000  43.000000  0.000204 
43.000000  44.000000  0.000201 
44.000000  45.000000  0.000199 
45.000000  46.000000  0.000196 
46.000000  47.000000  0.000193 
47.000000  48.000000  0.000190 
48.000000  49.000000  0.000187 
49.000000  50.000000  0.000184 
50.000000  51.000000  0.000181 
51.000000  52.000000  0.000178 
52.000000  53.000000  0.000175 
53.000000  54.000000  0.000173 
54.000000  55.000000  0.000170 
55.000000  56.000000  0.000167 
56.000000  57.000000  0.000165 
57.000000  58.000000  0.000162 
58.000000  59.000000  0.000159 
59.000000  60.000000  0.000157 
60.000000  61.000000  0.000155 
61.000000  62.000000  0.000152 
62.000000  63.000000  0.000150 
63.000000  64.000000  0.000148 
64.000000  65.000000  0.000146 
65.000000  66.000000  0.000144 
66.000000  67.000000  0.000142 
67.000000  68.000000  0.000141 
68.000000  69.000000  0.000139 
69.000000  70.000000  0.000138 
70.000000  71.000000  0.000136 
71.000000  72.000000  0.000135 
72.000000  73.000000  0.000134 
73.000000  74.000000  0.000133 
74.000000  75.000000  0.000133 
75.000000  76.000000  0.000132 
76.000000  77.000000  0.000132 
77.000000  78.000000  0.000132 
78.000000  79.000000  0.000132 
79.000000  80.000000  0.000132 
80.000000  81.000000  0.000132 
81.000000  82.000000  0.000132 
82.000000  83.000000  0.000133 
83.000000  84.000000  0.000134 
84.000000  85.000000  0.000135 
85.000000  86.000000  0.000136 
86.000000  87.000000  0.000137 
87.000000  88.000000  0.000138 
88.000000  89.000000  0.000140 
89.000000  90.000000  0.000141 
90.000000  91.000000  0.000143 
91.000000  92.000000  0.000145 
92.000000  93.000000  0.000147 
93.000000  94.000000  0.000149 
94.000000  95.000000  0.000152 
95.000000  96.000000  0.000154 
96.000000  97.000000  0.000157 
97.000000  98.000000  0.000159 
98.000000  99.000000  0.000162 
99.000000  100.000000  0.000165 
100.000000  101.000000  0.000168 
101.000000  102.000000  0.000171 
102.000000  103.000000  0.000174 
103.000000  104.000000  0.000177 
104.000000  105.000000  0.000180 
105.000000  106.000000  0.000183 
106.000000  107.000000  0.000187 
107.000000  108.000000  0.000190 
108.000000  109.000000  0.000194 
109.000000  110.000000  0.000197 
110.000000  111.000000  0.000200 
111.000000  112.000000  0.000204 
112.000000  113.000000  0.000207 
113.000000  114.000000  0.000211 
114.000000  115.000000  0.000215 
115.000000  116.000000  0.000218 
116.000000  117.000000  0.000222 
117.000000  118.000000  0.000225 
118.000000  119.000000  0.000229 
119.000000  120.000000  0.000232 
120.000000  121.000000  0.000236 
121.000000  122.000000  0.000239 
122.000000  123.000000  0.000243 
123.000000  124.000000  0.000246 
124.000000  125.000000  0.000250 
125.000000  126.000000  0.000253 
126.000000  127.000000  0.000257 
127.000000  128.000000  0.000260 
128.000000  129.000000  0.000263 
129.000000  130.000000  0.000267 
130.000000  131.000000  0.000270 
131.000000  132.000000  0.000273 
132.000000  133.000000  0.000276 
133.000000  134.000000  0.000279 
134.000000  135.000000  0.000283 
135.000000  136.000000  0.000286 
136.000000  137.000000  0.000289 
137.000000  138.000000  0.000291 
138.000000  139.000000  0.000294 
139.000000  140.000000  0.000297 
140.000000  141.000000  0.000300 
141.000000  142.000000  0.000303 
142.000000  143.000000  0.000305 
143.000000  144.000000  0.000308 
144.000000  145.000000  0.000311 
145.000000  146.000000  0.000313 
146.000000  147.000000  0.000316 
147.000000  148.000000  0.000318 
148.000000  149.000000  0.000321 
149.000000  150.000000  0.000323 
150.000000  151.000000  0.000326 
151.000000  152.000000  0.000328 
152.000000  153.000000  0.000330 
153.000000  154.000000  0.000332 
154.000000  155.000000  0.000335 
155.000000  156.000000  0.000337 
156.000000  157.000000  0.000339 
157.000000  158.000000  0.000341 
158.000000  159.000000  0.000343 
159.000000  160.000000  0.000345 
160.000000  161.000000  0.000347 
161.000000  162.000000  0.000349 
162.000000  163.000000  0.000351 
163.000000  164.000000  0.000353 
164.000000  165.000000  0.000355 
165.000000  166.000000  0.000357 
166.000000  167.000000  0.000359 
167.000000  168.000000  0.000361 
168.000000  169.000000  0.000362 
169.000000  170.000000  0.000364 
170.000000  171.000000  0.000366 
171.000000  172.000000  0.000368 
172.000000  173.000000  0.000370 
173.000000  174.000000  0.000372 
174.000000  175.000000  0.000373 
175.000000  176.000000  0.000375 
176.000000  177.000000  0.000377 
177.000000  178.000000  0.000379 
178.000000  179.000000  0.000381 
179.000000  180.000000  0.000383 
180.000000  181.000000  0.000384 
181.000000  182.000000  0.000386 
182.000000  183.000000  0.000388 
183.000000  184.000000  0.000390 
184.000000  185.000000  0.000392 
185.000000  186.000000  0.000394 
186.000000  187.000000  0.000396 
187.000000  188.000000  0.000398 
188.000000  189.000000  0.000400 
189.000000  190.000000  0.000402 
190.000000  191.000000  0.000404 
191.000000  192.000000  0.000406 
192.000000  193.000000  0.000408 
193.000000  194.000000  0.000410 
194.000000  195.000000  0.000412 
195.000000  196.000000  0.000415 
196.000000  197.000000  0.000417 
197.000000  198.000000  0.000419 
198.000000  199.000000  0.000421 
199.000000  200.000000  0.000424 
200.000000  201.000000  0.000426 
201.000000  202.000000  0.000428 
202.000000  203.000000  0.000431 
203.000000  204.000000  0.000433 
204.000000  205.000000  0.000436 
205.000000  206.000000  0.000438 
206.000000  207.000000  0.000441 
207.000000  208.000000  0.000444 
208.000000  209.000000  0.000446 
209.000000  210.000000  0.000449 
210.000000  211.000000  0.000452 
211.000000  212.000000  0.000454 
212.000000  213.000000  0.000457 
213.000000  214.000000  0.000460 
214.000000  215.000000  0.000463 
215.000000  216.000000  0.000466 
216.000000  217.000000  0.000469 
217.000000  218.000000  0.000472 
218.000000  219.000000  0.000475 
219.000000  220.000000  0.000478 
220.000000  221.000000  0.000481 
221.000000  222.000000  0.000484 
222.000000  223.000000  0.000488 
223.000000  224.000000  0.000491 
224.000000  225.000000  0.000494 
225.000000  226.000000  0.000498 
226.000000  227.000000  0.000501 
227.000000  228.000000  0.000504 
228.000000  229.000000  0.000508 
229.000000  230.000000  0.000511 
230.000000  231.000000  0.000515 
231.000000  232.000000  0.000518 
232.000000  233.000000  0.000522 
233.000000  234.000000  0.000525 
234.000000  235.000000  0.000529 
235.000000  236.000000  0.000533 
236.000000  237.000000  0.000536 
237.000000  238.000000  0.000540 
238.000000  239.000000  0.000544 
239.000000  240.000000  0.000547 
240.000000  241.000000  0.000551 
241.000000  242.000000  0.000555 
242.000000  243.000000  0.000559 
243.000000  244.000000  0.000563 
244.000000  245.000000  0.000566 
245.000000  246.000000  0.000570 
246.000000  247.000000  0.000574 
247.000000  248.000000  0.000578 
248.000000  249.000000  0.000582 
249.000000  250.000000  0.000586 
250.000000  251.000000  0.000590 
251.000000  252.000000  0.000593 
252.000000  253.000000  0.000597 
253.000000  254.000000  0.000601 
254.000000  255.000000  0.000605 
255.000000  256.000000  0.000609 
256.000000  257.000000  0.000613 
257.000000  258.000000  0.000617 
258.000000  259.000000  0.000621 
259.000000  260.000000  0.000625 
260.000000  261.000000  0.000629 
261.000000  262.000000  0.000633 
262.000000  263.000000  0.000637 
263.000000  264.000000  0.000640 
264.000000  265.000000  0.000644 
265.000000  266.000000  0.000648 
266.000000  267.000000  0.000652 
267.000000  268.000000  0.000656 
268.000000  269.000000  0.000660 
269.000000  270.000000  0.000663 
270.000000  271.000000  0.000667 
271.000000  272.000000  0.000671 
272.000000  273.000000  0.000675 
273.000000  274.000000  0.000678 
274.000000  275.000000  0.000682 
275.000000  276.000000  0.000686 
276.000000  277.000000  0.000689 
277.000000  278.000000  0.000693 
278.000000  279.000000  0.000697 
279.000000  280.000000  0.000700 
280.000000  281.000000  0.000704 
281.000000  282.000000  0.000707 
282.000000  283.000000  0.000711 
283.000000  284.000000  0.000714 
284.000000  285.000000  0.000717 
285.000000  286.000000  0.000721 
286.000000  287.000000  0.000724 
287.000000  288.000000  0.000727 
288.000000  289.000000  0.000731 
289.000000  290.000000  0.000734 
290.000000  291.000000  0.000737 
291.000000  292.000000  0.000740 
292.000000  293.000000  0.000743 
293.000000  294.000000  0.000746 
294.000000  295.000000  0.000749 
295.000000  296.000000  0.000752 
296.000000  297.000000  0.000755 
297.000000  298.000000  0.000758 
298.000000  299.000000  0.000760 
299.000000  300.000000  0.000763 
300.000000  301.000000  0.000766 
301.000000  302.000000  0.000768 
302.000000  303.000000  0.000771 
303.000000  304.000000  0.000773 
304.000000  305.000000  0.000776 
305.000000  306.000000  0.000778 
306.000000  307.000000  0.000781 
307.000000  308.000000  0.000783 
308.000000  309.000000  0.000785 
309.000000  310.000000  0.000787 
310.000000  311.000000  0.000789 
311.000000  312.000000  0.000792 
312.000000  313.000000  0.000794 
313.000000  314.000000  0.000796 
314.000000  315.000000  0.000797 
315.000000  316.000000  0.000799 
316.000000  317.000000  0.000801 
317.000000  318.000000  0.000803 
318.000000  319.000000  0.000804 
319.000000  320.000000  0.000806 
320.000000  321.000000  0.000808 
321.000000  322.000000  0.000809 
322.000000  323.000000  0.000811 
323.000000  324.000000  0.000812 
324.000000  325.000000  0.000813 
325.000000  326.000000  0.000815 
326.000000  327.000000  0.000816 
327.000000  328.000000  0.000817 
328.000000  329.000000  0.000818 
329.000000  330.000000  0.000819 
330.000000  331.000000  0.000820 
331.000000  332.000000  0.000821 
332.000000  333.000000  0.000822 
333.000000  334.000000  0.000823 
334.000000  335.000000  0.000823 
335.000000  336.000000  0.000824 
336.000000  337.000000  0.000825 
337.000000  338.000000  0.000825 
338.000000  339.000000  0.000826 
339.000000  340.000000  0.000826 
340.000000  341.000000  0.000827 
341.000000  342.000000  0.000827 
342.000000  343.000000  0.000827 
343.000000  344.000000  0.000827 
344.000000  345.000000  0.000828 
345.000000  346.000000  0.000828 
346.000000  347.000000  0.000828 
347.000000  348.000000  0.000828 
348.000000  349.000000  0.000828 
349.000000  350.000000  0.000828 
350.000000  351.000000  0.000827 
351.000000  352.000000  0.000827 
352.000000  353.000000  0.000827 
353.000000  354.000000  0.000827 
354.000000  355.000000  0.000826 
355.000000  356.000000  0.000826 
356.000000  357.000000  0.000825 
357.000000  358.000000  0.000825 
358.000000  359.000000  0.000824 
359.000000  360.000000  0.000824 
360.000000  361.000000  0.000823 
361.000000  362.000000  0.000822 
362.000000  363.000000  0.000822 
363.000000  364.000000  0.000821 
364.000000  365.000000  0.000820 
365.000000  366.000000  0.000819 
366.000000  367.000000  0.000818 
367.000000  368.000000  0.000817 
368.000000  369.000000  0.000816 
369.000000  370.000000  0.000815 
370.000000  371.000000  0.000814 
371.000000  372.000000  0.000813 
372.000000  373.000000  0.000811 
373.000000  374.000000  0.000810 
374.000000  375.000000  0.000809 
375.000000  376.000000  0.000808 
376.000000  377.000000  0.000806 
377.000000  378.000000  0.000805 
378.000000  379.000000  0.000803 
379.000000  380.000000  0.000802 
380.000000  381.000000  0.000800 
381.000000  382.000000  0.000799 
382.000000  383.000000  0.000797 
383.000000  384.000000  0.000795 
384.000000  385.000000  0.000794 
385.000000  386.000000  0.000792 
386.000000  387.000000  0.000790 
387.000000  388.000000  0.000789 
388.000000  389.000000  0.000787 
389.000000  390.000000  0.000785 
390.000000  391.000000  0.000783 
391.000000  392.000000  0.000781 
392.000000  393.000000  0.000779 
393.000000  394.000000  0.000777 
394.000000  395.000000  0.000775 
395.000000  396.000000  0.000773 
396.000000  397.000000  0.000771 
397.000000  398.000000  0.000769 
398.000000  399.000000  0.000767 
399.000000  400.000000  0.000765 
400.000000  401.000000  0.000763 
401.000000  402.000000  0.000760 
402.000000  403.000000  0.000758 
403.000000  404.000000  0.000756 
404.000000  405.000000  0.000754 
405.000000  406.000000  0.000752 
406.000000  407.000000  0.000749 
407.000000  408.000000  0.000747 
408.000000  409.000000  0.000745 
409.000000  410.000000  0.000742 
410.000000  411.000000  0.000740 
411.000000  412.000000  0.000737 
412.000000  413.000000  0.000735 
413.000000  414.000000  0.000733 
414.000000  415.000000  0.000730 
415.000000  416.000000  0.000728 
416.000000  417.000000  0.000725 
417.000000  418.000000  0.000723 
418.000000  419.000000  0.000720 
419.000000  420.000000  0.000718 
420.000000  421.000000  0.000715 
421.000000  422.000000  0.000712 
422.000000  423.000000  0.000710 
423.000000  424.000000  0.000707 
424.000000  425.000000  0.000705 
425.000000  426.000000  0.000702 
426.000000  427.000000  0.000699 
427.000000  428.000000  0.000697 
428.000000  429.000000  0.000694 
429.000000  430.000000  0.000691 
430.000000  431.000000  0.000689 
431.000000  432.000000  0.000686 
432.000000  433.000000  0.000683 
433.000000  434.000000  0.000681 
434.000000  435.000000  0.000678 
435.000000  436.000000  0.000675 
436.000000  437.000000  0.000673 
437.000000  438.000000  0.000670 
438.000000  439.000000  0.000667 
439.000000  440.000000  0.000664 
440.000000  441.000000  0.000662 
441.000000  442.000000  0.000659 
442.000000  443.000000  0.000656 
443.000000  444.000000  0.000653 
444.000000  445.000000  0.000650 
445.000000  446.000000  0.000648 
446.000000  447.000000  0.000645 
447.000000  448.000000  0.000642 
448.000000  449.000000  0.000639 
449.000000  450.000000  0.000637 
450.000000  451.000000  0.000634 
451.000000  452.000000  0.000631 
452.000000  453.000000  0.000628 
453.000000  454.000000  0.000625 
454.000000  455.000000  0.000623 
455.000000  456.000000  0.000620 
456.000000  457.000000  0.000617 
457.000000  458.000000  0.000614 
458.000000  459.000000  0.000611 
459.000000  460.000000  0.000609 
460.000000  461.000000  0.000606 
461.000000  462.000000  0.000603 
462.000000  463.000000  0.000600 
463.000000  464.000000  0.000597 
464.000000  465.000000  0.000595 
465.000000  466.000000  0.000592 
466.000000  467.000000  0.000589 
467.000000  468.000000  0.000586 
468.000000  469.000000  0.000583 
469.000000  470.000000  0.000581 
470.000000  471.000000  0.000578 
471.000000  472.000000  0.000575 
472.000000  473.000000  0.000572 
473.000000  474.000000  0.000570 
474.000000  475.000000  0.000567 
475.000000  476.000000  0.000564 
476.000000  477.000000  0.000561 
477.000000  478.000000  0.000559 
478.000000  479.000000  0.000556 
479.000000  480.000000  0.000553 
480.000000  481.000000  0.000550 
481.000000  482.000000  0.000548 
482.000000  483.000000  0.000545 
483.000000  484.000000  0.000542 
484.000000  485.000000  0.000539 
485.000000  486.000000  0.000537 
486.000000  487.000000  0.000534 
487.000000  488.000000  0.000531 
488.000000  489.000000  0.000529 
489.000000  490.000000  0.000526 
490.000000  491.000000  0.000523 
491.000000  492.000000  0.000521 
492.000000  493.000000  0.000518 
493.000000  494.000000  0.000515 
494.000000  495.000000  0.000513 
495.000000  496.000000  0.000510 
496.000000  497.000000  0.000508 
497.000000  498.000000  0.000505 
498.000000  499.000000  0.000502 
499.000000  500.000000  0.000500 
500.000000  501.000000  0.000497 
501.000000  502.000000  0.000495 
502.000000  503.000000  0.000492 
503.000000  504.000000  0.000489 
504.000000  505.000000  0.000487 
505.000000  506.000000  0.000484 
506.000000  507.000000  0.000482 
507.000000  508.000000  0.000479 
508.000000  509.000000  0.000477 
509.000000  510.000000  0.000474 
510.000000  511.000000  0.000472 
511.000000  512.000000  0.000469 
512.000000  513.000000  0.000467 
513.000000  514.000000  0.000464 
514.000000  515.000000  0.000462 
515.000000  516.000000  0.000460 
516.000000  517.000000  0.000457 
517.000000  518.000000  0.000455 
518.000000  519.000000  0.000452 
519.000000  520.000000  0.000450 
520.000000  521.000000  0.000447 
521.000000  522.000000  0.000445 
522.000000  523.000000  0.000443 
523.000000  524.000000  0.000440 
524.000000  525.000000  0.000438 
525.000000  526.000000  0.000436 
526.000000  527.000000  0.000433 
527.000000  528.000000  0.000431 
528.000000  529.000000  0.000429 
529.000000  530.000000  0.000426 
530.000000  531.000000  0.000424 
531.000000  532.000000  0.000422 
532.000000  533.000000  0.000420 
533.000000  534.000000  0.000417 
534.000000  535.000000  0.000415 
535.000000  536.000000  0.000413 
536.000000  537.000000  0.000411 
537.000000  538.000000  0.000409 
538.000000  539.000000  0.000406 
539.000000  540.000000  0.000404 
540.000000  541.000000  0.000402 
541.000000  542.000000  0.000400 
542.000000  543.000000  0.000398 
543.000000  544.000000  0.000396 
544.000000  545.000000  0.000393 
545.000000  546.000000  0.000391 
546.000000  547.000000  0.000389 
547.000000  548.000000  0.000387 
548.000000  549.000000  0.000385 
549.000000  550.000000  0.000383 
550.000000  551.000000  0.000381 
551.000000  552.000000  0.000379 
552.000000  553.000000  0.000377 
553.000000  554.000000  0.000375 
554.000000  555.000000  0.000373 
555.000000  556.000000  0.000371 
556.000000  557.000000  0.000369 
557.000000  558.000000  0.000367 
558.000000  559.000000  0.000365 
559.000000  560.000000  0.000363 
560.000000  561.000000  0.000361 
561.000000  562.000000  0.000359 
562.000000  563.000000  0.000357 
563.000000  564.000000  0.000355 
564.000000  565.000000  0.000353 
565.000000  566.000000  0.000352 
566.000000  567.000000  0.000350 
567.000000  568.000000  0.000348 
568.000000  569.000000  0.000346 
569.000000  570.000000  0.000344 
570.000000  571.000000  0.000342 
571.000000  572.000000  0.000340 
572.000000  573.000000  0.000339 
573.000000  574.000000  0.000337 
574.000000  575.000000  0.000335 
575.000000  576.000000  0.000333 
576.000000  577.000000  0.000332 
577.000000  578.000000  0.000330 
578.000000  579.000000  0.000328 
579.000000  580.000000  0.000326 
580.000000  581.000000  0.000325 
581.000000  582.000000  0.000323 
582.000000  583.000000  0.000321 
583.000000  584.000000  0.000320 
584.000000  585.000000  0.000318 
585.000000  586.000000  0.000316 
586.000000  587.000000  0.000315 
587.000000  588.000000  0.000313 
588.000000  589.000000  0.000311 
589.000000  590.000000  0.000310 
590.000000  591.000000  0.000308 
591.000000  592.000000  0.000306 
592.000000  593.000000  0.000305 
593.000000  594.000000  0.000303 
594.000000  595.000000  0.000302 
595.000000  596.000000  0.000300 
596.000000  597.000000  0.000299 
597.000000  598.000000  0.000297 
598.000000  599.000000  0.000296 
599.000000  600.000000  0.000294 
600.000000  601.000000  0.000293 
601.000000  602.000000  0.000291 
602.000000  603.000000  0.000290 
603.000000  604.000000  0.000288 
604.000000  605.000000  0.000287 
605.000000  606.000000  0.000285 
606.000000  607.000000  0.000284 
607.000000  608.000000  0.000282 
608.000000  609.000000  0.000281 
609.000000  610.000000  0.000280 
610.000000  611.000000  0.000278 
611.000000  612.000000  0.000277 
612.000000  613.000000  0.000275 
613.000000  614.000000  0.000274 
614.000000  615.000000  0.000273 
615.000000  616.000000  0.000271 
616.000000  617.000000  0.000270 
617.000000  618.000000  0.000269 
618.000000  619.000000  0.000267 
619.000000  620.000000  0.000266 
620.000000  621.000000  0.000265 
621.000000  622.000000  0.000263 
622.000000  623.000000  0.000262 
623.000000  624.000000  0.000261 
624.000000  625.000000  0.000259 
625.000000  626.000000  0.000258 
626.000000  627.000000  0.000257 
627.000000  628.000000  0.000256 
628.000000  629.000000  0.000254 
629.000000  630.000000  0.000253 
630.000000  631.000000  0.000252 
631.000000  632.000000  0.000251 
632.000000  633.000000  0.000250 
633.000000  634.000000  0.000248 
634.000000  635.000000  0.000247 
635.000000  636.000000  0.000246 
636.000000  637.000000  0.000245 
637.000000  638.000000  0.000244 
638.000000  639.000000  0.000243 
639.000000  640.000000  0.000241 
640.000000  641.000000  0.000240 
641.000000  642.000000  0.000239 
642.000000  643.000000  0.000238 
643.000000  644.000000  0.000237 
644.000000  645.000000  0.000236 
645.000000  646.000000  0.000235 
646.000000  647.000000  0.000234 
647.000000  648.000000  0.000233 
648.000000  649.000000  0.000231 
649.000000  650.000000  0.000230 
650.000000  651.000000  0.000229 
651.000000  652.000000  0.000228 
652.000000  653.000000  0.000227 
653.000000  654.000000  0.000226 
654.000000  655.000000  0.000225 
655.000000  656.000000  0.000224 
656.000000  657.000000  0.000223 
657.000000  658.000000  0.000222 
658.000000  659.000000  0.000221 
659.000000  660.000000  0.000220 
660.000000  661.000000  0.000219 
661.000000  662.000000  0.000218 
662.000000  663.000000  0.000217 
663.000000  664.000000  0.000216 
664.000000  665.000000  0.000215 
665.000000  666.000000  0.000214 
666.000000  667.000000  0.000213 
667.000000  668.000000  0.000213 
668.000000  669.000000  0.000212 
669.000000  670.000000  0.000211 
670.000000  671.000000  0.000210 
671.000000  672.000000  0.000209 
672.000000  673.000000  0.000208 
673.000000  674.000000  0.000207 
674.000000  675.000000  0.000206 
675.000000  676.000000  0.000205 
676.000000  677.000000  0.000204 
677.000000  678.000000  0.000204 
678.000000  679.000000  0.000203 
679.000000  680.000000  0.000202 
680.000000  681.000000  0.000201 
681.000000  682.000000  0.000200 
682.000000  683.000000  0.000199 
683.000000  684.000000  0.000199 
684.000000  685.000000  0.000198 
685.000000  686.000000  0.000197 
686.000000  687.000000  0.000196 
687.000000  688.000000  0.000195 
688.000000  689.000000  0.000194 
689.000000  690.000000  0.000194 
690.000000  691.000000  0.000193 
691.000000  692.000000  0.000192 
692.000000  693.000000  0.000191 
693.000000  694.000000  0.000191 
694.000000  695.000000  0.000190 
695.000000  696.000000  0.000189 
696.000000  697.000000  0.000188 
697.000000  698.000000  0.000188 
698.000000  699.000000  0.000187 
699.000000  700.000000  0.000186 
700.000000  701.000000  0.000185 
701.000000  702.000000  0.000185 
702.000000  703.000000  0.000184 
703.000000  704.000000  0.000183 
704.000000  705.000000  0.000182 
705.000000  706.000000  0.000182 
706.000000  707.000000  0.000181 
707.000000  708.000000  0.000180 
708.000000  709.000000  0.000180 
709.000000  710.000000  0.000179 
710.000000  711.000000  0.000178 
711.000000  712.000000  0.000178 
712.000000  713.000000  0.000177 
713.000000  714.000000  0.000176 
714.000000  715.000000  0.000176 
715.000000  716.000000  0.000175 
716.000000  717.000000  0.000174 
717.000000  718.000000  0.000174 
718.000000  719.000000  0.000173 
719.000000  720.000000  0.000172 
720.000000  721.000000  0.000172 
721.000000  722.000000  0.000171 
722.000000  723.000000  0.000171 
723.000000  724.000000  0.000170 
724.000000  725.000000  0.000169 
725.000000  726.000000  0.000169 
726.000000  727.000000  0.000168 
727.000000  728.000000  0.000168 
728.000000  729.000000  0.000167 
729.000000  730.000000  0.000166 
730.000000  731.000000  0.000166 
731.000000  732.000000  0.000165 
732.000000  733.000000  0.000165 
733.000000  734.000000  0.000164 
734.000000  735.000000  0.000163 
735.000000  736.000000  0.000163 
736.000000  737.000000  0.000162 
737.000000  738.000000  0.000162 
738.000000  739.000000  0.000161 
739.000000  740.000000  0.000161 
740.000000  741.000000  0.000160 
741.000000  742.000000  0.000160 
742.000000  743.000000  0.000159 
743.000000  744.000000  0.000159 
744.000000  745.000000  0.000158 
745.000000  746.000000  0.000158 
746.000000  747.000000  0.000157 
747.000000  748.000000  0.000156 
748.000000  749.000000  0.000156 
749.000000  750.000000  0.000155 
750.000000  751.000000  0.000155 
751.000000  752.000000  0.000154 
752.000000  753.000000  0.000154 
753.000000  754.000000  0.000153 
754.000000  755.000000  0.000153 
755.000000  756.000000  0.000152 
756.000000  757.000000  0.000152 
757.000000  758.000000  0.000152 
758.000000  759.000000  0.000151 
759.000000  760.000000  0.000151 
760.000000  761.000000  0.000150 
761.000000  762.000000  0.000150 
762.000000  763.000000  0.000149 
763.000000  764.000000  0.000149 
764.000000  765.000000  0.000148 
765.000000  766.000000  0.000148 
766.000000  767.000000  0.000147 
767.000000  768.000000  0.000147 
768.000000  769.000000  0.000146 
769.000000  770.000000  0.000146 
770.000000  771.000000  0.000146 
771.000000  772.000000  0.000145 
772.000000  773.000000  0.000145 
773.000000  774.000000  0.000144 
774.000000  775.000000  0.000144 
775.000000  776.000000  0.000143 
776.000000  777.000000  0.000143 
777.000000  778.000000  0.000143 
778.000000  779.000000  0.000142 
779.000000  780.000000  0.000142 
780.000000  781.000000  0.000141 
781.000000  782.000000  0.000141 
782.000000  783.000000  0.000141 
783.000000  784.000000  0.000140 
784.000000  785.000000  0.000140 
785.000000  786.000000  0.000139 
786.000000  787.000000  0.000139 
787.000000  788.000000  0.000139 
788.000000  789.000000  0.000138 
789.000000  790.000000  0.000138 
790.000000  791.000000  0.000138 
791.000000  792.000000  0.000137 
792.000000  793.000000  0.000137 
793.000000  794.000000  0.000136 
794.000000  795.000000  0.000136 
795.000000  796.000000  0.000136 
796.000000  797.000000  0.000135 
797.000000  798.000000  0.000135 
798.000000  799.000000  0.000135 
799.000000  800.000000  0.000134 
800.000000  801.000000  0.000134 
801.000000  802.000000  0.000134 
802.000000  803.000000  0.000133 
803.000000  804.000000  0.000133 
804.000000  805.000000  0.000133 
805.000000  806.000000  0.000132 
806.000000  807.000000  0.000132 
807.000000  808.000000  0.000132 
808.000000  809.000000  0.000131 
809.000000  810.000000  0.000131 
810.000000  811.000000  0.000131 
811.000000  812.000000  0.000130 
812.000000  813.000000  0.000130 
813.000000  814.000000  0.000130 
814.000000  815.000000  0.000129 
815.000000  816.000000  0.000129 
816.000000  817.000000  0.000129 
817.000000  818.000000  0.000128 
818.000000  819.000000  0.000128 
819.000000  820.000000  0.000128 
820.000000  821.000000  0.000127 
821.000000  822.000000  0.000127 
822.000000  823.000000  0.000127 
823.000000  824.000000  0.000126 
824.000000  825.000000  0.000126 
825.000000  826.000000  0.000126 
826.000000  827.000000  0.000126 
827.000000  828.000000  0.000125 
828.000000  829.000000  0.000125 
829.000000  830.000000  0.000125 
830.000000  831.000000  0.000124 
831.000000  832.000000  0.000124 
832.000000  833.000000  0.000124 
833.000000  834.000000  0.000124 
834.000000  835.000000  0.000123 
835.000000  836.000000  0.000123 
836.000000  837.000000  0.000123 
837.000000  838.000000  0.000123 
838.000000  839.000000  0.000122 
839.000000  840.000000  0.000122 
840.000000  841.000000  0.000122 
841.000000  842.000000  0.000121 
842.000000  843.000000  0.000121 
843.000000  844.000000  0.000121 
844.000000  845.000000  0.000121 
845.000000  846.000000  0.000120 
846.000000  847.000000  0.000120 
847.000000  848.000000  0.000120 
848.000000  849.000000  0.000120 
849.000000  850.000000  0.000119 
850.000000  851.000000  0.000119 
851.000000  852.000000  0.000119 
852.000000  853.000000  0.000119 
853.000000  854.000000  0.000118 
854.000000  855.000000  0.000118 
855.000000  856.000000  0.000118 
856.000000  857.000000  0.000118 
857.000000  858.000000  0.000118 
858.000000  859.000000  0.000117 
859.000000  860.000000  0.000117 
860.000000  861.000000  0.000117 
861.000000  862.000000  0.000117 
862.000000  863.000000  0.000116 
863.000000  864.000000  0.000116 
864.000000  865.000000  0.000116 
865.000000  866.000000  0.000116 
866.000000  867.000000  0.000116 
867.000000  868.000000  0.000115 
868.000000  869.000000  0.000115 
869.000000  870.000000  0.000115 
870.000000  871.000000  0.000115 
871.000000  872.000000  0.000114 
872.000000  873.000000  0.000114 
873.000000  874.000000  0.000114 
874.000000  875.000000  0.000114 
875.000000  876.000000  0.000114 
876.000000  877.000000  0.000113 
877.000000  878.000000  0.000113 
878.000000  879.000000  0.000113 
879.000000  880.000000  0.000113 
880.000000  881.000000  0.000113 
881.000000  882.000000  0.000112 
882.000000  883.000000  0.000112 
883.000000  884.000000  0.000112 
884.000000  885.000000  0.000112 
885.000000  886.000000  0.000112 
886.000000  887.000000  0.000111 
887.000000  888.000000  0.000111 
888.000000  889.000000  0.000111 
889.000000  890.000000  0.000111 
890.000000  891.000000  0.000111 
891.000000  892.000000  0.000110 
892.000000  893.000000  0.000110 
893.000000  894.000000  0.000110 
894.000000  895.000000  0.000110 
895.000000  896.000000  0.000110 
896.000000  897.000000  0.000110 
897.000000  898.000000  0.000109 
898.000000  899.000000  0.000109 
899.000000  900.000000  0.000109 
900.000000  901.000000  0.000109 
901.000000  902.000000  0.000109 
902.000000  903.000000  0.000109 
903.000000  904.000000  0.000108 
904.000000  905.000000  0.000108 
905.000000  906.000000  0.000108 
906.000000  907.000000  0.000108 
907.000000  908.000000  0.000108 
908.000000  909.000000  0.000108 
909.000000  910.000000  0.000107 
910.000000  911.000000  0.000107 
911.000000  912.000000  0.000107 
912.000000  913.000000  0.000107 
913.000000  914.000000  0.000107 
914.000000  915.000000  0.000107 
915.000000  916.000000  0.000106 
916.000000  917.000000  0.000106 
917.000000  918.000000  0.000106 
918.000000  919.000000  0.000106 
919.000000  920.000000  0.000106 
920.000000  921.000000  0.000106 
921.000000  922.000000  0.000106 
922.000000  923.000000  0.000105 
923.000000  924.000000  0.000105 
924.000000  925.000000  0.000105 
925.000000  926.000000  0.000105 
926.000000  927.000000  0.000105 
927.000000  928.000000  0.000105 
928.000000  929.000000  0.000105 
929.000000  930.000000  0.000104 
930.000000  931.000000  0.000104 
931.000000  932.000000  0.000104 
932.000000  933.000000  0.000104 
933.000000  934.000000  0.000104 
934.000000  935.000000  0.000104 
935.000000  936.000000  0.000104 
936.000000  937.000000  0.000103 
937.000000  938.000000  0.000103 
938.000000  939.000000  0.000103 
939.000000  940.000000  0.000103 
940.000000  941.000000  0.000103 
941.000000  942.000000  0.000103 
942.000000  943.000000  0.000103 
943.000000  944.000000  0.000103 
