20.000000  21.000000  -0.000000 
21.000000  22.000000  -0.000000 
22.000000  23.000000  -0.000000 
23.000000  24.000000  -0.000000 
24.000000  25.000000  -0.000000 
25.000000  26.000000  -0.000000 
26.000000  27.000000  -0.000000 
27.000000  28.000000  -0.000000 
28.000000  29.000000  -0.000000 
29.000000  30.000000  -0.000000 
30.000000  31.000000  -0.000000 
31.000000  32.000000  -0.000000 
32.000000  33.000000  -0.000000 
33.000000  34.000000  -0.000000 
34.000000  35.000000  -0.000000 
35.000000  36.000000  -0.000000 
36.000000  37.000000  -0.000000 
37.000000  38.000000  -0.000000 
38.000000  39.000000  -0.000000 
39.000000  40.000000  -0.000000 
40.000000  41.000000  -0.000000 
41.000000  42.000000  -0.000001 
42.000000  43.000000  -0.000001 
43.000000  44.000000  -0.000001 
44.000000  45.000000  -0.000001 
45.000000  46.000000  -0.000001 
46.000000  47.000000  -0.000001 
47.000000  48.000000  -0.000002 
48.000000  49.000000  -0.000002 
49.000000  50.000000  -0.000002 
50.000000  51.000000  -0.000002 
51.000000  52.000000  -0.000002 
52.000000  53.000000  -0.000003 
53.000000  54.000000  -0.000003 
54.000000  55.000000  -0.000003 
55.000000  56.000000  -0.000003 
56.000000  57.000000  -0.000003 
57.000000  58.000000  -0.000003 
58.000000  59.000000  -0.000003 
59.000000  60.000000  -0.000003 
60.000000  61.000000  -0.000003 
61.000000  62.000000  -0.000002 
62.000000  63.000000  -0.000002 
63.000000  64.000000  -0.000001 
64.000000  65.000000  -0.000000 
65.000000  66.000000  0.000001 
66.000000  67.000000  0.000002 
67.000000  68.000000  0.000004 
68.000000  69.000000  0.000006 
69.000000  70.000000  0.000008 
70.000000  71.000000  0.000010 
71.000000  72.000000  0.000013 
72.000000  73.000000  0.000016 
73.000000  74.000000  0.000020 
74.000000  75.000000  0.000023 
75.000000  76.000000  0.000028 
76.000000  77.000000  0.000032 
77.000000  78.000000  0.000037 
78.000000  79.000000  0.000042 
79.000000  80.000000  0.000048 
80.000000  81.000000  0.000054 
81.000000  82.000000  0.000060 
82.000000  83.000000  0.000067 
83.000000  84.000000  0.000074 
84.000000  85.000000  0.000082 
85.000000  86.000000  0.000090 
86.000000  87.000000  0.000098 
87.000000  88.000000  0.000107 
88.000000  89.000000  0.000116 
89.000000  90.000000  0.000125 
90.000000  91.000000  0.000134 
91.000000  92.000000  0.000144 
92.000000  93.000000  0.000154 
93.000000  94.000000  0.000164 
94.000000  95.000000  0.000175 
95.000000  96.000000  0.000185 
96.000000  97.000000  0.000196 
97.000000  98.000000  0.000207 
98.000000  99.000000  0.000218 
99.000000  100.000000  0.000229 
100.000000  101.000000  0.000240 
101.000000  102.000000  0.000252 
102.000000  103.000000  0.000263 
103.000000  104.000000  0.000274 
104.000000  105.000000  0.000286 
105.000000  106.000000  0.000297 
106.000000  107.000000  0.000308 
107.000000  108.000000  0.000319 
108.000000  109.000000  0.000330 
109.000000  110.000000  0.000341 
110.000000  111.000000  0.000351 
111.000000  112.000000  0.000362 
112.000000  113.000000  0.000372 
113.000000  114.000000  0.000382 
114.000000  115.000000  0.000392 
115.000000  116.000000  0.000401 
116.000000  117.000000  0.000411 
117.000000  118.000000  0.000420 
118.000000  119.000000  0.000428 
119.000000  120.000000  0.000437 
120.000000  121.000000  0.000445 
121.000000  122.000000  0.000453 
122.000000  123.000000  0.000460 
123.000000  124.000000  0.000468 
124.000000  125.000000  0.000475 
125.000000  126.000000  0.000481 
126.000000  127.000000  0.000488 
127.000000  128.000000  0.000493 
128.000000  129.000000  0.000499 
129.000000  130.000000  0.000504 
130.000000  131.000000  0.000509 
131.000000  132.000000  0.000514 
132.000000  133.000000  0.000518 
133.000000  134.000000  0.000522 
134.000000  135.000000  0.000525 
135.000000  136.000000  0.000529 
136.000000  137.000000  0.000532 
137.000000  138.000000  0.000534 
138.000000  139.000000  0.000536 
139.000000  140.000000  0.000538 
140.000000  141.000000  0.000540 
141.000000  142.000000  0.000541 
142.000000  143.000000  0.000542 
143.000000  144.000000  0.000543 
144.000000  145.000000  0.000544 
145.000000  146.000000  0.000544 
146.000000  147.000000  0.000544 
147.000000  148.000000  0.000543 
148.000000  149.000000  0.000543 
149.000000  150.000000  0.000542 
150.000000  151.000000  0.000541 
151.000000  152.000000  0.000540 
152.000000  153.000000  0.000538 
153.000000  154.000000  0.000537 
154.000000  155.000000  0.000535 
155.000000  156.000000  0.000533 
156.000000  157.000000  0.000530 
157.000000  158.000000  0.000528 
158.000000  159.000000  0.000525 
159.000000  160.000000  0.000523 
160.000000  161.000000  0.000520 
161.000000  162.000000  0.000517 
162.000000  163.000000  0.000513 
163.000000  164.000000  0.000510 
164.000000  165.000000  0.000507 
165.000000  166.000000  0.000503 
166.000000  167.000000  0.000499 
167.000000  168.000000  0.000496 
168.000000  169.000000  0.000492 
169.000000  170.000000  0.000488 
170.000000  171.000000  0.000484 
171.000000  172.000000  0.000480 
172.000000  173.000000  0.000475 
173.000000  174.000000  0.000471 
174.000000  175.000000  0.000467 
175.000000  176.000000  0.000462 
176.000000  177.000000  0.000458 
177.000000  178.000000  0.000453 
178.000000  179.000000  0.000449 
179.000000  180.000000  0.000444 
180.000000  181.000000  0.000440 
181.000000  182.000000  0.000435 
182.000000  183.000000  0.000430 
183.000000  184.000000  0.000426 
184.000000  185.000000  0.000421 
185.000000  186.000000  0.000416 
186.000000  187.000000  0.000412 
187.000000  188.000000  0.000407 
188.000000  189.000000  0.000402 
189.000000  190.000000  0.000398 
190.000000  191.000000  0.000393 
191.000000  192.000000  0.000388 
192.000000  193.000000  0.000384 
193.000000  194.000000  0.000379 
194.000000  195.000000  0.000374 
195.000000  196.000000  0.000370 
196.000000  197.000000  0.000365 
197.000000  198.000000  0.000361 
198.000000  199.000000  0.000356 
199.000000  200.000000  0.000352 
200.000000  201.000000  0.000347 
201.000000  202.000000  0.000343 
202.000000  203.000000  0.000338 
203.000000  204.000000  0.000334 
204.000000  205.000000  0.000330 
205.000000  206.000000  0.000325 
206.000000  207.000000  0.000321 
207.000000  208.000000  0.000317 
208.000000  209.000000  0.000313 
209.000000  210.000000  0.000308 
210.000000  211.000000  0.000304 
211.000000  212.000000  0.000300 
212.000000  213.000000  0.000296 
213.000000  214.000000  0.000292 
214.000000  215.000000  0.000288 
215.000000  216.000000  0.000284 
216.000000  217.000000  0.000280 
217.000000  218.000000  0.000276 
218.000000  219.000000  0.000273 
219.000000  220.000000  0.000269 
220.000000  221.000000  0.000265 
221.000000  222.000000  0.000262 
222.000000  223.000000  0.000258 
223.000000  224.000000  0.000254 
224.000000  225.000000  0.000251 
225.000000  226.000000  0.000247 
226.000000  227.000000  0.000244 
227.000000  228.000000  0.000240 
228.000000  229.000000  0.000237 
229.000000  230.000000  0.000234 
230.000000  231.000000  0.000230 
231.000000  232.000000  0.000227 
232.000000  233.000000  0.000224 
233.000000  234.000000  0.000221 
234.000000  235.000000  0.000218 
235.000000  236.000000  0.000215 
236.000000  237.000000  0.000212 
237.000000  238.000000  0.000209 
238.000000  239.000000  0.000206 
239.000000  240.000000  0.000203 
240.000000  241.000000  0.000200 
241.000000  242.000000  0.000197 
242.000000  243.000000  0.000195 
243.000000  244.000000  0.000192 
244.000000  245.000000  0.000189 
245.000000  246.000000  0.000186 
246.000000  247.000000  0.000184 
247.000000  248.000000  0.000181 
248.000000  249.000000  0.000179 
249.000000  250.000000  0.000176 
250.000000  251.000000  0.000174 
251.000000  252.000000  0.000171 
252.000000  253.000000  0.000169 
253.000000  254.000000  0.000167 
254.000000  255.000000  0.000164 
255.000000  256.000000  0.000162 
256.000000  257.000000  0.000160 
257.000000  258.000000  0.000158 
258.000000  259.000000  0.000155 
259.000000  260.000000  0.000153 
260.000000  261.000000  0.000151 
261.000000  262.000000  0.000149 
262.000000  263.000000  0.000147 
263.000000  264.000000  0.000145 
264.000000  265.000000  0.000143 
265.000000  266.000000  0.000141 
266.000000  267.000000  0.000139 
267.000000  268.000000  0.000137 
268.000000  269.000000  0.000135 
269.000000  270.000000  0.000133 
270.000000  271.000000  0.000132 
271.000000  272.000000  0.000130 
272.000000  273.000000  0.000128 
273.000000  274.000000  0.000126 
274.000000  275.000000  0.000125 
275.000000  276.000000  0.000123 
276.000000  277.000000  0.000121 
277.000000  278.000000  0.000120 
278.000000  279.000000  0.000118 
279.000000  280.000000  0.000116 
280.000000  281.000000  0.000115 
281.000000  282.000000  0.000113 
282.000000  283.000000  0.000112 
283.000000  284.000000  0.000110 
284.000000  285.000000  0.000109 
285.000000  286.000000  0.000107 
286.000000  287.000000  0.000106 
287.000000  288.000000  0.000105 
288.000000  289.000000  0.000103 
289.000000  290.000000  0.000102 
290.000000  291.000000  0.000101 
291.000000  292.000000  0.000099 
292.000000  293.000000  0.000098 
293.000000  294.000000  0.000097 
294.000000  295.000000  0.000096 
295.000000  296.000000  0.000094 
296.000000  297.000000  0.000093 
297.000000  298.000000  0.000092 
298.000000  299.000000  0.000091 
299.000000  300.000000  0.000090 
300.000000  301.000000  0.000088 
301.000000  302.000000  0.000087 
302.000000  303.000000  0.000086 
303.000000  304.000000  0.000085 
304.000000  305.000000  0.000084 
305.000000  306.000000  0.000083 
306.000000  307.000000  0.000082 
307.000000  308.000000  0.000081 
308.000000  309.000000  0.000080 
309.000000  310.000000  0.000079 
310.000000  311.000000  0.000078 
311.000000  312.000000  0.000077 
312.000000  313.000000  0.000076 
313.000000  314.000000  0.000075 
314.000000  315.000000  0.000074 
315.000000  316.000000  0.000073 
316.000000  317.000000  0.000072 
317.000000  318.000000  0.000071 
318.000000  319.000000  0.000071 
319.000000  320.000000  0.000070 
320.000000  321.000000  0.000069 
321.000000  322.000000  0.000068 
322.000000  323.000000  0.000067 
323.000000  324.000000  0.000066 
324.000000  325.000000  0.000066 
325.000000  326.000000  0.000065 
326.000000  327.000000  0.000064 
327.000000  328.000000  0.000063 
328.000000  329.000000  0.000063 
329.000000  330.000000  0.000062 
330.000000  331.000000  0.000061 
331.000000  332.000000  0.000060 
332.000000  333.000000  0.000060 
333.000000  334.000000  0.000059 
334.000000  335.000000  0.000058 
335.000000  336.000000  0.000058 
336.000000  337.000000  0.000057 
337.000000  338.000000  0.000056 
338.000000  339.000000  0.000056 
339.000000  340.000000  0.000055 
340.000000  341.000000  0.000054 
341.000000  342.000000  0.000054 
342.000000  343.000000  0.000053 
343.000000  344.000000  0.000053 
344.000000  345.000000  0.000052 
345.000000  346.000000  0.000051 
346.000000  347.000000  0.000051 
347.000000  348.000000  0.000050 
348.000000  349.000000  0.000050 
349.000000  350.000000  0.000049 
350.000000  351.000000  0.000049 
351.000000  352.000000  0.000048 
352.000000  353.000000  0.000047 
353.000000  354.000000  0.000047 
354.000000  355.000000  0.000046 
355.000000  356.000000  0.000046 
356.000000  357.000000  0.000045 
357.000000  358.000000  0.000045 
358.000000  359.000000  0.000044 
359.000000  360.000000  0.000044 
360.000000  361.000000  0.000044 
361.000000  362.000000  0.000043 
362.000000  363.000000  0.000043 
363.000000  364.000000  0.000042 
364.000000  365.000000  0.000042 
365.000000  366.000000  0.000041 
366.000000  367.000000  0.000041 
367.000000  368.000000  0.000040 
368.000000  369.000000  0.000040 
369.000000  370.000000  0.000040 
370.000000  371.000000  0.000039 
371.000000  372.000000  0.000039 
372.000000  373.000000  0.000038 
373.000000  374.000000  0.000038 
374.000000  375.000000  0.000038 
375.000000  376.000000  0.000037 
376.000000  377.000000  0.000037 
377.000000  378.000000  0.000036 
378.000000  379.000000  0.000036 
379.000000  380.000000  0.000036 
380.000000  381.000000  0.000035 
381.000000  382.000000  0.000035 
382.000000  383.000000  0.000035 
383.000000  384.000000  0.000034 
384.000000  385.000000  0.000034 
385.000000  386.000000  0.000034 
386.000000  387.000000  0.000033 
387.000000  388.000000  0.000033 
388.000000  389.000000  0.000033 
389.000000  390.000000  0.000032 
390.000000  391.000000  0.000032 
391.000000  392.000000  0.000032 
392.000000  393.000000  0.000031 
393.000000  394.000000  0.000031 
394.000000  395.000000  0.000031 
395.000000  396.000000  0.000030 
396.000000  397.000000  0.000030 
397.000000  398.000000  0.000030 
398.000000  399.000000  0.000029 
399.000000  400.000000  0.000029 
400.000000  401.000000  0.000029 
401.000000  402.000000  0.000029 
402.000000  403.000000  0.000028 
403.000000  404.000000  0.000028 
404.000000  405.000000  0.000028 
405.000000  406.000000  0.000028 
406.000000  407.000000  0.000027 
407.000000  408.000000  0.000027 
408.000000  409.000000  0.000027 
409.000000  410.000000  0.000027 
410.000000  411.000000  0.000026 
411.000000  412.000000  0.000026 
412.000000  413.000000  0.000026 
413.000000  414.000000  0.000026 
414.000000  415.000000  0.000025 
415.000000  416.000000  0.000025 
416.000000  417.000000  0.000025 
417.000000  418.000000  0.000025 
418.000000  419.000000  0.000024 
419.000000  420.000000  0.000024 
420.000000  421.000000  0.000024 
421.000000  422.000000  0.000024 
422.000000  423.000000  0.000024 
423.000000  424.000000  0.000023 
424.000000  425.000000  0.000023 
425.000000  426.000000  0.000023 
426.000000  427.000000  0.000023 
427.000000  428.000000  0.000023 
428.000000  429.000000  0.000022 
429.000000  430.000000  0.000022 
430.000000  431.000000  0.000022 
431.000000  432.000000  0.000022 
432.000000  433.000000  0.000022 
433.000000  434.000000  0.000021 
434.000000  435.000000  0.000021 
435.000000  436.000000  0.000021 
436.000000  437.000000  0.000021 
437.000000  438.000000  0.000021 
438.000000  439.000000  0.000020 
439.000000  440.000000  0.000020 
440.000000  441.000000  0.000020 
441.000000  442.000000  0.000020 
442.000000  443.000000  0.000020 
443.000000  444.000000  0.000020 
444.000000  445.000000  0.000019 
445.000000  446.000000  0.000019 
446.000000  447.000000  0.000019 
447.000000  448.000000  0.000019 
448.000000  449.000000  0.000019 
449.000000  450.000000  0.000019 
450.000000  451.000000  0.000018 
451.000000  452.000000  0.000018 
452.000000  453.000000  0.000018 
453.000000  454.000000  0.000018 
454.000000  455.000000  0.000018 
455.000000  456.000000  0.000018 
456.000000  457.000000  0.000018 
457.000000  458.000000  0.000017 
458.000000  459.000000  0.000017 
459.000000  460.000000  0.000017 
460.000000  461.000000  0.000017 
461.000000  462.000000  0.000017 
462.000000  463.000000  0.000017 
463.000000  464.000000  0.000017 
464.000000  465.000000  0.000016 
465.000000  466.000000  0.000016 
466.000000  467.000000  0.000016 
467.000000  468.000000  0.000016 
468.000000  469.000000  0.000016 
469.000000  470.000000  0.000016 
470.000000  471.000000  0.000016 
471.000000  472.000000  0.000016 
472.000000  473.000000  0.000015 
473.000000  474.000000  0.000015 
474.000000  475.000000  0.000015 
475.000000  476.000000  0.000015 
476.000000  477.000000  0.000015 
477.000000  478.000000  0.000015 
478.000000  479.000000  0.000015 
479.000000  480.000000  0.000015 
480.000000  481.000000  0.000015 
481.000000  482.000000  0.000014 
482.000000  483.000000  0.000014 
483.000000  484.000000  0.000014 
484.000000  485.000000  0.000014 
485.000000  486.000000  0.000014 
486.000000  487.000000  0.000014 
487.000000  488.000000  0.000014 
488.000000  489.000000  0.000014 
489.000000  490.000000  0.000014 
490.000000  491.000000  0.000013 
491.000000  492.000000  0.000013 
492.000000  493.000000  0.000013 
493.000000  494.000000  0.000013 
494.000000  495.000000  0.000013 
495.000000  496.000000  0.000013 
496.000000  497.000000  0.000013 
497.000000  498.000000  0.000013 
498.000000  499.000000  0.000013 
499.000000  500.000000  0.000013 
500.000000  501.000000  0.000013 
501.000000  502.000000  0.000012 
502.000000  503.000000  0.000012 
503.000000  504.000000  0.000012 
504.000000  505.000000  0.000012 
505.000000  506.000000  0.000012 
506.000000  507.000000  0.000012 
507.000000  508.000000  0.000012 
508.000000  509.000000  0.000012 
509.000000  510.000000  0.000012 
510.000000  511.000000  0.000012 
511.000000  512.000000  0.000012 
512.000000  513.000000  0.000012 
513.000000  514.000000  0.000011 
514.000000  515.000000  0.000011 
515.000000  516.000000  0.000011 
516.000000  517.000000  0.000011 
517.000000  518.000000  0.000011 
518.000000  519.000000  0.000011 
519.000000  520.000000  0.000011 
520.000000  521.000000  0.000011 
521.000000  522.000000  0.000011 
522.000000  523.000000  0.000011 
523.000000  524.000000  0.000011 
524.000000  525.000000  0.000011 
525.000000  526.000000  0.000011 
526.000000  527.000000  0.000010 
527.000000  528.000000  0.000010 
528.000000  529.000000  0.000010 
529.000000  530.000000  0.000010 
530.000000  531.000000  0.000010 
531.000000  532.000000  0.000010 
532.000000  533.000000  0.000010 
533.000000  534.000000  0.000010 
534.000000  535.000000  0.000010 
535.000000  536.000000  0.000010 
536.000000  537.000000  0.000010 
537.000000  538.000000  0.000010 
538.000000  539.000000  0.000010 
539.000000  540.000000  0.000010 
540.000000  541.000000  0.000010 
541.000000  542.000000  0.000009 
542.000000  543.000000  0.000009 
543.000000  544.000000  0.000009 
544.000000  545.000000  0.000009 
545.000000  546.000000  0.000009 
546.000000  547.000000  0.000009 
547.000000  548.000000  0.000009 
548.000000  549.000000  0.000009 
549.000000  550.000000  0.000009 
550.000000  551.000000  0.000009 
551.000000  552.000000  0.000009 
552.000000  553.000000  0.000009 
553.000000  554.000000  0.000009 
554.000000  555.000000  0.000009 
555.000000  556.000000  0.000009 
556.000000  557.000000  0.000009 
557.000000  558.000000  0.000009 
558.000000  559.000000  0.000009 
559.000000  560.000000  0.000008 
560.000000  561.000000  0.000008 
561.000000  562.000000  0.000008 
562.000000  563.000000  0.000008 
563.000000  564.000000  0.000008 
564.000000  565.000000  0.000008 
565.000000  566.000000  0.000008 
566.000000  567.000000  0.000008 
567.000000  568.000000  0.000008 
568.000000  569.000000  0.000008 
569.000000  570.000000  0.000008 
570.000000  571.000000  0.000008 
571.000000  572.000000  0.000008 
572.000000  573.000000  0.000008 
573.000000  574.000000  0.000008 
574.000000  575.000000  0.000008 
575.000000  576.000000  0.000008 
576.000000  577.000000  0.000008 
577.000000  578.000000  0.000008 
578.000000  579.000000  0.000008 
579.000000  580.000000  0.000008 
580.000000  581.000000  0.000008 
581.000000  582.000000  0.000007 
582.000000  583.000000  0.000007 
583.000000  584.000000  0.000007 
584.000000  585.000000  0.000007 
585.000000  586.000000  0.000007 
586.000000  587.000000  0.000007 
587.000000  588.000000  0.000007 
588.000000  589.000000  0.000007 
589.000000  590.000000  0.000007 
590.000000  591.000000  0.000007 
591.000000  592.000000  0.000007 
592.000000  593.000000  0.000007 
593.000000  594.000000  0.000007 
594.000000  595.000000  0.000007 
595.000000  596.000000  0.000007 
596.000000  597.000000  0.000007 
597.000000  598.000000  0.000007 
598.000000  599.000000  0.000007 
599.000000  600.000000  0.000007 
600.000000  601.000000  0.000007 
601.000000  602.000000  0.000007 
602.000000  603.000000  0.000007 
603.000000  604.000000  0.000007 
604.000000  605.000000  0.000007 
605.000000  606.000000  0.000007 
606.000000  607.000000  0.000007 
607.000000  608.000000  0.000007 
608.000000  609.000000  0.000006 
609.000000  610.000000  0.000006 
610.000000  611.000000  0.000006 
611.000000  612.000000  0.000006 
612.000000  613.000000  0.000006 
613.000000  614.000000  0.000006 
614.000000  615.000000  0.000006 
615.000000  616.000000  0.000006 
616.000000  617.000000  0.000006 
617.000000  618.000000  0.000006 
618.000000  619.000000  0.000006 
619.000000  620.000000  0.000006 
620.000000  621.000000  0.000006 
621.000000  622.000000  0.000006 
622.000000  623.000000  0.000006 
623.000000  624.000000  0.000006 
624.000000  625.000000  0.000006 
625.000000  626.000000  0.000006 
626.000000  627.000000  0.000006 
627.000000  628.000000  0.000006 
628.000000  629.000000  0.000006 
629.000000  630.000000  0.000006 
630.000000  631.000000  0.000006 
631.000000  632.000000  0.000006 
632.000000  633.000000  0.000006 
633.000000  634.000000  0.000006 
634.000000  635.000000  0.000006 
635.000000  636.000000  0.000006 
636.000000  637.000000  0.000006 
637.000000  638.000000  0.000006 
638.000000  639.000000  0.000006 
639.000000  640.000000  0.000006 
640.000000  641.000000  0.000006 
641.000000  642.000000  0.000006 
642.000000  643.000000  0.000006 
643.000000  644.000000  0.000006 
644.000000  645.000000  0.000005 
645.000000  646.000000  0.000005 
646.000000  647.000000  0.000005 
647.000000  648.000000  0.000005 
648.000000  649.000000  0.000005 
649.000000  650.000000  0.000005 
650.000000  651.000000  0.000005 
651.000000  652.000000  0.000005 
652.000000  653.000000  0.000005 
653.000000  654.000000  0.000005 
654.000000  655.000000  0.000005 
655.000000  656.000000  0.000005 
656.000000  657.000000  0.000005 
657.000000  658.000000  0.000005 
658.000000  659.000000  0.000005 
659.000000  660.000000  0.000005 
660.000000  661.000000  0.000005 
661.000000  662.000000  0.000005 
662.000000  663.000000  0.000005 
663.000000  664.000000  0.000005 
664.000000  665.000000  0.000005 
665.000000  666.000000  0.000005 
666.000000  667.000000  0.000005 
667.000000  668.000000  0.000005 
668.000000  669.000000  0.000005 
669.000000  670.000000  0.000005 
670.000000  671.000000  0.000005 
671.000000  672.000000  0.000005 
672.000000  673.000000  0.000005 
673.000000  674.000000  0.000005 
674.000000  675.000000  0.000005 
675.000000  676.000000  0.000005 
676.000000  677.000000  0.000005 
677.000000  678.000000  0.000005 
678.000000  679.000000  0.000005 
679.000000  680.000000  0.000005 
680.000000  681.000000  0.000005 
681.000000  682.000000  0.000005 
682.000000  683.000000  0.000005 
683.000000  684.000000  0.000005 
684.000000  685.000000  0.000005 
685.000000  686.000000  0.000005 
686.000000  687.000000  0.000005 
687.000000  688.000000  0.000005 
688.000000  689.000000  0.000005 
689.000000  690.000000  0.000005 
690.000000  691.000000  0.000005 
691.000000  692.000000  0.000005 
692.000000  693.000000  0.000005 
693.000000  694.000000  0.000005 
694.000000  695.000000  0.000005 
695.000000  696.000000  0.000005 
696.000000  697.000000  0.000005 
697.000000  698.000000  0.000005 
698.000000  699.000000  0.000004 
699.000000  700.000000  0.000004 
700.000000  701.000000  0.000004 
701.000000  702.000000  0.000004 
702.000000  703.000000  0.000004 
703.000000  704.000000  0.000004 
704.000000  705.000000  0.000004 
705.000000  706.000000  0.000004 
706.000000  707.000000  0.000004 
707.000000  708.000000  0.000004 
708.000000  709.000000  0.000004 
709.000000  710.000000  0.000004 
710.000000  711.000000  0.000004 
711.000000  712.000000  0.000004 
712.000000  713.000000  0.000004 
713.000000  714.000000  0.000004 
714.000000  715.000000  0.000004 
715.000000  716.000000  0.000004 
716.000000  717.000000  0.000004 
717.000000  718.000000  0.000004 
718.000000  719.000000  0.000004 
719.000000  720.000000  0.000004 
720.000000  721.000000  0.000004 
721.000000  722.000000  0.000004 
722.000000  723.000000  0.000004 
723.000000  724.000000  0.000004 
724.000000  725.000000  0.000004 
725.000000  726.000000  0.000004 
726.000000  727.000000  0.000004 
727.000000  728.000000  0.000004 
728.000000  729.000000  0.000004 
729.000000  730.000000  0.000004 
730.000000  731.000000  0.000004 
731.000000  732.000000  0.000004 
732.000000  733.000000  0.000004 
733.000000  734.000000  0.000004 
734.000000  735.000000  0.000004 
735.000000  736.000000  0.000004 
736.000000  737.000000  0.000004 
737.000000  738.000000  0.000004 
738.000000  739.000000  0.000004 
739.000000  740.000000  0.000004 
740.000000  741.000000  0.000004 
741.000000  742.000000  0.000004 
742.000000  743.000000  0.000004 
743.000000  744.000000  0.000004 
744.000000  745.000000  0.000004 
745.000000  746.000000  0.000004 
746.000000  747.000000  0.000004 
747.000000  748.000000  0.000004 
748.000000  749.000000  0.000004 
749.000000  750.000000  0.000004 
750.000000  751.000000  0.000004 
751.000000  752.000000  0.000004 
752.000000  753.000000  0.000004 
753.000000  754.000000  0.000004 
754.000000  755.000000  0.000004 
755.000000  756.000000  0.000004 
756.000000  757.000000  0.000004 
757.000000  758.000000  0.000004 
758.000000  759.000000  0.000004 
759.000000  760.000000  0.000004 
760.000000  761.000000  0.000004 
761.000000  762.000000  0.000004 
762.000000  763.000000  0.000004 
763.000000  764.000000  0.000004 
764.000000  765.000000  0.000004 
765.000000  766.000000  0.000004 
766.000000  767.000000  0.000004 
767.000000  768.000000  0.000004 
768.000000  769.000000  0.000004 
769.000000  770.000000  0.000004 
770.000000  771.000000  0.000004 
771.000000  772.000000  0.000004 
772.000000  773.000000  0.000004 
773.000000  774.000000  0.000004 
774.000000  775.000000  0.000004 
775.000000  776.000000  0.000004 
776.000000  777.000000  0.000004 
777.000000  778.000000  0.000004 
778.000000  779.000000  0.000004 
779.000000  780.000000  0.000004 
780.000000  781.000000  0.000004 
781.000000  782.000000  0.000004 
782.000000  783.000000  0.000004 
783.000000  784.000000  0.000004 
784.000000  785.000000  0.000004 
785.000000  786.000000  0.000004 
786.000000  787.000000  0.000004 
787.000000  788.000000  0.000004 
788.000000  789.000000  0.000004 
789.000000  790.000000  0.000004 
790.000000  791.000000  0.000004 
791.000000  792.000000  0.000004 
792.000000  793.000000  0.000004 
793.000000  794.000000  0.000004 
794.000000  795.000000  0.000004 
795.000000  796.000000  0.000004 
796.000000  797.000000  0.000004 
797.000000  798.000000  0.000004 
798.000000  799.000000  0.000004 
799.000000  800.000000  0.000004 
800.000000  801.000000  0.000004 
801.000000  802.000000  0.000004 
802.000000  803.000000  0.000004 
803.000000  804.000000  0.000004 
804.000000  805.000000  0.000004 
805.000000  806.000000  0.000004 
806.000000  807.000000  0.000004 
807.000000  808.000000  0.000004 
808.000000  809.000000  0.000004 
809.000000  810.000000  0.000004 
810.000000  811.000000  0.000004 
811.000000  812.000000  0.000004 
812.000000  813.000000  0.000003 
813.000000  814.000000  0.000003 
814.000000  815.000000  0.000003 
815.000000  816.000000  0.000003 
816.000000  817.000000  0.000003 
817.000000  818.000000  0.000003 
818.000000  819.000000  0.000003 
819.000000  820.000000  0.000003 
820.000000  821.000000  0.000003 
821.000000  822.000000  0.000003 
822.000000  823.000000  0.000003 
823.000000  824.000000  0.000003 
824.000000  825.000000  0.000003 
825.000000  826.000000  0.000003 
826.000000  827.000000  0.000003 
827.000000  828.000000  0.000003 
828.000000  829.000000  0.000003 
829.000000  830.000000  0.000003 
830.000000  831.000000  0.000003 
831.000000  832.000000  0.000003 
832.000000  833.000000  0.000003 
833.000000  834.000000  0.000003 
834.000000  835.000000  0.000003 
835.000000  836.000000  0.000003 
836.000000  837.000000  0.000003 
837.000000  838.000000  0.000003 
838.000000  839.000000  0.000003 
839.000000  840.000000  0.000003 
840.000000  841.000000  0.000003 
841.000000  842.000000  0.000003 
842.000000  843.000000  0.000003 
843.000000  844.000000  0.000003 
844.000000  845.000000  0.000003 
845.000000  846.000000  0.000003 
846.000000  847.000000  0.000003 
847.000000  848.000000  0.000003 
848.000000  849.000000  0.000003 
849.000000  850.000000  0.000003 
850.000000  851.000000  0.000003 
851.000000  852.000000  0.000003 
852.000000  853.000000  0.000003 
853.000000  854.000000  0.000003 
854.000000  855.000000  0.000003 
855.000000  856.000000  0.000003 
856.000000  857.000000  0.000003 
857.000000  858.000000  0.000003 
858.000000  859.000000  0.000003 
859.000000  860.000000  0.000003 
860.000000  861.000000  0.000003 
861.000000  862.000000  0.000003 
862.000000  863.000000  0.000003 
863.000000  864.000000  0.000003 
864.000000  865.000000  0.000003 
865.000000  866.000000  0.000003 
866.000000  867.000000  0.000003 
867.000000  868.000000  0.000003 
868.000000  869.000000  0.000003 
869.000000  870.000000  0.000003 
870.000000  871.000000  0.000003 
871.000000  872.000000  0.000003 
872.000000  873.000000  0.000003 
873.000000  874.000000  0.000003 
874.000000  875.000000  0.000003 
875.000000  876.000000  0.000003 
876.000000  877.000000  0.000003 
877.000000  878.000000  0.000003 
878.000000  879.000000  0.000003 
879.000000  880.000000  0.000003 
880.000000  881.000000  0.000003 
881.000000  882.000000  0.000003 
882.000000  883.000000  0.000003 
883.000000  884.000000  0.000003 
884.000000  885.000000  0.000003 
885.000000  886.000000  0.000003 
886.000000  887.000000  0.000003 
887.000000  888.000000  0.000003 
888.000000  889.000000  0.000003 
889.000000  890.000000  0.000003 
890.000000  891.000000  0.000003 
891.000000  892.000000  0.000003 
892.000000  893.000000  0.000003 
893.000000  894.000000  0.000003 
894.000000  895.000000  0.000003 
895.000000  896.000000  0.000003 
896.000000  897.000000  0.000003 
897.000000  898.000000  0.000003 
898.000000  899.000000  0.000003 
899.000000  900.000000  0.000003 
900.000000  901.000000  0.000003 
901.000000  902.000000  0.000003 
902.000000  903.000000  0.000003 
903.000000  904.000000  0.000003 
904.000000  905.000000  0.000003 
905.000000  906.000000  0.000003 
906.000000  907.000000  0.000003 
907.000000  908.000000  0.000003 
908.000000  909.000000  0.000003 
909.000000  910.000000  0.000003 
910.000000  911.000000  0.000003 
911.000000  912.000000  0.000003 
912.000000  913.000000  0.000003 
913.000000  914.000000  0.000003 
914.000000  915.000000  0.000003 
915.000000  916.000000  0.000003 
916.000000  917.000000  0.000003 
917.000000  918.000000  0.000003 
918.000000  919.000000  0.000003 
919.000000  920.000000  0.000003 
920.000000  921.000000  0.000003 
921.000000  922.000000  0.000003 
922.000000  923.000000  0.000003 
923.000000  924.000000  0.000003 
924.000000  925.000000  0.000003 
925.000000  926.000000  0.000003 
926.000000  927.000000  0.000003 
927.000000  928.000000  0.000003 
928.000000  929.000000  0.000003 
929.000000  930.000000  0.000003 
930.000000  931.000000  0.000003 
931.000000  932.000000  0.000003 
932.000000  933.000000  0.000003 
933.000000  934.000000  0.000003 
934.000000  935.000000  0.000003 
935.000000  936.000000  0.000003 
936.000000  937.000000  0.000003 
937.000000  938.000000  0.000003 
938.000000  939.000000  0.000003 
939.000000  940.000000  0.000003 
940.000000  941.000000  0.000003 
941.000000  942.000000  0.000003 
942.000000  943.000000  0.000003 
943.000000  944.000000  0.000003 
