20.000000  21.000000  0.000027 
21.000000  22.000000  0.000031 
22.000000  23.000000  0.000035 
23.000000  24.000000  0.000038 
24.000000  25.000000  0.000043 
25.000000  26.000000  0.000047 
26.000000  27.000000  0.000051 
27.000000  28.000000  0.000055 
28.000000  29.000000  0.000060 
29.000000  30.000000  0.000065 
30.000000  31.000000  0.000069 
31.000000  32.000000  0.000074 
32.000000  33.000000  0.000079 
33.000000  34.000000  0.000084 
34.000000  35.000000  0.000089 
35.000000  36.000000  0.000094 
36.000000  37.000000  0.000099 
37.000000  38.000000  0.000104 
38.000000  39.000000  0.000109 
39.000000  40.000000  0.000114 
40.000000  41.000000  0.000120 
41.000000  42.000000  0.000125 
42.000000  43.000000  0.000130 
43.000000  44.000000  0.000136 
44.000000  45.000000  0.000141 
45.000000  46.000000  0.000146 
46.000000  47.000000  0.000152 
47.000000  48.000000  0.000157 
48.000000  49.000000  0.000162 
49.000000  50.000000  0.000168 
50.000000  51.000000  0.000173 
51.000000  52.000000  0.000178 
52.000000  53.000000  0.000183 
53.000000  54.000000  0.000188 
54.000000  55.000000  0.000193 
55.000000  56.000000  0.000198 
56.000000  57.000000  0.000203 
57.000000  58.000000  0.000208 
58.000000  59.000000  0.000213 
59.000000  60.000000  0.000217 
60.000000  61.000000  0.000222 
61.000000  62.000000  0.000226 
62.000000  63.000000  0.000231 
63.000000  64.000000  0.000235 
64.000000  65.000000  0.000239 
65.000000  66.000000  0.000243 
66.000000  67.000000  0.000247 
67.000000  68.000000  0.000250 
68.000000  69.000000  0.000254 
69.000000  70.000000  0.000258 
70.000000  71.000000  0.000261 
71.000000  72.000000  0.000264 
72.000000  73.000000  0.000268 
73.000000  74.000000  0.000271 
74.000000  75.000000  0.000274 
75.000000  76.000000  0.000277 
76.000000  77.000000  0.000280 
77.000000  78.000000  0.000282 
78.000000  79.000000  0.000285 
79.000000  80.000000  0.000287 
80.000000  81.000000  0.000290 
81.000000  82.000000  0.000292 
82.000000  83.000000  0.000294 
83.000000  84.000000  0.000297 
84.000000  85.000000  0.000299 
85.000000  86.000000  0.000301 
86.000000  87.000000  0.000303 
87.000000  88.000000  0.000305 
88.000000  89.000000  0.000306 
89.000000  90.000000  0.000308 
90.000000  91.000000  0.000310 
91.000000  92.000000  0.000311 
92.000000  93.000000  0.000313 
93.000000  94.000000  0.000314 
94.000000  95.000000  0.000316 
95.000000  96.000000  0.000317 
96.000000  97.000000  0.000319 
97.000000  98.000000  0.000320 
98.000000  99.000000  0.000321 
99.000000  100.000000  0.000322 
100.000000  101.000000  0.000324 
101.000000  102.000000  0.000325 
102.000000  103.000000  0.000326 
103.000000  104.000000  0.000327 
104.000000  105.000000  0.000328 
105.000000  106.000000  0.000329 
106.000000  107.000000  0.000330 
107.000000  108.000000  0.000331 
108.000000  109.000000  0.000332 
109.000000  110.000000  0.000333 
110.000000  111.000000  0.000333 
111.000000  112.000000  0.000334 
112.000000  113.000000  0.000335 
113.000000  114.000000  0.000336 
114.000000  115.000000  0.000337 
115.000000  116.000000  0.000337 
116.000000  117.000000  0.000338 
117.000000  118.000000  0.000339 
118.000000  119.000000  0.000340 
119.000000  120.000000  0.000340 
120.000000  121.000000  0.000341 
121.000000  122.000000  0.000342 
122.000000  123.000000  0.000342 
123.000000  124.000000  0.000343 
124.000000  125.000000  0.000344 
125.000000  126.000000  0.000344 
126.000000  127.000000  0.000345 
127.000000  128.000000  0.000345 
128.000000  129.000000  0.000346 
129.000000  130.000000  0.000347 
130.000000  131.000000  0.000347 
131.000000  132.000000  0.000348 
132.000000  133.000000  0.000348 
133.000000  134.000000  0.000349 
134.000000  135.000000  0.000350 
135.000000  136.000000  0.000350 
136.000000  137.000000  0.000351 
137.000000  138.000000  0.000351 
138.000000  139.000000  0.000352 
139.000000  140.000000  0.000352 
140.000000  141.000000  0.000353 
141.000000  142.000000  0.000353 
142.000000  143.000000  0.000354 
143.000000  144.000000  0.000354 
144.000000  145.000000  0.000355 
145.000000  146.000000  0.000355 
146.000000  147.000000  0.000356 
147.000000  148.000000  0.000356 
148.000000  149.000000  0.000357 
149.000000  150.000000  0.000357 
150.000000  151.000000  0.000358 
151.000000  152.000000  0.000358 
152.000000  153.000000  0.000358 
153.000000  154.000000  0.000359 
154.000000  155.000000  0.000359 
155.000000  156.000000  0.000360 
156.000000  157.000000  0.000360 
157.000000  158.000000  0.000361 
158.000000  159.000000  0.000361 
159.000000  160.000000  0.000362 
160.000000  161.000000  0.000362 
161.000000  162.000000  0.000362 
162.000000  163.000000  0.000363 
163.000000  164.000000  0.000363 
164.000000  165.000000  0.000364 
165.000000  166.000000  0.000364 
166.000000  167.000000  0.000364 
167.000000  168.000000  0.000365 
168.000000  169.000000  0.000365 
169.000000  170.000000  0.000366 
170.000000  171.000000  0.000366 
171.000000  172.000000  0.000366 
172.000000  173.000000  0.000367 
173.000000  174.000000  0.000367 
174.000000  175.000000  0.000367 
175.000000  176.000000  0.000368 
176.000000  177.000000  0.000368 
177.000000  178.000000  0.000368 
178.000000  179.000000  0.000369 
179.000000  180.000000  0.000369 
180.000000  181.000000  0.000369 
181.000000  182.000000  0.000370 
182.000000  183.000000  0.000370 
183.000000  184.000000  0.000370 
184.000000  185.000000  0.000371 
185.000000  186.000000  0.000371 
186.000000  187.000000  0.000371 
187.000000  188.000000  0.000372 
188.000000  189.000000  0.000372 
189.000000  190.000000  0.000372 
190.000000  191.000000  0.000372 
191.000000  192.000000  0.000373 
192.000000  193.000000  0.000373 
193.000000  194.000000  0.000373 
194.000000  195.000000  0.000374 
195.000000  196.000000  0.000374 
196.000000  197.000000  0.000374 
197.000000  198.000000  0.000374 
198.000000  199.000000  0.000375 
199.000000  200.000000  0.000375 
200.000000  201.000000  0.000375 
201.000000  202.000000  0.000375 
202.000000  203.000000  0.000376 
203.000000  204.000000  0.000376 
204.000000  205.000000  0.000376 
205.000000  206.000000  0.000376 
206.000000  207.000000  0.000377 
207.000000  208.000000  0.000377 
208.000000  209.000000  0.000377 
209.000000  210.000000  0.000377 
210.000000  211.000000  0.000378 
211.000000  212.000000  0.000378 
212.000000  213.000000  0.000378 
213.000000  214.000000  0.000378 
214.000000  215.000000  0.000378 
215.000000  216.000000  0.000379 
216.000000  217.000000  0.000379 
217.000000  218.000000  0.000379 
218.000000  219.000000  0.000379 
219.000000  220.000000  0.000380 
220.000000  221.000000  0.000380 
221.000000  222.000000  0.000380 
222.000000  223.000000  0.000380 
223.000000  224.000000  0.000380 
224.000000  225.000000  0.000381 
225.000000  226.000000  0.000381 
226.000000  227.000000  0.000381 
227.000000  228.000000  0.000381 
228.000000  229.000000  0.000381 
229.000000  230.000000  0.000382 
230.000000  231.000000  0.000382 
231.000000  232.000000  0.000382 
232.000000  233.000000  0.000382 
233.000000  234.000000  0.000382 
234.000000  235.000000  0.000383 
235.000000  236.000000  0.000383 
236.000000  237.000000  0.000383 
237.000000  238.000000  0.000383 
238.000000  239.000000  0.000384 
239.000000  240.000000  0.000384 
240.000000  241.000000  0.000384 
241.000000  242.000000  0.000384 
242.000000  243.000000  0.000384 
243.000000  244.000000  0.000385 
244.000000  245.000000  0.000385 
245.000000  246.000000  0.000385 
246.000000  247.000000  0.000385 
247.000000  248.000000  0.000385 
248.000000  249.000000  0.000386 
249.000000  250.000000  0.000386 
250.000000  251.000000  0.000386 
251.000000  252.000000  0.000386 
252.000000  253.000000  0.000387 
253.000000  254.000000  0.000387 
254.000000  255.000000  0.000387 
255.000000  256.000000  0.000387 
256.000000  257.000000  0.000388 
257.000000  258.000000  0.000388 
258.000000  259.000000  0.000388 
259.000000  260.000000  0.000388 
260.000000  261.000000  0.000389 
261.000000  262.000000  0.000389 
262.000000  263.000000  0.000389 
263.000000  264.000000  0.000389 
264.000000  265.000000  0.000390 
265.000000  266.000000  0.000390 
266.000000  267.000000  0.000390 
267.000000  268.000000  0.000390 
268.000000  269.000000  0.000391 
269.000000  270.000000  0.000391 
270.000000  271.000000  0.000391 
271.000000  272.000000  0.000391 
272.000000  273.000000  0.000392 
273.000000  274.000000  0.000392 
274.000000  275.000000  0.000392 
275.000000  276.000000  0.000393 
276.000000  277.000000  0.000393 
277.000000  278.000000  0.000393 
278.000000  279.000000  0.000393 
279.000000  280.000000  0.000394 
280.000000  281.000000  0.000394 
281.000000  282.000000  0.000394 
282.000000  283.000000  0.000395 
283.000000  284.000000  0.000395 
284.000000  285.000000  0.000395 
285.000000  286.000000  0.000396 
286.000000  287.000000  0.000396 
287.000000  288.000000  0.000396 
288.000000  289.000000  0.000397 
289.000000  290.000000  0.000397 
290.000000  291.000000  0.000397 
291.000000  292.000000  0.000398 
292.000000  293.000000  0.000398 
293.000000  294.000000  0.000398 
294.000000  295.000000  0.000399 
295.000000  296.000000  0.000399 
296.000000  297.000000  0.000399 
297.000000  298.000000  0.000400 
298.000000  299.000000  0.000400 
299.000000  300.000000  0.000400 
300.000000  301.000000  0.000401 
301.000000  302.000000  0.000401 
302.000000  303.000000  0.000401 
303.000000  304.000000  0.000402 
304.000000  305.000000  0.000402 
305.000000  306.000000  0.000403 
306.000000  307.000000  0.000403 
307.000000  308.000000  0.000403 
308.000000  309.000000  0.000404 
309.000000  310.000000  0.000404 
310.000000  311.000000  0.000404 
311.000000  312.000000  0.000405 
312.000000  313.000000  0.000405 
313.000000  314.000000  0.000406 
314.000000  315.000000  0.000406 
315.000000  316.000000  0.000406 
316.000000  317.000000  0.000407 
317.000000  318.000000  0.000407 
318.000000  319.000000  0.000408 
319.000000  320.000000  0.000408 
320.000000  321.000000  0.000408 
321.000000  322.000000  0.000409 
322.000000  323.000000  0.000409 
323.000000  324.000000  0.000410 
324.000000  325.000000  0.000410 
325.000000  326.000000  0.000410 
326.000000  327.000000  0.000411 
327.000000  328.000000  0.000411 
328.000000  329.000000  0.000412 
329.000000  330.000000  0.000412 
330.000000  331.000000  0.000413 
331.000000  332.000000  0.000413 
332.000000  333.000000  0.000413 
333.000000  334.000000  0.000414 
334.000000  335.000000  0.000414 
335.000000  336.000000  0.000415 
336.000000  337.000000  0.000415 
337.000000  338.000000  0.000416 
338.000000  339.000000  0.000416 
339.000000  340.000000  0.000416 
340.000000  341.000000  0.000417 
341.000000  342.000000  0.000417 
342.000000  343.000000  0.000418 
343.000000  344.000000  0.000418 
344.000000  345.000000  0.000419 
345.000000  346.000000  0.000419 
346.000000  347.000000  0.000420 
347.000000  348.000000  0.000420 
348.000000  349.000000  0.000420 
349.000000  350.000000  0.000421 
350.000000  351.000000  0.000421 
351.000000  352.000000  0.000422 
352.000000  353.000000  0.000422 
353.000000  354.000000  0.000423 
354.000000  355.000000  0.000423 
355.000000  356.000000  0.000424 
356.000000  357.000000  0.000424 
357.000000  358.000000  0.000424 
358.000000  359.000000  0.000425 
359.000000  360.000000  0.000425 
360.000000  361.000000  0.000426 
361.000000  362.000000  0.000426 
362.000000  363.000000  0.000427 
363.000000  364.000000  0.000427 
364.000000  365.000000  0.000428 
365.000000  366.000000  0.000428 
366.000000  367.000000  0.000428 
367.000000  368.000000  0.000429 
368.000000  369.000000  0.000429 
369.000000  370.000000  0.000430 
370.000000  371.000000  0.000430 
371.000000  372.000000  0.000431 
372.000000  373.000000  0.000431 
373.000000  374.000000  0.000432 
374.000000  375.000000  0.000432 
375.000000  376.000000  0.000432 
376.000000  377.000000  0.000433 
377.000000  378.000000  0.000433 
378.000000  379.000000  0.000434 
379.000000  380.000000  0.000434 
380.000000  381.000000  0.000435 
381.000000  382.000000  0.000435 
382.000000  383.000000  0.000436 
383.000000  384.000000  0.000436 
384.000000  385.000000  0.000436 
385.000000  386.000000  0.000437 
386.000000  387.000000  0.000437 
387.000000  388.000000  0.000438 
388.000000  389.000000  0.000438 
389.000000  390.000000  0.000439 
390.000000  391.000000  0.000439 
391.000000  392.000000  0.000439 
392.000000  393.000000  0.000440 
393.000000  394.000000  0.000440 
394.000000  395.000000  0.000441 
395.000000  396.000000  0.000441 
396.000000  397.000000  0.000442 
397.000000  398.000000  0.000442 
398.000000  399.000000  0.000442 
399.000000  400.000000  0.000443 
400.000000  401.000000  0.000443 
401.000000  402.000000  0.000444 
402.000000  403.000000  0.000444 
403.000000  404.000000  0.000445 
404.000000  405.000000  0.000445 
405.000000  406.000000  0.000445 
406.000000  407.000000  0.000446 
407.000000  408.000000  0.000446 
408.000000  409.000000  0.000447 
409.000000  410.000000  0.000447 
410.000000  411.000000  0.000447 
411.000000  412.000000  0.000448 
412.000000  413.000000  0.000448 
413.000000  414.000000  0.000449 
414.000000  415.000000  0.000449 
415.000000  416.000000  0.000449 
416.000000  417.000000  0.000450 
417.000000  418.000000  0.000450 
418.000000  419.000000  0.000451 
419.000000  420.000000  0.000451 
420.000000  421.000000  0.000451 
421.000000  422.000000  0.000452 
422.000000  423.000000  0.000452 
423.000000  424.000000  0.000453 
424.000000  425.000000  0.000453 
425.000000  426.000000  0.000453 
426.000000  427.000000  0.000454 
427.000000  428.000000  0.000454 
428.000000  429.000000  0.000455 
429.000000  430.000000  0.000455 
430.000000  431.000000  0.000455 
431.000000  432.000000  0.000456 
432.000000  433.000000  0.000456 
433.000000  434.000000  0.000456 
434.000000  435.000000  0.000457 
435.000000  436.000000  0.000457 
436.000000  437.000000  0.000458 
437.000000  438.000000  0.000458 
438.000000  439.000000  0.000458 
439.000000  440.000000  0.000459 
440.000000  441.000000  0.000459 
441.000000  442.000000  0.000459 
442.000000  443.000000  0.000460 
443.000000  444.000000  0.000460 
444.000000  445.000000  0.000460 
445.000000  446.000000  0.000461 
446.000000  447.000000  0.000461 
447.000000  448.000000  0.000461 
448.000000  449.000000  0.000462 
449.000000  450.000000  0.000462 
450.000000  451.000000  0.000462 
451.000000  452.000000  0.000463 
452.000000  453.000000  0.000463 
453.000000  454.000000  0.000464 
454.000000  455.000000  0.000464 
455.000000  456.000000  0.000464 
456.000000  457.000000  0.000465 
457.000000  458.000000  0.000465 
458.000000  459.000000  0.000465 
459.000000  460.000000  0.000465 
460.000000  461.000000  0.000466 
461.000000  462.000000  0.000466 
462.000000  463.000000  0.000466 
463.000000  464.000000  0.000467 
464.000000  465.000000  0.000467 
465.000000  466.000000  0.000467 
466.000000  467.000000  0.000468 
467.000000  468.000000  0.000468 
468.000000  469.000000  0.000468 
469.000000  470.000000  0.000469 
470.000000  471.000000  0.000469 
471.000000  472.000000  0.000469 
472.000000  473.000000  0.000470 
473.000000  474.000000  0.000470 
474.000000  475.000000  0.000470 
475.000000  476.000000  0.000470 
476.000000  477.000000  0.000471 
477.000000  478.000000  0.000471 
478.000000  479.000000  0.000471 
479.000000  480.000000  0.000472 
480.000000  481.000000  0.000472 
481.000000  482.000000  0.000472 
482.000000  483.000000  0.000473 
483.000000  484.000000  0.000473 
484.000000  485.000000  0.000473 
485.000000  486.000000  0.000473 
486.000000  487.000000  0.000474 
487.000000  488.000000  0.000474 
488.000000  489.000000  0.000474 
489.000000  490.000000  0.000475 
490.000000  491.000000  0.000475 
491.000000  492.000000  0.000475 
492.000000  493.000000  0.000475 
493.000000  494.000000  0.000476 
494.000000  495.000000  0.000476 
495.000000  496.000000  0.000476 
496.000000  497.000000  0.000476 
497.000000  498.000000  0.000477 
498.000000  499.000000  0.000477 
499.000000  500.000000  0.000477 
500.000000  501.000000  0.000477 
501.000000  502.000000  0.000478 
502.000000  503.000000  0.000478 
503.000000  504.000000  0.000478 
504.000000  505.000000  0.000478 
505.000000  506.000000  0.000479 
506.000000  507.000000  0.000479 
507.000000  508.000000  0.000479 
508.000000  509.000000  0.000479 
509.000000  510.000000  0.000480 
510.000000  511.000000  0.000480 
511.000000  512.000000  0.000480 
512.000000  513.000000  0.000480 
513.000000  514.000000  0.000481 
514.000000  515.000000  0.000481 
515.000000  516.000000  0.000481 
516.000000  517.000000  0.000481 
517.000000  518.000000  0.000482 
518.000000  519.000000  0.000482 
519.000000  520.000000  0.000482 
520.000000  521.000000  0.000482 
521.000000  522.000000  0.000482 
522.000000  523.000000  0.000483 
523.000000  524.000000  0.000483 
524.000000  525.000000  0.000483 
525.000000  526.000000  0.000483 
526.000000  527.000000  0.000484 
527.000000  528.000000  0.000484 
528.000000  529.000000  0.000484 
529.000000  530.000000  0.000484 
530.000000  531.000000  0.000484 
531.000000  532.000000  0.000485 
532.000000  533.000000  0.000485 
533.000000  534.000000  0.000485 
534.000000  535.000000  0.000485 
535.000000  536.000000  0.000485 
536.000000  537.000000  0.000486 
537.000000  538.000000  0.000486 
538.000000  539.000000  0.000486 
539.000000  540.000000  0.000486 
540.000000  541.000000  0.000486 
541.000000  542.000000  0.000487 
542.000000  543.000000  0.000487 
543.000000  544.000000  0.000487 
544.000000  545.000000  0.000487 
545.000000  546.000000  0.000487 
546.000000  547.000000  0.000488 
547.000000  548.000000  0.000488 
548.000000  549.000000  0.000488 
549.000000  550.000000  0.000488 
550.000000  551.000000  0.000488 
551.000000  552.000000  0.000489 
552.000000  553.000000  0.000489 
553.000000  554.000000  0.000489 
554.000000  555.000000  0.000489 
555.000000  556.000000  0.000489 
556.000000  557.000000  0.000489 
557.000000  558.000000  0.000490 
558.000000  559.000000  0.000490 
559.000000  560.000000  0.000490 
560.000000  561.000000  0.000490 
561.000000  562.000000  0.000490 
562.000000  563.000000  0.000490 
563.000000  564.000000  0.000491 
564.000000  565.000000  0.000491 
565.000000  566.000000  0.000491 
566.000000  567.000000  0.000491 
567.000000  568.000000  0.000491 
568.000000  569.000000  0.000491 
569.000000  570.000000  0.000492 
570.000000  571.000000  0.000492 
571.000000  572.000000  0.000492 
572.000000  573.000000  0.000492 
573.000000  574.000000  0.000492 
574.000000  575.000000  0.000492 
575.000000  576.000000  0.000493 
576.000000  577.000000  0.000493 
577.000000  578.000000  0.000493 
578.000000  579.000000  0.000493 
579.000000  580.000000  0.000493 
580.000000  581.000000  0.000493 
581.000000  582.000000  0.000493 
582.000000  583.000000  0.000494 
583.000000  584.000000  0.000494 
584.000000  585.000000  0.000494 
585.000000  586.000000  0.000494 
586.000000  587.000000  0.000494 
587.000000  588.000000  0.000494 
588.000000  589.000000  0.000494 
589.000000  590.000000  0.000495 
590.000000  591.000000  0.000495 
591.000000  592.000000  0.000495 
592.000000  593.000000  0.000495 
593.000000  594.000000  0.000495 
594.000000  595.000000  0.000495 
595.000000  596.000000  0.000495 
596.000000  597.000000  0.000496 
597.000000  598.000000  0.000496 
598.000000  599.000000  0.000496 
599.000000  600.000000  0.000496 
600.000000  601.000000  0.000496 
601.000000  602.000000  0.000496 
602.000000  603.000000  0.000496 
603.000000  604.000000  0.000496 
604.000000  605.000000  0.000497 
605.000000  606.000000  0.000497 
606.000000  607.000000  0.000497 
607.000000  608.000000  0.000497 
608.000000  609.000000  0.000497 
609.000000  610.000000  0.000497 
610.000000  611.000000  0.000497 
611.000000  612.000000  0.000497 
612.000000  613.000000  0.000498 
613.000000  614.000000  0.000498 
614.000000  615.000000  0.000498 
615.000000  616.000000  0.000498 
616.000000  617.000000  0.000498 
617.000000  618.000000  0.000498 
618.000000  619.000000  0.000498 
619.000000  620.000000  0.000498 
620.000000  621.000000  0.000498 
621.000000  622.000000  0.000499 
622.000000  623.000000  0.000499 
623.000000  624.000000  0.000499 
624.000000  625.000000  0.000499 
625.000000  626.000000  0.000499 
626.000000  627.000000  0.000499 
627.000000  628.000000  0.000499 
628.000000  629.000000  0.000499 
629.000000  630.000000  0.000499 
630.000000  631.000000  0.000499 
631.000000  632.000000  0.000500 
632.000000  633.000000  0.000500 
633.000000  634.000000  0.000500 
634.000000  635.000000  0.000500 
635.000000  636.000000  0.000500 
636.000000  637.000000  0.000500 
637.000000  638.000000  0.000500 
638.000000  639.000000  0.000500 
639.000000  640.000000  0.000500 
640.000000  641.000000  0.000500 
641.000000  642.000000  0.000501 
642.000000  643.000000  0.000501 
643.000000  644.000000  0.000501 
644.000000  645.000000  0.000501 
645.000000  646.000000  0.000501 
646.000000  647.000000  0.000501 
647.000000  648.000000  0.000501 
648.000000  649.000000  0.000501 
649.000000  650.000000  0.000501 
650.000000  651.000000  0.000501 
651.000000  652.000000  0.000501 
652.000000  653.000000  0.000502 
653.000000  654.000000  0.000502 
654.000000  655.000000  0.000502 
655.000000  656.000000  0.000502 
656.000000  657.000000  0.000502 
657.000000  658.000000  0.000502 
658.000000  659.000000  0.000502 
659.000000  660.000000  0.000502 
660.000000  661.000000  0.000502 
661.000000  662.000000  0.000502 
662.000000  663.000000  0.000502 
663.000000  664.000000  0.000502 
664.000000  665.000000  0.000503 
665.000000  666.000000  0.000503 
666.000000  667.000000  0.000503 
667.000000  668.000000  0.000503 
668.000000  669.000000  0.000503 
669.000000  670.000000  0.000503 
670.000000  671.000000  0.000503 
671.000000  672.000000  0.000503 
672.000000  673.000000  0.000503 
673.000000  674.000000  0.000503 
674.000000  675.000000  0.000503 
675.000000  676.000000  0.000503 
676.000000  677.000000  0.000503 
677.000000  678.000000  0.000503 
678.000000  679.000000  0.000504 
679.000000  680.000000  0.000504 
680.000000  681.000000  0.000504 
681.000000  682.000000  0.000504 
682.000000  683.000000  0.000504 
683.000000  684.000000  0.000504 
684.000000  685.000000  0.000504 
685.000000  686.000000  0.000504 
686.000000  687.000000  0.000504 
687.000000  688.000000  0.000504 
688.000000  689.000000  0.000504 
689.000000  690.000000  0.000504 
690.000000  691.000000  0.000504 
691.000000  692.000000  0.000504 
692.000000  693.000000  0.000504 
693.000000  694.000000  0.000505 
694.000000  695.000000  0.000505 
695.000000  696.000000  0.000505 
696.000000  697.000000  0.000505 
697.000000  698.000000  0.000505 
698.000000  699.000000  0.000505 
699.000000  700.000000  0.000505 
700.000000  701.000000  0.000505 
701.000000  702.000000  0.000505 
702.000000  703.000000  0.000505 
703.000000  704.000000  0.000505 
704.000000  705.000000  0.000505 
705.000000  706.000000  0.000505 
706.000000  707.000000  0.000505 
707.000000  708.000000  0.000505 
708.000000  709.000000  0.000505 
709.000000  710.000000  0.000506 
710.000000  711.000000  0.000506 
711.000000  712.000000  0.000506 
712.000000  713.000000  0.000506 
713.000000  714.000000  0.000506 
714.000000  715.000000  0.000506 
715.000000  716.000000  0.000506 
716.000000  717.000000  0.000506 
717.000000  718.000000  0.000506 
718.000000  719.000000  0.000506 
719.000000  720.000000  0.000506 
720.000000  721.000000  0.000506 
721.000000  722.000000  0.000506 
722.000000  723.000000  0.000506 
723.000000  724.000000  0.000506 
724.000000  725.000000  0.000506 
725.000000  726.000000  0.000506 
726.000000  727.000000  0.000506 
727.000000  728.000000  0.000506 
728.000000  729.000000  0.000507 
729.000000  730.000000  0.000507 
730.000000  731.000000  0.000507 
731.000000  732.000000  0.000507 
732.000000  733.000000  0.000507 
733.000000  734.000000  0.000507 
734.000000  735.000000  0.000507 
735.000000  736.000000  0.000507 
736.000000  737.000000  0.000507 
737.000000  738.000000  0.000507 
738.000000  739.000000  0.000507 
739.000000  740.000000  0.000507 
740.000000  741.000000  0.000507 
741.000000  742.000000  0.000507 
742.000000  743.000000  0.000507 
743.000000  744.000000  0.000507 
744.000000  745.000000  0.000507 
745.000000  746.000000  0.000507 
746.000000  747.000000  0.000507 
747.000000  748.000000  0.000507 
748.000000  749.000000  0.000507 
749.000000  750.000000  0.000507 
750.000000  751.000000  0.000507 
751.000000  752.000000  0.000508 
752.000000  753.000000  0.000508 
753.000000  754.000000  0.000508 
754.000000  755.000000  0.000508 
755.000000  756.000000  0.000508 
756.000000  757.000000  0.000508 
757.000000  758.000000  0.000508 
758.000000  759.000000  0.000508 
759.000000  760.000000  0.000508 
760.000000  761.000000  0.000508 
761.000000  762.000000  0.000508 
762.000000  763.000000  0.000508 
763.000000  764.000000  0.000508 
764.000000  765.000000  0.000508 
765.000000  766.000000  0.000508 
766.000000  767.000000  0.000508 
767.000000  768.000000  0.000508 
768.000000  769.000000  0.000508 
769.000000  770.000000  0.000508 
770.000000  771.000000  0.000508 
771.000000  772.000000  0.000508 
772.000000  773.000000  0.000508 
773.000000  774.000000  0.000508 
774.000000  775.000000  0.000508 
775.000000  776.000000  0.000508 
776.000000  777.000000  0.000508 
777.000000  778.000000  0.000509 
778.000000  779.000000  0.000509 
779.000000  780.000000  0.000509 
780.000000  781.000000  0.000509 
781.000000  782.000000  0.000509 
782.000000  783.000000  0.000509 
783.000000  784.000000  0.000509 
784.000000  785.000000  0.000509 
785.000000  786.000000  0.000509 
786.000000  787.000000  0.000509 
787.000000  788.000000  0.000509 
788.000000  789.000000  0.000509 
789.000000  790.000000  0.000509 
790.000000  791.000000  0.000509 
791.000000  792.000000  0.000509 
792.000000  793.000000  0.000509 
793.000000  794.000000  0.000509 
794.000000  795.000000  0.000509 
795.000000  796.000000  0.000509 
796.000000  797.000000  0.000509 
797.000000  798.000000  0.000509 
798.000000  799.000000  0.000509 
799.000000  800.000000  0.000509 
800.000000  801.000000  0.000509 
801.000000  802.000000  0.000509 
802.000000  803.000000  0.000509 
803.000000  804.000000  0.000509 
804.000000  805.000000  0.000509 
805.000000  806.000000  0.000509 
806.000000  807.000000  0.000509 
807.000000  808.000000  0.000509 
808.000000  809.000000  0.000509 
809.000000  810.000000  0.000509 
810.000000  811.000000  0.000510 
811.000000  812.000000  0.000510 
812.000000  813.000000  0.000510 
813.000000  814.000000  0.000510 
814.000000  815.000000  0.000510 
815.000000  816.000000  0.000510 
816.000000  817.000000  0.000510 
817.000000  818.000000  0.000510 
818.000000  819.000000  0.000510 
819.000000  820.000000  0.000510 
820.000000  821.000000  0.000510 
821.000000  822.000000  0.000510 
822.000000  823.000000  0.000510 
823.000000  824.000000  0.000510 
824.000000  825.000000  0.000510 
825.000000  826.000000  0.000510 
826.000000  827.000000  0.000510 
827.000000  828.000000  0.000510 
828.000000  829.000000  0.000510 
829.000000  830.000000  0.000510 
830.000000  831.000000  0.000510 
831.000000  832.000000  0.000510 
832.000000  833.000000  0.000510 
833.000000  834.000000  0.000510 
834.000000  835.000000  0.000510 
835.000000  836.000000  0.000510 
836.000000  837.000000  0.000510 
837.000000  838.000000  0.000510 
838.000000  839.000000  0.000510 
839.000000  840.000000  0.000510 
840.000000  841.000000  0.000510 
841.000000  842.000000  0.000510 
842.000000  843.000000  0.000510 
843.000000  844.000000  0.000510 
844.000000  845.000000  0.000510 
845.000000  846.000000  0.000510 
846.000000  847.000000  0.000510 
847.000000  848.000000  0.000510 
848.000000  849.000000  0.000510 
849.000000  850.000000  0.000510 
850.000000  851.000000  0.000510 
851.000000  852.000000  0.000510 
852.000000  853.000000  0.000510 
853.000000  854.000000  0.000511 
854.000000  855.000000  0.000511 
855.000000  856.000000  0.000511 
856.000000  857.000000  0.000511 
857.000000  858.000000  0.000511 
858.000000  859.000000  0.000511 
859.000000  860.000000  0.000511 
860.000000  861.000000  0.000511 
861.000000  862.000000  0.000511 
862.000000  863.000000  0.000511 
863.000000  864.000000  0.000511 
864.000000  865.000000  0.000511 
865.000000  866.000000  0.000511 
866.000000  867.000000  0.000511 
867.000000  868.000000  0.000511 
868.000000  869.000000  0.000511 
869.000000  870.000000  0.000511 
870.000000  871.000000  0.000511 
871.000000  872.000000  0.000511 
872.000000  873.000000  0.000511 
873.000000  874.000000  0.000511 
874.000000  875.000000  0.000511 
875.000000  876.000000  0.000511 
876.000000  877.000000  0.000511 
877.000000  878.000000  0.000511 
878.000000  879.000000  0.000511 
879.000000  880.000000  0.000511 
880.000000  881.000000  0.000511 
881.000000  882.000000  0.000511 
882.000000  883.000000  0.000511 
883.000000  884.000000  0.000511 
884.000000  885.000000  0.000511 
885.000000  886.000000  0.000511 
886.000000  887.000000  0.000511 
887.000000  888.000000  0.000511 
888.000000  889.000000  0.000511 
889.000000  890.000000  0.000511 
890.000000  891.000000  0.000511 
891.000000  892.000000  0.000511 
892.000000  893.000000  0.000511 
893.000000  894.000000  0.000511 
894.000000  895.000000  0.000511 
895.000000  896.000000  0.000511 
896.000000  897.000000  0.000511 
897.000000  898.000000  0.000511 
898.000000  899.000000  0.000511 
899.000000  900.000000  0.000511 
900.000000  901.000000  0.000511 
901.000000  902.000000  0.000511 
902.000000  903.000000  0.000511 
903.000000  904.000000  0.000511 
904.000000  905.000000  0.000511 
905.000000  906.000000  0.000511 
906.000000  907.000000  0.000511 
907.000000  908.000000  0.000511 
908.000000  909.000000  0.000511 
909.000000  910.000000  0.000511 
910.000000  911.000000  0.000511 
911.000000  912.000000  0.000511 
912.000000  913.000000  0.000511 
913.000000  914.000000  0.000511 
914.000000  915.000000  0.000511 
915.000000  916.000000  0.000511 
916.000000  917.000000  0.000512 
917.000000  918.000000  0.000512 
918.000000  919.000000  0.000512 
919.000000  920.000000  0.000512 
920.000000  921.000000  0.000512 
921.000000  922.000000  0.000512 
922.000000  923.000000  0.000512 
923.000000  924.000000  0.000512 
924.000000  925.000000  0.000512 
925.000000  926.000000  0.000512 
926.000000  927.000000  0.000512 
927.000000  928.000000  0.000512 
928.000000  929.000000  0.000512 
929.000000  930.000000  0.000512 
930.000000  931.000000  0.000512 
931.000000  932.000000  0.000512 
932.000000  933.000000  0.000512 
933.000000  934.000000  0.000512 
934.000000  935.000000  0.000512 
935.000000  936.000000  0.000512 
936.000000  937.000000  0.000512 
937.000000  938.000000  0.000512 
938.000000  939.000000  0.000512 
939.000000  940.000000  0.000512 
940.000000  941.000000  0.000512 
941.000000  942.000000  0.000512 
942.000000  943.000000  0.000512 
943.000000  944.000000  0.000512 
