20.000000  21.000000  -0.000000 
21.000000  22.000000  -0.000000 
22.000000  23.000000  -0.000000 
23.000000  24.000000  -0.000000 
24.000000  25.000000  -0.000000 
25.000000  26.000000  -0.000000 
26.000000  27.000000  -0.000000 
27.000000  28.000000  -0.000000 
28.000000  29.000000  -0.000000 
29.000000  30.000000  -0.000000 
30.000000  31.000000  -0.000000 
31.000000  32.000000  -0.000000 
32.000000  33.000000  -0.000000 
33.000000  34.000000  -0.000000 
34.000000  35.000000  -0.000000 
35.000000  36.000000  -0.000000 
36.000000  37.000000  -0.000000 
37.000000  38.000000  -0.000000 
38.000000  39.000000  -0.000000 
39.000000  40.000000  -0.000000 
40.000000  41.000000  -0.000000 
41.000000  42.000000  -0.000000 
42.000000  43.000000  -0.000000 
43.000000  44.000000  -0.000000 
44.000000  45.000000  -0.000000 
45.000000  46.000000  -0.000000 
46.000000  47.000000  -0.000000 
47.000000  48.000000  -0.000000 
48.000000  49.000000  -0.000000 
49.000000  50.000000  -0.000000 
50.000000  51.000000  -0.000000 
51.000000  52.000000  -0.000000 
52.000000  53.000000  -0.000000 
53.000000  54.000000  -0.000000 
54.000000  55.000000  -0.000000 
55.000000  56.000000  -0.000000 
56.000000  57.000000  -0.000000 
57.000000  58.000000  -0.000000 
58.000000  59.000000  -0.000000 
59.000000  60.000000  -0.000000 
60.000000  61.000000  -0.000000 
61.000000  62.000000  -0.000000 
62.000000  63.000000  -0.000000 
63.000000  64.000000  -0.000000 
64.000000  65.000000  -0.000000 
65.000000  66.000000  -0.000000 
66.000000  67.000000  -0.000000 
67.000000  68.000000  -0.000000 
68.000000  69.000000  -0.000000 
69.000000  70.000000  -0.000000 
70.000000  71.000000  -0.000000 
71.000000  72.000000  -0.000000 
72.000000  73.000000  -0.000000 
73.000000  74.000000  -0.000000 
74.000000  75.000000  -0.000001 
75.000000  76.000000  -0.000001 
76.000000  77.000000  -0.000001 
77.000000  78.000000  -0.000001 
78.000000  79.000000  -0.000001 
79.000000  80.000000  -0.000001 
80.000000  81.000000  -0.000001 
81.000000  82.000000  -0.000001 
82.000000  83.000000  -0.000001 
83.000000  84.000000  -0.000001 
84.000000  85.000000  -0.000001 
85.000000  86.000000  -0.000001 
86.000000  87.000000  -0.000001 
87.000000  88.000000  -0.000002 
88.000000  89.000000  -0.000002 
89.000000  90.000000  -0.000002 
90.000000  91.000000  -0.000001 
91.000000  92.000000  -0.000001 
92.000000  93.000000  -0.000001 
93.000000  94.000000  -0.000001 
94.000000  95.000000  -0.000001 
95.000000  96.000000  -0.000001 
96.000000  97.000000  -0.000000 
97.000000  98.000000  0.000000 
98.000000  99.000000  0.000001 
99.000000  100.000000  0.000001 
100.000000  101.000000  0.000002 
101.000000  102.000000  0.000002 
102.000000  103.000000  0.000003 
103.000000  104.000000  0.000004 
104.000000  105.000000  0.000005 
105.000000  106.000000  0.000006 
106.000000  107.000000  0.000007 
107.000000  108.000000  0.000009 
108.000000  109.000000  0.000010 
109.000000  110.000000  0.000012 
110.000000  111.000000  0.000013 
111.000000  112.000000  0.000015 
112.000000  113.000000  0.000017 
113.000000  114.000000  0.000019 
114.000000  115.000000  0.000021 
115.000000  116.000000  0.000024 
116.000000  117.000000  0.000026 
117.000000  118.000000  0.000029 
118.000000  119.000000  0.000031 
119.000000  120.000000  0.000034 
120.000000  121.000000  0.000037 
121.000000  122.000000  0.000041 
122.000000  123.000000  0.000044 
123.000000  124.000000  0.000047 
124.000000  125.000000  0.000051 
125.000000  126.000000  0.000055 
126.000000  127.000000  0.000058 
127.000000  128.000000  0.000062 
128.000000  129.000000  0.000066 
129.000000  130.000000  0.000071 
130.000000  131.000000  0.000075 
131.000000  132.000000  0.000079 
132.000000  133.000000  0.000084 
133.000000  134.000000  0.000088 
134.000000  135.000000  0.000093 
135.000000  136.000000  0.000098 
136.000000  137.000000  0.000102 
137.000000  138.000000  0.000107 
138.000000  139.000000  0.000112 
139.000000  140.000000  0.000117 
140.000000  141.000000  0.000122 
141.000000  142.000000  0.000127 
142.000000  143.000000  0.000132 
143.000000  144.000000  0.000137 
144.000000  145.000000  0.000143 
145.000000  146.000000  0.000148 
146.000000  147.000000  0.000153 
147.000000  148.000000  0.000158 
148.000000  149.000000  0.000163 
149.000000  150.000000  0.000168 
150.000000  151.000000  0.000173 
151.000000  152.000000  0.000178 
152.000000  153.000000  0.000183 
153.000000  154.000000  0.000188 
154.000000  155.000000  0.000193 
155.000000  156.000000  0.000198 
156.000000  157.000000  0.000203 
157.000000  158.000000  0.000207 
158.000000  159.000000  0.000212 
159.000000  160.000000  0.000217 
160.000000  161.000000  0.000221 
161.000000  162.000000  0.000226 
162.000000  163.000000  0.000230 
163.000000  164.000000  0.000234 
164.000000  165.000000  0.000238 
165.000000  166.000000  0.000242 
166.000000  167.000000  0.000246 
167.000000  168.000000  0.000250 
168.000000  169.000000  0.000254 
169.000000  170.000000  0.000257 
170.000000  171.000000  0.000261 
171.000000  172.000000  0.000264 
172.000000  173.000000  0.000268 
173.000000  174.000000  0.000271 
174.000000  175.000000  0.000274 
175.000000  176.000000  0.000277 
176.000000  177.000000  0.000280 
177.000000  178.000000  0.000282 
178.000000  179.000000  0.000285 
179.000000  180.000000  0.000287 
180.000000  181.000000  0.000290 
181.000000  182.000000  0.000292 
182.000000  183.000000  0.000294 
183.000000  184.000000  0.000296 
184.000000  185.000000  0.000298 
185.000000  186.000000  0.000299 
186.000000  187.000000  0.000301 
187.000000  188.000000  0.000302 
188.000000  189.000000  0.000304 
189.000000  190.000000  0.000305 
190.000000  191.000000  0.000306 
191.000000  192.000000  0.000307 
192.000000  193.000000  0.000308 
193.000000  194.000000  0.000309 
194.000000  195.000000  0.000310 
195.000000  196.000000  0.000310 
196.000000  197.000000  0.000311 
197.000000  198.000000  0.000311 
198.000000  199.000000  0.000312 
199.000000  200.000000  0.000312 
200.000000  201.000000  0.000312 
201.000000  202.000000  0.000312 
202.000000  203.000000  0.000312 
203.000000  204.000000  0.000312 
204.000000  205.000000  0.000311 
205.000000  206.000000  0.000311 
206.000000  207.000000  0.000311 
207.000000  208.000000  0.000310 
208.000000  209.000000  0.000310 
209.000000  210.000000  0.000309 
210.000000  211.000000  0.000308 
211.000000  212.000000  0.000307 
212.000000  213.000000  0.000307 
213.000000  214.000000  0.000306 
214.000000  215.000000  0.000305 
215.000000  216.000000  0.000304 
216.000000  217.000000  0.000302 
217.000000  218.000000  0.000301 
218.000000  219.000000  0.000300 
219.000000  220.000000  0.000299 
220.000000  221.000000  0.000297 
221.000000  222.000000  0.000296 
222.000000  223.000000  0.000295 
223.000000  224.000000  0.000293 
224.000000  225.000000  0.000292 
225.000000  226.000000  0.000290 
226.000000  227.000000  0.000289 
227.000000  228.000000  0.000287 
228.000000  229.000000  0.000285 
229.000000  230.000000  0.000284 
230.000000  231.000000  0.000282 
231.000000  232.000000  0.000280 
232.000000  233.000000  0.000278 
233.000000  234.000000  0.000277 
234.000000  235.000000  0.000275 
235.000000  236.000000  0.000273 
236.000000  237.000000  0.000271 
237.000000  238.000000  0.000269 
238.000000  239.000000  0.000267 
239.000000  240.000000  0.000265 
240.000000  241.000000  0.000263 
241.000000  242.000000  0.000261 
242.000000  243.000000  0.000259 
243.000000  244.000000  0.000257 
244.000000  245.000000  0.000255 
245.000000  246.000000  0.000253 
246.000000  247.000000  0.000251 
247.000000  248.000000  0.000249 
248.000000  249.000000  0.000247 
249.000000  250.000000  0.000245 
250.000000  251.000000  0.000243 
251.000000  252.000000  0.000241 
252.000000  253.000000  0.000239 
253.000000  254.000000  0.000237 
254.000000  255.000000  0.000235 
255.000000  256.000000  0.000233 
256.000000  257.000000  0.000231 
257.000000  258.000000  0.000229 
258.000000  259.000000  0.000227 
259.000000  260.000000  0.000225 
260.000000  261.000000  0.000223 
261.000000  262.000000  0.000221 
262.000000  263.000000  0.000219 
263.000000  264.000000  0.000217 
264.000000  265.000000  0.000215 
265.000000  266.000000  0.000213 
266.000000  267.000000  0.000211 
267.000000  268.000000  0.000209 
268.000000  269.000000  0.000207 
269.000000  270.000000  0.000205 
270.000000  271.000000  0.000203 
271.000000  272.000000  0.000201 
272.000000  273.000000  0.000199 
273.000000  274.000000  0.000197 
274.000000  275.000000  0.000195 
275.000000  276.000000  0.000193 
276.000000  277.000000  0.000191 
277.000000  278.000000  0.000189 
278.000000  279.000000  0.000188 
279.000000  280.000000  0.000186 
280.000000  281.000000  0.000184 
281.000000  282.000000  0.000182 
282.000000  283.000000  0.000180 
283.000000  284.000000  0.000178 
284.000000  285.000000  0.000177 
285.000000  286.000000  0.000175 
286.000000  287.000000  0.000173 
287.000000  288.000000  0.000171 
288.000000  289.000000  0.000169 
289.000000  290.000000  0.000168 
290.000000  291.000000  0.000166 
291.000000  292.000000  0.000164 
292.000000  293.000000  0.000163 
293.000000  294.000000  0.000161 
294.000000  295.000000  0.000159 
295.000000  296.000000  0.000158 
296.000000  297.000000  0.000156 
297.000000  298.000000  0.000154 
298.000000  299.000000  0.000153 
299.000000  300.000000  0.000151 
300.000000  301.000000  0.000150 
301.000000  302.000000  0.000148 
302.000000  303.000000  0.000147 
303.000000  304.000000  0.000145 
304.000000  305.000000  0.000143 
305.000000  306.000000  0.000142 
306.000000  307.000000  0.000140 
307.000000  308.000000  0.000139 
308.000000  309.000000  0.000138 
309.000000  310.000000  0.000136 
310.000000  311.000000  0.000135 
311.000000  312.000000  0.000133 
312.000000  313.000000  0.000132 
313.000000  314.000000  0.000130 
314.000000  315.000000  0.000129 
315.000000  316.000000  0.000128 
316.000000  317.000000  0.000126 
317.000000  318.000000  0.000125 
318.000000  319.000000  0.000124 
319.000000  320.000000  0.000122 
320.000000  321.000000  0.000121 
321.000000  322.000000  0.000120 
322.000000  323.000000  0.000119 
323.000000  324.000000  0.000117 
324.000000  325.000000  0.000116 
325.000000  326.000000  0.000115 
326.000000  327.000000  0.000114 
327.000000  328.000000  0.000112 
328.000000  329.000000  0.000111 
329.000000  330.000000  0.000110 
330.000000  331.000000  0.000109 
331.000000  332.000000  0.000108 
332.000000  333.000000  0.000107 
333.000000  334.000000  0.000106 
334.000000  335.000000  0.000104 
335.000000  336.000000  0.000103 
336.000000  337.000000  0.000102 
337.000000  338.000000  0.000101 
338.000000  339.000000  0.000100 
339.000000  340.000000  0.000099 
340.000000  341.000000  0.000098 
341.000000  342.000000  0.000097 
342.000000  343.000000  0.000096 
343.000000  344.000000  0.000095 
344.000000  345.000000  0.000094 
345.000000  346.000000  0.000093 
346.000000  347.000000  0.000092 
347.000000  348.000000  0.000091 
348.000000  349.000000  0.000090 
349.000000  350.000000  0.000089 
350.000000  351.000000  0.000088 
351.000000  352.000000  0.000087 
352.000000  353.000000  0.000086 
353.000000  354.000000  0.000086 
354.000000  355.000000  0.000085 
355.000000  356.000000  0.000084 
356.000000  357.000000  0.000083 
357.000000  358.000000  0.000082 
358.000000  359.000000  0.000081 
359.000000  360.000000  0.000080 
360.000000  361.000000  0.000080 
361.000000  362.000000  0.000079 
362.000000  363.000000  0.000078 
363.000000  364.000000  0.000077 
364.000000  365.000000  0.000076 
365.000000  366.000000  0.000076 
366.000000  367.000000  0.000075 
367.000000  368.000000  0.000074 
368.000000  369.000000  0.000073 
369.000000  370.000000  0.000073 
370.000000  371.000000  0.000072 
371.000000  372.000000  0.000071 
372.000000  373.000000  0.000070 
373.000000  374.000000  0.000070 
374.000000  375.000000  0.000069 
375.000000  376.000000  0.000068 
376.000000  377.000000  0.000068 
377.000000  378.000000  0.000067 
378.000000  379.000000  0.000066 
379.000000  380.000000  0.000066 
380.000000  381.000000  0.000065 
381.000000  382.000000  0.000064 
382.000000  383.000000  0.000064 
383.000000  384.000000  0.000063 
384.000000  385.000000  0.000062 
385.000000  386.000000  0.000062 
386.000000  387.000000  0.000061 
387.000000  388.000000  0.000061 
388.000000  389.000000  0.000060 
389.000000  390.000000  0.000059 
390.000000  391.000000  0.000059 
391.000000  392.000000  0.000058 
392.000000  393.000000  0.000058 
393.000000  394.000000  0.000057 
394.000000  395.000000  0.000057 
395.000000  396.000000  0.000056 
396.000000  397.000000  0.000056 
397.000000  398.000000  0.000055 
398.000000  399.000000  0.000054 
399.000000  400.000000  0.000054 
400.000000  401.000000  0.000053 
401.000000  402.000000  0.000053 
402.000000  403.000000  0.000052 
403.000000  404.000000  0.000052 
404.000000  405.000000  0.000051 
405.000000  406.000000  0.000051 
406.000000  407.000000  0.000050 
407.000000  408.000000  0.000050 
408.000000  409.000000  0.000049 
409.000000  410.000000  0.000049 
410.000000  411.000000  0.000049 
411.000000  412.000000  0.000048 
412.000000  413.000000  0.000048 
413.000000  414.000000  0.000047 
414.000000  415.000000  0.000047 
415.000000  416.000000  0.000046 
416.000000  417.000000  0.000046 
417.000000  418.000000  0.000045 
418.000000  419.000000  0.000045 
419.000000  420.000000  0.000045 
420.000000  421.000000  0.000044 
421.000000  422.000000  0.000044 
422.000000  423.000000  0.000043 
423.000000  424.000000  0.000043 
424.000000  425.000000  0.000043 
425.000000  426.000000  0.000042 
426.000000  427.000000  0.000042 
427.000000  428.000000  0.000041 
428.000000  429.000000  0.000041 
429.000000  430.000000  0.000041 
430.000000  431.000000  0.000040 
431.000000  432.000000  0.000040 
432.000000  433.000000  0.000040 
433.000000  434.000000  0.000039 
434.000000  435.000000  0.000039 
435.000000  436.000000  0.000039 
436.000000  437.000000  0.000038 
437.000000  438.000000  0.000038 
438.000000  439.000000  0.000037 
439.000000  440.000000  0.000037 
440.000000  441.000000  0.000037 
441.000000  442.000000  0.000036 
442.000000  443.000000  0.000036 
443.000000  444.000000  0.000036 
444.000000  445.000000  0.000036 
445.000000  446.000000  0.000035 
446.000000  447.000000  0.000035 
447.000000  448.000000  0.000035 
448.000000  449.000000  0.000034 
449.000000  450.000000  0.000034 
450.000000  451.000000  0.000034 
451.000000  452.000000  0.000033 
452.000000  453.000000  0.000033 
453.000000  454.000000  0.000033 
454.000000  455.000000  0.000033 
455.000000  456.000000  0.000032 
456.000000  457.000000  0.000032 
457.000000  458.000000  0.000032 
458.000000  459.000000  0.000031 
459.000000  460.000000  0.000031 
460.000000  461.000000  0.000031 
461.000000  462.000000  0.000031 
462.000000  463.000000  0.000030 
463.000000  464.000000  0.000030 
464.000000  465.000000  0.000030 
465.000000  466.000000  0.000030 
466.000000  467.000000  0.000029 
467.000000  468.000000  0.000029 
468.000000  469.000000  0.000029 
469.000000  470.000000  0.000029 
470.000000  471.000000  0.000028 
471.000000  472.000000  0.000028 
472.000000  473.000000  0.000028 
473.000000  474.000000  0.000028 
474.000000  475.000000  0.000027 
475.000000  476.000000  0.000027 
476.000000  477.000000  0.000027 
477.000000  478.000000  0.000027 
478.000000  479.000000  0.000027 
479.000000  480.000000  0.000026 
480.000000  481.000000  0.000026 
481.000000  482.000000  0.000026 
482.000000  483.000000  0.000026 
483.000000  484.000000  0.000026 
484.000000  485.000000  0.000025 
485.000000  486.000000  0.000025 
486.000000  487.000000  0.000025 
487.000000  488.000000  0.000025 
488.000000  489.000000  0.000025 
489.000000  490.000000  0.000024 
490.000000  491.000000  0.000024 
491.000000  492.000000  0.000024 
492.000000  493.000000  0.000024 
493.000000  494.000000  0.000024 
494.000000  495.000000  0.000023 
495.000000  496.000000  0.000023 
496.000000  497.000000  0.000023 
497.000000  498.000000  0.000023 
498.000000  499.000000  0.000023 
499.000000  500.000000  0.000022 
500.000000  501.000000  0.000022 
501.000000  502.000000  0.000022 
502.000000  503.000000  0.000022 
503.000000  504.000000  0.000022 
504.000000  505.000000  0.000022 
505.000000  506.000000  0.000021 
506.000000  507.000000  0.000021 
507.000000  508.000000  0.000021 
508.000000  509.000000  0.000021 
509.000000  510.000000  0.000021 
510.000000  511.000000  0.000021 
511.000000  512.000000  0.000020 
512.000000  513.000000  0.000020 
513.000000  514.000000  0.000020 
514.000000  515.000000  0.000020 
515.000000  516.000000  0.000020 
516.000000  517.000000  0.000020 
517.000000  518.000000  0.000020 
518.000000  519.000000  0.000019 
519.000000  520.000000  0.000019 
520.000000  521.000000  0.000019 
521.000000  522.000000  0.000019 
522.000000  523.000000  0.000019 
523.000000  524.000000  0.000019 
524.000000  525.000000  0.000019 
525.000000  526.000000  0.000018 
526.000000  527.000000  0.000018 
527.000000  528.000000  0.000018 
528.000000  529.000000  0.000018 
529.000000  530.000000  0.000018 
530.000000  531.000000  0.000018 
531.000000  532.000000  0.000018 
532.000000  533.000000  0.000018 
533.000000  534.000000  0.000017 
534.000000  535.000000  0.000017 
535.000000  536.000000  0.000017 
536.000000  537.000000  0.000017 
537.000000  538.000000  0.000017 
538.000000  539.000000  0.000017 
539.000000  540.000000  0.000017 
540.000000  541.000000  0.000017 
541.000000  542.000000  0.000016 
542.000000  543.000000  0.000016 
543.000000  544.000000  0.000016 
544.000000  545.000000  0.000016 
545.000000  546.000000  0.000016 
546.000000  547.000000  0.000016 
547.000000  548.000000  0.000016 
548.000000  549.000000  0.000016 
549.000000  550.000000  0.000016 
550.000000  551.000000  0.000015 
551.000000  552.000000  0.000015 
552.000000  553.000000  0.000015 
553.000000  554.000000  0.000015 
554.000000  555.000000  0.000015 
555.000000  556.000000  0.000015 
556.000000  557.000000  0.000015 
557.000000  558.000000  0.000015 
558.000000  559.000000  0.000015 
559.000000  560.000000  0.000015 
560.000000  561.000000  0.000014 
561.000000  562.000000  0.000014 
562.000000  563.000000  0.000014 
563.000000  564.000000  0.000014 
564.000000  565.000000  0.000014 
565.000000  566.000000  0.000014 
566.000000  567.000000  0.000014 
567.000000  568.000000  0.000014 
568.000000  569.000000  0.000014 
569.000000  570.000000  0.000014 
570.000000  571.000000  0.000014 
571.000000  572.000000  0.000013 
572.000000  573.000000  0.000013 
573.000000  574.000000  0.000013 
574.000000  575.000000  0.000013 
575.000000  576.000000  0.000013 
576.000000  577.000000  0.000013 
577.000000  578.000000  0.000013 
578.000000  579.000000  0.000013 
579.000000  580.000000  0.000013 
580.000000  581.000000  0.000013 
581.000000  582.000000  0.000013 
582.000000  583.000000  0.000013 
583.000000  584.000000  0.000012 
584.000000  585.000000  0.000012 
585.000000  586.000000  0.000012 
586.000000  587.000000  0.000012 
587.000000  588.000000  0.000012 
588.000000  589.000000  0.000012 
589.000000  590.000000  0.000012 
590.000000  591.000000  0.000012 
591.000000  592.000000  0.000012 
592.000000  593.000000  0.000012 
593.000000  594.000000  0.000012 
594.000000  595.000000  0.000012 
595.000000  596.000000  0.000012 
596.000000  597.000000  0.000012 
597.000000  598.000000  0.000011 
598.000000  599.000000  0.000011 
599.000000  600.000000  0.000011 
600.000000  601.000000  0.000011 
601.000000  602.000000  0.000011 
602.000000  603.000000  0.000011 
603.000000  604.000000  0.000011 
604.000000  605.000000  0.000011 
605.000000  606.000000  0.000011 
606.000000  607.000000  0.000011 
607.000000  608.000000  0.000011 
608.000000  609.000000  0.000011 
609.000000  610.000000  0.000011 
610.000000  611.000000  0.000011 
611.000000  612.000000  0.000011 
612.000000  613.000000  0.000011 
613.000000  614.000000  0.000010 
614.000000  615.000000  0.000010 
615.000000  616.000000  0.000010 
616.000000  617.000000  0.000010 
617.000000  618.000000  0.000010 
618.000000  619.000000  0.000010 
619.000000  620.000000  0.000010 
620.000000  621.000000  0.000010 
621.000000  622.000000  0.000010 
622.000000  623.000000  0.000010 
623.000000  624.000000  0.000010 
624.000000  625.000000  0.000010 
625.000000  626.000000  0.000010 
626.000000  627.000000  0.000010 
627.000000  628.000000  0.000010 
628.000000  629.000000  0.000010 
629.000000  630.000000  0.000010 
630.000000  631.000000  0.000010 
631.000000  632.000000  0.000010 
632.000000  633.000000  0.000009 
633.000000  634.000000  0.000009 
634.000000  635.000000  0.000009 
635.000000  636.000000  0.000009 
636.000000  637.000000  0.000009 
637.000000  638.000000  0.000009 
638.000000  639.000000  0.000009 
639.000000  640.000000  0.000009 
640.000000  641.000000  0.000009 
641.000000  642.000000  0.000009 
642.000000  643.000000  0.000009 
643.000000  644.000000  0.000009 
644.000000  645.000000  0.000009 
645.000000  646.000000  0.000009 
646.000000  647.000000  0.000009 
647.000000  648.000000  0.000009 
648.000000  649.000000  0.000009 
649.000000  650.000000  0.000009 
650.000000  651.000000  0.000009 
651.000000  652.000000  0.000009 
652.000000  653.000000  0.000009 
653.000000  654.000000  0.000009 
654.000000  655.000000  0.000009 
655.000000  656.000000  0.000008 
656.000000  657.000000  0.000008 
657.000000  658.000000  0.000008 
658.000000  659.000000  0.000008 
659.000000  660.000000  0.000008 
660.000000  661.000000  0.000008 
661.000000  662.000000  0.000008 
662.000000  663.000000  0.000008 
663.000000  664.000000  0.000008 
664.000000  665.000000  0.000008 
665.000000  666.000000  0.000008 
666.000000  667.000000  0.000008 
667.000000  668.000000  0.000008 
668.000000  669.000000  0.000008 
669.000000  670.000000  0.000008 
670.000000  671.000000  0.000008 
671.000000  672.000000  0.000008 
672.000000  673.000000  0.000008 
673.000000  674.000000  0.000008 
674.000000  675.000000  0.000008 
675.000000  676.000000  0.000008 
676.000000  677.000000  0.000008 
677.000000  678.000000  0.000008 
678.000000  679.000000  0.000008 
679.000000  680.000000  0.000008 
680.000000  681.000000  0.000008 
681.000000  682.000000  0.000008 
682.000000  683.000000  0.000008 
683.000000  684.000000  0.000007 
684.000000  685.000000  0.000007 
685.000000  686.000000  0.000007 
686.000000  687.000000  0.000007 
687.000000  688.000000  0.000007 
688.000000  689.000000  0.000007 
689.000000  690.000000  0.000007 
690.000000  691.000000  0.000007 
691.000000  692.000000  0.000007 
692.000000  693.000000  0.000007 
693.000000  694.000000  0.000007 
694.000000  695.000000  0.000007 
695.000000  696.000000  0.000007 
696.000000  697.000000  0.000007 
697.000000  698.000000  0.000007 
698.000000  699.000000  0.000007 
699.000000  700.000000  0.000007 
700.000000  701.000000  0.000007 
701.000000  702.000000  0.000007 
702.000000  703.000000  0.000007 
703.000000  704.000000  0.000007 
704.000000  705.000000  0.000007 
705.000000  706.000000  0.000007 
706.000000  707.000000  0.000007 
707.000000  708.000000  0.000007 
708.000000  709.000000  0.000007 
709.000000  710.000000  0.000007 
710.000000  711.000000  0.000007 
711.000000  712.000000  0.000007 
712.000000  713.000000  0.000007 
713.000000  714.000000  0.000007 
714.000000  715.000000  0.000007 
715.000000  716.000000  0.000007 
716.000000  717.000000  0.000007 
717.000000  718.000000  0.000007 
718.000000  719.000000  0.000007 
719.000000  720.000000  0.000007 
720.000000  721.000000  0.000007 
721.000000  722.000000  0.000007 
722.000000  723.000000  0.000006 
723.000000  724.000000  0.000006 
724.000000  725.000000  0.000006 
725.000000  726.000000  0.000006 
726.000000  727.000000  0.000006 
727.000000  728.000000  0.000006 
728.000000  729.000000  0.000006 
729.000000  730.000000  0.000006 
730.000000  731.000000  0.000006 
731.000000  732.000000  0.000006 
732.000000  733.000000  0.000006 
733.000000  734.000000  0.000006 
734.000000  735.000000  0.000006 
735.000000  736.000000  0.000006 
736.000000  737.000000  0.000006 
737.000000  738.000000  0.000006 
738.000000  739.000000  0.000006 
739.000000  740.000000  0.000006 
740.000000  741.000000  0.000006 
741.000000  742.000000  0.000006 
742.000000  743.000000  0.000006 
743.000000  744.000000  0.000006 
744.000000  745.000000  0.000006 
745.000000  746.000000  0.000006 
746.000000  747.000000  0.000006 
747.000000  748.000000  0.000006 
748.000000  749.000000  0.000006 
749.000000  750.000000  0.000006 
750.000000  751.000000  0.000006 
751.000000  752.000000  0.000006 
752.000000  753.000000  0.000006 
753.000000  754.000000  0.000006 
754.000000  755.000000  0.000006 
755.000000  756.000000  0.000006 
756.000000  757.000000  0.000006 
757.000000  758.000000  0.000006 
758.000000  759.000000  0.000006 
759.000000  760.000000  0.000006 
760.000000  761.000000  0.000006 
761.000000  762.000000  0.000006 
762.000000  763.000000  0.000006 
763.000000  764.000000  0.000006 
764.000000  765.000000  0.000006 
765.000000  766.000000  0.000006 
766.000000  767.000000  0.000006 
767.000000  768.000000  0.000006 
768.000000  769.000000  0.000006 
769.000000  770.000000  0.000006 
770.000000  771.000000  0.000006 
771.000000  772.000000  0.000006 
772.000000  773.000000  0.000006 
773.000000  774.000000  0.000006 
774.000000  775.000000  0.000006 
775.000000  776.000000  0.000006 
776.000000  777.000000  0.000006 
777.000000  778.000000  0.000006 
778.000000  779.000000  0.000006 
779.000000  780.000000  0.000006 
780.000000  781.000000  0.000006 
781.000000  782.000000  0.000005 
782.000000  783.000000  0.000005 
783.000000  784.000000  0.000005 
784.000000  785.000000  0.000005 
785.000000  786.000000  0.000005 
786.000000  787.000000  0.000005 
787.000000  788.000000  0.000005 
788.000000  789.000000  0.000005 
789.000000  790.000000  0.000005 
790.000000  791.000000  0.000005 
791.000000  792.000000  0.000005 
792.000000  793.000000  0.000005 
793.000000  794.000000  0.000005 
794.000000  795.000000  0.000005 
795.000000  796.000000  0.000005 
796.000000  797.000000  0.000005 
797.000000  798.000000  0.000005 
798.000000  799.000000  0.000005 
799.000000  800.000000  0.000005 
800.000000  801.000000  0.000005 
801.000000  802.000000  0.000005 
802.000000  803.000000  0.000005 
803.000000  804.000000  0.000005 
804.000000  805.000000  0.000005 
805.000000  806.000000  0.000005 
806.000000  807.000000  0.000005 
807.000000  808.000000  0.000005 
808.000000  809.000000  0.000005 
809.000000  810.000000  0.000005 
810.000000  811.000000  0.000005 
811.000000  812.000000  0.000005 
812.000000  813.000000  0.000005 
813.000000  814.000000  0.000005 
814.000000  815.000000  0.000005 
815.000000  816.000000  0.000005 
816.000000  817.000000  0.000005 
817.000000  818.000000  0.000005 
818.000000  819.000000  0.000005 
819.000000  820.000000  0.000005 
820.000000  821.000000  0.000005 
821.000000  822.000000  0.000005 
822.000000  823.000000  0.000005 
823.000000  824.000000  0.000005 
824.000000  825.000000  0.000005 
825.000000  826.000000  0.000005 
826.000000  827.000000  0.000005 
827.000000  828.000000  0.000005 
828.000000  829.000000  0.000005 
829.000000  830.000000  0.000005 
830.000000  831.000000  0.000005 
831.000000  832.000000  0.000005 
832.000000  833.000000  0.000005 
833.000000  834.000000  0.000005 
834.000000  835.000000  0.000005 
835.000000  836.000000  0.000005 
836.000000  837.000000  0.000005 
837.000000  838.000000  0.000005 
838.000000  839.000000  0.000005 
839.000000  840.000000  0.000005 
840.000000  841.000000  0.000005 
841.000000  842.000000  0.000005 
842.000000  843.000000  0.000005 
843.000000  844.000000  0.000005 
844.000000  845.000000  0.000005 
845.000000  846.000000  0.000005 
846.000000  847.000000  0.000005 
847.000000  848.000000  0.000005 
848.000000  849.000000  0.000005 
849.000000  850.000000  0.000005 
850.000000  851.000000  0.000005 
851.000000  852.000000  0.000005 
852.000000  853.000000  0.000005 
853.000000  854.000000  0.000005 
854.000000  855.000000  0.000005 
855.000000  856.000000  0.000005 
856.000000  857.000000  0.000005 
857.000000  858.000000  0.000005 
858.000000  859.000000  0.000005 
859.000000  860.000000  0.000005 
860.000000  861.000000  0.000005 
861.000000  862.000000  0.000005 
862.000000  863.000000  0.000005 
863.000000  864.000000  0.000005 
864.000000  865.000000  0.000005 
865.000000  866.000000  0.000005 
866.000000  867.000000  0.000005 
867.000000  868.000000  0.000005 
868.000000  869.000000  0.000005 
869.000000  870.000000  0.000005 
870.000000  871.000000  0.000005 
871.000000  872.000000  0.000005 
872.000000  873.000000  0.000005 
873.000000  874.000000  0.000005 
874.000000  875.000000  0.000005 
875.000000  876.000000  0.000005 
876.000000  877.000000  0.000005 
877.000000  878.000000  0.000005 
878.000000  879.000000  0.000005 
879.000000  880.000000  0.000005 
880.000000  881.000000  0.000005 
881.000000  882.000000  0.000005 
882.000000  883.000000  0.000005 
883.000000  884.000000  0.000005 
884.000000  885.000000  0.000005 
885.000000  886.000000  0.000005 
886.000000  887.000000  0.000005 
887.000000  888.000000  0.000005 
888.000000  889.000000  0.000005 
889.000000  890.000000  0.000005 
890.000000  891.000000  0.000005 
891.000000  892.000000  0.000005 
892.000000  893.000000  0.000005 
893.000000  894.000000  0.000005 
894.000000  895.000000  0.000005 
895.000000  896.000000  0.000005 
896.000000  897.000000  0.000005 
897.000000  898.000000  0.000005 
898.000000  899.000000  0.000005 
899.000000  900.000000  0.000005 
900.000000  901.000000  0.000005 
901.000000  902.000000  0.000005 
902.000000  903.000000  0.000005 
903.000000  904.000000  0.000005 
904.000000  905.000000  0.000005 
905.000000  906.000000  0.000005 
906.000000  907.000000  0.000005 
907.000000  908.000000  0.000005 
908.000000  909.000000  0.000005 
909.000000  910.000000  0.000005 
910.000000  911.000000  0.000005 
911.000000  912.000000  0.000005 
912.000000  913.000000  0.000005 
913.000000  914.000000  0.000005 
914.000000  915.000000  0.000005 
915.000000  916.000000  0.000005 
916.000000  917.000000  0.000005 
917.000000  918.000000  0.000004 
918.000000  919.000000  0.000004 
919.000000  920.000000  0.000004 
920.000000  921.000000  0.000004 
921.000000  922.000000  0.000004 
922.000000  923.000000  0.000004 
923.000000  924.000000  0.000004 
924.000000  925.000000  0.000004 
925.000000  926.000000  0.000004 
926.000000  927.000000  0.000004 
927.000000  928.000000  0.000004 
928.000000  929.000000  0.000004 
929.000000  930.000000  0.000004 
930.000000  931.000000  0.000004 
931.000000  932.000000  0.000004 
932.000000  933.000000  0.000004 
933.000000  934.000000  0.000004 
934.000000  935.000000  0.000004 
935.000000  936.000000  0.000004 
936.000000  937.000000  0.000004 
937.000000  938.000000  0.000004 
938.000000  939.000000  0.000004 
939.000000  940.000000  0.000004 
940.000000  941.000000  0.000004 
941.000000  942.000000  0.000004 
942.000000  943.000000  0.000004 
943.000000  944.000000  0.000004 
