20.000000  21.000000  0.000252 
21.000000  22.000000  0.000286 
22.000000  23.000000  0.000321 
23.000000  24.000000  0.000358 
24.000000  25.000000  0.000396 
25.000000  26.000000  0.000435 
26.000000  27.000000  0.000475 
27.000000  28.000000  0.000516 
28.000000  29.000000  0.000558 
29.000000  30.000000  0.000601 
30.000000  31.000000  0.000644 
31.000000  32.000000  0.000689 
32.000000  33.000000  0.000734 
33.000000  34.000000  0.000780 
34.000000  35.000000  0.000826 
35.000000  36.000000  0.000874 
36.000000  37.000000  0.000922 
37.000000  38.000000  0.000971 
38.000000  39.000000  0.001021 
39.000000  40.000000  0.001071 
40.000000  41.000000  0.001122 
41.000000  42.000000  0.001174 
42.000000  43.000000  0.001226 
43.000000  44.000000  0.001278 
44.000000  45.000000  0.001332 
45.000000  46.000000  0.001385 
46.000000  47.000000  0.001439 
47.000000  48.000000  0.001493 
48.000000  49.000000  0.001547 
49.000000  50.000000  0.001601 
50.000000  51.000000  0.001655 
51.000000  52.000000  0.001709 
52.000000  53.000000  0.001763 
53.000000  54.000000  0.001817 
54.000000  55.000000  0.001870 
55.000000  56.000000  0.001922 
56.000000  57.000000  0.001974 
57.000000  58.000000  0.002025 
58.000000  59.000000  0.002076 
59.000000  60.000000  0.002126 
60.000000  61.000000  0.002175 
61.000000  62.000000  0.002223 
62.000000  63.000000  0.002270 
63.000000  64.000000  0.002316 
64.000000  65.000000  0.002361 
65.000000  66.000000  0.002405 
66.000000  67.000000  0.002448 
67.000000  68.000000  0.002490 
68.000000  69.000000  0.002531 
69.000000  70.000000  0.002571 
70.000000  71.000000  0.002610 
71.000000  72.000000  0.002647 
72.000000  73.000000  0.002683 
73.000000  74.000000  0.002719 
74.000000  75.000000  0.002753 
75.000000  76.000000  0.002786 
76.000000  77.000000  0.002818 
77.000000  78.000000  0.002849 
78.000000  79.000000  0.002879 
79.000000  80.000000  0.002909 
80.000000  81.000000  0.002937 
81.000000  82.000000  0.002964 
82.000000  83.000000  0.002991 
83.000000  84.000000  0.003016 
84.000000  85.000000  0.003041 
85.000000  86.000000  0.003065 
86.000000  87.000000  0.003089 
87.000000  88.000000  0.003111 
88.000000  89.000000  0.003133 
89.000000  90.000000  0.003155 
90.000000  91.000000  0.003176 
91.000000  92.000000  0.003196 
92.000000  93.000000  0.003216 
93.000000  94.000000  0.003235 
94.000000  95.000000  0.003254 
95.000000  96.000000  0.003273 
96.000000  97.000000  0.003291 
97.000000  98.000000  0.003309 
98.000000  99.000000  0.003326 
99.000000  100.000000  0.003344 
100.000000  101.000000  0.003361 
101.000000  102.000000  0.003378 
102.000000  103.000000  0.003394 
103.000000  104.000000  0.003411 
104.000000  105.000000  0.003427 
105.000000  106.000000  0.003444 
106.000000  107.000000  0.003460 
107.000000  108.000000  0.003476 
108.000000  109.000000  0.003492 
109.000000  110.000000  0.003508 
110.000000  111.000000  0.003524 
111.000000  112.000000  0.003540 
112.000000  113.000000  0.003556 
113.000000  114.000000  0.003571 
114.000000  115.000000  0.003587 
115.000000  116.000000  0.003603 
116.000000  117.000000  0.003619 
117.000000  118.000000  0.003635 
118.000000  119.000000  0.003651 
119.000000  120.000000  0.003667 
120.000000  121.000000  0.003683 
121.000000  122.000000  0.003699 
122.000000  123.000000  0.003716 
123.000000  124.000000  0.003732 
124.000000  125.000000  0.003748 
125.000000  126.000000  0.003764 
126.000000  127.000000  0.003781 
127.000000  128.000000  0.003797 
128.000000  129.000000  0.003813 
129.000000  130.000000  0.003830 
130.000000  131.000000  0.003846 
131.000000  132.000000  0.003863 
132.000000  133.000000  0.003879 
133.000000  134.000000  0.003895 
134.000000  135.000000  0.003912 
135.000000  136.000000  0.003928 
136.000000  137.000000  0.003945 
137.000000  138.000000  0.003961 
138.000000  139.000000  0.003978 
139.000000  140.000000  0.003994 
140.000000  141.000000  0.004010 
141.000000  142.000000  0.004026 
142.000000  143.000000  0.004043 
143.000000  144.000000  0.004059 
144.000000  145.000000  0.004075 
145.000000  146.000000  0.004091 
146.000000  147.000000  0.004107 
147.000000  148.000000  0.004123 
148.000000  149.000000  0.004139 
149.000000  150.000000  0.004154 
150.000000  151.000000  0.004170 
151.000000  152.000000  0.004185 
152.000000  153.000000  0.004201 
153.000000  154.000000  0.004216 
154.000000  155.000000  0.004231 
155.000000  156.000000  0.004246 
156.000000  157.000000  0.004261 
157.000000  158.000000  0.004276 
158.000000  159.000000  0.004290 
159.000000  160.000000  0.004305 
160.000000  161.000000  0.004319 
161.000000  162.000000  0.004333 
162.000000  163.000000  0.004348 
163.000000  164.000000  0.004361 
164.000000  165.000000  0.004375 
165.000000  166.000000  0.004389 
166.000000  167.000000  0.004402 
167.000000  168.000000  0.004416 
168.000000  169.000000  0.004429 
169.000000  170.000000  0.004442 
170.000000  171.000000  0.004455 
171.000000  172.000000  0.004468 
172.000000  173.000000  0.004480 
173.000000  174.000000  0.004493 
174.000000  175.000000  0.004505 
175.000000  176.000000  0.004517 
176.000000  177.000000  0.004529 
177.000000  178.000000  0.004541 
178.000000  179.000000  0.004552 
179.000000  180.000000  0.004564 
180.000000  181.000000  0.004575 
181.000000  182.000000  0.004587 
182.000000  183.000000  0.004598 
183.000000  184.000000  0.004609 
184.000000  185.000000  0.004619 
185.000000  186.000000  0.004630 
186.000000  187.000000  0.004641 
187.000000  188.000000  0.004651 
188.000000  189.000000  0.004661 
189.000000  190.000000  0.004671 
190.000000  191.000000  0.004681 
191.000000  192.000000  0.004691 
192.000000  193.000000  0.004701 
193.000000  194.000000  0.004711 
194.000000  195.000000  0.004720 
195.000000  196.000000  0.004730 
196.000000  197.000000  0.004739 
197.000000  198.000000  0.004748 
198.000000  199.000000  0.004758 
199.000000  200.000000  0.004767 
200.000000  201.000000  0.004776 
201.000000  202.000000  0.004784 
202.000000  203.000000  0.004793 
203.000000  204.000000  0.004802 
204.000000  205.000000  0.004810 
205.000000  206.000000  0.004819 
206.000000  207.000000  0.004827 
207.000000  208.000000  0.004836 
208.000000  209.000000  0.004844 
209.000000  210.000000  0.004852 
210.000000  211.000000  0.004860 
211.000000  212.000000  0.004868 
212.000000  213.000000  0.004876 
213.000000  214.000000  0.004884 
214.000000  215.000000  0.004892 
215.000000  216.000000  0.004900 
216.000000  217.000000  0.004908 
217.000000  218.000000  0.004916 
218.000000  219.000000  0.004923 
219.000000  220.000000  0.004931 
220.000000  221.000000  0.004939 
221.000000  222.000000  0.004946 
222.000000  223.000000  0.004954 
223.000000  224.000000  0.004961 
224.000000  225.000000  0.004969 
225.000000  226.000000  0.004976 
226.000000  227.000000  0.004983 
227.000000  228.000000  0.004991 
228.000000  229.000000  0.004998 
229.000000  230.000000  0.005005 
230.000000  231.000000  0.005013 
231.000000  232.000000  0.005020 
232.000000  233.000000  0.005027 
233.000000  234.000000  0.005035 
234.000000  235.000000  0.005042 
235.000000  236.000000  0.005049 
236.000000  237.000000  0.005056 
237.000000  238.000000  0.005063 
238.000000  239.000000  0.005071 
239.000000  240.000000  0.005078 
240.000000  241.000000  0.005085 
241.000000  242.000000  0.005092 
242.000000  243.000000  0.005099 
243.000000  244.000000  0.005106 
244.000000  245.000000  0.005114 
245.000000  246.000000  0.005121 
246.000000  247.000000  0.005128 
247.000000  248.000000  0.005135 
248.000000  249.000000  0.005142 
249.000000  250.000000  0.005149 
250.000000  251.000000  0.005157 
251.000000  252.000000  0.005164 
252.000000  253.000000  0.005171 
253.000000  254.000000  0.005178 
254.000000  255.000000  0.005185 
255.000000  256.000000  0.005192 
256.000000  257.000000  0.005200 
257.000000  258.000000  0.005207 
258.000000  259.000000  0.005214 
259.000000  260.000000  0.005221 
260.000000  261.000000  0.005229 
261.000000  262.000000  0.005236 
262.000000  263.000000  0.005243 
263.000000  264.000000  0.005250 
264.000000  265.000000  0.005258 
265.000000  266.000000  0.005265 
266.000000  267.000000  0.005272 
267.000000  268.000000  0.005280 
268.000000  269.000000  0.005287 
269.000000  270.000000  0.005294 
270.000000  271.000000  0.005302 
271.000000  272.000000  0.005309 
272.000000  273.000000  0.005316 
273.000000  274.000000  0.005324 
274.000000  275.000000  0.005331 
275.000000  276.000000  0.005338 
276.000000  277.000000  0.005346 
277.000000  278.000000  0.005353 
278.000000  279.000000  0.005361 
279.000000  280.000000  0.005368 
280.000000  281.000000  0.005376 
281.000000  282.000000  0.005383 
282.000000  283.000000  0.005391 
283.000000  284.000000  0.005398 
284.000000  285.000000  0.005406 
285.000000  286.000000  0.005413 
286.000000  287.000000  0.005421 
287.000000  288.000000  0.005428 
288.000000  289.000000  0.005436 
289.000000  290.000000  0.005443 
290.000000  291.000000  0.005451 
291.000000  292.000000  0.005458 
292.000000  293.000000  0.005466 
293.000000  294.000000  0.005473 
294.000000  295.000000  0.005481 
295.000000  296.000000  0.005488 
296.000000  297.000000  0.005496 
297.000000  298.000000  0.005504 
298.000000  299.000000  0.005511 
299.000000  300.000000  0.005519 
300.000000  301.000000  0.005526 
301.000000  302.000000  0.005534 
302.000000  303.000000  0.005541 
303.000000  304.000000  0.005549 
304.000000  305.000000  0.005557 
305.000000  306.000000  0.005564 
306.000000  307.000000  0.005572 
307.000000  308.000000  0.005579 
308.000000  309.000000  0.005587 
309.000000  310.000000  0.005595 
310.000000  311.000000  0.005602 
311.000000  312.000000  0.005610 
312.000000  313.000000  0.005617 
313.000000  314.000000  0.005625 
314.000000  315.000000  0.005632 
315.000000  316.000000  0.005640 
316.000000  317.000000  0.005647 
317.000000  318.000000  0.005655 
318.000000  319.000000  0.005662 
319.000000  320.000000  0.005670 
320.000000  321.000000  0.005677 
321.000000  322.000000  0.005685 
322.000000  323.000000  0.005692 
323.000000  324.000000  0.005700 
324.000000  325.000000  0.005707 
325.000000  326.000000  0.005715 
326.000000  327.000000  0.005722 
327.000000  328.000000  0.005730 
328.000000  329.000000  0.005737 
329.000000  330.000000  0.005744 
330.000000  331.000000  0.005752 
331.000000  332.000000  0.005759 
332.000000  333.000000  0.005767 
333.000000  334.000000  0.005774 
334.000000  335.000000  0.005781 
335.000000  336.000000  0.005788 
336.000000  337.000000  0.005796 
337.000000  338.000000  0.005803 
338.000000  339.000000  0.005810 
339.000000  340.000000  0.005817 
340.000000  341.000000  0.005825 
341.000000  342.000000  0.005832 
342.000000  343.000000  0.005839 
343.000000  344.000000  0.005846 
344.000000  345.000000  0.005853 
345.000000  346.000000  0.005860 
346.000000  347.000000  0.005867 
347.000000  348.000000  0.005874 
348.000000  349.000000  0.005881 
349.000000  350.000000  0.005888 
350.000000  351.000000  0.005895 
351.000000  352.000000  0.005902 
352.000000  353.000000  0.005909 
353.000000  354.000000  0.005916 
354.000000  355.000000  0.005923 
355.000000  356.000000  0.005930 
356.000000  357.000000  0.005937 
357.000000  358.000000  0.005943 
358.000000  359.000000  0.005950 
359.000000  360.000000  0.005957 
360.000000  361.000000  0.005963 
361.000000  362.000000  0.005970 
362.000000  363.000000  0.005977 
363.000000  364.000000  0.005983 
364.000000  365.000000  0.005990 
365.000000  366.000000  0.005996 
366.000000  367.000000  0.006003 
367.000000  368.000000  0.006009 
368.000000  369.000000  0.006016 
369.000000  370.000000  0.006022 
370.000000  371.000000  0.006029 
371.000000  372.000000  0.006035 
372.000000  373.000000  0.006041 
373.000000  374.000000  0.006048 
374.000000  375.000000  0.006054 
375.000000  376.000000  0.006060 
376.000000  377.000000  0.006066 
377.000000  378.000000  0.006072 
378.000000  379.000000  0.006078 
379.000000  380.000000  0.006084 
380.000000  381.000000  0.006091 
381.000000  382.000000  0.006097 
382.000000  383.000000  0.006102 
383.000000  384.000000  0.006108 
384.000000  385.000000  0.006114 
385.000000  386.000000  0.006120 
386.000000  387.000000  0.006126 
387.000000  388.000000  0.006132 
388.000000  389.000000  0.006138 
389.000000  390.000000  0.006143 
390.000000  391.000000  0.006149 
391.000000  392.000000  0.006155 
392.000000  393.000000  0.006160 
393.000000  394.000000  0.006166 
394.000000  395.000000  0.006171 
395.000000  396.000000  0.006177 
396.000000  397.000000  0.006182 
397.000000  398.000000  0.006188 
398.000000  399.000000  0.006193 
399.000000  400.000000  0.006198 
400.000000  401.000000  0.006204 
401.000000  402.000000  0.006209 
402.000000  403.000000  0.006214 
403.000000  404.000000  0.006219 
404.000000  405.000000  0.006224 
405.000000  406.000000  0.006230 
406.000000  407.000000  0.006235 
407.000000  408.000000  0.006240 
408.000000  409.000000  0.006245 
409.000000  410.000000  0.006250 
410.000000  411.000000  0.006255 
411.000000  412.000000  0.006260 
412.000000  413.000000  0.006264 
413.000000  414.000000  0.006269 
414.000000  415.000000  0.006274 
415.000000  416.000000  0.006279 
416.000000  417.000000  0.006283 
417.000000  418.000000  0.006288 
418.000000  419.000000  0.006293 
419.000000  420.000000  0.006297 
420.000000  421.000000  0.006302 
421.000000  422.000000  0.006306 
422.000000  423.000000  0.006311 
423.000000  424.000000  0.006315 
424.000000  425.000000  0.006320 
425.000000  426.000000  0.006324 
426.000000  427.000000  0.006328 
427.000000  428.000000  0.006333 
428.000000  429.000000  0.006337 
429.000000  430.000000  0.006341 
430.000000  431.000000  0.006345 
431.000000  432.000000  0.006350 
432.000000  433.000000  0.006354 
433.000000  434.000000  0.006358 
434.000000  435.000000  0.006362 
435.000000  436.000000  0.006366 
436.000000  437.000000  0.006370 
437.000000  438.000000  0.006374 
438.000000  439.000000  0.006378 
439.000000  440.000000  0.006382 
440.000000  441.000000  0.006385 
441.000000  442.000000  0.006389 
442.000000  443.000000  0.006393 
443.000000  444.000000  0.006397 
444.000000  445.000000  0.006400 
445.000000  446.000000  0.006404 
446.000000  447.000000  0.006408 
447.000000  448.000000  0.006411 
448.000000  449.000000  0.006415 
449.000000  450.000000  0.006418 
450.000000  451.000000  0.006422 
451.000000  452.000000  0.006425 
452.000000  453.000000  0.006429 
453.000000  454.000000  0.006432 
454.000000  455.000000  0.006436 
455.000000  456.000000  0.006439 
456.000000  457.000000  0.006442 
457.000000  458.000000  0.006446 
458.000000  459.000000  0.006449 
459.000000  460.000000  0.006452 
460.000000  461.000000  0.006455 
461.000000  462.000000  0.006458 
462.000000  463.000000  0.006462 
463.000000  464.000000  0.006465 
464.000000  465.000000  0.006468 
465.000000  466.000000  0.006471 
466.000000  467.000000  0.006474 
467.000000  468.000000  0.006477 
468.000000  469.000000  0.006480 
469.000000  470.000000  0.006483 
470.000000  471.000000  0.006485 
471.000000  472.000000  0.006488 
472.000000  473.000000  0.006491 
473.000000  474.000000  0.006494 
474.000000  475.000000  0.006497 
475.000000  476.000000  0.006499 
476.000000  477.000000  0.006502 
477.000000  478.000000  0.006505 
478.000000  479.000000  0.006507 
479.000000  480.000000  0.006510 
480.000000  481.000000  0.006513 
481.000000  482.000000  0.006515 
482.000000  483.000000  0.006518 
483.000000  484.000000  0.006520 
484.000000  485.000000  0.006523 
485.000000  486.000000  0.006525 
486.000000  487.000000  0.006528 
487.000000  488.000000  0.006530 
488.000000  489.000000  0.006533 
489.000000  490.000000  0.006535 
490.000000  491.000000  0.006537 
491.000000  492.000000  0.006540 
492.000000  493.000000  0.006542 
493.000000  494.000000  0.006544 
494.000000  495.000000  0.006546 
495.000000  496.000000  0.006549 
496.000000  497.000000  0.006551 
497.000000  498.000000  0.006553 
498.000000  499.000000  0.006555 
499.000000  500.000000  0.006557 
500.000000  501.000000  0.006559 
501.000000  502.000000  0.006562 
502.000000  503.000000  0.006564 
503.000000  504.000000  0.006566 
504.000000  505.000000  0.006568 
505.000000  506.000000  0.006570 
506.000000  507.000000  0.006572 
507.000000  508.000000  0.006574 
508.000000  509.000000  0.006576 
509.000000  510.000000  0.006577 
510.000000  511.000000  0.006579 
511.000000  512.000000  0.006581 
512.000000  513.000000  0.006583 
513.000000  514.000000  0.006585 
514.000000  515.000000  0.006587 
515.000000  516.000000  0.006589 
516.000000  517.000000  0.006590 
517.000000  518.000000  0.006592 
518.000000  519.000000  0.006594 
519.000000  520.000000  0.006596 
520.000000  521.000000  0.006597 
521.000000  522.000000  0.006599 
522.000000  523.000000  0.006601 
523.000000  524.000000  0.006602 
524.000000  525.000000  0.006604 
525.000000  526.000000  0.006606 
526.000000  527.000000  0.006607 
527.000000  528.000000  0.006609 
528.000000  529.000000  0.006610 
529.000000  530.000000  0.006612 
530.000000  531.000000  0.006613 
531.000000  532.000000  0.006615 
532.000000  533.000000  0.006616 
533.000000  534.000000  0.006618 
534.000000  535.000000  0.006619 
535.000000  536.000000  0.006621 
536.000000  537.000000  0.006622 
537.000000  538.000000  0.006624 
538.000000  539.000000  0.006625 
539.000000  540.000000  0.006627 
540.000000  541.000000  0.006628 
541.000000  542.000000  0.006629 
542.000000  543.000000  0.006631 
543.000000  544.000000  0.006632 
544.000000  545.000000  0.006633 
545.000000  546.000000  0.006635 
546.000000  547.000000  0.006636 
547.000000  548.000000  0.006637 
548.000000  549.000000  0.006638 
549.000000  550.000000  0.006640 
550.000000  551.000000  0.006641 
551.000000  552.000000  0.006642 
552.000000  553.000000  0.006643 
553.000000  554.000000  0.006645 
554.000000  555.000000  0.006646 
555.000000  556.000000  0.006647 
556.000000  557.000000  0.006648 
557.000000  558.000000  0.006649 
558.000000  559.000000  0.006650 
559.000000  560.000000  0.006652 
560.000000  561.000000  0.006653 
561.000000  562.000000  0.006654 
562.000000  563.000000  0.006655 
563.000000  564.000000  0.006656 
564.000000  565.000000  0.006657 
565.000000  566.000000  0.006658 
566.000000  567.000000  0.006659 
567.000000  568.000000  0.006660 
568.000000  569.000000  0.006661 
569.000000  570.000000  0.006662 
570.000000  571.000000  0.006663 
571.000000  572.000000  0.006664 
572.000000  573.000000  0.006665 
573.000000  574.000000  0.006666 
574.000000  575.000000  0.006667 
575.000000  576.000000  0.006668 
576.000000  577.000000  0.006669 
577.000000  578.000000  0.006670 
578.000000  579.000000  0.006671 
579.000000  580.000000  0.006672 
580.000000  581.000000  0.006673 
581.000000  582.000000  0.006674 
582.000000  583.000000  0.006675 
583.000000  584.000000  0.006675 
584.000000  585.000000  0.006676 
585.000000  586.000000  0.006677 
586.000000  587.000000  0.006678 
587.000000  588.000000  0.006679 
588.000000  589.000000  0.006680 
589.000000  590.000000  0.006681 
590.000000  591.000000  0.006681 
591.000000  592.000000  0.006682 
592.000000  593.000000  0.006683 
593.000000  594.000000  0.006684 
594.000000  595.000000  0.006685 
595.000000  596.000000  0.006685 
596.000000  597.000000  0.006686 
597.000000  598.000000  0.006687 
598.000000  599.000000  0.006688 
599.000000  600.000000  0.006688 
600.000000  601.000000  0.006689 
601.000000  602.000000  0.006690 
602.000000  603.000000  0.006691 
603.000000  604.000000  0.006691 
604.000000  605.000000  0.006692 
605.000000  606.000000  0.006693 
606.000000  607.000000  0.006694 
607.000000  608.000000  0.006694 
608.000000  609.000000  0.006695 
609.000000  610.000000  0.006696 
610.000000  611.000000  0.006696 
611.000000  612.000000  0.006697 
612.000000  613.000000  0.006698 
613.000000  614.000000  0.006698 
614.000000  615.000000  0.006699 
615.000000  616.000000  0.006700 
616.000000  617.000000  0.006700 
617.000000  618.000000  0.006701 
618.000000  619.000000  0.006702 
619.000000  620.000000  0.006702 
620.000000  621.000000  0.006703 
621.000000  622.000000  0.006703 
622.000000  623.000000  0.006704 
623.000000  624.000000  0.006705 
624.000000  625.000000  0.006705 
625.000000  626.000000  0.006706 
626.000000  627.000000  0.006706 
627.000000  628.000000  0.006707 
628.000000  629.000000  0.006708 
629.000000  630.000000  0.006708 
630.000000  631.000000  0.006709 
631.000000  632.000000  0.006709 
632.000000  633.000000  0.006710 
633.000000  634.000000  0.006710 
634.000000  635.000000  0.006711 
635.000000  636.000000  0.006712 
636.000000  637.000000  0.006712 
637.000000  638.000000  0.006713 
638.000000  639.000000  0.006713 
639.000000  640.000000  0.006714 
640.000000  641.000000  0.006714 
641.000000  642.000000  0.006715 
642.000000  643.000000  0.006715 
643.000000  644.000000  0.006716 
644.000000  645.000000  0.006716 
645.000000  646.000000  0.006717 
646.000000  647.000000  0.006717 
647.000000  648.000000  0.006718 
648.000000  649.000000  0.006718 
649.000000  650.000000  0.006719 
650.000000  651.000000  0.006719 
651.000000  652.000000  0.006720 
652.000000  653.000000  0.006720 
653.000000  654.000000  0.006721 
654.000000  655.000000  0.006721 
655.000000  656.000000  0.006722 
656.000000  657.000000  0.006722 
657.000000  658.000000  0.006723 
658.000000  659.000000  0.006723 
659.000000  660.000000  0.006723 
660.000000  661.000000  0.006724 
661.000000  662.000000  0.006724 
662.000000  663.000000  0.006725 
663.000000  664.000000  0.006725 
664.000000  665.000000  0.006726 
665.000000  666.000000  0.006726 
666.000000  667.000000  0.006727 
667.000000  668.000000  0.006727 
668.000000  669.000000  0.006727 
669.000000  670.000000  0.006728 
670.000000  671.000000  0.006728 
671.000000  672.000000  0.006729 
672.000000  673.000000  0.006729 
673.000000  674.000000  0.006729 
674.000000  675.000000  0.006730 
675.000000  676.000000  0.006730 
676.000000  677.000000  0.006731 
677.000000  678.000000  0.006731 
678.000000  679.000000  0.006731 
679.000000  680.000000  0.006732 
680.000000  681.000000  0.006732 
681.000000  682.000000  0.006733 
682.000000  683.000000  0.006733 
683.000000  684.000000  0.006733 
684.000000  685.000000  0.006734 
685.000000  686.000000  0.006734 
686.000000  687.000000  0.006734 
687.000000  688.000000  0.006735 
688.000000  689.000000  0.006735 
689.000000  690.000000  0.006736 
690.000000  691.000000  0.006736 
691.000000  692.000000  0.006736 
692.000000  693.000000  0.006737 
693.000000  694.000000  0.006737 
694.000000  695.000000  0.006737 
695.000000  696.000000  0.006738 
696.000000  697.000000  0.006738 
697.000000  698.000000  0.006738 
698.000000  699.000000  0.006739 
699.000000  700.000000  0.006739 
700.000000  701.000000  0.006739 
701.000000  702.000000  0.006740 
702.000000  703.000000  0.006740 
703.000000  704.000000  0.006740 
704.000000  705.000000  0.006741 
705.000000  706.000000  0.006741 
706.000000  707.000000  0.006741 
707.000000  708.000000  0.006742 
708.000000  709.000000  0.006742 
709.000000  710.000000  0.006742 
710.000000  711.000000  0.006743 
711.000000  712.000000  0.006743 
712.000000  713.000000  0.006743 
713.000000  714.000000  0.006743 
714.000000  715.000000  0.006744 
715.000000  716.000000  0.006744 
716.000000  717.000000  0.006744 
717.000000  718.000000  0.006745 
718.000000  719.000000  0.006745 
719.000000  720.000000  0.006745 
720.000000  721.000000  0.006746 
721.000000  722.000000  0.006746 
722.000000  723.000000  0.006746 
723.000000  724.000000  0.006746 
724.000000  725.000000  0.006747 
725.000000  726.000000  0.006747 
726.000000  727.000000  0.006747 
727.000000  728.000000  0.006747 
728.000000  729.000000  0.006748 
729.000000  730.000000  0.006748 
730.000000  731.000000  0.006748 
731.000000  732.000000  0.006749 
732.000000  733.000000  0.006749 
733.000000  734.000000  0.006749 
734.000000  735.000000  0.006749 
735.000000  736.000000  0.006750 
736.000000  737.000000  0.006750 
737.000000  738.000000  0.006750 
738.000000  739.000000  0.006750 
739.000000  740.000000  0.006751 
740.000000  741.000000  0.006751 
741.000000  742.000000  0.006751 
742.000000  743.000000  0.006751 
743.000000  744.000000  0.006752 
744.000000  745.000000  0.006752 
745.000000  746.000000  0.006752 
746.000000  747.000000  0.006752 
747.000000  748.000000  0.006753 
748.000000  749.000000  0.006753 
749.000000  750.000000  0.006753 
750.000000  751.000000  0.006753 
751.000000  752.000000  0.006754 
752.000000  753.000000  0.006754 
753.000000  754.000000  0.006754 
754.000000  755.000000  0.006754 
755.000000  756.000000  0.006755 
756.000000  757.000000  0.006755 
757.000000  758.000000  0.006755 
758.000000  759.000000  0.006755 
759.000000  760.000000  0.006755 
760.000000  761.000000  0.006756 
761.000000  762.000000  0.006756 
762.000000  763.000000  0.006756 
763.000000  764.000000  0.006756 
764.000000  765.000000  0.006757 
765.000000  766.000000  0.006757 
766.000000  767.000000  0.006757 
767.000000  768.000000  0.006757 
768.000000  769.000000  0.006757 
769.000000  770.000000  0.006758 
770.000000  771.000000  0.006758 
771.000000  772.000000  0.006758 
772.000000  773.000000  0.006758 
773.000000  774.000000  0.006758 
774.000000  775.000000  0.006759 
775.000000  776.000000  0.006759 
776.000000  777.000000  0.006759 
777.000000  778.000000  0.006759 
778.000000  779.000000  0.006759 
779.000000  780.000000  0.006760 
780.000000  781.000000  0.006760 
781.000000  782.000000  0.006760 
782.000000  783.000000  0.006760 
783.000000  784.000000  0.006760 
784.000000  785.000000  0.006761 
785.000000  786.000000  0.006761 
786.000000  787.000000  0.006761 
787.000000  788.000000  0.006761 
788.000000  789.000000  0.006761 
789.000000  790.000000  0.006762 
790.000000  791.000000  0.006762 
791.000000  792.000000  0.006762 
792.000000  793.000000  0.006762 
793.000000  794.000000  0.006762 
794.000000  795.000000  0.006762 
795.000000  796.000000  0.006763 
796.000000  797.000000  0.006763 
797.000000  798.000000  0.006763 
798.000000  799.000000  0.006763 
799.000000  800.000000  0.006763 
800.000000  801.000000  0.006764 
801.000000  802.000000  0.006764 
802.000000  803.000000  0.006764 
803.000000  804.000000  0.006764 
804.000000  805.000000  0.006764 
805.000000  806.000000  0.006764 
806.000000  807.000000  0.006765 
807.000000  808.000000  0.006765 
808.000000  809.000000  0.006765 
809.000000  810.000000  0.006765 
810.000000  811.000000  0.006765 
811.000000  812.000000  0.006765 
812.000000  813.000000  0.006766 
813.000000  814.000000  0.006766 
814.000000  815.000000  0.006766 
815.000000  816.000000  0.006766 
816.000000  817.000000  0.006766 
817.000000  818.000000  0.006766 
818.000000  819.000000  0.006767 
819.000000  820.000000  0.006767 
820.000000  821.000000  0.006767 
821.000000  822.000000  0.006767 
822.000000  823.000000  0.006767 
823.000000  824.000000  0.006767 
824.000000  825.000000  0.006767 
825.000000  826.000000  0.006768 
826.000000  827.000000  0.006768 
827.000000  828.000000  0.006768 
828.000000  829.000000  0.006768 
829.000000  830.000000  0.006768 
830.000000  831.000000  0.006768 
831.000000  832.000000  0.006768 
832.000000  833.000000  0.006769 
833.000000  834.000000  0.006769 
834.000000  835.000000  0.006769 
835.000000  836.000000  0.006769 
836.000000  837.000000  0.006769 
837.000000  838.000000  0.006769 
838.000000  839.000000  0.006769 
839.000000  840.000000  0.006770 
840.000000  841.000000  0.006770 
841.000000  842.000000  0.006770 
842.000000  843.000000  0.006770 
843.000000  844.000000  0.006770 
844.000000  845.000000  0.006770 
845.000000  846.000000  0.006770 
846.000000  847.000000  0.006770 
847.000000  848.000000  0.006771 
848.000000  849.000000  0.006771 
849.000000  850.000000  0.006771 
850.000000  851.000000  0.006771 
851.000000  852.000000  0.006771 
852.000000  853.000000  0.006771 
853.000000  854.000000  0.006771 
854.000000  855.000000  0.006772 
855.000000  856.000000  0.006772 
856.000000  857.000000  0.006772 
857.000000  858.000000  0.006772 
858.000000  859.000000  0.006772 
859.000000  860.000000  0.006772 
860.000000  861.000000  0.006772 
861.000000  862.000000  0.006772 
862.000000  863.000000  0.006772 
863.000000  864.000000  0.006773 
864.000000  865.000000  0.006773 
865.000000  866.000000  0.006773 
866.000000  867.000000  0.006773 
867.000000  868.000000  0.006773 
868.000000  869.000000  0.006773 
869.000000  870.000000  0.006773 
870.000000  871.000000  0.006773 
871.000000  872.000000  0.006773 
872.000000  873.000000  0.006774 
873.000000  874.000000  0.006774 
874.000000  875.000000  0.006774 
875.000000  876.000000  0.006774 
876.000000  877.000000  0.006774 
877.000000  878.000000  0.006774 
878.000000  879.000000  0.006774 
879.000000  880.000000  0.006774 
880.000000  881.000000  0.006774 
881.000000  882.000000  0.006775 
882.000000  883.000000  0.006775 
883.000000  884.000000  0.006775 
884.000000  885.000000  0.006775 
885.000000  886.000000  0.006775 
886.000000  887.000000  0.006775 
887.000000  888.000000  0.006775 
888.000000  889.000000  0.006775 
889.000000  890.000000  0.006775 
890.000000  891.000000  0.006775 
891.000000  892.000000  0.006776 
892.000000  893.000000  0.006776 
893.000000  894.000000  0.006776 
894.000000  895.000000  0.006776 
895.000000  896.000000  0.006776 
896.000000  897.000000  0.006776 
897.000000  898.000000  0.006776 
898.000000  899.000000  0.006776 
899.000000  900.000000  0.006776 
900.000000  901.000000  0.006776 
901.000000  902.000000  0.006776 
902.000000  903.000000  0.006777 
903.000000  904.000000  0.006777 
904.000000  905.000000  0.006777 
905.000000  906.000000  0.006777 
906.000000  907.000000  0.006777 
907.000000  908.000000  0.006777 
908.000000  909.000000  0.006777 
909.000000  910.000000  0.006777 
910.000000  911.000000  0.006777 
911.000000  912.000000  0.006777 
912.000000  913.000000  0.006777 
913.000000  914.000000  0.006778 
914.000000  915.000000  0.006778 
915.000000  916.000000  0.006778 
916.000000  917.000000  0.006778 
917.000000  918.000000  0.006778 
918.000000  919.000000  0.006778 
919.000000  920.000000  0.006778 
920.000000  921.000000  0.006778 
921.000000  922.000000  0.006778 
922.000000  923.000000  0.006778 
923.000000  924.000000  0.006778 
924.000000  925.000000  0.006778 
925.000000  926.000000  0.006778 
926.000000  927.000000  0.006779 
927.000000  928.000000  0.006779 
928.000000  929.000000  0.006779 
929.000000  930.000000  0.006779 
930.000000  931.000000  0.006779 
931.000000  932.000000  0.006779 
932.000000  933.000000  0.006779 
933.000000  934.000000  0.006779 
934.000000  935.000000  0.006779 
935.000000  936.000000  0.006779 
936.000000  937.000000  0.006779 
937.000000  938.000000  0.006779 
938.000000  939.000000  0.006779 
939.000000  940.000000  0.006779 
940.000000  941.000000  0.006780 
941.000000  942.000000  0.006780 
942.000000  943.000000  0.006780 
943.000000  944.000000  0.006780 
