20.000000  21.000000  -0.000000 
21.000000  22.000000  -0.000000 
22.000000  23.000000  -0.000000 
23.000000  24.000000  -0.000000 
24.000000  25.000000  -0.000000 
25.000000  26.000000  -0.000000 
26.000000  27.000000  -0.000000 
27.000000  28.000000  -0.000000 
28.000000  29.000000  -0.000000 
29.000000  30.000000  -0.000000 
30.000000  31.000000  -0.000000 
31.000000  32.000000  -0.000000 
32.000000  33.000000  -0.000000 
33.000000  34.000000  -0.000000 
34.000000  35.000000  -0.000000 
35.000000  36.000000  -0.000000 
36.000000  37.000000  -0.000000 
37.000000  38.000000  -0.000000 
38.000000  39.000000  -0.000000 
39.000000  40.000000  -0.000000 
40.000000  41.000000  -0.000000 
41.000000  42.000000  -0.000000 
42.000000  43.000000  -0.000000 
43.000000  44.000000  -0.000000 
44.000000  45.000000  -0.000000 
45.000000  46.000000  -0.000000 
46.000000  47.000000  -0.000000 
47.000000  48.000000  -0.000000 
48.000000  49.000000  -0.000000 
49.000000  50.000000  -0.000000 
50.000000  51.000000  -0.000000 
51.000000  52.000000  -0.000000 
52.000000  53.000000  -0.000000 
53.000000  54.000000  -0.000000 
54.000000  55.000000  -0.000000 
55.000000  56.000000  -0.000000 
56.000000  57.000000  -0.000000 
57.000000  58.000000  -0.000000 
58.000000  59.000000  -0.000000 
59.000000  60.000000  -0.000000 
60.000000  61.000000  -0.000000 
61.000000  62.000000  -0.000000 
62.000000  63.000000  -0.000000 
63.000000  64.000000  -0.000000 
64.000000  65.000000  -0.000000 
65.000000  66.000000  -0.000000 
66.000000  67.000000  -0.000000 
67.000000  68.000000  -0.000000 
68.000000  69.000000  -0.000000 
69.000000  70.000000  -0.000000 
70.000000  71.000000  -0.000000 
71.000000  72.000000  -0.000000 
72.000000  73.000000  -0.000000 
73.000000  74.000000  -0.000000 
74.000000  75.000000  -0.000000 
75.000000  76.000000  -0.000000 
76.000000  77.000000  -0.000000 
77.000000  78.000000  -0.000000 
78.000000  79.000000  -0.000000 
79.000000  80.000000  -0.000000 
80.000000  81.000000  -0.000000 
81.000000  82.000000  -0.000000 
82.000000  83.000000  -0.000000 
83.000000  84.000000  -0.000000 
84.000000  85.000000  -0.000000 
85.000000  86.000000  -0.000000 
86.000000  87.000000  -0.000000 
87.000000  88.000000  -0.000000 
88.000000  89.000000  -0.000000 
89.000000  90.000000  -0.000000 
90.000000  91.000000  -0.000000 
91.000000  92.000000  -0.000000 
92.000000  93.000000  -0.000000 
93.000000  94.000000  -0.000000 
94.000000  95.000000  -0.000000 
95.000000  96.000000  -0.000000 
96.000000  97.000000  -0.000000 
97.000000  98.000000  -0.000000 
98.000000  99.000000  -0.000000 
99.000000  100.000000  -0.000000 
100.000000  101.000000  -0.000000 
101.000000  102.000000  -0.000000 
102.000000  103.000000  -0.000000 
103.000000  104.000000  -0.000000 
104.000000  105.000000  -0.000000 
105.000000  106.000000  -0.000000 
106.000000  107.000000  -0.000000 
107.000000  108.000000  -0.000000 
108.000000  109.000000  -0.000000 
109.000000  110.000000  -0.000000 
110.000000  111.000000  -0.000000 
111.000000  112.000000  -0.000000 
112.000000  113.000000  -0.000000 
113.000000  114.000000  -0.000000 
114.000000  115.000000  -0.000000 
115.000000  116.000000  -0.000000 
116.000000  117.000000  -0.000000 
117.000000  118.000000  -0.000000 
118.000000  119.000000  -0.000000 
119.000000  120.000000  -0.000000 
120.000000  121.000000  -0.000000 
121.000000  122.000000  -0.000000 
122.000000  123.000000  -0.000000 
123.000000  124.000000  -0.000000 
124.000000  125.000000  -0.000000 
125.000000  126.000000  -0.000000 
126.000000  127.000000  -0.000000 
127.000000  128.000000  -0.000000 
128.000000  129.000000  -0.000000 
129.000000  130.000000  -0.000000 
130.000000  131.000000  -0.000000 
131.000000  132.000000  -0.000000 
132.000000  133.000000  -0.000000 
133.000000  134.000000  -0.000000 
134.000000  135.000000  -0.000000 
135.000000  136.000000  -0.000000 
136.000000  137.000000  -0.000000 
137.000000  138.000000  -0.000000 
138.000000  139.000000  -0.000000 
139.000000  140.000000  -0.000000 
140.000000  141.000000  -0.000000 
141.000000  142.000000  -0.000000 
142.000000  143.000000  -0.000000 
143.000000  144.000000  -0.000000 
144.000000  145.000000  -0.000000 
145.000000  146.000000  -0.000000 
146.000000  147.000000  -0.000000 
147.000000  148.000000  -0.000000 
148.000000  149.000000  -0.000000 
149.000000  150.000000  -0.000000 
150.000000  151.000000  -0.000000 
151.000000  152.000000  -0.000000 
152.000000  153.000000  -0.000000 
153.000000  154.000000  -0.000000 
154.000000  155.000000  -0.000000 
155.000000  156.000000  -0.000000 
156.000000  157.000000  -0.000000 
157.000000  158.000000  -0.000000 
158.000000  159.000000  -0.000000 
159.000000  160.000000  -0.000000 
160.000000  161.000000  -0.000000 
161.000000  162.000000  -0.000000 
162.000000  163.000000  -0.000000 
163.000000  164.000000  -0.000000 
164.000000  165.000000  -0.000000 
165.000000  166.000000  -0.000000 
166.000000  167.000000  -0.000000 
167.000000  168.000000  -0.000000 
168.000000  169.000000  -0.000000 
169.000000  170.000000  -0.000000 
170.000000  171.000000  -0.000000 
171.000000  172.000000  -0.000000 
172.000000  173.000000  -0.000000 
173.000000  174.000000  -0.000000 
174.000000  175.000000  -0.000000 
175.000000  176.000000  -0.000000 
176.000000  177.000000  -0.000000 
177.000000  178.000000  -0.000000 
178.000000  179.000000  -0.000000 
179.000000  180.000000  -0.000000 
180.000000  181.000000  -0.000000 
181.000000  182.000000  -0.000001 
182.000000  183.000000  -0.000001 
183.000000  184.000000  -0.000001 
184.000000  185.000000  -0.000001 
185.000000  186.000000  -0.000001 
186.000000  187.000000  -0.000001 
187.000000  188.000000  -0.000001 
188.000000  189.000000  -0.000001 
189.000000  190.000000  -0.000001 
190.000000  191.000000  -0.000001 
191.000000  192.000000  -0.000001 
192.000000  193.000000  -0.000001 
193.000000  194.000000  -0.000001 
194.000000  195.000000  -0.000001 
195.000000  196.000000  -0.000002 
196.000000  197.000000  -0.000002 
197.000000  198.000000  -0.000002 
198.000000  199.000000  -0.000002 
199.000000  200.000000  -0.000002 
200.000000  201.000000  -0.000002 
201.000000  202.000000  -0.000002 
202.000000  203.000000  -0.000002 
203.000000  204.000000  -0.000002 
204.000000  205.000000  -0.000003 
205.000000  206.000000  -0.000003 
206.000000  207.000000  -0.000003 
207.000000  208.000000  -0.000003 
208.000000  209.000000  -0.000003 
209.000000  210.000000  -0.000003 
210.000000  211.000000  -0.000004 
211.000000  212.000000  -0.000004 
212.000000  213.000000  -0.000004 
213.000000  214.000000  -0.000004 
214.000000  215.000000  -0.000004 
215.000000  216.000000  -0.000005 
216.000000  217.000000  -0.000005 
217.000000  218.000000  -0.000005 
218.000000  219.000000  -0.000005 
219.000000  220.000000  -0.000005 
220.000000  221.000000  -0.000006 
221.000000  222.000000  -0.000006 
222.000000  223.000000  -0.000006 
223.000000  224.000000  -0.000006 
224.000000  225.000000  -0.000007 
225.000000  226.000000  -0.000007 
226.000000  227.000000  -0.000007 
227.000000  228.000000  -0.000007 
228.000000  229.000000  -0.000007 
229.000000  230.000000  -0.000008 
230.000000  231.000000  -0.000008 
231.000000  232.000000  -0.000008 
232.000000  233.000000  -0.000008 
233.000000  234.000000  -0.000009 
234.000000  235.000000  -0.000009 
235.000000  236.000000  -0.000009 
236.000000  237.000000  -0.000009 
237.000000  238.000000  -0.000010 
238.000000  239.000000  -0.000010 
239.000000  240.000000  -0.000010 
240.000000  241.000000  -0.000010 
241.000000  242.000000  -0.000010 
242.000000  243.000000  -0.000010 
243.000000  244.000000  -0.000011 
244.000000  245.000000  -0.000011 
245.000000  246.000000  -0.000011 
246.000000  247.000000  -0.000011 
247.000000  248.000000  -0.000011 
248.000000  249.000000  -0.000011 
249.000000  250.000000  -0.000011 
250.000000  251.000000  -0.000011 
251.000000  252.000000  -0.000011 
252.000000  253.000000  -0.000012 
253.000000  254.000000  -0.000012 
254.000000  255.000000  -0.000011 
255.000000  256.000000  -0.000011 
256.000000  257.000000  -0.000011 
257.000000  258.000000  -0.000011 
258.000000  259.000000  -0.000011 
259.000000  260.000000  -0.000011 
260.000000  261.000000  -0.000011 
261.000000  262.000000  -0.000011 
262.000000  263.000000  -0.000010 
263.000000  264.000000  -0.000010 
264.000000  265.000000  -0.000010 
265.000000  266.000000  -0.000010 
266.000000  267.000000  -0.000009 
267.000000  268.000000  -0.000009 
268.000000  269.000000  -0.000008 
269.000000  270.000000  -0.000008 
270.000000  271.000000  -0.000007 
271.000000  272.000000  -0.000007 
272.000000  273.000000  -0.000006 
273.000000  274.000000  -0.000005 
274.000000  275.000000  -0.000005 
275.000000  276.000000  -0.000004 
276.000000  277.000000  -0.000003 
277.000000  278.000000  -0.000002 
278.000000  279.000000  -0.000001 
279.000000  280.000000  -0.000000 
280.000000  281.000000  0.000001 
281.000000  282.000000  0.000002 
282.000000  283.000000  0.000003 
283.000000  284.000000  0.000004 
284.000000  285.000000  0.000006 
285.000000  286.000000  0.000007 
286.000000  287.000000  0.000009 
287.000000  288.000000  0.000010 
288.000000  289.000000  0.000012 
289.000000  290.000000  0.000013 
290.000000  291.000000  0.000015 
291.000000  292.000000  0.000017 
292.000000  293.000000  0.000019 
293.000000  294.000000  0.000021 
294.000000  295.000000  0.000023 
295.000000  296.000000  0.000025 
296.000000  297.000000  0.000027 
297.000000  298.000000  0.000030 
298.000000  299.000000  0.000032 
299.000000  300.000000  0.000034 
300.000000  301.000000  0.000037 
301.000000  302.000000  0.000040 
302.000000  303.000000  0.000042 
303.000000  304.000000  0.000045 
304.000000  305.000000  0.000048 
305.000000  306.000000  0.000051 
306.000000  307.000000  0.000054 
307.000000  308.000000  0.000057 
308.000000  309.000000  0.000061 
309.000000  310.000000  0.000064 
310.000000  311.000000  0.000068 
311.000000  312.000000  0.000071 
312.000000  313.000000  0.000075 
313.000000  314.000000  0.000079 
314.000000  315.000000  0.000083 
315.000000  316.000000  0.000087 
316.000000  317.000000  0.000091 
317.000000  318.000000  0.000095 
318.000000  319.000000  0.000100 
319.000000  320.000000  0.000104 
320.000000  321.000000  0.000109 
321.000000  322.000000  0.000113 
322.000000  323.000000  0.000118 
323.000000  324.000000  0.000123 
324.000000  325.000000  0.000128 
325.000000  326.000000  0.000133 
326.000000  327.000000  0.000138 
327.000000  328.000000  0.000144 
328.000000  329.000000  0.000149 
329.000000  330.000000  0.000155 
330.000000  331.000000  0.000161 
331.000000  332.000000  0.000167 
332.000000  333.000000  0.000172 
333.000000  334.000000  0.000179 
334.000000  335.000000  0.000185 
335.000000  336.000000  0.000191 
336.000000  337.000000  0.000198 
337.000000  338.000000  0.000204 
338.000000  339.000000  0.000211 
339.000000  340.000000  0.000218 
340.000000  341.000000  0.000224 
341.000000  342.000000  0.000232 
342.000000  343.000000  0.000239 
343.000000  344.000000  0.000246 
344.000000  345.000000  0.000253 
345.000000  346.000000  0.000261 
346.000000  347.000000  0.000269 
347.000000  348.000000  0.000276 
348.000000  349.000000  0.000284 
349.000000  350.000000  0.000292 
350.000000  351.000000  0.000300 
351.000000  352.000000  0.000309 
352.000000  353.000000  0.000317 
353.000000  354.000000  0.000325 
354.000000  355.000000  0.000334 
355.000000  356.000000  0.000343 
356.000000  357.000000  0.000352 
357.000000  358.000000  0.000361 
358.000000  359.000000  0.000370 
359.000000  360.000000  0.000379 
360.000000  361.000000  0.000388 
361.000000  362.000000  0.000398 
362.000000  363.000000  0.000407 
363.000000  364.000000  0.000417 
364.000000  365.000000  0.000427 
365.000000  366.000000  0.000436 
366.000000  367.000000  0.000446 
367.000000  368.000000  0.000457 
368.000000  369.000000  0.000467 
369.000000  370.000000  0.000477 
370.000000  371.000000  0.000487 
371.000000  372.000000  0.000498 
372.000000  373.000000  0.000509 
373.000000  374.000000  0.000519 
374.000000  375.000000  0.000530 
375.000000  376.000000  0.000541 
376.000000  377.000000  0.000552 
377.000000  378.000000  0.000563 
378.000000  379.000000  0.000575 
379.000000  380.000000  0.000586 
380.000000  381.000000  0.000598 
381.000000  382.000000  0.000609 
382.000000  383.000000  0.000621 
383.000000  384.000000  0.000633 
384.000000  385.000000  0.000644 
385.000000  386.000000  0.000656 
386.000000  387.000000  0.000668 
387.000000  388.000000  0.000680 
388.000000  389.000000  0.000693 
389.000000  390.000000  0.000705 
390.000000  391.000000  0.000717 
391.000000  392.000000  0.000730 
392.000000  393.000000  0.000742 
393.000000  394.000000  0.000755 
394.000000  395.000000  0.000768 
395.000000  396.000000  0.000780 
396.000000  397.000000  0.000793 
397.000000  398.000000  0.000806 
398.000000  399.000000  0.000819 
399.000000  400.000000  0.000832 
400.000000  401.000000  0.000846 
401.000000  402.000000  0.000859 
402.000000  403.000000  0.000872 
403.000000  404.000000  0.000885 
404.000000  405.000000  0.000899 
405.000000  406.000000  0.000912 
406.000000  407.000000  0.000926 
407.000000  408.000000  0.000939 
408.000000  409.000000  0.000953 
409.000000  410.000000  0.000967 
410.000000  411.000000  0.000980 
411.000000  412.000000  0.000994 
412.000000  413.000000  0.001008 
413.000000  414.000000  0.001022 
414.000000  415.000000  0.001036 
415.000000  416.000000  0.001050 
416.000000  417.000000  0.001064 
417.000000  418.000000  0.001078 
418.000000  419.000000  0.001092 
419.000000  420.000000  0.001106 
420.000000  421.000000  0.001121 
421.000000  422.000000  0.001135 
422.000000  423.000000  0.001149 
423.000000  424.000000  0.001163 
424.000000  425.000000  0.001178 
425.000000  426.000000  0.001192 
426.000000  427.000000  0.001206 
427.000000  428.000000  0.001221 
428.000000  429.000000  0.001235 
429.000000  430.000000  0.001249 
430.000000  431.000000  0.001264 
431.000000  432.000000  0.001278 
432.000000  433.000000  0.001293 
433.000000  434.000000  0.001307 
434.000000  435.000000  0.001322 
435.000000  436.000000  0.001336 
436.000000  437.000000  0.001351 
437.000000  438.000000  0.001365 
438.000000  439.000000  0.001380 
439.000000  440.000000  0.001394 
440.000000  441.000000  0.001409 
441.000000  442.000000  0.001423 
442.000000  443.000000  0.001437 
443.000000  444.000000  0.001452 
444.000000  445.000000  0.001466 
445.000000  446.000000  0.001481 
446.000000  447.000000  0.001495 
447.000000  448.000000  0.001510 
448.000000  449.000000  0.001524 
449.000000  450.000000  0.001538 
450.000000  451.000000  0.001553 
451.000000  452.000000  0.001567 
452.000000  453.000000  0.001581 
453.000000  454.000000  0.001595 
454.000000  455.000000  0.001610 
455.000000  456.000000  0.001624 
456.000000  457.000000  0.001638 
457.000000  458.000000  0.001652 
458.000000  459.000000  0.001666 
459.000000  460.000000  0.001680 
460.000000  461.000000  0.001694 
461.000000  462.000000  0.001708 
462.000000  463.000000  0.001722 
463.000000  464.000000  0.001736 
464.000000  465.000000  0.001750 
465.000000  466.000000  0.001764 
466.000000  467.000000  0.001777 
467.000000  468.000000  0.001791 
468.000000  469.000000  0.001805 
469.000000  470.000000  0.001818 
470.000000  471.000000  0.001832 
471.000000  472.000000  0.001845 
472.000000  473.000000  0.001858 
473.000000  474.000000  0.001872 
474.000000  475.000000  0.001885 
475.000000  476.000000  0.001898 
476.000000  477.000000  0.001911 
477.000000  478.000000  0.001924 
478.000000  479.000000  0.001937 
479.000000  480.000000  0.001950 
480.000000  481.000000  0.001963 
481.000000  482.000000  0.001976 
482.000000  483.000000  0.001989 
483.000000  484.000000  0.002001 
484.000000  485.000000  0.002014 
485.000000  486.000000  0.002026 
486.000000  487.000000  0.002039 
487.000000  488.000000  0.002051 
488.000000  489.000000  0.002063 
489.000000  490.000000  0.002075 
490.000000  491.000000  0.002087 
491.000000  492.000000  0.002099 
492.000000  493.000000  0.002111 
493.000000  494.000000  0.002123 
494.000000  495.000000  0.002135 
495.000000  496.000000  0.002146 
496.000000  497.000000  0.002158 
497.000000  498.000000  0.002169 
498.000000  499.000000  0.002181 
499.000000  500.000000  0.002192 
500.000000  501.000000  0.002203 
501.000000  502.000000  0.002214 
502.000000  503.000000  0.002225 
503.000000  504.000000  0.002236 
504.000000  505.000000  0.002247 
505.000000  506.000000  0.002257 
506.000000  507.000000  0.002268 
507.000000  508.000000  0.002278 
508.000000  509.000000  0.002289 
509.000000  510.000000  0.002299 
510.000000  511.000000  0.002309 
511.000000  512.000000  0.002319 
512.000000  513.000000  0.002329 
513.000000  514.000000  0.002339 
514.000000  515.000000  0.002349 
515.000000  516.000000  0.002358 
516.000000  517.000000  0.002368 
517.000000  518.000000  0.002377 
518.000000  519.000000  0.002386 
519.000000  520.000000  0.002396 
520.000000  521.000000  0.002405 
521.000000  522.000000  0.002414 
522.000000  523.000000  0.002423 
523.000000  524.000000  0.002431 
524.000000  525.000000  0.002440 
525.000000  526.000000  0.002448 
526.000000  527.000000  0.002457 
527.000000  528.000000  0.002465 
528.000000  529.000000  0.002473 
529.000000  530.000000  0.002481 
530.000000  531.000000  0.002489 
531.000000  532.000000  0.002497 
532.000000  533.000000  0.002505 
533.000000  534.000000  0.002513 
534.000000  535.000000  0.002520 
535.000000  536.000000  0.002528 
536.000000  537.000000  0.002535 
537.000000  538.000000  0.002542 
538.000000  539.000000  0.002549 
539.000000  540.000000  0.002556 
540.000000  541.000000  0.002563 
541.000000  542.000000  0.002570 
542.000000  543.000000  0.002576 
543.000000  544.000000  0.002583 
544.000000  545.000000  0.002589 
545.000000  546.000000  0.002595 
546.000000  547.000000  0.002602 
547.000000  548.000000  0.002608 
548.000000  549.000000  0.002614 
549.000000  550.000000  0.002619 
550.000000  551.000000  0.002625 
551.000000  552.000000  0.002631 
552.000000  553.000000  0.002636 
553.000000  554.000000  0.002642 
554.000000  555.000000  0.002647 
555.000000  556.000000  0.002652 
556.000000  557.000000  0.002657 
557.000000  558.000000  0.002662 
558.000000  559.000000  0.002667 
559.000000  560.000000  0.002672 
560.000000  561.000000  0.002676 
561.000000  562.000000  0.002681 
562.000000  563.000000  0.002685 
563.000000  564.000000  0.002689 
564.000000  565.000000  0.002694 
565.000000  566.000000  0.002698 
566.000000  567.000000  0.002702 
567.000000  568.000000  0.002706 
568.000000  569.000000  0.002709 
569.000000  570.000000  0.002713 
570.000000  571.000000  0.002717 
571.000000  572.000000  0.002720 
572.000000  573.000000  0.002723 
573.000000  574.000000  0.002727 
574.000000  575.000000  0.002730 
575.000000  576.000000  0.002733 
576.000000  577.000000  0.002736 
577.000000  578.000000  0.002739 
578.000000  579.000000  0.002741 
579.000000  580.000000  0.002744 
580.000000  581.000000  0.002747 
581.000000  582.000000  0.002749 
582.000000  583.000000  0.002751 
583.000000  584.000000  0.002754 
584.000000  585.000000  0.002756 
585.000000  586.000000  0.002758 
586.000000  587.000000  0.002760 
587.000000  588.000000  0.002762 
588.000000  589.000000  0.002764 
589.000000  590.000000  0.002765 
590.000000  591.000000  0.002767 
591.000000  592.000000  0.002768 
592.000000  593.000000  0.002770 
593.000000  594.000000  0.002771 
594.000000  595.000000  0.002772 
595.000000  596.000000  0.002774 
596.000000  597.000000  0.002775 
597.000000  598.000000  0.002776 
598.000000  599.000000  0.002777 
599.000000  600.000000  0.002777 
600.000000  601.000000  0.002778 
601.000000  602.000000  0.002779 
602.000000  603.000000  0.002779 
603.000000  604.000000  0.002780 
604.000000  605.000000  0.002780 
605.000000  606.000000  0.002781 
606.000000  607.000000  0.002781 
607.000000  608.000000  0.002781 
608.000000  609.000000  0.002781 
609.000000  610.000000  0.002781 
610.000000  611.000000  0.002781 
611.000000  612.000000  0.002781 
612.000000  613.000000  0.002781 
613.000000  614.000000  0.002780 
614.000000  615.000000  0.002780 
615.000000  616.000000  0.002780 
616.000000  617.000000  0.002779 
617.000000  618.000000  0.002778 
618.000000  619.000000  0.002778 
619.000000  620.000000  0.002777 
620.000000  621.000000  0.002776 
621.000000  622.000000  0.002775 
622.000000  623.000000  0.002775 
623.000000  624.000000  0.002774 
624.000000  625.000000  0.002772 
625.000000  626.000000  0.002771 
626.000000  627.000000  0.002770 
627.000000  628.000000  0.002769 
628.000000  629.000000  0.002768 
629.000000  630.000000  0.002766 
630.000000  631.000000  0.002765 
631.000000  632.000000  0.002763 
632.000000  633.000000  0.002762 
633.000000  634.000000  0.002760 
634.000000  635.000000  0.002759 
635.000000  636.000000  0.002757 
636.000000  637.000000  0.002755 
637.000000  638.000000  0.002753 
638.000000  639.000000  0.002751 
639.000000  640.000000  0.002749 
640.000000  641.000000  0.002747 
641.000000  642.000000  0.002745 
642.000000  643.000000  0.002743 
643.000000  644.000000  0.002741 
644.000000  645.000000  0.002739 
645.000000  646.000000  0.002737 
646.000000  647.000000  0.002734 
647.000000  648.000000  0.002732 
648.000000  649.000000  0.002730 
649.000000  650.000000  0.002727 
650.000000  651.000000  0.002725 
651.000000  652.000000  0.002722 
652.000000  653.000000  0.002720 
653.000000  654.000000  0.002717 
654.000000  655.000000  0.002714 
655.000000  656.000000  0.002712 
656.000000  657.000000  0.002709 
657.000000  658.000000  0.002706 
658.000000  659.000000  0.002703 
659.000000  660.000000  0.002700 
660.000000  661.000000  0.002697 
661.000000  662.000000  0.002694 
662.000000  663.000000  0.002691 
663.000000  664.000000  0.002688 
664.000000  665.000000  0.002685 
665.000000  666.000000  0.002682 
666.000000  667.000000  0.002679 
667.000000  668.000000  0.002676 
668.000000  669.000000  0.002673 
669.000000  670.000000  0.002670 
670.000000  671.000000  0.002666 
671.000000  672.000000  0.002663 
672.000000  673.000000  0.002660 
673.000000  674.000000  0.002656 
674.000000  675.000000  0.002653 
675.000000  676.000000  0.002649 
676.000000  677.000000  0.002646 
677.000000  678.000000  0.002642 
678.000000  679.000000  0.002639 
679.000000  680.000000  0.002635 
680.000000  681.000000  0.002632 
681.000000  682.000000  0.002628 
682.000000  683.000000  0.002625 
683.000000  684.000000  0.002621 
684.000000  685.000000  0.002617 
685.000000  686.000000  0.002614 
686.000000  687.000000  0.002610 
687.000000  688.000000  0.002606 
688.000000  689.000000  0.002602 
689.000000  690.000000  0.002599 
690.000000  691.000000  0.002595 
691.000000  692.000000  0.002591 
692.000000  693.000000  0.002587 
693.000000  694.000000  0.002583 
694.000000  695.000000  0.002579 
695.000000  696.000000  0.002575 
696.000000  697.000000  0.002571 
697.000000  698.000000  0.002567 
698.000000  699.000000  0.002563 
699.000000  700.000000  0.002559 
700.000000  701.000000  0.002555 
701.000000  702.000000  0.002551 
702.000000  703.000000  0.002547 
703.000000  704.000000  0.002543 
704.000000  705.000000  0.002539 
705.000000  706.000000  0.002535 
706.000000  707.000000  0.002531 
707.000000  708.000000  0.002527 
708.000000  709.000000  0.002523 
709.000000  710.000000  0.002519 
710.000000  711.000000  0.002514 
711.000000  712.000000  0.002510 
712.000000  713.000000  0.002506 
713.000000  714.000000  0.002502 
714.000000  715.000000  0.002498 
715.000000  716.000000  0.002494 
716.000000  717.000000  0.002489 
717.000000  718.000000  0.002485 
718.000000  719.000000  0.002481 
719.000000  720.000000  0.002477 
720.000000  721.000000  0.002472 
721.000000  722.000000  0.002468 
722.000000  723.000000  0.002464 
723.000000  724.000000  0.002459 
724.000000  725.000000  0.002455 
725.000000  726.000000  0.002451 
726.000000  727.000000  0.002446 
727.000000  728.000000  0.002442 
728.000000  729.000000  0.002438 
729.000000  730.000000  0.002433 
730.000000  731.000000  0.002429 
731.000000  732.000000  0.002425 
732.000000  733.000000  0.002420 
733.000000  734.000000  0.002416 
734.000000  735.000000  0.002412 
735.000000  736.000000  0.002407 
736.000000  737.000000  0.002403 
737.000000  738.000000  0.002399 
738.000000  739.000000  0.002394 
739.000000  740.000000  0.002390 
740.000000  741.000000  0.002385 
741.000000  742.000000  0.002381 
742.000000  743.000000  0.002377 
743.000000  744.000000  0.002372 
744.000000  745.000000  0.002368 
745.000000  746.000000  0.002363 
746.000000  747.000000  0.002359 
747.000000  748.000000  0.002355 
748.000000  749.000000  0.002350 
749.000000  750.000000  0.002346 
750.000000  751.000000  0.002341 
751.000000  752.000000  0.002337 
752.000000  753.000000  0.002333 
753.000000  754.000000  0.002328 
754.000000  755.000000  0.002324 
755.000000  756.000000  0.002319 
756.000000  757.000000  0.002315 
757.000000  758.000000  0.002311 
758.000000  759.000000  0.002306 
759.000000  760.000000  0.002302 
760.000000  761.000000  0.002297 
761.000000  762.000000  0.002293 
762.000000  763.000000  0.002289 
763.000000  764.000000  0.002284 
764.000000  765.000000  0.002280 
765.000000  766.000000  0.002275 
766.000000  767.000000  0.002271 
767.000000  768.000000  0.002267 
768.000000  769.000000  0.002262 
769.000000  770.000000  0.002258 
770.000000  771.000000  0.002253 
771.000000  772.000000  0.002249 
772.000000  773.000000  0.002245 
773.000000  774.000000  0.002240 
774.000000  775.000000  0.002236 
775.000000  776.000000  0.002232 
776.000000  777.000000  0.002227 
777.000000  778.000000  0.002223 
778.000000  779.000000  0.002219 
779.000000  780.000000  0.002214 
780.000000  781.000000  0.002210 
781.000000  782.000000  0.002206 
782.000000  783.000000  0.002201 
783.000000  784.000000  0.002197 
784.000000  785.000000  0.002193 
785.000000  786.000000  0.002188 
786.000000  787.000000  0.002184 
787.000000  788.000000  0.002180 
788.000000  789.000000  0.002176 
789.000000  790.000000  0.002171 
790.000000  791.000000  0.002167 
791.000000  792.000000  0.002163 
792.000000  793.000000  0.002158 
793.000000  794.000000  0.002154 
794.000000  795.000000  0.002150 
795.000000  796.000000  0.002146 
796.000000  797.000000  0.002141 
797.000000  798.000000  0.002137 
798.000000  799.000000  0.002133 
799.000000  800.000000  0.002129 
800.000000  801.000000  0.002125 
801.000000  802.000000  0.002120 
802.000000  803.000000  0.002116 
803.000000  804.000000  0.002112 
804.000000  805.000000  0.002108 
805.000000  806.000000  0.002104 
806.000000  807.000000  0.002099 
807.000000  808.000000  0.002095 
808.000000  809.000000  0.002091 
809.000000  810.000000  0.002087 
810.000000  811.000000  0.002083 
811.000000  812.000000  0.002079 
812.000000  813.000000  0.002075 
813.000000  814.000000  0.002071 
814.000000  815.000000  0.002067 
815.000000  816.000000  0.002062 
816.000000  817.000000  0.002058 
817.000000  818.000000  0.002054 
818.000000  819.000000  0.002050 
819.000000  820.000000  0.002046 
820.000000  821.000000  0.002042 
821.000000  822.000000  0.002038 
822.000000  823.000000  0.002034 
823.000000  824.000000  0.002030 
824.000000  825.000000  0.002026 
825.000000  826.000000  0.002022 
826.000000  827.000000  0.002018 
827.000000  828.000000  0.002014 
828.000000  829.000000  0.002010 
829.000000  830.000000  0.002006 
830.000000  831.000000  0.002002 
831.000000  832.000000  0.001998 
832.000000  833.000000  0.001994 
833.000000  834.000000  0.001990 
834.000000  835.000000  0.001987 
835.000000  836.000000  0.001983 
836.000000  837.000000  0.001979 
837.000000  838.000000  0.001975 
838.000000  839.000000  0.001971 
839.000000  840.000000  0.001967 
840.000000  841.000000  0.001963 
841.000000  842.000000  0.001959 
842.000000  843.000000  0.001956 
843.000000  844.000000  0.001952 
844.000000  845.000000  0.001948 
845.000000  846.000000  0.001944 
846.000000  847.000000  0.001940 
847.000000  848.000000  0.001937 
848.000000  849.000000  0.001933 
849.000000  850.000000  0.001929 
850.000000  851.000000  0.001925 
851.000000  852.000000  0.001922 
852.000000  853.000000  0.001918 
853.000000  854.000000  0.001914 
854.000000  855.000000  0.001910 
855.000000  856.000000  0.001907 
856.000000  857.000000  0.001903 
857.000000  858.000000  0.001899 
858.000000  859.000000  0.001896 
859.000000  860.000000  0.001892 
860.000000  861.000000  0.001888 
861.000000  862.000000  0.001885 
862.000000  863.000000  0.001881 
863.000000  864.000000  0.001878 
864.000000  865.000000  0.001874 
865.000000  866.000000  0.001870 
866.000000  867.000000  0.001867 
867.000000  868.000000  0.001863 
868.000000  869.000000  0.001860 
869.000000  870.000000  0.001856 
870.000000  871.000000  0.001853 
871.000000  872.000000  0.001849 
872.000000  873.000000  0.001845 
873.000000  874.000000  0.001842 
874.000000  875.000000  0.001838 
875.000000  876.000000  0.001835 
876.000000  877.000000  0.001831 
877.000000  878.000000  0.001828 
878.000000  879.000000  0.001825 
879.000000  880.000000  0.001821 
880.000000  881.000000  0.001818 
881.000000  882.000000  0.001814 
882.000000  883.000000  0.001811 
883.000000  884.000000  0.001807 
884.000000  885.000000  0.001804 
885.000000  886.000000  0.001801 
886.000000  887.000000  0.001797 
887.000000  888.000000  0.001794 
888.000000  889.000000  0.001791 
889.000000  890.000000  0.001787 
890.000000  891.000000  0.001784 
891.000000  892.000000  0.001781 
892.000000  893.000000  0.001777 
893.000000  894.000000  0.001774 
894.000000  895.000000  0.001771 
895.000000  896.000000  0.001767 
896.000000  897.000000  0.001764 
897.000000  898.000000  0.001761 
898.000000  899.000000  0.001758 
899.000000  900.000000  0.001754 
900.000000  901.000000  0.001751 
901.000000  902.000000  0.001748 
902.000000  903.000000  0.001745 
903.000000  904.000000  0.001742 
904.000000  905.000000  0.001738 
905.000000  906.000000  0.001735 
906.000000  907.000000  0.001732 
907.000000  908.000000  0.001729 
908.000000  909.000000  0.001726 
909.000000  910.000000  0.001723 
910.000000  911.000000  0.001720 
911.000000  912.000000  0.001717 
912.000000  913.000000  0.001713 
913.000000  914.000000  0.001710 
914.000000  915.000000  0.001707 
915.000000  916.000000  0.001704 
916.000000  917.000000  0.001701 
917.000000  918.000000  0.001698 
918.000000  919.000000  0.001695 
919.000000  920.000000  0.001692 
920.000000  921.000000  0.001689 
921.000000  922.000000  0.001686 
922.000000  923.000000  0.001683 
923.000000  924.000000  0.001680 
924.000000  925.000000  0.001677 
925.000000  926.000000  0.001674 
926.000000  927.000000  0.001671 
927.000000  928.000000  0.001668 
928.000000  929.000000  0.001665 
929.000000  930.000000  0.001662 
930.000000  931.000000  0.001660 
931.000000  932.000000  0.001657 
932.000000  933.000000  0.001654 
933.000000  934.000000  0.001651 
934.000000  935.000000  0.001648 
935.000000  936.000000  0.001645 
936.000000  937.000000  0.001642 
937.000000  938.000000  0.001639 
938.000000  939.000000  0.001637 
939.000000  940.000000  0.001634 
940.000000  941.000000  0.001631 
941.000000  942.000000  0.001628 
942.000000  943.000000  0.001625 
943.000000  944.000000  0.001623 
