20.000000  21.000000  -0.000000 
21.000000  22.000000  -0.000000 
22.000000  23.000000  -0.000000 
23.000000  24.000000  -0.000000 
24.000000  25.000000  -0.000000 
25.000000  26.000000  -0.000000 
26.000000  27.000000  -0.000000 
27.000000  28.000000  -0.000000 
28.000000  29.000000  -0.000000 
29.000000  30.000000  -0.000000 
30.000000  31.000000  -0.000000 
31.000000  32.000000  -0.000000 
32.000000  33.000000  -0.000000 
33.000000  34.000000  -0.000000 
34.000000  35.000000  -0.000000 
35.000000  36.000000  -0.000000 
36.000000  37.000000  -0.000000 
37.000000  38.000000  -0.000000 
38.000000  39.000000  -0.000000 
39.000000  40.000000  -0.000000 
40.000000  41.000000  -0.000000 
41.000000  42.000000  -0.000000 
42.000000  43.000000  -0.000000 
43.000000  44.000000  -0.000000 
44.000000  45.000000  -0.000000 
45.000000  46.000000  -0.000000 
46.000000  47.000000  -0.000000 
47.000000  48.000000  -0.000000 
48.000000  49.000000  -0.000000 
49.000000  50.000000  -0.000000 
50.000000  51.000000  -0.000000 
51.000000  52.000000  -0.000000 
52.000000  53.000000  -0.000000 
53.000000  54.000000  -0.000000 
54.000000  55.000000  -0.000000 
55.000000  56.000000  -0.000000 
56.000000  57.000000  -0.000000 
57.000000  58.000000  -0.000000 
58.000000  59.000000  -0.000000 
59.000000  60.000000  -0.000000 
60.000000  61.000000  -0.000000 
61.000000  62.000000  -0.000000 
62.000000  63.000000  -0.000000 
63.000000  64.000000  -0.000000 
64.000000  65.000000  -0.000000 
65.000000  66.000000  -0.000000 
66.000000  67.000000  -0.000000 
67.000000  68.000000  -0.000000 
68.000000  69.000000  -0.000000 
69.000000  70.000000  -0.000000 
70.000000  71.000000  -0.000000 
71.000000  72.000000  -0.000000 
72.000000  73.000000  -0.000000 
73.000000  74.000000  -0.000000 
74.000000  75.000000  -0.000000 
75.000000  76.000000  -0.000000 
76.000000  77.000000  -0.000000 
77.000000  78.000000  -0.000000 
78.000000  79.000000  -0.000000 
79.000000  80.000000  -0.000000 
80.000000  81.000000  -0.000000 
81.000000  82.000000  -0.000000 
82.000000  83.000000  -0.000000 
83.000000  84.000000  -0.000000 
84.000000  85.000000  -0.000000 
85.000000  86.000000  -0.000000 
86.000000  87.000000  -0.000000 
87.000000  88.000000  -0.000000 
88.000000  89.000000  -0.000000 
89.000000  90.000000  -0.000000 
90.000000  91.000000  -0.000000 
91.000000  92.000000  -0.000000 
92.000000  93.000000  -0.000000 
93.000000  94.000000  -0.000000 
94.000000  95.000000  -0.000000 
95.000000  96.000000  -0.000000 
96.000000  97.000000  -0.000000 
97.000000  98.000000  -0.000000 
98.000000  99.000000  -0.000000 
99.000000  100.000000  -0.000000 
100.000000  101.000000  -0.000000 
101.000000  102.000000  -0.000000 
102.000000  103.000000  -0.000000 
103.000000  104.000000  -0.000000 
104.000000  105.000000  -0.000000 
105.000000  106.000000  -0.000000 
106.000000  107.000000  -0.000000 
107.000000  108.000000  -0.000000 
108.000000  109.000000  -0.000000 
109.000000  110.000000  -0.000000 
110.000000  111.000000  -0.000000 
111.000000  112.000000  -0.000000 
112.000000  113.000000  -0.000000 
113.000000  114.000000  -0.000000 
114.000000  115.000000  -0.000000 
115.000000  116.000000  -0.000000 
116.000000  117.000000  -0.000000 
117.000000  118.000000  -0.000000 
118.000000  119.000000  -0.000000 
119.000000  120.000000  -0.000000 
120.000000  121.000000  -0.000000 
121.000000  122.000000  -0.000000 
122.000000  123.000000  -0.000000 
123.000000  124.000000  -0.000000 
124.000000  125.000000  -0.000000 
125.000000  126.000000  -0.000000 
126.000000  127.000000  -0.000000 
127.000000  128.000000  -0.000000 
128.000000  129.000000  -0.000001 
129.000000  130.000000  -0.000001 
130.000000  131.000000  -0.000001 
131.000000  132.000000  -0.000001 
132.000000  133.000000  -0.000001 
133.000000  134.000000  -0.000001 
134.000000  135.000000  -0.000001 
135.000000  136.000000  -0.000001 
136.000000  137.000000  -0.000001 
137.000000  138.000000  -0.000001 
138.000000  139.000000  -0.000001 
139.000000  140.000000  -0.000001 
140.000000  141.000000  -0.000000 
141.000000  142.000000  -0.000000 
142.000000  143.000000  -0.000000 
143.000000  144.000000  -0.000000 
144.000000  145.000000  -0.000000 
145.000000  146.000000  0.000000 
146.000000  147.000000  0.000000 
147.000000  148.000000  0.000001 
148.000000  149.000000  0.000001 
149.000000  150.000000  0.000001 
150.000000  151.000000  0.000001 
151.000000  152.000000  0.000002 
152.000000  153.000000  0.000002 
153.000000  154.000000  0.000002 
154.000000  155.000000  0.000003 
155.000000  156.000000  0.000003 
156.000000  157.000000  0.000004 
157.000000  158.000000  0.000005 
158.000000  159.000000  0.000005 
159.000000  160.000000  0.000006 
160.000000  161.000000  0.000007 
161.000000  162.000000  0.000008 
162.000000  163.000000  0.000009 
163.000000  164.000000  0.000010 
164.000000  165.000000  0.000011 
165.000000  166.000000  0.000012 
166.000000  167.000000  0.000013 
167.000000  168.000000  0.000014 
168.000000  169.000000  0.000016 
169.000000  170.000000  0.000017 
170.000000  171.000000  0.000019 
171.000000  172.000000  0.000020 
172.000000  173.000000  0.000022 
173.000000  174.000000  0.000024 
174.000000  175.000000  0.000026 
175.000000  176.000000  0.000028 
176.000000  177.000000  0.000030 
177.000000  178.000000  0.000032 
178.000000  179.000000  0.000035 
179.000000  180.000000  0.000037 
180.000000  181.000000  0.000040 
181.000000  182.000000  0.000042 
182.000000  183.000000  0.000045 
183.000000  184.000000  0.000048 
184.000000  185.000000  0.000051 
185.000000  186.000000  0.000054 
186.000000  187.000000  0.000057 
187.000000  188.000000  0.000060 
188.000000  189.000000  0.000064 
189.000000  190.000000  0.000067 
190.000000  191.000000  0.000071 
191.000000  192.000000  0.000075 
192.000000  193.000000  0.000078 
193.000000  194.000000  0.000082 
194.000000  195.000000  0.000086 
195.000000  196.000000  0.000090 
196.000000  197.000000  0.000095 
197.000000  198.000000  0.000099 
198.000000  199.000000  0.000104 
199.000000  200.000000  0.000108 
200.000000  201.000000  0.000113 
201.000000  202.000000  0.000118 
202.000000  203.000000  0.000122 
203.000000  204.000000  0.000127 
204.000000  205.000000  0.000132 
205.000000  206.000000  0.000138 
206.000000  207.000000  0.000143 
207.000000  208.000000  0.000148 
208.000000  209.000000  0.000154 
209.000000  210.000000  0.000159 
210.000000  211.000000  0.000165 
211.000000  212.000000  0.000170 
212.000000  213.000000  0.000176 
213.000000  214.000000  0.000182 
214.000000  215.000000  0.000188 
215.000000  216.000000  0.000194 
216.000000  217.000000  0.000200 
217.000000  218.000000  0.000206 
218.000000  219.000000  0.000212 
219.000000  220.000000  0.000218 
220.000000  221.000000  0.000224 
221.000000  222.000000  0.000230 
222.000000  223.000000  0.000237 
223.000000  224.000000  0.000243 
224.000000  225.000000  0.000249 
225.000000  226.000000  0.000256 
226.000000  227.000000  0.000262 
227.000000  228.000000  0.000269 
228.000000  229.000000  0.000275 
229.000000  230.000000  0.000282 
230.000000  231.000000  0.000288 
231.000000  232.000000  0.000295 
232.000000  233.000000  0.000302 
233.000000  234.000000  0.000308 
234.000000  235.000000  0.000315 
235.000000  236.000000  0.000321 
236.000000  237.000000  0.000328 
237.000000  238.000000  0.000335 
238.000000  239.000000  0.000341 
239.000000  240.000000  0.000348 
240.000000  241.000000  0.000354 
241.000000  242.000000  0.000361 
242.000000  243.000000  0.000367 
243.000000  244.000000  0.000374 
244.000000  245.000000  0.000380 
245.000000  246.000000  0.000387 
246.000000  247.000000  0.000393 
247.000000  248.000000  0.000400 
248.000000  249.000000  0.000406 
249.000000  250.000000  0.000412 
250.000000  251.000000  0.000418 
251.000000  252.000000  0.000425 
252.000000  253.000000  0.000431 
253.000000  254.000000  0.000437 
254.000000  255.000000  0.000443 
255.000000  256.000000  0.000449 
256.000000  257.000000  0.000455 
257.000000  258.000000  0.000461 
258.000000  259.000000  0.000467 
259.000000  260.000000  0.000472 
260.000000  261.000000  0.000478 
261.000000  262.000000  0.000484 
262.000000  263.000000  0.000489 
263.000000  264.000000  0.000495 
264.000000  265.000000  0.000500 
265.000000  266.000000  0.000505 
266.000000  267.000000  0.000511 
267.000000  268.000000  0.000516 
268.000000  269.000000  0.000521 
269.000000  270.000000  0.000526 
270.000000  271.000000  0.000531 
271.000000  272.000000  0.000536 
272.000000  273.000000  0.000540 
273.000000  274.000000  0.000545 
274.000000  275.000000  0.000550 
275.000000  276.000000  0.000554 
276.000000  277.000000  0.000559 
277.000000  278.000000  0.000563 
278.000000  279.000000  0.000567 
279.000000  280.000000  0.000571 
280.000000  281.000000  0.000575 
281.000000  282.000000  0.000579 
282.000000  283.000000  0.000583 
283.000000  284.000000  0.000587 
284.000000  285.000000  0.000590 
285.000000  286.000000  0.000594 
286.000000  287.000000  0.000597 
287.000000  288.000000  0.000601 
288.000000  289.000000  0.000604 
289.000000  290.000000  0.000607 
290.000000  291.000000  0.000610 
291.000000  292.000000  0.000613 
292.000000  293.000000  0.000616 
293.000000  294.000000  0.000619 
294.000000  295.000000  0.000621 
295.000000  296.000000  0.000624 
296.000000  297.000000  0.000626 
297.000000  298.000000  0.000628 
298.000000  299.000000  0.000631 
299.000000  300.000000  0.000633 
300.000000  301.000000  0.000635 
301.000000  302.000000  0.000637 
302.000000  303.000000  0.000639 
303.000000  304.000000  0.000641 
304.000000  305.000000  0.000642 
305.000000  306.000000  0.000644 
306.000000  307.000000  0.000645 
307.000000  308.000000  0.000647 
308.000000  309.000000  0.000648 
309.000000  310.000000  0.000649 
310.000000  311.000000  0.000650 
311.000000  312.000000  0.000651 
312.000000  313.000000  0.000652 
313.000000  314.000000  0.000653 
314.000000  315.000000  0.000654 
315.000000  316.000000  0.000654 
316.000000  317.000000  0.000655 
317.000000  318.000000  0.000655 
318.000000  319.000000  0.000656 
319.000000  320.000000  0.000656 
320.000000  321.000000  0.000656 
321.000000  322.000000  0.000656 
322.000000  323.000000  0.000656 
323.000000  324.000000  0.000656 
324.000000  325.000000  0.000656 
325.000000  326.000000  0.000656 
326.000000  327.000000  0.000656 
327.000000  328.000000  0.000655 
328.000000  329.000000  0.000655 
329.000000  330.000000  0.000655 
330.000000  331.000000  0.000654 
331.000000  332.000000  0.000653 
332.000000  333.000000  0.000653 
333.000000  334.000000  0.000652 
334.000000  335.000000  0.000651 
335.000000  336.000000  0.000650 
336.000000  337.000000  0.000649 
337.000000  338.000000  0.000648 
338.000000  339.000000  0.000647 
339.000000  340.000000  0.000646 
340.000000  341.000000  0.000644 
341.000000  342.000000  0.000643 
342.000000  343.000000  0.000642 
343.000000  344.000000  0.000640 
344.000000  345.000000  0.000639 
345.000000  346.000000  0.000637 
346.000000  347.000000  0.000636 
347.000000  348.000000  0.000634 
348.000000  349.000000  0.000632 
349.000000  350.000000  0.000630 
350.000000  351.000000  0.000629 
351.000000  352.000000  0.000627 
352.000000  353.000000  0.000625 
353.000000  354.000000  0.000623 
354.000000  355.000000  0.000621 
355.000000  356.000000  0.000619 
356.000000  357.000000  0.000617 
357.000000  358.000000  0.000614 
358.000000  359.000000  0.000612 
359.000000  360.000000  0.000610 
360.000000  361.000000  0.000608 
361.000000  362.000000  0.000605 
362.000000  363.000000  0.000603 
363.000000  364.000000  0.000601 
364.000000  365.000000  0.000598 
365.000000  366.000000  0.000596 
366.000000  367.000000  0.000593 
367.000000  368.000000  0.000591 
368.000000  369.000000  0.000588 
369.000000  370.000000  0.000586 
370.000000  371.000000  0.000583 
371.000000  372.000000  0.000580 
372.000000  373.000000  0.000578 
373.000000  374.000000  0.000575 
374.000000  375.000000  0.000572 
375.000000  376.000000  0.000569 
376.000000  377.000000  0.000567 
377.000000  378.000000  0.000564 
378.000000  379.000000  0.000561 
379.000000  380.000000  0.000558 
380.000000  381.000000  0.000555 
381.000000  382.000000  0.000552 
382.000000  383.000000  0.000549 
383.000000  384.000000  0.000547 
384.000000  385.000000  0.000544 
385.000000  386.000000  0.000541 
386.000000  387.000000  0.000538 
387.000000  388.000000  0.000535 
388.000000  389.000000  0.000532 
389.000000  390.000000  0.000529 
390.000000  391.000000  0.000526 
391.000000  392.000000  0.000523 
392.000000  393.000000  0.000519 
393.000000  394.000000  0.000516 
394.000000  395.000000  0.000513 
395.000000  396.000000  0.000510 
396.000000  397.000000  0.000507 
397.000000  398.000000  0.000504 
398.000000  399.000000  0.000501 
399.000000  400.000000  0.000498 
400.000000  401.000000  0.000495 
401.000000  402.000000  0.000492 
402.000000  403.000000  0.000489 
403.000000  404.000000  0.000485 
404.000000  405.000000  0.000482 
405.000000  406.000000  0.000479 
406.000000  407.000000  0.000476 
407.000000  408.000000  0.000473 
408.000000  409.000000  0.000470 
409.000000  410.000000  0.000467 
410.000000  411.000000  0.000463 
411.000000  412.000000  0.000460 
412.000000  413.000000  0.000457 
413.000000  414.000000  0.000454 
414.000000  415.000000  0.000451 
415.000000  416.000000  0.000448 
416.000000  417.000000  0.000445 
417.000000  418.000000  0.000442 
418.000000  419.000000  0.000438 
419.000000  420.000000  0.000435 
420.000000  421.000000  0.000432 
421.000000  422.000000  0.000429 
422.000000  423.000000  0.000426 
423.000000  424.000000  0.000423 
424.000000  425.000000  0.000420 
425.000000  426.000000  0.000417 
426.000000  427.000000  0.000414 
427.000000  428.000000  0.000411 
428.000000  429.000000  0.000408 
429.000000  430.000000  0.000405 
430.000000  431.000000  0.000402 
431.000000  432.000000  0.000399 
432.000000  433.000000  0.000396 
433.000000  434.000000  0.000393 
434.000000  435.000000  0.000390 
435.000000  436.000000  0.000387 
436.000000  437.000000  0.000384 
437.000000  438.000000  0.000381 
438.000000  439.000000  0.000378 
439.000000  440.000000  0.000375 
440.000000  441.000000  0.000372 
441.000000  442.000000  0.000369 
442.000000  443.000000  0.000366 
443.000000  444.000000  0.000363 
444.000000  445.000000  0.000360 
445.000000  446.000000  0.000358 
446.000000  447.000000  0.000355 
447.000000  448.000000  0.000352 
448.000000  449.000000  0.000349 
449.000000  450.000000  0.000346 
450.000000  451.000000  0.000343 
451.000000  452.000000  0.000341 
452.000000  453.000000  0.000338 
453.000000  454.000000  0.000335 
454.000000  455.000000  0.000332 
455.000000  456.000000  0.000330 
456.000000  457.000000  0.000327 
457.000000  458.000000  0.000324 
458.000000  459.000000  0.000322 
459.000000  460.000000  0.000319 
460.000000  461.000000  0.000316 
461.000000  462.000000  0.000314 
462.000000  463.000000  0.000311 
463.000000  464.000000  0.000309 
464.000000  465.000000  0.000306 
465.000000  466.000000  0.000303 
466.000000  467.000000  0.000301 
467.000000  468.000000  0.000298 
468.000000  469.000000  0.000296 
469.000000  470.000000  0.000293 
470.000000  471.000000  0.000291 
471.000000  472.000000  0.000288 
472.000000  473.000000  0.000286 
473.000000  474.000000  0.000283 
474.000000  475.000000  0.000281 
475.000000  476.000000  0.000279 
476.000000  477.000000  0.000276 
477.000000  478.000000  0.000274 
478.000000  479.000000  0.000272 
479.000000  480.000000  0.000269 
480.000000  481.000000  0.000267 
481.000000  482.000000  0.000265 
482.000000  483.000000  0.000262 
483.000000  484.000000  0.000260 
484.000000  485.000000  0.000258 
485.000000  486.000000  0.000256 
486.000000  487.000000  0.000253 
487.000000  488.000000  0.000251 
488.000000  489.000000  0.000249 
489.000000  490.000000  0.000247 
490.000000  491.000000  0.000245 
491.000000  492.000000  0.000242 
492.000000  493.000000  0.000240 
493.000000  494.000000  0.000238 
494.000000  495.000000  0.000236 
495.000000  496.000000  0.000234 
496.000000  497.000000  0.000232 
497.000000  498.000000  0.000230 
498.000000  499.000000  0.000228 
499.000000  500.000000  0.000226 
500.000000  501.000000  0.000224 
501.000000  502.000000  0.000222 
502.000000  503.000000  0.000220 
503.000000  504.000000  0.000218 
504.000000  505.000000  0.000216 
505.000000  506.000000  0.000214 
506.000000  507.000000  0.000212 
507.000000  508.000000  0.000210 
508.000000  509.000000  0.000209 
509.000000  510.000000  0.000207 
510.000000  511.000000  0.000205 
511.000000  512.000000  0.000203 
512.000000  513.000000  0.000201 
513.000000  514.000000  0.000199 
514.000000  515.000000  0.000198 
515.000000  516.000000  0.000196 
516.000000  517.000000  0.000194 
517.000000  518.000000  0.000192 
518.000000  519.000000  0.000191 
519.000000  520.000000  0.000189 
520.000000  521.000000  0.000187 
521.000000  522.000000  0.000186 
522.000000  523.000000  0.000184 
523.000000  524.000000  0.000182 
524.000000  525.000000  0.000181 
525.000000  526.000000  0.000179 
526.000000  527.000000  0.000178 
527.000000  528.000000  0.000176 
528.000000  529.000000  0.000174 
529.000000  530.000000  0.000173 
530.000000  531.000000  0.000171 
531.000000  532.000000  0.000170 
532.000000  533.000000  0.000168 
533.000000  534.000000  0.000167 
534.000000  535.000000  0.000165 
535.000000  536.000000  0.000164 
536.000000  537.000000  0.000162 
537.000000  538.000000  0.000161 
538.000000  539.000000  0.000159 
539.000000  540.000000  0.000158 
540.000000  541.000000  0.000157 
541.000000  542.000000  0.000155 
542.000000  543.000000  0.000154 
543.000000  544.000000  0.000152 
544.000000  545.000000  0.000151 
545.000000  546.000000  0.000150 
546.000000  547.000000  0.000148 
547.000000  548.000000  0.000147 
548.000000  549.000000  0.000146 
549.000000  550.000000  0.000145 
550.000000  551.000000  0.000143 
551.000000  552.000000  0.000142 
552.000000  553.000000  0.000141 
553.000000  554.000000  0.000139 
554.000000  555.000000  0.000138 
555.000000  556.000000  0.000137 
556.000000  557.000000  0.000136 
557.000000  558.000000  0.000135 
558.000000  559.000000  0.000133 
559.000000  560.000000  0.000132 
560.000000  561.000000  0.000131 
561.000000  562.000000  0.000130 
562.000000  563.000000  0.000129 
563.000000  564.000000  0.000128 
564.000000  565.000000  0.000127 
565.000000  566.000000  0.000125 
566.000000  567.000000  0.000124 
567.000000  568.000000  0.000123 
568.000000  569.000000  0.000122 
569.000000  570.000000  0.000121 
570.000000  571.000000  0.000120 
571.000000  572.000000  0.000119 
572.000000  573.000000  0.000118 
573.000000  574.000000  0.000117 
574.000000  575.000000  0.000116 
575.000000  576.000000  0.000115 
576.000000  577.000000  0.000114 
577.000000  578.000000  0.000113 
578.000000  579.000000  0.000112 
579.000000  580.000000  0.000111 
580.000000  581.000000  0.000110 
581.000000  582.000000  0.000109 
582.000000  583.000000  0.000108 
583.000000  584.000000  0.000107 
584.000000  585.000000  0.000106 
585.000000  586.000000  0.000106 
586.000000  587.000000  0.000105 
587.000000  588.000000  0.000104 
588.000000  589.000000  0.000103 
589.000000  590.000000  0.000102 
590.000000  591.000000  0.000101 
591.000000  592.000000  0.000100 
592.000000  593.000000  0.000099 
593.000000  594.000000  0.000099 
594.000000  595.000000  0.000098 
595.000000  596.000000  0.000097 
596.000000  597.000000  0.000096 
597.000000  598.000000  0.000095 
598.000000  599.000000  0.000095 
599.000000  600.000000  0.000094 
600.000000  601.000000  0.000093 
601.000000  602.000000  0.000092 
602.000000  603.000000  0.000091 
603.000000  604.000000  0.000091 
604.000000  605.000000  0.000090 
605.000000  606.000000  0.000089 
606.000000  607.000000  0.000089 
607.000000  608.000000  0.000088 
608.000000  609.000000  0.000087 
609.000000  610.000000  0.000086 
610.000000  611.000000  0.000086 
611.000000  612.000000  0.000085 
612.000000  613.000000  0.000084 
613.000000  614.000000  0.000084 
614.000000  615.000000  0.000083 
615.000000  616.000000  0.000082 
616.000000  617.000000  0.000082 
617.000000  618.000000  0.000081 
618.000000  619.000000  0.000080 
619.000000  620.000000  0.000080 
620.000000  621.000000  0.000079 
621.000000  622.000000  0.000078 
622.000000  623.000000  0.000078 
623.000000  624.000000  0.000077 
624.000000  625.000000  0.000077 
625.000000  626.000000  0.000076 
626.000000  627.000000  0.000075 
627.000000  628.000000  0.000075 
628.000000  629.000000  0.000074 
629.000000  630.000000  0.000074 
630.000000  631.000000  0.000073 
631.000000  632.000000  0.000073 
632.000000  633.000000  0.000072 
633.000000  634.000000  0.000071 
634.000000  635.000000  0.000071 
635.000000  636.000000  0.000070 
636.000000  637.000000  0.000070 
637.000000  638.000000  0.000069 
638.000000  639.000000  0.000069 
639.000000  640.000000  0.000068 
640.000000  641.000000  0.000068 
641.000000  642.000000  0.000067 
642.000000  643.000000  0.000067 
643.000000  644.000000  0.000066 
644.000000  645.000000  0.000066 
645.000000  646.000000  0.000065 
646.000000  647.000000  0.000065 
647.000000  648.000000  0.000064 
648.000000  649.000000  0.000064 
649.000000  650.000000  0.000063 
650.000000  651.000000  0.000063 
651.000000  652.000000  0.000062 
652.000000  653.000000  0.000062 
653.000000  654.000000  0.000061 
654.000000  655.000000  0.000061 
655.000000  656.000000  0.000061 
656.000000  657.000000  0.000060 
657.000000  658.000000  0.000060 
658.000000  659.000000  0.000059 
659.000000  660.000000  0.000059 
660.000000  661.000000  0.000058 
661.000000  662.000000  0.000058 
662.000000  663.000000  0.000058 
663.000000  664.000000  0.000057 
664.000000  665.000000  0.000057 
665.000000  666.000000  0.000056 
666.000000  667.000000  0.000056 
667.000000  668.000000  0.000056 
668.000000  669.000000  0.000055 
669.000000  670.000000  0.000055 
670.000000  671.000000  0.000055 
671.000000  672.000000  0.000054 
672.000000  673.000000  0.000054 
673.000000  674.000000  0.000053 
674.000000  675.000000  0.000053 
675.000000  676.000000  0.000053 
676.000000  677.000000  0.000052 
677.000000  678.000000  0.000052 
678.000000  679.000000  0.000052 
679.000000  680.000000  0.000051 
680.000000  681.000000  0.000051 
681.000000  682.000000  0.000051 
682.000000  683.000000  0.000050 
683.000000  684.000000  0.000050 
684.000000  685.000000  0.000050 
685.000000  686.000000  0.000049 
686.000000  687.000000  0.000049 
687.000000  688.000000  0.000049 
688.000000  689.000000  0.000048 
689.000000  690.000000  0.000048 
690.000000  691.000000  0.000048 
691.000000  692.000000  0.000047 
692.000000  693.000000  0.000047 
693.000000  694.000000  0.000047 
694.000000  695.000000  0.000047 
695.000000  696.000000  0.000046 
696.000000  697.000000  0.000046 
697.000000  698.000000  0.000046 
698.000000  699.000000  0.000045 
699.000000  700.000000  0.000045 
700.000000  701.000000  0.000045 
701.000000  702.000000  0.000045 
702.000000  703.000000  0.000044 
703.000000  704.000000  0.000044 
704.000000  705.000000  0.000044 
705.000000  706.000000  0.000044 
706.000000  707.000000  0.000043 
707.000000  708.000000  0.000043 
708.000000  709.000000  0.000043 
709.000000  710.000000  0.000042 
710.000000  711.000000  0.000042 
711.000000  712.000000  0.000042 
712.000000  713.000000  0.000042 
713.000000  714.000000  0.000041 
714.000000  715.000000  0.000041 
715.000000  716.000000  0.000041 
716.000000  717.000000  0.000041 
717.000000  718.000000  0.000041 
718.000000  719.000000  0.000040 
719.000000  720.000000  0.000040 
720.000000  721.000000  0.000040 
721.000000  722.000000  0.000040 
722.000000  723.000000  0.000039 
723.000000  724.000000  0.000039 
724.000000  725.000000  0.000039 
725.000000  726.000000  0.000039 
726.000000  727.000000  0.000039 
727.000000  728.000000  0.000038 
728.000000  729.000000  0.000038 
729.000000  730.000000  0.000038 
730.000000  731.000000  0.000038 
731.000000  732.000000  0.000038 
732.000000  733.000000  0.000037 
733.000000  734.000000  0.000037 
734.000000  735.000000  0.000037 
735.000000  736.000000  0.000037 
736.000000  737.000000  0.000037 
737.000000  738.000000  0.000036 
738.000000  739.000000  0.000036 
739.000000  740.000000  0.000036 
740.000000  741.000000  0.000036 
741.000000  742.000000  0.000036 
742.000000  743.000000  0.000035 
743.000000  744.000000  0.000035 
744.000000  745.000000  0.000035 
745.000000  746.000000  0.000035 
746.000000  747.000000  0.000035 
747.000000  748.000000  0.000035 
748.000000  749.000000  0.000034 
749.000000  750.000000  0.000034 
750.000000  751.000000  0.000034 
751.000000  752.000000  0.000034 
752.000000  753.000000  0.000034 
753.000000  754.000000  0.000034 
754.000000  755.000000  0.000033 
755.000000  756.000000  0.000033 
756.000000  757.000000  0.000033 
757.000000  758.000000  0.000033 
758.000000  759.000000  0.000033 
759.000000  760.000000  0.000033 
760.000000  761.000000  0.000032 
761.000000  762.000000  0.000032 
762.000000  763.000000  0.000032 
763.000000  764.000000  0.000032 
764.000000  765.000000  0.000032 
765.000000  766.000000  0.000032 
766.000000  767.000000  0.000032 
767.000000  768.000000  0.000031 
768.000000  769.000000  0.000031 
769.000000  770.000000  0.000031 
770.000000  771.000000  0.000031 
771.000000  772.000000  0.000031 
772.000000  773.000000  0.000031 
773.000000  774.000000  0.000031 
774.000000  775.000000  0.000030 
775.000000  776.000000  0.000030 
776.000000  777.000000  0.000030 
777.000000  778.000000  0.000030 
778.000000  779.000000  0.000030 
779.000000  780.000000  0.000030 
780.000000  781.000000  0.000030 
781.000000  782.000000  0.000030 
782.000000  783.000000  0.000029 
783.000000  784.000000  0.000029 
784.000000  785.000000  0.000029 
785.000000  786.000000  0.000029 
786.000000  787.000000  0.000029 
787.000000  788.000000  0.000029 
788.000000  789.000000  0.000029 
789.000000  790.000000  0.000029 
790.000000  791.000000  0.000028 
791.000000  792.000000  0.000028 
792.000000  793.000000  0.000028 
793.000000  794.000000  0.000028 
794.000000  795.000000  0.000028 
795.000000  796.000000  0.000028 
796.000000  797.000000  0.000028 
797.000000  798.000000  0.000028 
798.000000  799.000000  0.000028 
799.000000  800.000000  0.000028 
800.000000  801.000000  0.000027 
801.000000  802.000000  0.000027 
802.000000  803.000000  0.000027 
803.000000  804.000000  0.000027 
804.000000  805.000000  0.000027 
805.000000  806.000000  0.000027 
806.000000  807.000000  0.000027 
807.000000  808.000000  0.000027 
808.000000  809.000000  0.000027 
809.000000  810.000000  0.000027 
810.000000  811.000000  0.000026 
811.000000  812.000000  0.000026 
812.000000  813.000000  0.000026 
813.000000  814.000000  0.000026 
814.000000  815.000000  0.000026 
815.000000  816.000000  0.000026 
816.000000  817.000000  0.000026 
817.000000  818.000000  0.000026 
818.000000  819.000000  0.000026 
819.000000  820.000000  0.000026 
820.000000  821.000000  0.000026 
821.000000  822.000000  0.000025 
822.000000  823.000000  0.000025 
823.000000  824.000000  0.000025 
824.000000  825.000000  0.000025 
825.000000  826.000000  0.000025 
826.000000  827.000000  0.000025 
827.000000  828.000000  0.000025 
828.000000  829.000000  0.000025 
829.000000  830.000000  0.000025 
830.000000  831.000000  0.000025 
831.000000  832.000000  0.000025 
832.000000  833.000000  0.000025 
833.000000  834.000000  0.000024 
834.000000  835.000000  0.000024 
835.000000  836.000000  0.000024 
836.000000  837.000000  0.000024 
837.000000  838.000000  0.000024 
838.000000  839.000000  0.000024 
839.000000  840.000000  0.000024 
840.000000  841.000000  0.000024 
841.000000  842.000000  0.000024 
842.000000  843.000000  0.000024 
843.000000  844.000000  0.000024 
844.000000  845.000000  0.000024 
845.000000  846.000000  0.000024 
846.000000  847.000000  0.000024 
847.000000  848.000000  0.000024 
848.000000  849.000000  0.000023 
849.000000  850.000000  0.000023 
850.000000  851.000000  0.000023 
851.000000  852.000000  0.000023 
852.000000  853.000000  0.000023 
853.000000  854.000000  0.000023 
854.000000  855.000000  0.000023 
855.000000  856.000000  0.000023 
856.000000  857.000000  0.000023 
857.000000  858.000000  0.000023 
858.000000  859.000000  0.000023 
859.000000  860.000000  0.000023 
860.000000  861.000000  0.000023 
861.000000  862.000000  0.000023 
862.000000  863.000000  0.000023 
863.000000  864.000000  0.000023 
864.000000  865.000000  0.000022 
865.000000  866.000000  0.000022 
866.000000  867.000000  0.000022 
867.000000  868.000000  0.000022 
868.000000  869.000000  0.000022 
869.000000  870.000000  0.000022 
870.000000  871.000000  0.000022 
871.000000  872.000000  0.000022 
872.000000  873.000000  0.000022 
873.000000  874.000000  0.000022 
874.000000  875.000000  0.000022 
875.000000  876.000000  0.000022 
876.000000  877.000000  0.000022 
877.000000  878.000000  0.000022 
878.000000  879.000000  0.000022 
879.000000  880.000000  0.000022 
880.000000  881.000000  0.000022 
881.000000  882.000000  0.000022 
882.000000  883.000000  0.000022 
883.000000  884.000000  0.000022 
884.000000  885.000000  0.000021 
885.000000  886.000000  0.000021 
886.000000  887.000000  0.000021 
887.000000  888.000000  0.000021 
888.000000  889.000000  0.000021 
889.000000  890.000000  0.000021 
890.000000  891.000000  0.000021 
891.000000  892.000000  0.000021 
892.000000  893.000000  0.000021 
893.000000  894.000000  0.000021 
894.000000  895.000000  0.000021 
895.000000  896.000000  0.000021 
896.000000  897.000000  0.000021 
897.000000  898.000000  0.000021 
898.000000  899.000000  0.000021 
899.000000  900.000000  0.000021 
900.000000  901.000000  0.000021 
901.000000  902.000000  0.000021 
902.000000  903.000000  0.000021 
903.000000  904.000000  0.000021 
904.000000  905.000000  0.000021 
905.000000  906.000000  0.000021 
906.000000  907.000000  0.000021 
907.000000  908.000000  0.000021 
908.000000  909.000000  0.000021 
909.000000  910.000000  0.000020 
910.000000  911.000000  0.000020 
911.000000  912.000000  0.000020 
912.000000  913.000000  0.000020 
913.000000  914.000000  0.000020 
914.000000  915.000000  0.000020 
915.000000  916.000000  0.000020 
916.000000  917.000000  0.000020 
917.000000  918.000000  0.000020 
918.000000  919.000000  0.000020 
919.000000  920.000000  0.000020 
920.000000  921.000000  0.000020 
921.000000  922.000000  0.000020 
922.000000  923.000000  0.000020 
923.000000  924.000000  0.000020 
924.000000  925.000000  0.000020 
925.000000  926.000000  0.000020 
926.000000  927.000000  0.000020 
927.000000  928.000000  0.000020 
928.000000  929.000000  0.000020 
929.000000  930.000000  0.000020 
930.000000  931.000000  0.000020 
931.000000  932.000000  0.000020 
932.000000  933.000000  0.000020 
933.000000  934.000000  0.000020 
934.000000  935.000000  0.000020 
935.000000  936.000000  0.000020 
936.000000  937.000000  0.000020 
937.000000  938.000000  0.000020 
938.000000  939.000000  0.000020 
939.000000  940.000000  0.000020 
940.000000  941.000000  0.000020 
941.000000  942.000000  0.000020 
942.000000  943.000000  0.000019 
943.000000  944.000000  0.000019 
