20.000000  21.000000  0.001166 
21.000000  22.000000  0.001317 
22.000000  23.000000  0.001474 
23.000000  24.000000  0.001633 
24.000000  25.000000  0.001795 
25.000000  26.000000  0.001957 
26.000000  27.000000  0.002117 
27.000000  28.000000  0.002276 
28.000000  29.000000  0.002431 
29.000000  30.000000  0.002583 
30.000000  31.000000  0.002730 
31.000000  32.000000  0.002871 
32.000000  33.000000  0.003007 
33.000000  34.000000  0.003136 
34.000000  35.000000  0.003259 
35.000000  36.000000  0.003376 
36.000000  37.000000  0.003486 
37.000000  38.000000  0.003590 
38.000000  39.000000  0.003688 
39.000000  40.000000  0.003780 
40.000000  41.000000  0.003867 
41.000000  42.000000  0.003948 
42.000000  43.000000  0.004024 
43.000000  44.000000  0.004095 
44.000000  45.000000  0.004162 
45.000000  46.000000  0.004225 
46.000000  47.000000  0.004284 
47.000000  48.000000  0.004339 
48.000000  49.000000  0.004392 
49.000000  50.000000  0.004441 
50.000000  51.000000  0.004487 
51.000000  52.000000  0.004531 
52.000000  53.000000  0.004573 
53.000000  54.000000  0.004613 
54.000000  55.000000  0.004650 
55.000000  56.000000  0.004686 
56.000000  57.000000  0.004720 
57.000000  58.000000  0.004752 
58.000000  59.000000  0.004783 
59.000000  60.000000  0.004813 
60.000000  61.000000  0.004841 
61.000000  62.000000  0.004868 
62.000000  63.000000  0.004894 
63.000000  64.000000  0.004918 
64.000000  65.000000  0.004941 
65.000000  66.000000  0.004964 
66.000000  67.000000  0.004985 
67.000000  68.000000  0.005005 
68.000000  69.000000  0.005024 
69.000000  70.000000  0.005043 
70.000000  71.000000  0.005060 
71.000000  72.000000  0.005077 
72.000000  73.000000  0.005092 
73.000000  74.000000  0.005107 
74.000000  75.000000  0.005121 
75.000000  76.000000  0.005134 
76.000000  77.000000  0.005146 
77.000000  78.000000  0.005158 
78.000000  79.000000  0.005169 
79.000000  80.000000  0.005179 
80.000000  81.000000  0.005188 
81.000000  82.000000  0.005197 
82.000000  83.000000  0.005205 
83.000000  84.000000  0.005212 
84.000000  85.000000  0.005219 
85.000000  86.000000  0.005226 
86.000000  87.000000  0.005231 
87.000000  88.000000  0.005237 
88.000000  89.000000  0.005241 
89.000000  90.000000  0.005245 
90.000000  91.000000  0.005249 
91.000000  92.000000  0.005252 
92.000000  93.000000  0.005255 
93.000000  94.000000  0.005258 
94.000000  95.000000  0.005260 
95.000000  96.000000  0.005261 
96.000000  97.000000  0.005262 
97.000000  98.000000  0.005263 
98.000000  99.000000  0.005264 
99.000000  100.000000  0.005264 
100.000000  101.000000  0.005264 
101.000000  102.000000  0.005263 
102.000000  103.000000  0.005263 
103.000000  104.000000  0.005261 
104.000000  105.000000  0.005260 
105.000000  106.000000  0.005258 
106.000000  107.000000  0.005257 
107.000000  108.000000  0.005254 
108.000000  109.000000  0.005252 
109.000000  110.000000  0.005249 
110.000000  111.000000  0.005246 
111.000000  112.000000  0.005243 
112.000000  113.000000  0.005240 
113.000000  114.000000  0.005236 
114.000000  115.000000  0.005232 
115.000000  116.000000  0.005228 
116.000000  117.000000  0.005224 
117.000000  118.000000  0.005219 
118.000000  119.000000  0.005214 
119.000000  120.000000  0.005209 
120.000000  121.000000  0.005204 
121.000000  122.000000  0.005199 
122.000000  123.000000  0.005193 
123.000000  124.000000  0.005187 
124.000000  125.000000  0.005181 
125.000000  126.000000  0.005174 
126.000000  127.000000  0.005168 
127.000000  128.000000  0.005161 
128.000000  129.000000  0.005154 
129.000000  130.000000  0.005147 
130.000000  131.000000  0.005139 
131.000000  132.000000  0.005132 
132.000000  133.000000  0.005124 
133.000000  134.000000  0.005116 
134.000000  135.000000  0.005108 
135.000000  136.000000  0.005099 
136.000000  137.000000  0.005091 
137.000000  138.000000  0.005082 
138.000000  139.000000  0.005073 
139.000000  140.000000  0.005064 
140.000000  141.000000  0.005055 
141.000000  142.000000  0.005045 
142.000000  143.000000  0.005036 
143.000000  144.000000  0.005026 
144.000000  145.000000  0.005016 
145.000000  146.000000  0.005006 
146.000000  147.000000  0.004996 
147.000000  148.000000  0.004986 
148.000000  149.000000  0.004975 
149.000000  150.000000  0.004965 
150.000000  151.000000  0.004954 
151.000000  152.000000  0.004943 
152.000000  153.000000  0.004933 
153.000000  154.000000  0.004922 
154.000000  155.000000  0.004911 
155.000000  156.000000  0.004900 
156.000000  157.000000  0.004889 
157.000000  158.000000  0.004878 
158.000000  159.000000  0.004866 
159.000000  160.000000  0.004855 
160.000000  161.000000  0.004844 
161.000000  162.000000  0.004832 
162.000000  163.000000  0.004821 
163.000000  164.000000  0.004809 
164.000000  165.000000  0.004798 
165.000000  166.000000  0.004786 
166.000000  167.000000  0.004775 
167.000000  168.000000  0.004763 
168.000000  169.000000  0.004752 
169.000000  170.000000  0.004740 
170.000000  171.000000  0.004729 
171.000000  172.000000  0.004717 
172.000000  173.000000  0.004706 
173.000000  174.000000  0.004694 
174.000000  175.000000  0.004683 
175.000000  176.000000  0.004671 
176.000000  177.000000  0.004660 
177.000000  178.000000  0.004649 
178.000000  179.000000  0.004637 
179.000000  180.000000  0.004626 
180.000000  181.000000  0.004615 
181.000000  182.000000  0.004604 
182.000000  183.000000  0.004593 
183.000000  184.000000  0.004582 
184.000000  185.000000  0.004570 
185.000000  186.000000  0.004560 
186.000000  187.000000  0.004549 
187.000000  188.000000  0.004538 
188.000000  189.000000  0.004527 
189.000000  190.000000  0.004516 
190.000000  191.000000  0.004506 
191.000000  192.000000  0.004495 
192.000000  193.000000  0.004485 
193.000000  194.000000  0.004474 
194.000000  195.000000  0.004464 
195.000000  196.000000  0.004454 
196.000000  197.000000  0.004444 
197.000000  198.000000  0.004434 
198.000000  199.000000  0.004424 
199.000000  200.000000  0.004414 
200.000000  201.000000  0.004404 
201.000000  202.000000  0.004394 
202.000000  203.000000  0.004385 
203.000000  204.000000  0.004375 
204.000000  205.000000  0.004366 
205.000000  206.000000  0.004356 
206.000000  207.000000  0.004347 
207.000000  208.000000  0.004338 
208.000000  209.000000  0.004329 
209.000000  210.000000  0.004320 
210.000000  211.000000  0.004311 
211.000000  212.000000  0.004302 
212.000000  213.000000  0.004293 
213.000000  214.000000  0.004285 
214.000000  215.000000  0.004276 
215.000000  216.000000  0.004268 
216.000000  217.000000  0.004259 
217.000000  218.000000  0.004251 
218.000000  219.000000  0.004243 
219.000000  220.000000  0.004235 
220.000000  221.000000  0.004227 
221.000000  222.000000  0.004219 
222.000000  223.000000  0.004211 
223.000000  224.000000  0.004204 
224.000000  225.000000  0.004196 
225.000000  226.000000  0.004189 
226.000000  227.000000  0.004181 
227.000000  228.000000  0.004174 
228.000000  229.000000  0.004167 
229.000000  230.000000  0.004160 
230.000000  231.000000  0.004153 
231.000000  232.000000  0.004146 
232.000000  233.000000  0.004139 
233.000000  234.000000  0.004132 
234.000000  235.000000  0.004125 
235.000000  236.000000  0.004119 
236.000000  237.000000  0.004112 
237.000000  238.000000  0.004106 
238.000000  239.000000  0.004099 
239.000000  240.000000  0.004093 
240.000000  241.000000  0.004087 
241.000000  242.000000  0.004081 
242.000000  243.000000  0.004075 
243.000000  244.000000  0.004069 
244.000000  245.000000  0.004063 
245.000000  246.000000  0.004057 
246.000000  247.000000  0.004052 
247.000000  248.000000  0.004046 
248.000000  249.000000  0.004040 
249.000000  250.000000  0.004035 
250.000000  251.000000  0.004030 
251.000000  252.000000  0.004024 
252.000000  253.000000  0.004019 
253.000000  254.000000  0.004014 
254.000000  255.000000  0.004009 
255.000000  256.000000  0.004004 
256.000000  257.000000  0.003999 
257.000000  258.000000  0.003994 
258.000000  259.000000  0.003989 
259.000000  260.000000  0.003985 
260.000000  261.000000  0.003980 
261.000000  262.000000  0.003975 
262.000000  263.000000  0.003971 
263.000000  264.000000  0.003967 
264.000000  265.000000  0.003962 
265.000000  266.000000  0.003958 
266.000000  267.000000  0.003954 
267.000000  268.000000  0.003950 
268.000000  269.000000  0.003945 
269.000000  270.000000  0.003941 
270.000000  271.000000  0.003937 
271.000000  272.000000  0.003934 
272.000000  273.000000  0.003930 
273.000000  274.000000  0.003926 
274.000000  275.000000  0.003922 
275.000000  276.000000  0.003919 
276.000000  277.000000  0.003915 
277.000000  278.000000  0.003912 
278.000000  279.000000  0.003908 
279.000000  280.000000  0.003905 
280.000000  281.000000  0.003901 
281.000000  282.000000  0.003898 
282.000000  283.000000  0.003895 
283.000000  284.000000  0.003892 
284.000000  285.000000  0.003889 
285.000000  286.000000  0.003886 
286.000000  287.000000  0.003883 
287.000000  288.000000  0.003880 
288.000000  289.000000  0.003877 
289.000000  290.000000  0.003874 
290.000000  291.000000  0.003871 
291.000000  292.000000  0.003868 
292.000000  293.000000  0.003866 
293.000000  294.000000  0.003863 
294.000000  295.000000  0.003861 
295.000000  296.000000  0.003858 
296.000000  297.000000  0.003856 
297.000000  298.000000  0.003853 
298.000000  299.000000  0.003851 
299.000000  300.000000  0.003849 
300.000000  301.000000  0.003846 
301.000000  302.000000  0.003844 
302.000000  303.000000  0.003842 
303.000000  304.000000  0.003840 
304.000000  305.000000  0.003838 
305.000000  306.000000  0.003836 
306.000000  307.000000  0.003834 
307.000000  308.000000  0.003832 
308.000000  309.000000  0.003830 
309.000000  310.000000  0.003828 
310.000000  311.000000  0.003826 
311.000000  312.000000  0.003824 
312.000000  313.000000  0.003822 
313.000000  314.000000  0.003821 
314.000000  315.000000  0.003819 
315.000000  316.000000  0.003817 
316.000000  317.000000  0.003816 
317.000000  318.000000  0.003814 
318.000000  319.000000  0.003813 
319.000000  320.000000  0.003811 
320.000000  321.000000  0.003810 
321.000000  322.000000  0.003808 
322.000000  323.000000  0.003807 
323.000000  324.000000  0.003806 
324.000000  325.000000  0.003804 
325.000000  326.000000  0.003803 
326.000000  327.000000  0.003802 
327.000000  328.000000  0.003801 
328.000000  329.000000  0.003800 
329.000000  330.000000  0.003798 
330.000000  331.000000  0.003797 
331.000000  332.000000  0.003796 
332.000000  333.000000  0.003795 
333.000000  334.000000  0.003794 
334.000000  335.000000  0.003793 
335.000000  336.000000  0.003792 
336.000000  337.000000  0.003791 
337.000000  338.000000  0.003791 
338.000000  339.000000  0.003790 
339.000000  340.000000  0.003789 
340.000000  341.000000  0.003788 
341.000000  342.000000  0.003787 
342.000000  343.000000  0.003787 
343.000000  344.000000  0.003786 
344.000000  345.000000  0.003785 
345.000000  346.000000  0.003785 
346.000000  347.000000  0.003784 
347.000000  348.000000  0.003783 
348.000000  349.000000  0.003783 
349.000000  350.000000  0.003782 
350.000000  351.000000  0.003782 
351.000000  352.000000  0.003781 
352.000000  353.000000  0.003781 
353.000000  354.000000  0.003780 
354.000000  355.000000  0.003780 
355.000000  356.000000  0.003779 
356.000000  357.000000  0.003779 
357.000000  358.000000  0.003779 
358.000000  359.000000  0.003778 
359.000000  360.000000  0.003778 
360.000000  361.000000  0.003778 
361.000000  362.000000  0.003777 
362.000000  363.000000  0.003777 
363.000000  364.000000  0.003777 
364.000000  365.000000  0.003777 
365.000000  366.000000  0.003777 
366.000000  367.000000  0.003776 
367.000000  368.000000  0.003776 
368.000000  369.000000  0.003776 
369.000000  370.000000  0.003776 
370.000000  371.000000  0.003776 
371.000000  372.000000  0.003776 
372.000000  373.000000  0.003776 
373.000000  374.000000  0.003776 
374.000000  375.000000  0.003776 
375.000000  376.000000  0.003776 
376.000000  377.000000  0.003776 
377.000000  378.000000  0.003776 
378.000000  379.000000  0.003776 
379.000000  380.000000  0.003776 
380.000000  381.000000  0.003776 
381.000000  382.000000  0.003776 
382.000000  383.000000  0.003776 
383.000000  384.000000  0.003776 
384.000000  385.000000  0.003776 
385.000000  386.000000  0.003776 
386.000000  387.000000  0.003776 
387.000000  388.000000  0.003777 
388.000000  389.000000  0.003777 
389.000000  390.000000  0.003777 
390.000000  391.000000  0.003777 
391.000000  392.000000  0.003777 
392.000000  393.000000  0.003778 
393.000000  394.000000  0.003778 
394.000000  395.000000  0.003778 
395.000000  396.000000  0.003778 
396.000000  397.000000  0.003779 
397.000000  398.000000  0.003779 
398.000000  399.000000  0.003779 
399.000000  400.000000  0.003779 
400.000000  401.000000  0.003780 
401.000000  402.000000  0.003780 
402.000000  403.000000  0.003780 
403.000000  404.000000  0.003781 
404.000000  405.000000  0.003781 
405.000000  406.000000  0.003782 
406.000000  407.000000  0.003782 
407.000000  408.000000  0.003782 
408.000000  409.000000  0.003783 
409.000000  410.000000  0.003783 
410.000000  411.000000  0.003784 
411.000000  412.000000  0.003784 
412.000000  413.000000  0.003784 
413.000000  414.000000  0.003785 
414.000000  415.000000  0.003785 
415.000000  416.000000  0.003786 
416.000000  417.000000  0.003786 
417.000000  418.000000  0.003787 
418.000000  419.000000  0.003787 
419.000000  420.000000  0.003788 
420.000000  421.000000  0.003788 
421.000000  422.000000  0.003789 
422.000000  423.000000  0.003789 
423.000000  424.000000  0.003790 
424.000000  425.000000  0.003790 
425.000000  426.000000  0.003791 
426.000000  427.000000  0.003791 
427.000000  428.000000  0.003792 
428.000000  429.000000  0.003792 
429.000000  430.000000  0.003793 
430.000000  431.000000  0.003793 
431.000000  432.000000  0.003794 
432.000000  433.000000  0.003794 
433.000000  434.000000  0.003795 
434.000000  435.000000  0.003796 
435.000000  436.000000  0.003796 
436.000000  437.000000  0.003797 
437.000000  438.000000  0.003797 
438.000000  439.000000  0.003798 
439.000000  440.000000  0.003799 
440.000000  441.000000  0.003799 
441.000000  442.000000  0.003800 
442.000000  443.000000  0.003800 
443.000000  444.000000  0.003801 
444.000000  445.000000  0.003802 
445.000000  446.000000  0.003802 
446.000000  447.000000  0.003803 
447.000000  448.000000  0.003803 
448.000000  449.000000  0.003804 
449.000000  450.000000  0.003805 
450.000000  451.000000  0.003805 
451.000000  452.000000  0.003806 
452.000000  453.000000  0.003807 
453.000000  454.000000  0.003807 
454.000000  455.000000  0.003808 
455.000000  456.000000  0.003809 
456.000000  457.000000  0.003809 
457.000000  458.000000  0.003810 
458.000000  459.000000  0.003811 
459.000000  460.000000  0.003811 
460.000000  461.000000  0.003812 
461.000000  462.000000  0.003812 
462.000000  463.000000  0.003813 
463.000000  464.000000  0.003814 
464.000000  465.000000  0.003814 
465.000000  466.000000  0.003815 
466.000000  467.000000  0.003816 
467.000000  468.000000  0.003817 
468.000000  469.000000  0.003817 
469.000000  470.000000  0.003818 
470.000000  471.000000  0.003819 
471.000000  472.000000  0.003819 
472.000000  473.000000  0.003820 
473.000000  474.000000  0.003821 
474.000000  475.000000  0.003821 
475.000000  476.000000  0.003822 
476.000000  477.000000  0.003823 
477.000000  478.000000  0.003823 
478.000000  479.000000  0.003824 
479.000000  480.000000  0.003825 
480.000000  481.000000  0.003825 
481.000000  482.000000  0.003826 
482.000000  483.000000  0.003827 
483.000000  484.000000  0.003827 
484.000000  485.000000  0.003828 
485.000000  486.000000  0.003829 
486.000000  487.000000  0.003829 
487.000000  488.000000  0.003830 
488.000000  489.000000  0.003831 
489.000000  490.000000  0.003832 
490.000000  491.000000  0.003832 
491.000000  492.000000  0.003833 
492.000000  493.000000  0.003834 
493.000000  494.000000  0.003834 
494.000000  495.000000  0.003835 
495.000000  496.000000  0.003836 
496.000000  497.000000  0.003836 
497.000000  498.000000  0.003837 
498.000000  499.000000  0.003838 
499.000000  500.000000  0.003838 
500.000000  501.000000  0.003839 
501.000000  502.000000  0.003840 
502.000000  503.000000  0.003840 
503.000000  504.000000  0.003841 
504.000000  505.000000  0.003842 
505.000000  506.000000  0.003843 
506.000000  507.000000  0.003843 
507.000000  508.000000  0.003844 
508.000000  509.000000  0.003845 
509.000000  510.000000  0.003845 
510.000000  511.000000  0.003846 
511.000000  512.000000  0.003847 
512.000000  513.000000  0.003847 
513.000000  514.000000  0.003848 
514.000000  515.000000  0.003849 
515.000000  516.000000  0.003849 
516.000000  517.000000  0.003850 
517.000000  518.000000  0.003851 
518.000000  519.000000  0.003851 
519.000000  520.000000  0.003852 
520.000000  521.000000  0.003853 
521.000000  522.000000  0.003853 
522.000000  523.000000  0.003854 
523.000000  524.000000  0.003855 
524.000000  525.000000  0.003855 
525.000000  526.000000  0.003856 
526.000000  527.000000  0.003857 
527.000000  528.000000  0.003857 
528.000000  529.000000  0.003858 
529.000000  530.000000  0.003859 
530.000000  531.000000  0.003859 
531.000000  532.000000  0.003860 
532.000000  533.000000  0.003861 
533.000000  534.000000  0.003861 
534.000000  535.000000  0.003862 
535.000000  536.000000  0.003862 
536.000000  537.000000  0.003863 
537.000000  538.000000  0.003864 
538.000000  539.000000  0.003864 
539.000000  540.000000  0.003865 
540.000000  541.000000  0.003866 
541.000000  542.000000  0.003866 
542.000000  543.000000  0.003867 
543.000000  544.000000  0.003868 
544.000000  545.000000  0.003868 
545.000000  546.000000  0.003869 
546.000000  547.000000  0.003869 
547.000000  548.000000  0.003870 
548.000000  549.000000  0.003871 
549.000000  550.000000  0.003871 
550.000000  551.000000  0.003872 
551.000000  552.000000  0.003872 
552.000000  553.000000  0.003873 
553.000000  554.000000  0.003874 
554.000000  555.000000  0.003874 
555.000000  556.000000  0.003875 
556.000000  557.000000  0.003875 
557.000000  558.000000  0.003876 
558.000000  559.000000  0.003877 
559.000000  560.000000  0.003877 
560.000000  561.000000  0.003878 
561.000000  562.000000  0.003878 
562.000000  563.000000  0.003879 
563.000000  564.000000  0.003880 
564.000000  565.000000  0.003880 
565.000000  566.000000  0.003881 
566.000000  567.000000  0.003881 
567.000000  568.000000  0.003882 
568.000000  569.000000  0.003883 
569.000000  570.000000  0.003883 
570.000000  571.000000  0.003884 
571.000000  572.000000  0.003884 
572.000000  573.000000  0.003885 
573.000000  574.000000  0.003885 
574.000000  575.000000  0.003886 
575.000000  576.000000  0.003886 
576.000000  577.000000  0.003887 
577.000000  578.000000  0.003888 
578.000000  579.000000  0.003888 
579.000000  580.000000  0.003889 
580.000000  581.000000  0.003889 
581.000000  582.000000  0.003890 
582.000000  583.000000  0.003890 
583.000000  584.000000  0.003891 
584.000000  585.000000  0.003891 
585.000000  586.000000  0.003892 
586.000000  587.000000  0.003892 
587.000000  588.000000  0.003893 
588.000000  589.000000  0.003894 
589.000000  590.000000  0.003894 
590.000000  591.000000  0.003895 
591.000000  592.000000  0.003895 
592.000000  593.000000  0.003896 
593.000000  594.000000  0.003896 
594.000000  595.000000  0.003897 
595.000000  596.000000  0.003897 
596.000000  597.000000  0.003898 
597.000000  598.000000  0.003898 
598.000000  599.000000  0.003899 
599.000000  600.000000  0.003899 
600.000000  601.000000  0.003900 
601.000000  602.000000  0.003900 
602.000000  603.000000  0.003901 
603.000000  604.000000  0.003901 
604.000000  605.000000  0.003902 
605.000000  606.000000  0.003902 
606.000000  607.000000  0.003903 
607.000000  608.000000  0.003903 
608.000000  609.000000  0.003904 
609.000000  610.000000  0.003904 
610.000000  611.000000  0.003904 
611.000000  612.000000  0.003905 
612.000000  613.000000  0.003905 
613.000000  614.000000  0.003906 
614.000000  615.000000  0.003906 
615.000000  616.000000  0.003907 
616.000000  617.000000  0.003907 
617.000000  618.000000  0.003908 
618.000000  619.000000  0.003908 
619.000000  620.000000  0.003909 
620.000000  621.000000  0.003909 
621.000000  622.000000  0.003910 
622.000000  623.000000  0.003910 
623.000000  624.000000  0.003910 
624.000000  625.000000  0.003911 
625.000000  626.000000  0.003911 
626.000000  627.000000  0.003912 
627.000000  628.000000  0.003912 
628.000000  629.000000  0.003913 
629.000000  630.000000  0.003913 
630.000000  631.000000  0.003913 
631.000000  632.000000  0.003914 
632.000000  633.000000  0.003914 
633.000000  634.000000  0.003915 
634.000000  635.000000  0.003915 
635.000000  636.000000  0.003916 
636.000000  637.000000  0.003916 
637.000000  638.000000  0.003916 
638.000000  639.000000  0.003917 
639.000000  640.000000  0.003917 
640.000000  641.000000  0.003918 
641.000000  642.000000  0.003918 
642.000000  643.000000  0.003918 
643.000000  644.000000  0.003919 
644.000000  645.000000  0.003919 
645.000000  646.000000  0.003920 
646.000000  647.000000  0.003920 
647.000000  648.000000  0.003920 
648.000000  649.000000  0.003921 
649.000000  650.000000  0.003921 
650.000000  651.000000  0.003922 
651.000000  652.000000  0.003922 
652.000000  653.000000  0.003922 
653.000000  654.000000  0.003923 
654.000000  655.000000  0.003923 
655.000000  656.000000  0.003923 
656.000000  657.000000  0.003924 
657.000000  658.000000  0.003924 
658.000000  659.000000  0.003925 
659.000000  660.000000  0.003925 
660.000000  661.000000  0.003925 
661.000000  662.000000  0.003926 
662.000000  663.000000  0.003926 
663.000000  664.000000  0.003926 
664.000000  665.000000  0.003927 
665.000000  666.000000  0.003927 
666.000000  667.000000  0.003927 
667.000000  668.000000  0.003928 
668.000000  669.000000  0.003928 
669.000000  670.000000  0.003928 
670.000000  671.000000  0.003929 
671.000000  672.000000  0.003929 
672.000000  673.000000  0.003929 
673.000000  674.000000  0.003930 
674.000000  675.000000  0.003930 
675.000000  676.000000  0.003930 
676.000000  677.000000  0.003931 
677.000000  678.000000  0.003931 
678.000000  679.000000  0.003931 
679.000000  680.000000  0.003932 
680.000000  681.000000  0.003932 
681.000000  682.000000  0.003932 
682.000000  683.000000  0.003933 
683.000000  684.000000  0.003933 
684.000000  685.000000  0.003933 
685.000000  686.000000  0.003934 
686.000000  687.000000  0.003934 
687.000000  688.000000  0.003934 
688.000000  689.000000  0.003935 
689.000000  690.000000  0.003935 
690.000000  691.000000  0.003935 
691.000000  692.000000  0.003935 
692.000000  693.000000  0.003936 
693.000000  694.000000  0.003936 
694.000000  695.000000  0.003936 
695.000000  696.000000  0.003937 
696.000000  697.000000  0.003937 
697.000000  698.000000  0.003937 
698.000000  699.000000  0.003938 
699.000000  700.000000  0.003938 
700.000000  701.000000  0.003938 
701.000000  702.000000  0.003938 
702.000000  703.000000  0.003939 
703.000000  704.000000  0.003939 
704.000000  705.000000  0.003939 
705.000000  706.000000  0.003940 
706.000000  707.000000  0.003940 
707.000000  708.000000  0.003940 
708.000000  709.000000  0.003940 
709.000000  710.000000  0.003941 
710.000000  711.000000  0.003941 
711.000000  712.000000  0.003941 
712.000000  713.000000  0.003941 
713.000000  714.000000  0.003942 
714.000000  715.000000  0.003942 
715.000000  716.000000  0.003942 
716.000000  717.000000  0.003942 
717.000000  718.000000  0.003943 
718.000000  719.000000  0.003943 
719.000000  720.000000  0.003943 
720.000000  721.000000  0.003944 
721.000000  722.000000  0.003944 
722.000000  723.000000  0.003944 
723.000000  724.000000  0.003944 
724.000000  725.000000  0.003945 
725.000000  726.000000  0.003945 
726.000000  727.000000  0.003945 
727.000000  728.000000  0.003945 
728.000000  729.000000  0.003946 
729.000000  730.000000  0.003946 
730.000000  731.000000  0.003946 
731.000000  732.000000  0.003946 
732.000000  733.000000  0.003946 
733.000000  734.000000  0.003947 
734.000000  735.000000  0.003947 
735.000000  736.000000  0.003947 
736.000000  737.000000  0.003947 
737.000000  738.000000  0.003948 
738.000000  739.000000  0.003948 
739.000000  740.000000  0.003948 
740.000000  741.000000  0.003948 
741.000000  742.000000  0.003949 
742.000000  743.000000  0.003949 
743.000000  744.000000  0.003949 
744.000000  745.000000  0.003949 
745.000000  746.000000  0.003949 
746.000000  747.000000  0.003950 
747.000000  748.000000  0.003950 
748.000000  749.000000  0.003950 
749.000000  750.000000  0.003950 
750.000000  751.000000  0.003950 
751.000000  752.000000  0.003951 
752.000000  753.000000  0.003951 
753.000000  754.000000  0.003951 
754.000000  755.000000  0.003951 
755.000000  756.000000  0.003952 
756.000000  757.000000  0.003952 
757.000000  758.000000  0.003952 
758.000000  759.000000  0.003952 
759.000000  760.000000  0.003952 
760.000000  761.000000  0.003953 
761.000000  762.000000  0.003953 
762.000000  763.000000  0.003953 
763.000000  764.000000  0.003953 
764.000000  765.000000  0.003953 
765.000000  766.000000  0.003954 
766.000000  767.000000  0.003954 
767.000000  768.000000  0.003954 
768.000000  769.000000  0.003954 
769.000000  770.000000  0.003954 
770.000000  771.000000  0.003954 
771.000000  772.000000  0.003955 
772.000000  773.000000  0.003955 
773.000000  774.000000  0.003955 
774.000000  775.000000  0.003955 
775.000000  776.000000  0.003955 
776.000000  777.000000  0.003956 
777.000000  778.000000  0.003956 
778.000000  779.000000  0.003956 
779.000000  780.000000  0.003956 
780.000000  781.000000  0.003956 
781.000000  782.000000  0.003956 
782.000000  783.000000  0.003957 
783.000000  784.000000  0.003957 
784.000000  785.000000  0.003957 
785.000000  786.000000  0.003957 
786.000000  787.000000  0.003957 
787.000000  788.000000  0.003958 
788.000000  789.000000  0.003958 
789.000000  790.000000  0.003958 
790.000000  791.000000  0.003958 
791.000000  792.000000  0.003958 
792.000000  793.000000  0.003958 
793.000000  794.000000  0.003959 
794.000000  795.000000  0.003959 
795.000000  796.000000  0.003959 
796.000000  797.000000  0.003959 
797.000000  798.000000  0.003959 
798.000000  799.000000  0.003959 
799.000000  800.000000  0.003959 
800.000000  801.000000  0.003960 
801.000000  802.000000  0.003960 
802.000000  803.000000  0.003960 
803.000000  804.000000  0.003960 
804.000000  805.000000  0.003960 
805.000000  806.000000  0.003960 
806.000000  807.000000  0.003961 
807.000000  808.000000  0.003961 
808.000000  809.000000  0.003961 
809.000000  810.000000  0.003961 
810.000000  811.000000  0.003961 
811.000000  812.000000  0.003961 
812.000000  813.000000  0.003961 
813.000000  814.000000  0.003962 
814.000000  815.000000  0.003962 
815.000000  816.000000  0.003962 
816.000000  817.000000  0.003962 
817.000000  818.000000  0.003962 
818.000000  819.000000  0.003962 
819.000000  820.000000  0.003962 
820.000000  821.000000  0.003963 
821.000000  822.000000  0.003963 
822.000000  823.000000  0.003963 
823.000000  824.000000  0.003963 
824.000000  825.000000  0.003963 
825.000000  826.000000  0.003963 
826.000000  827.000000  0.003963 
827.000000  828.000000  0.003964 
828.000000  829.000000  0.003964 
829.000000  830.000000  0.003964 
830.000000  831.000000  0.003964 
831.000000  832.000000  0.003964 
832.000000  833.000000  0.003964 
833.000000  834.000000  0.003964 
834.000000  835.000000  0.003965 
835.000000  836.000000  0.003965 
836.000000  837.000000  0.003965 
837.000000  838.000000  0.003965 
838.000000  839.000000  0.003965 
839.000000  840.000000  0.003965 
840.000000  841.000000  0.003965 
841.000000  842.000000  0.003965 
842.000000  843.000000  0.003966 
843.000000  844.000000  0.003966 
844.000000  845.000000  0.003966 
845.000000  846.000000  0.003966 
846.000000  847.000000  0.003966 
847.000000  848.000000  0.003966 
848.000000  849.000000  0.003966 
849.000000  850.000000  0.003966 
850.000000  851.000000  0.003966 
851.000000  852.000000  0.003967 
852.000000  853.000000  0.003967 
853.000000  854.000000  0.003967 
854.000000  855.000000  0.003967 
855.000000  856.000000  0.003967 
856.000000  857.000000  0.003967 
857.000000  858.000000  0.003967 
858.000000  859.000000  0.003967 
859.000000  860.000000  0.003968 
860.000000  861.000000  0.003968 
861.000000  862.000000  0.003968 
862.000000  863.000000  0.003968 
863.000000  864.000000  0.003968 
864.000000  865.000000  0.003968 
865.000000  866.000000  0.003968 
866.000000  867.000000  0.003968 
867.000000  868.000000  0.003968 
868.000000  869.000000  0.003968 
869.000000  870.000000  0.003969 
870.000000  871.000000  0.003969 
871.000000  872.000000  0.003969 
872.000000  873.000000  0.003969 
873.000000  874.000000  0.003969 
874.000000  875.000000  0.003969 
875.000000  876.000000  0.003969 
876.000000  877.000000  0.003969 
877.000000  878.000000  0.003969 
878.000000  879.000000  0.003970 
879.000000  880.000000  0.003970 
880.000000  881.000000  0.003970 
881.000000  882.000000  0.003970 
882.000000  883.000000  0.003970 
883.000000  884.000000  0.003970 
884.000000  885.000000  0.003970 
885.000000  886.000000  0.003970 
886.000000  887.000000  0.003970 
887.000000  888.000000  0.003970 
888.000000  889.000000  0.003970 
889.000000  890.000000  0.003971 
890.000000  891.000000  0.003971 
891.000000  892.000000  0.003971 
892.000000  893.000000  0.003971 
893.000000  894.000000  0.003971 
894.000000  895.000000  0.003971 
895.000000  896.000000  0.003971 
896.000000  897.000000  0.003971 
897.000000  898.000000  0.003971 
898.000000  899.000000  0.003971 
899.000000  900.000000  0.003972 
900.000000  901.000000  0.003972 
901.000000  902.000000  0.003972 
902.000000  903.000000  0.003972 
903.000000  904.000000  0.003972 
904.000000  905.000000  0.003972 
905.000000  906.000000  0.003972 
906.000000  907.000000  0.003972 
907.000000  908.000000  0.003972 
908.000000  909.000000  0.003972 
909.000000  910.000000  0.003972 
910.000000  911.000000  0.003972 
911.000000  912.000000  0.003973 
912.000000  913.000000  0.003973 
913.000000  914.000000  0.003973 
914.000000  915.000000  0.003973 
915.000000  916.000000  0.003973 
916.000000  917.000000  0.003973 
917.000000  918.000000  0.003973 
918.000000  919.000000  0.003973 
919.000000  920.000000  0.003973 
920.000000  921.000000  0.003973 
921.000000  922.000000  0.003973 
922.000000  923.000000  0.003973 
923.000000  924.000000  0.003973 
924.000000  925.000000  0.003974 
925.000000  926.000000  0.003974 
926.000000  927.000000  0.003974 
927.000000  928.000000  0.003974 
928.000000  929.000000  0.003974 
929.000000  930.000000  0.003974 
930.000000  931.000000  0.003974 
931.000000  932.000000  0.003974 
932.000000  933.000000  0.003974 
933.000000  934.000000  0.003974 
934.000000  935.000000  0.003974 
935.000000  936.000000  0.003974 
936.000000  937.000000  0.003974 
937.000000  938.000000  0.003975 
938.000000  939.000000  0.003975 
939.000000  940.000000  0.003975 
940.000000  941.000000  0.003975 
941.000000  942.000000  0.003975 
942.000000  943.000000  0.003975 
943.000000  944.000000  0.003975 
