20.000000  21.000000  0.017858 
21.000000  22.000000  0.017242 
22.000000  23.000000  0.016648 
23.000000  24.000000  0.016078 
24.000000  25.000000  0.015533 
25.000000  26.000000  0.015011 
26.000000  27.000000  0.014513 
27.000000  28.000000  0.014039 
28.000000  29.000000  0.013588 
29.000000  30.000000  0.013159 
30.000000  31.000000  0.012751 
31.000000  32.000000  0.012364 
32.000000  33.000000  0.011997 
33.000000  34.000000  0.011649 
34.000000  35.000000  0.011318 
35.000000  36.000000  0.011004 
36.000000  37.000000  0.010706 
37.000000  38.000000  0.010424 
38.000000  39.000000  0.010156 
39.000000  40.000000  0.009901 
40.000000  41.000000  0.009659 
41.000000  42.000000  0.009429 
42.000000  43.000000  0.009211 
43.000000  44.000000  0.009003 
44.000000  45.000000  0.008805 
45.000000  46.000000  0.008617 
46.000000  47.000000  0.008438 
47.000000  48.000000  0.008267 
48.000000  49.000000  0.008104 
49.000000  50.000000  0.007948 
50.000000  51.000000  0.007799 
51.000000  52.000000  0.007657 
52.000000  53.000000  0.007522 
53.000000  54.000000  0.007392 
54.000000  55.000000  0.007267 
55.000000  56.000000  0.007148 
56.000000  57.000000  0.007034 
57.000000  58.000000  0.006924 
58.000000  59.000000  0.006818 
59.000000  60.000000  0.006717 
60.000000  61.000000  0.006619 
61.000000  62.000000  0.006525 
62.000000  63.000000  0.006435 
63.000000  64.000000  0.006348 
64.000000  65.000000  0.006264 
65.000000  66.000000  0.006183 
66.000000  67.000000  0.006104 
67.000000  68.000000  0.006029 
68.000000  69.000000  0.005956 
69.000000  70.000000  0.005885 
70.000000  71.000000  0.005817 
71.000000  72.000000  0.005750 
72.000000  73.000000  0.005686 
73.000000  74.000000  0.005625 
74.000000  75.000000  0.005565 
75.000000  76.000000  0.005507 
76.000000  77.000000  0.005451 
77.000000  78.000000  0.005396 
78.000000  79.000000  0.005344 
79.000000  80.000000  0.005293 
80.000000  81.000000  0.005243 
81.000000  82.000000  0.005195 
82.000000  83.000000  0.005149 
83.000000  84.000000  0.005104 
84.000000  85.000000  0.005061 
85.000000  86.000000  0.005019 
86.000000  87.000000  0.004979 
87.000000  88.000000  0.004939 
88.000000  89.000000  0.004901 
89.000000  90.000000  0.004864 
90.000000  91.000000  0.004829 
91.000000  92.000000  0.004794 
92.000000  93.000000  0.004761 
93.000000  94.000000  0.004729 
94.000000  95.000000  0.004698 
95.000000  96.000000  0.004668 
96.000000  97.000000  0.004639 
97.000000  98.000000  0.004611 
98.000000  99.000000  0.004583 
99.000000  100.000000  0.004557 
100.000000  101.000000  0.004532 
101.000000  102.000000  0.004507 
102.000000  103.000000  0.004483 
103.000000  104.000000  0.004460 
104.000000  105.000000  0.004438 
105.000000  106.000000  0.004416 
106.000000  107.000000  0.004396 
107.000000  108.000000  0.004375 
108.000000  109.000000  0.004356 
109.000000  110.000000  0.004337 
110.000000  111.000000  0.004318 
111.000000  112.000000  0.004301 
112.000000  113.000000  0.004283 
113.000000  114.000000  0.004266 
114.000000  115.000000  0.004250 
115.000000  116.000000  0.004234 
116.000000  117.000000  0.004219 
117.000000  118.000000  0.004204 
118.000000  119.000000  0.004189 
119.000000  120.000000  0.004175 
120.000000  121.000000  0.004161 
121.000000  122.000000  0.004148 
122.000000  123.000000  0.004135 
123.000000  124.000000  0.004122 
124.000000  125.000000  0.004109 
125.000000  126.000000  0.004097 
126.000000  127.000000  0.004085 
127.000000  128.000000  0.004073 
128.000000  129.000000  0.004062 
129.000000  130.000000  0.004051 
130.000000  131.000000  0.004040 
131.000000  132.000000  0.004029 
132.000000  133.000000  0.004018 
133.000000  134.000000  0.004008 
134.000000  135.000000  0.003997 
135.000000  136.000000  0.003987 
136.000000  137.000000  0.003978 
137.000000  138.000000  0.003968 
138.000000  139.000000  0.003958 
139.000000  140.000000  0.003949 
140.000000  141.000000  0.003939 
141.000000  142.000000  0.003930 
142.000000  143.000000  0.003921 
143.000000  144.000000  0.003912 
144.000000  145.000000  0.003904 
145.000000  146.000000  0.003895 
146.000000  147.000000  0.003886 
147.000000  148.000000  0.003878 
148.000000  149.000000  0.003870 
149.000000  150.000000  0.003861 
150.000000  151.000000  0.003853 
151.000000  152.000000  0.003845 
152.000000  153.000000  0.003837 
153.000000  154.000000  0.003830 
154.000000  155.000000  0.003822 
155.000000  156.000000  0.003814 
156.000000  157.000000  0.003807 
157.000000  158.000000  0.003799 
158.000000  159.000000  0.003792 
159.000000  160.000000  0.003784 
160.000000  161.000000  0.003777 
161.000000  162.000000  0.003770 
162.000000  163.000000  0.003763 
163.000000  164.000000  0.003756 
164.000000  165.000000  0.003749 
165.000000  166.000000  0.003742 
166.000000  167.000000  0.003736 
167.000000  168.000000  0.003729 
168.000000  169.000000  0.003722 
169.000000  170.000000  0.003716 
170.000000  171.000000  0.003709 
171.000000  172.000000  0.003703 
172.000000  173.000000  0.003697 
173.000000  174.000000  0.003691 
174.000000  175.000000  0.003684 
175.000000  176.000000  0.003678 
176.000000  177.000000  0.003672 
177.000000  178.000000  0.003666 
178.000000  179.000000  0.003661 
179.000000  180.000000  0.003655 
180.000000  181.000000  0.003649 
181.000000  182.000000  0.003644 
182.000000  183.000000  0.003638 
183.000000  184.000000  0.003632 
184.000000  185.000000  0.003627 
185.000000  186.000000  0.003622 
186.000000  187.000000  0.003616 
187.000000  188.000000  0.003611 
188.000000  189.000000  0.003606 
189.000000  190.000000  0.003601 
190.000000  191.000000  0.003596 
191.000000  192.000000  0.003591 
192.000000  193.000000  0.003586 
193.000000  194.000000  0.003581 
194.000000  195.000000  0.003576 
195.000000  196.000000  0.003571 
196.000000  197.000000  0.003567 
197.000000  198.000000  0.003562 
198.000000  199.000000  0.003557 
199.000000  200.000000  0.003553 
200.000000  201.000000  0.003548 
201.000000  202.000000  0.003544 
202.000000  203.000000  0.003539 
203.000000  204.000000  0.003535 
204.000000  205.000000  0.003530 
205.000000  206.000000  0.003526 
206.000000  207.000000  0.003522 
207.000000  208.000000  0.003518 
208.000000  209.000000  0.003513 
209.000000  210.000000  0.003509 
210.000000  211.000000  0.003505 
211.000000  212.000000  0.003501 
212.000000  213.000000  0.003496 
213.000000  214.000000  0.003492 
214.000000  215.000000  0.003488 
215.000000  216.000000  0.003484 
216.000000  217.000000  0.003480 
217.000000  218.000000  0.003476 
218.000000  219.000000  0.003472 
219.000000  220.000000  0.003468 
220.000000  221.000000  0.003464 
221.000000  222.000000  0.003459 
222.000000  223.000000  0.003455 
223.000000  224.000000  0.003451 
224.000000  225.000000  0.003447 
225.000000  226.000000  0.003443 
226.000000  227.000000  0.003439 
227.000000  228.000000  0.003435 
228.000000  229.000000  0.003431 
229.000000  230.000000  0.003426 
230.000000  231.000000  0.003422 
231.000000  232.000000  0.003418 
232.000000  233.000000  0.003414 
233.000000  234.000000  0.003409 
234.000000  235.000000  0.003405 
235.000000  236.000000  0.003401 
236.000000  237.000000  0.003396 
237.000000  238.000000  0.003392 
238.000000  239.000000  0.003387 
239.000000  240.000000  0.003383 
240.000000  241.000000  0.003378 
241.000000  242.000000  0.003374 
242.000000  243.000000  0.003369 
243.000000  244.000000  0.003364 
244.000000  245.000000  0.003360 
245.000000  246.000000  0.003355 
246.000000  247.000000  0.003350 
247.000000  248.000000  0.003345 
248.000000  249.000000  0.003340 
249.000000  250.000000  0.003335 
250.000000  251.000000  0.003330 
251.000000  252.000000  0.003325 
252.000000  253.000000  0.003320 
253.000000  254.000000  0.003314 
254.000000  255.000000  0.003309 
255.000000  256.000000  0.003304 
256.000000  257.000000  0.003298 
257.000000  258.000000  0.003293 
258.000000  259.000000  0.003287 
259.000000  260.000000  0.003281 
260.000000  261.000000  0.003276 
261.000000  262.000000  0.003270 
262.000000  263.000000  0.003264 
263.000000  264.000000  0.003258 
264.000000  265.000000  0.003252 
265.000000  266.000000  0.003246 
266.000000  267.000000  0.003239 
267.000000  268.000000  0.003233 
268.000000  269.000000  0.003227 
269.000000  270.000000  0.003220 
270.000000  271.000000  0.003214 
271.000000  272.000000  0.003207 
272.000000  273.000000  0.003201 
273.000000  274.000000  0.003194 
274.000000  275.000000  0.003187 
275.000000  276.000000  0.003180 
276.000000  277.000000  0.003173 
277.000000  278.000000  0.003166 
278.000000  279.000000  0.003159 
279.000000  280.000000  0.003151 
280.000000  281.000000  0.003144 
281.000000  282.000000  0.003137 
282.000000  283.000000  0.003129 
283.000000  284.000000  0.003121 
284.000000  285.000000  0.003114 
285.000000  286.000000  0.003106 
286.000000  287.000000  0.003098 
287.000000  288.000000  0.003090 
288.000000  289.000000  0.003082 
289.000000  290.000000  0.003074 
290.000000  291.000000  0.003066 
291.000000  292.000000  0.003058 
292.000000  293.000000  0.003049 
293.000000  294.000000  0.003041 
294.000000  295.000000  0.003033 
295.000000  296.000000  0.003024 
296.000000  297.000000  0.003015 
297.000000  298.000000  0.003007 
298.000000  299.000000  0.002998 
299.000000  300.000000  0.002989 
300.000000  301.000000  0.002980 
301.000000  302.000000  0.002971 
302.000000  303.000000  0.002962 
303.000000  304.000000  0.002953 
304.000000  305.000000  0.002944 
305.000000  306.000000  0.002934 
306.000000  307.000000  0.002925 
307.000000  308.000000  0.002916 
308.000000  309.000000  0.002906 
309.000000  310.000000  0.002897 
310.000000  311.000000  0.002887 
311.000000  312.000000  0.002877 
312.000000  313.000000  0.002868 
313.000000  314.000000  0.002858 
314.000000  315.000000  0.002848 
315.000000  316.000000  0.002838 
316.000000  317.000000  0.002828 
317.000000  318.000000  0.002818 
318.000000  319.000000  0.002808 
319.000000  320.000000  0.002798 
320.000000  321.000000  0.002788 
321.000000  322.000000  0.002778 
322.000000  323.000000  0.002767 
323.000000  324.000000  0.002757 
324.000000  325.000000  0.002747 
325.000000  326.000000  0.002736 
326.000000  327.000000  0.002726 
327.000000  328.000000  0.002715 
328.000000  329.000000  0.002705 
329.000000  330.000000  0.002694 
330.000000  331.000000  0.002683 
331.000000  332.000000  0.002673 
332.000000  333.000000  0.002662 
333.000000  334.000000  0.002651 
334.000000  335.000000  0.002640 
335.000000  336.000000  0.002630 
336.000000  337.000000  0.002619 
337.000000  338.000000  0.002608 
338.000000  339.000000  0.002597 
339.000000  340.000000  0.002586 
340.000000  341.000000  0.002575 
341.000000  342.000000  0.002564 
342.000000  343.000000  0.002553 
343.000000  344.000000  0.002542 
344.000000  345.000000  0.002531 
345.000000  346.000000  0.002520 
346.000000  347.000000  0.002509 
347.000000  348.000000  0.002497 
348.000000  349.000000  0.002486 
349.000000  350.000000  0.002475 
350.000000  351.000000  0.002464 
351.000000  352.000000  0.002453 
352.000000  353.000000  0.002442 
353.000000  354.000000  0.002430 
354.000000  355.000000  0.002419 
355.000000  356.000000  0.002408 
356.000000  357.000000  0.002397 
357.000000  358.000000  0.002385 
358.000000  359.000000  0.002374 
359.000000  360.000000  0.002363 
360.000000  361.000000  0.002352 
361.000000  362.000000  0.002340 
362.000000  363.000000  0.002329 
363.000000  364.000000  0.002318 
364.000000  365.000000  0.002306 
365.000000  366.000000  0.002295 
366.000000  367.000000  0.002284 
367.000000  368.000000  0.002273 
368.000000  369.000000  0.002261 
369.000000  370.000000  0.002250 
370.000000  371.000000  0.002239 
371.000000  372.000000  0.002227 
372.000000  373.000000  0.002216 
373.000000  374.000000  0.002205 
374.000000  375.000000  0.002194 
375.000000  376.000000  0.002183 
376.000000  377.000000  0.002171 
377.000000  378.000000  0.002160 
378.000000  379.000000  0.002149 
379.000000  380.000000  0.002138 
380.000000  381.000000  0.002127 
381.000000  382.000000  0.002115 
382.000000  383.000000  0.002104 
383.000000  384.000000  0.002093 
384.000000  385.000000  0.002082 
385.000000  386.000000  0.002071 
386.000000  387.000000  0.002060 
387.000000  388.000000  0.002049 
388.000000  389.000000  0.002038 
389.000000  390.000000  0.002027 
390.000000  391.000000  0.002016 
391.000000  392.000000  0.002005 
392.000000  393.000000  0.001994 
393.000000  394.000000  0.001983 
394.000000  395.000000  0.001973 
395.000000  396.000000  0.001962 
396.000000  397.000000  0.001951 
397.000000  398.000000  0.001940 
398.000000  399.000000  0.001929 
399.000000  400.000000  0.001919 
400.000000  401.000000  0.001908 
401.000000  402.000000  0.001897 
402.000000  403.000000  0.001887 
403.000000  404.000000  0.001876 
404.000000  405.000000  0.001865 
405.000000  406.000000  0.001855 
406.000000  407.000000  0.001844 
407.000000  408.000000  0.001834 
408.000000  409.000000  0.001824 
409.000000  410.000000  0.001813 
410.000000  411.000000  0.001803 
411.000000  412.000000  0.001792 
412.000000  413.000000  0.001782 
413.000000  414.000000  0.001772 
414.000000  415.000000  0.001762 
415.000000  416.000000  0.001751 
416.000000  417.000000  0.001741 
417.000000  418.000000  0.001731 
418.000000  419.000000  0.001721 
419.000000  420.000000  0.001711 
420.000000  421.000000  0.001701 
421.000000  422.000000  0.001691 
422.000000  423.000000  0.001681 
423.000000  424.000000  0.001671 
424.000000  425.000000  0.001662 
425.000000  426.000000  0.001652 
426.000000  427.000000  0.001642 
427.000000  428.000000  0.001632 
428.000000  429.000000  0.001623 
429.000000  430.000000  0.001613 
430.000000  431.000000  0.001603 
431.000000  432.000000  0.001594 
432.000000  433.000000  0.001584 
433.000000  434.000000  0.001575 
434.000000  435.000000  0.001565 
435.000000  436.000000  0.001556 
436.000000  437.000000  0.001547 
437.000000  438.000000  0.001537 
438.000000  439.000000  0.001528 
439.000000  440.000000  0.001519 
440.000000  441.000000  0.001510 
441.000000  442.000000  0.001501 
442.000000  443.000000  0.001492 
443.000000  444.000000  0.001482 
444.000000  445.000000  0.001473 
445.000000  446.000000  0.001465 
446.000000  447.000000  0.001456 
447.000000  448.000000  0.001447 
448.000000  449.000000  0.001438 
449.000000  450.000000  0.001429 
450.000000  451.000000  0.001420 
451.000000  452.000000  0.001412 
452.000000  453.000000  0.001403 
453.000000  454.000000  0.001395 
454.000000  455.000000  0.001386 
455.000000  456.000000  0.001377 
456.000000  457.000000  0.001369 
457.000000  458.000000  0.001361 
458.000000  459.000000  0.001352 
459.000000  460.000000  0.001344 
460.000000  461.000000  0.001336 
461.000000  462.000000  0.001327 
462.000000  463.000000  0.001319 
463.000000  464.000000  0.001311 
464.000000  465.000000  0.001303 
465.000000  466.000000  0.001295 
466.000000  467.000000  0.001287 
467.000000  468.000000  0.001279 
468.000000  469.000000  0.001271 
469.000000  470.000000  0.001263 
470.000000  471.000000  0.001255 
471.000000  472.000000  0.001247 
472.000000  473.000000  0.001240 
473.000000  474.000000  0.001232 
474.000000  475.000000  0.001224 
475.000000  476.000000  0.001217 
476.000000  477.000000  0.001209 
477.000000  478.000000  0.001202 
478.000000  479.000000  0.001194 
479.000000  480.000000  0.001187 
480.000000  481.000000  0.001179 
481.000000  482.000000  0.001172 
482.000000  483.000000  0.001165 
483.000000  484.000000  0.001158 
484.000000  485.000000  0.001150 
485.000000  486.000000  0.001143 
486.000000  487.000000  0.001136 
487.000000  488.000000  0.001129 
488.000000  489.000000  0.001122 
489.000000  490.000000  0.001115 
490.000000  491.000000  0.001108 
491.000000  492.000000  0.001101 
492.000000  493.000000  0.001094 
493.000000  494.000000  0.001087 
494.000000  495.000000  0.001081 
495.000000  496.000000  0.001074 
496.000000  497.000000  0.001067 
497.000000  498.000000  0.001061 
498.000000  499.000000  0.001054 
499.000000  500.000000  0.001047 
500.000000  501.000000  0.001041 
501.000000  502.000000  0.001034 
502.000000  503.000000  0.001028 
503.000000  504.000000  0.001022 
504.000000  505.000000  0.001015 
505.000000  506.000000  0.001009 
506.000000  507.000000  0.001003 
507.000000  508.000000  0.000996 
508.000000  509.000000  0.000990 
509.000000  510.000000  0.000984 
510.000000  511.000000  0.000978 
511.000000  512.000000  0.000972 
512.000000  513.000000  0.000966 
513.000000  514.000000  0.000960 
514.000000  515.000000  0.000954 
515.000000  516.000000  0.000948 
516.000000  517.000000  0.000942 
517.000000  518.000000  0.000936 
518.000000  519.000000  0.000931 
519.000000  520.000000  0.000925 
520.000000  521.000000  0.000919 
521.000000  522.000000  0.000914 
522.000000  523.000000  0.000908 
523.000000  524.000000  0.000902 
524.000000  525.000000  0.000897 
525.000000  526.000000  0.000891 
526.000000  527.000000  0.000886 
527.000000  528.000000  0.000880 
528.000000  529.000000  0.000875 
529.000000  530.000000  0.000870 
530.000000  531.000000  0.000864 
531.000000  532.000000  0.000859 
532.000000  533.000000  0.000854 
533.000000  534.000000  0.000849 
534.000000  535.000000  0.000843 
535.000000  536.000000  0.000838 
536.000000  537.000000  0.000833 
537.000000  538.000000  0.000828 
538.000000  539.000000  0.000823 
539.000000  540.000000  0.000818 
540.000000  541.000000  0.000813 
541.000000  542.000000  0.000808 
542.000000  543.000000  0.000803 
543.000000  544.000000  0.000798 
544.000000  545.000000  0.000794 
545.000000  546.000000  0.000789 
546.000000  547.000000  0.000784 
547.000000  548.000000  0.000779 
548.000000  549.000000  0.000775 
549.000000  550.000000  0.000770 
550.000000  551.000000  0.000765 
551.000000  552.000000  0.000761 
552.000000  553.000000  0.000756 
553.000000  554.000000  0.000752 
554.000000  555.000000  0.000747 
555.000000  556.000000  0.000743 
556.000000  557.000000  0.000739 
557.000000  558.000000  0.000734 
558.000000  559.000000  0.000730 
559.000000  560.000000  0.000725 
560.000000  561.000000  0.000721 
561.000000  562.000000  0.000717 
562.000000  563.000000  0.000713 
563.000000  564.000000  0.000709 
564.000000  565.000000  0.000704 
565.000000  566.000000  0.000700 
566.000000  567.000000  0.000696 
567.000000  568.000000  0.000692 
568.000000  569.000000  0.000688 
569.000000  570.000000  0.000684 
570.000000  571.000000  0.000680 
571.000000  572.000000  0.000676 
572.000000  573.000000  0.000672 
573.000000  574.000000  0.000668 
574.000000  575.000000  0.000665 
575.000000  576.000000  0.000661 
576.000000  577.000000  0.000657 
577.000000  578.000000  0.000653 
578.000000  579.000000  0.000649 
579.000000  580.000000  0.000646 
580.000000  581.000000  0.000642 
581.000000  582.000000  0.000638 
582.000000  583.000000  0.000635 
583.000000  584.000000  0.000631 
584.000000  585.000000  0.000628 
585.000000  586.000000  0.000624 
586.000000  587.000000  0.000621 
587.000000  588.000000  0.000617 
588.000000  589.000000  0.000614 
589.000000  590.000000  0.000610 
590.000000  591.000000  0.000607 
591.000000  592.000000  0.000603 
592.000000  593.000000  0.000600 
593.000000  594.000000  0.000597 
594.000000  595.000000  0.000594 
595.000000  596.000000  0.000590 
596.000000  597.000000  0.000587 
597.000000  598.000000  0.000584 
598.000000  599.000000  0.000581 
599.000000  600.000000  0.000577 
600.000000  601.000000  0.000574 
601.000000  602.000000  0.000571 
602.000000  603.000000  0.000568 
603.000000  604.000000  0.000565 
604.000000  605.000000  0.000562 
605.000000  606.000000  0.000559 
606.000000  607.000000  0.000556 
607.000000  608.000000  0.000553 
608.000000  609.000000  0.000550 
609.000000  610.000000  0.000547 
610.000000  611.000000  0.000544 
611.000000  612.000000  0.000541 
612.000000  613.000000  0.000538 
613.000000  614.000000  0.000536 
614.000000  615.000000  0.000533 
615.000000  616.000000  0.000530 
616.000000  617.000000  0.000527 
617.000000  618.000000  0.000524 
618.000000  619.000000  0.000522 
619.000000  620.000000  0.000519 
620.000000  621.000000  0.000516 
621.000000  622.000000  0.000514 
622.000000  623.000000  0.000511 
623.000000  624.000000  0.000508 
624.000000  625.000000  0.000506 
625.000000  626.000000  0.000503 
626.000000  627.000000  0.000501 
627.000000  628.000000  0.000498 
628.000000  629.000000  0.000496 
629.000000  630.000000  0.000493 
630.000000  631.000000  0.000491 
631.000000  632.000000  0.000488 
632.000000  633.000000  0.000486 
633.000000  634.000000  0.000483 
634.000000  635.000000  0.000481 
635.000000  636.000000  0.000479 
636.000000  637.000000  0.000476 
637.000000  638.000000  0.000474 
638.000000  639.000000  0.000472 
639.000000  640.000000  0.000469 
640.000000  641.000000  0.000467 
641.000000  642.000000  0.000465 
642.000000  643.000000  0.000462 
643.000000  644.000000  0.000460 
644.000000  645.000000  0.000458 
645.000000  646.000000  0.000456 
646.000000  647.000000  0.000454 
647.000000  648.000000  0.000451 
648.000000  649.000000  0.000449 
649.000000  650.000000  0.000447 
650.000000  651.000000  0.000445 
651.000000  652.000000  0.000443 
652.000000  653.000000  0.000441 
653.000000  654.000000  0.000439 
654.000000  655.000000  0.000437 
655.000000  656.000000  0.000435 
656.000000  657.000000  0.000433 
657.000000  658.000000  0.000431 
658.000000  659.000000  0.000429 
659.000000  660.000000  0.000427 
660.000000  661.000000  0.000425 
661.000000  662.000000  0.000423 
662.000000  663.000000  0.000421 
663.000000  664.000000  0.000419 
664.000000  665.000000  0.000417 
665.000000  666.000000  0.000415 
666.000000  667.000000  0.000413 
667.000000  668.000000  0.000412 
668.000000  669.000000  0.000410 
669.000000  670.000000  0.000408 
670.000000  671.000000  0.000406 
671.000000  672.000000  0.000404 
672.000000  673.000000  0.000403 
673.000000  674.000000  0.000401 
674.000000  675.000000  0.000399 
675.000000  676.000000  0.000397 
676.000000  677.000000  0.000396 
677.000000  678.000000  0.000394 
678.000000  679.000000  0.000392 
679.000000  680.000000  0.000391 
680.000000  681.000000  0.000389 
681.000000  682.000000  0.000387 
682.000000  683.000000  0.000386 
683.000000  684.000000  0.000384 
684.000000  685.000000  0.000383 
685.000000  686.000000  0.000381 
686.000000  687.000000  0.000379 
687.000000  688.000000  0.000378 
688.000000  689.000000  0.000376 
689.000000  690.000000  0.000375 
690.000000  691.000000  0.000373 
691.000000  692.000000  0.000372 
692.000000  693.000000  0.000370 
693.000000  694.000000  0.000369 
694.000000  695.000000  0.000367 
695.000000  696.000000  0.000366 
696.000000  697.000000  0.000364 
697.000000  698.000000  0.000363 
698.000000  699.000000  0.000361 
699.000000  700.000000  0.000360 
700.000000  701.000000  0.000359 
701.000000  702.000000  0.000357 
702.000000  703.000000  0.000356 
703.000000  704.000000  0.000354 
704.000000  705.000000  0.000353 
705.000000  706.000000  0.000352 
706.000000  707.000000  0.000350 
707.000000  708.000000  0.000349 
708.000000  709.000000  0.000348 
709.000000  710.000000  0.000346 
710.000000  711.000000  0.000345 
711.000000  712.000000  0.000344 
712.000000  713.000000  0.000342 
713.000000  714.000000  0.000341 
714.000000  715.000000  0.000340 
715.000000  716.000000  0.000339 
716.000000  717.000000  0.000337 
717.000000  718.000000  0.000336 
718.000000  719.000000  0.000335 
719.000000  720.000000  0.000334 
720.000000  721.000000  0.000333 
721.000000  722.000000  0.000331 
722.000000  723.000000  0.000330 
723.000000  724.000000  0.000329 
724.000000  725.000000  0.000328 
725.000000  726.000000  0.000327 
726.000000  727.000000  0.000326 
727.000000  728.000000  0.000324 
728.000000  729.000000  0.000323 
729.000000  730.000000  0.000322 
730.000000  731.000000  0.000321 
731.000000  732.000000  0.000320 
732.000000  733.000000  0.000319 
733.000000  734.000000  0.000318 
734.000000  735.000000  0.000317 
735.000000  736.000000  0.000316 
736.000000  737.000000  0.000315 
737.000000  738.000000  0.000313 
738.000000  739.000000  0.000312 
739.000000  740.000000  0.000311 
740.000000  741.000000  0.000310 
741.000000  742.000000  0.000309 
742.000000  743.000000  0.000308 
743.000000  744.000000  0.000307 
744.000000  745.000000  0.000306 
745.000000  746.000000  0.000305 
746.000000  747.000000  0.000304 
747.000000  748.000000  0.000303 
748.000000  749.000000  0.000302 
749.000000  750.000000  0.000301 
750.000000  751.000000  0.000301 
751.000000  752.000000  0.000300 
752.000000  753.000000  0.000299 
753.000000  754.000000  0.000298 
754.000000  755.000000  0.000297 
755.000000  756.000000  0.000296 
756.000000  757.000000  0.000295 
757.000000  758.000000  0.000294 
758.000000  759.000000  0.000293 
759.000000  760.000000  0.000292 
760.000000  761.000000  0.000291 
761.000000  762.000000  0.000291 
762.000000  763.000000  0.000290 
763.000000  764.000000  0.000289 
764.000000  765.000000  0.000288 
765.000000  766.000000  0.000287 
766.000000  767.000000  0.000286 
767.000000  768.000000  0.000286 
768.000000  769.000000  0.000285 
769.000000  770.000000  0.000284 
770.000000  771.000000  0.000283 
771.000000  772.000000  0.000282 
772.000000  773.000000  0.000281 
773.000000  774.000000  0.000281 
774.000000  775.000000  0.000280 
775.000000  776.000000  0.000279 
776.000000  777.000000  0.000278 
777.000000  778.000000  0.000278 
778.000000  779.000000  0.000277 
779.000000  780.000000  0.000276 
780.000000  781.000000  0.000275 
781.000000  782.000000  0.000275 
782.000000  783.000000  0.000274 
783.000000  784.000000  0.000273 
784.000000  785.000000  0.000272 
785.000000  786.000000  0.000272 
786.000000  787.000000  0.000271 
787.000000  788.000000  0.000270 
788.000000  789.000000  0.000270 
789.000000  790.000000  0.000269 
790.000000  791.000000  0.000268 
791.000000  792.000000  0.000267 
792.000000  793.000000  0.000267 
793.000000  794.000000  0.000266 
794.000000  795.000000  0.000265 
795.000000  796.000000  0.000265 
796.000000  797.000000  0.000264 
797.000000  798.000000  0.000263 
798.000000  799.000000  0.000263 
799.000000  800.000000  0.000262 
800.000000  801.000000  0.000261 
801.000000  802.000000  0.000261 
802.000000  803.000000  0.000260 
803.000000  804.000000  0.000260 
804.000000  805.000000  0.000259 
805.000000  806.000000  0.000258 
806.000000  807.000000  0.000258 
807.000000  808.000000  0.000257 
808.000000  809.000000  0.000257 
809.000000  810.000000  0.000256 
810.000000  811.000000  0.000255 
811.000000  812.000000  0.000255 
812.000000  813.000000  0.000254 
813.000000  814.000000  0.000254 
814.000000  815.000000  0.000253 
815.000000  816.000000  0.000252 
816.000000  817.000000  0.000252 
817.000000  818.000000  0.000251 
818.000000  819.000000  0.000251 
819.000000  820.000000  0.000250 
820.000000  821.000000  0.000250 
821.000000  822.000000  0.000249 
822.000000  823.000000  0.000249 
823.000000  824.000000  0.000248 
824.000000  825.000000  0.000248 
825.000000  826.000000  0.000247 
826.000000  827.000000  0.000246 
827.000000  828.000000  0.000246 
828.000000  829.000000  0.000245 
829.000000  830.000000  0.000245 
830.000000  831.000000  0.000244 
831.000000  832.000000  0.000244 
832.000000  833.000000  0.000243 
833.000000  834.000000  0.000243 
834.000000  835.000000  0.000242 
835.000000  836.000000  0.000242 
836.000000  837.000000  0.000241 
837.000000  838.000000  0.000241 
838.000000  839.000000  0.000240 
839.000000  840.000000  0.000240 
840.000000  841.000000  0.000240 
841.000000  842.000000  0.000239 
842.000000  843.000000  0.000239 
843.000000  844.000000  0.000238 
844.000000  845.000000  0.000238 
845.000000  846.000000  0.000237 
846.000000  847.000000  0.000237 
847.000000  848.000000  0.000236 
848.000000  849.000000  0.000236 
849.000000  850.000000  0.000235 
850.000000  851.000000  0.000235 
851.000000  852.000000  0.000235 
852.000000  853.000000  0.000234 
853.000000  854.000000  0.000234 
854.000000  855.000000  0.000233 
855.000000  856.000000  0.000233 
856.000000  857.000000  0.000233 
857.000000  858.000000  0.000232 
858.000000  859.000000  0.000232 
859.000000  860.000000  0.000231 
860.000000  861.000000  0.000231 
861.000000  862.000000  0.000231 
862.000000  863.000000  0.000230 
863.000000  864.000000  0.000230 
864.000000  865.000000  0.000229 
865.000000  866.000000  0.000229 
866.000000  867.000000  0.000229 
867.000000  868.000000  0.000228 
868.000000  869.000000  0.000228 
869.000000  870.000000  0.000227 
870.000000  871.000000  0.000227 
871.000000  872.000000  0.000227 
872.000000  873.000000  0.000226 
873.000000  874.000000  0.000226 
874.000000  875.000000  0.000226 
875.000000  876.000000  0.000225 
876.000000  877.000000  0.000225 
877.000000  878.000000  0.000225 
878.000000  879.000000  0.000224 
879.000000  880.000000  0.000224 
880.000000  881.000000  0.000224 
881.000000  882.000000  0.000223 
882.000000  883.000000  0.000223 
883.000000  884.000000  0.000223 
884.000000  885.000000  0.000222 
885.000000  886.000000  0.000222 
886.000000  887.000000  0.000222 
887.000000  888.000000  0.000221 
888.000000  889.000000  0.000221 
889.000000  890.000000  0.000221 
890.000000  891.000000  0.000220 
891.000000  892.000000  0.000220 
892.000000  893.000000  0.000220 
893.000000  894.000000  0.000219 
894.000000  895.000000  0.000219 
895.000000  896.000000  0.000219 
896.000000  897.000000  0.000218 
897.000000  898.000000  0.000218 
898.000000  899.000000  0.000218 
899.000000  900.000000  0.000218 
900.000000  901.000000  0.000217 
901.000000  902.000000  0.000217 
902.000000  903.000000  0.000217 
903.000000  904.000000  0.000216 
904.000000  905.000000  0.000216 
905.000000  906.000000  0.000216 
906.000000  907.000000  0.000216 
907.000000  908.000000  0.000215 
908.000000  909.000000  0.000215 
909.000000  910.000000  0.000215 
910.000000  911.000000  0.000214 
911.000000  912.000000  0.000214 
912.000000  913.000000  0.000214 
913.000000  914.000000  0.000214 
914.000000  915.000000  0.000213 
915.000000  916.000000  0.000213 
916.000000  917.000000  0.000213 
917.000000  918.000000  0.000213 
918.000000  919.000000  0.000212 
919.000000  920.000000  0.000212 
920.000000  921.000000  0.000212 
921.000000  922.000000  0.000212 
922.000000  923.000000  0.000211 
923.000000  924.000000  0.000211 
924.000000  925.000000  0.000211 
925.000000  926.000000  0.000211 
926.000000  927.000000  0.000211 
927.000000  928.000000  0.000210 
928.000000  929.000000  0.000210 
929.000000  930.000000  0.000210 
930.000000  931.000000  0.000210 
931.000000  932.000000  0.000209 
932.000000  933.000000  0.000209 
933.000000  934.000000  0.000209 
934.000000  935.000000  0.000209 
935.000000  936.000000  0.000208 
936.000000  937.000000  0.000208 
937.000000  938.000000  0.000208 
938.000000  939.000000  0.000208 
939.000000  940.000000  0.000208 
940.000000  941.000000  0.000207 
941.000000  942.000000  0.000207 
942.000000  943.000000  0.000207 
943.000000  944.000000  0.000207 
