20.000000  21.000000  0.967662 
21.000000  22.000000  0.967249 
22.000000  23.000000  0.966855 
23.000000  24.000000  0.966481 
24.000000  25.000000  0.966131 
25.000000  26.000000  0.965808 
26.000000  27.000000  0.965511 
27.000000  28.000000  0.965243 
28.000000  29.000000  0.965004 
29.000000  30.000000  0.964795 
30.000000  31.000000  0.964615 
31.000000  32.000000  0.964464 
32.000000  33.000000  0.964342 
33.000000  34.000000  0.964247 
34.000000  35.000000  0.964179 
35.000000  36.000000  0.964136 
36.000000  37.000000  0.964117 
37.000000  38.000000  0.964120 
38.000000  39.000000  0.964145 
39.000000  40.000000  0.964190 
40.000000  41.000000  0.964252 
41.000000  42.000000  0.964332 
42.000000  43.000000  0.964427 
43.000000  44.000000  0.964535 
44.000000  45.000000  0.964656 
45.000000  46.000000  0.964789 
46.000000  47.000000  0.964932 
47.000000  48.000000  0.965083 
48.000000  49.000000  0.965242 
49.000000  50.000000  0.965408 
50.000000  51.000000  0.965580 
51.000000  52.000000  0.965757 
52.000000  53.000000  0.965939 
53.000000  54.000000  0.966123 
54.000000  55.000000  0.966311 
55.000000  56.000000  0.966500 
56.000000  57.000000  0.966692 
57.000000  58.000000  0.966884 
58.000000  59.000000  0.967077 
59.000000  60.000000  0.967271 
60.000000  61.000000  0.967465 
61.000000  62.000000  0.967658 
62.000000  63.000000  0.967851 
63.000000  64.000000  0.968043 
64.000000  65.000000  0.968234 
65.000000  66.000000  0.968424 
66.000000  67.000000  0.968613 
67.000000  68.000000  0.968800 
68.000000  69.000000  0.968986 
69.000000  70.000000  0.969170 
70.000000  71.000000  0.969352 
71.000000  72.000000  0.969532 
72.000000  73.000000  0.969711 
73.000000  74.000000  0.969887 
74.000000  75.000000  0.970062 
75.000000  76.000000  0.970234 
76.000000  77.000000  0.970404 
77.000000  78.000000  0.970572 
78.000000  79.000000  0.970738 
79.000000  80.000000  0.970901 
80.000000  81.000000  0.971062 
81.000000  82.000000  0.971221 
82.000000  83.000000  0.971377 
83.000000  84.000000  0.971531 
84.000000  85.000000  0.971683 
85.000000  86.000000  0.971831 
86.000000  87.000000  0.971978 
87.000000  88.000000  0.972121 
88.000000  89.000000  0.972262 
89.000000  90.000000  0.972401 
90.000000  91.000000  0.972536 
91.000000  92.000000  0.972669 
92.000000  93.000000  0.972799 
93.000000  94.000000  0.972926 
94.000000  95.000000  0.973051 
95.000000  96.000000  0.973173 
96.000000  97.000000  0.973292 
97.000000  98.000000  0.973408 
98.000000  99.000000  0.973521 
99.000000  100.000000  0.973631 
100.000000  101.000000  0.973739 
101.000000  102.000000  0.973844 
102.000000  103.000000  0.973945 
103.000000  104.000000  0.974044 
104.000000  105.000000  0.974141 
105.000000  106.000000  0.974234 
106.000000  107.000000  0.974325 
107.000000  108.000000  0.974413 
108.000000  109.000000  0.974498 
109.000000  110.000000  0.974581 
110.000000  111.000000  0.974661 
111.000000  112.000000  0.974738 
112.000000  113.000000  0.974813 
113.000000  114.000000  0.974885 
114.000000  115.000000  0.974956 
115.000000  116.000000  0.975023 
116.000000  117.000000  0.975089 
117.000000  118.000000  0.975152 
118.000000  119.000000  0.975213 
119.000000  120.000000  0.975272 
120.000000  121.000000  0.975328 
121.000000  122.000000  0.975383 
122.000000  123.000000  0.975436 
123.000000  124.000000  0.975487 
124.000000  125.000000  0.975537 
125.000000  126.000000  0.975585 
126.000000  127.000000  0.975631 
127.000000  128.000000  0.975676 
128.000000  129.000000  0.975719 
129.000000  130.000000  0.975761 
130.000000  131.000000  0.975801 
131.000000  132.000000  0.975841 
132.000000  133.000000  0.975879 
133.000000  134.000000  0.975917 
134.000000  135.000000  0.975953 
135.000000  136.000000  0.975988 
136.000000  137.000000  0.976023 
137.000000  138.000000  0.976057 
138.000000  139.000000  0.976090 
139.000000  140.000000  0.976123 
140.000000  141.000000  0.976155 
141.000000  142.000000  0.976186 
142.000000  143.000000  0.976217 
143.000000  144.000000  0.976248 
144.000000  145.000000  0.976279 
145.000000  146.000000  0.976309 
146.000000  147.000000  0.976339 
147.000000  148.000000  0.976369 
148.000000  149.000000  0.976399 
149.000000  150.000000  0.976429 
150.000000  151.000000  0.976459 
151.000000  152.000000  0.976489 
152.000000  153.000000  0.976520 
153.000000  154.000000  0.976550 
154.000000  155.000000  0.976581 
155.000000  156.000000  0.976612 
156.000000  157.000000  0.976643 
157.000000  158.000000  0.976674 
158.000000  159.000000  0.976706 
159.000000  160.000000  0.976738 
160.000000  161.000000  0.976771 
161.000000  162.000000  0.976804 
162.000000  163.000000  0.976837 
163.000000  164.000000  0.976871 
164.000000  165.000000  0.976906 
165.000000  166.000000  0.976940 
166.000000  167.000000  0.976976 
167.000000  168.000000  0.977012 
168.000000  169.000000  0.977048 
169.000000  170.000000  0.977085 
170.000000  171.000000  0.977123 
171.000000  172.000000  0.977161 
172.000000  173.000000  0.977200 
173.000000  174.000000  0.977239 
174.000000  175.000000  0.977279 
175.000000  176.000000  0.977320 
176.000000  177.000000  0.977361 
177.000000  178.000000  0.977402 
178.000000  179.000000  0.977444 
179.000000  180.000000  0.977487 
180.000000  181.000000  0.977530 
181.000000  182.000000  0.977574 
182.000000  183.000000  0.977618 
183.000000  184.000000  0.977663 
184.000000  185.000000  0.977709 
185.000000  186.000000  0.977755 
186.000000  187.000000  0.977801 
187.000000  188.000000  0.977848 
188.000000  189.000000  0.977896 
189.000000  190.000000  0.977944 
190.000000  191.000000  0.977992 
191.000000  192.000000  0.978041 
192.000000  193.000000  0.978090 
193.000000  194.000000  0.978139 
194.000000  195.000000  0.978190 
195.000000  196.000000  0.978240 
196.000000  197.000000  0.978291 
197.000000  198.000000  0.978342 
198.000000  199.000000  0.978393 
199.000000  200.000000  0.978445 
200.000000  201.000000  0.978497 
201.000000  202.000000  0.978549 
202.000000  203.000000  0.978602 
203.000000  204.000000  0.978655 
204.000000  205.000000  0.978708 
205.000000  206.000000  0.978761 
206.000000  207.000000  0.978815 
207.000000  208.000000  0.978868 
208.000000  209.000000  0.978922 
209.000000  210.000000  0.978976 
210.000000  211.000000  0.979030 
211.000000  212.000000  0.979085 
212.000000  213.000000  0.979139 
213.000000  214.000000  0.979193 
214.000000  215.000000  0.979248 
215.000000  216.000000  0.979302 
216.000000  217.000000  0.979357 
217.000000  218.000000  0.979412 
218.000000  219.000000  0.979466 
219.000000  220.000000  0.979521 
220.000000  221.000000  0.979575 
221.000000  222.000000  0.979630 
222.000000  223.000000  0.979684 
223.000000  224.000000  0.979739 
224.000000  225.000000  0.979793 
225.000000  226.000000  0.979847 
226.000000  227.000000  0.979901 
227.000000  228.000000  0.979955 
228.000000  229.000000  0.980009 
229.000000  230.000000  0.980062 
230.000000  231.000000  0.980116 
231.000000  232.000000  0.980169 
232.000000  233.000000  0.980222 
233.000000  234.000000  0.980275 
234.000000  235.000000  0.980328 
235.000000  236.000000  0.980381 
236.000000  237.000000  0.980433 
237.000000  238.000000  0.980485 
238.000000  239.000000  0.980537 
239.000000  240.000000  0.980588 
240.000000  241.000000  0.980640 
241.000000  242.000000  0.980691 
242.000000  243.000000  0.980741 
243.000000  244.000000  0.980792 
244.000000  245.000000  0.980842 
245.000000  246.000000  0.980892 
246.000000  247.000000  0.980941 
247.000000  248.000000  0.980991 
248.000000  249.000000  0.981040 
249.000000  250.000000  0.981088 
250.000000  251.000000  0.981136 
251.000000  252.000000  0.981184 
252.000000  253.000000  0.981232 
253.000000  254.000000  0.981279 
254.000000  255.000000  0.981326 
255.000000  256.000000  0.981372 
256.000000  257.000000  0.981419 
257.000000  258.000000  0.981464 
258.000000  259.000000  0.981510 
259.000000  260.000000  0.981555 
260.000000  261.000000  0.981599 
261.000000  262.000000  0.981644 
262.000000  263.000000  0.981688 
263.000000  264.000000  0.981731 
264.000000  265.000000  0.981774 
265.000000  266.000000  0.981817 
266.000000  267.000000  0.981859 
267.000000  268.000000  0.981901 
268.000000  269.000000  0.981943 
269.000000  270.000000  0.981984 
270.000000  271.000000  0.982025 
271.000000  272.000000  0.982065 
272.000000  273.000000  0.982105 
273.000000  274.000000  0.982145 
274.000000  275.000000  0.982184 
275.000000  276.000000  0.982223 
276.000000  277.000000  0.982262 
277.000000  278.000000  0.982300 
278.000000  279.000000  0.982337 
279.000000  280.000000  0.982375 
280.000000  281.000000  0.982412 
281.000000  282.000000  0.982448 
282.000000  283.000000  0.982484 
283.000000  284.000000  0.982520 
284.000000  285.000000  0.982555 
285.000000  286.000000  0.982590 
286.000000  287.000000  0.982625 
287.000000  288.000000  0.982659 
288.000000  289.000000  0.982693 
289.000000  290.000000  0.982726 
290.000000  291.000000  0.982759 
291.000000  292.000000  0.982792 
292.000000  293.000000  0.982824 
293.000000  294.000000  0.982856 
294.000000  295.000000  0.982888 
295.000000  296.000000  0.982919 
296.000000  297.000000  0.982950 
297.000000  298.000000  0.982981 
298.000000  299.000000  0.983011 
299.000000  300.000000  0.983041 
300.000000  301.000000  0.983070 
301.000000  302.000000  0.983099 
302.000000  303.000000  0.983128 
303.000000  304.000000  0.983156 
304.000000  305.000000  0.983184 
305.000000  306.000000  0.983212 
306.000000  307.000000  0.983239 
307.000000  308.000000  0.983267 
308.000000  309.000000  0.983293 
309.000000  310.000000  0.983320 
310.000000  311.000000  0.983346 
311.000000  312.000000  0.983371 
312.000000  313.000000  0.983397 
313.000000  314.000000  0.983422 
314.000000  315.000000  0.983447 
315.000000  316.000000  0.983471 
316.000000  317.000000  0.983495 
317.000000  318.000000  0.983519 
318.000000  319.000000  0.983543 
319.000000  320.000000  0.983566 
320.000000  321.000000  0.983589 
321.000000  322.000000  0.983611 
322.000000  323.000000  0.983634 
323.000000  324.000000  0.983656 
324.000000  325.000000  0.983677 
325.000000  326.000000  0.983699 
326.000000  327.000000  0.983720 
327.000000  328.000000  0.983741 
328.000000  329.000000  0.983762 
329.000000  330.000000  0.983782 
330.000000  331.000000  0.983802 
331.000000  332.000000  0.983822 
332.000000  333.000000  0.983841 
333.000000  334.000000  0.983860 
334.000000  335.000000  0.983879 
335.000000  336.000000  0.983898 
336.000000  337.000000  0.983916 
337.000000  338.000000  0.983934 
338.000000  339.000000  0.983952 
339.000000  340.000000  0.983970 
340.000000  341.000000  0.983987 
341.000000  342.000000  0.984004 
342.000000  343.000000  0.984021 
343.000000  344.000000  0.984038 
344.000000  345.000000  0.984054 
345.000000  346.000000  0.984070 
346.000000  347.000000  0.984086 
347.000000  348.000000  0.984102 
348.000000  349.000000  0.984117 
349.000000  350.000000  0.984132 
350.000000  351.000000  0.984147 
351.000000  352.000000  0.984162 
352.000000  353.000000  0.984176 
353.000000  354.000000  0.984190 
354.000000  355.000000  0.984204 
355.000000  356.000000  0.984218 
356.000000  357.000000  0.984231 
357.000000  358.000000  0.984244 
358.000000  359.000000  0.984257 
359.000000  360.000000  0.984270 
360.000000  361.000000  0.984282 
361.000000  362.000000  0.984295 
362.000000  363.000000  0.984307 
363.000000  364.000000  0.984318 
364.000000  365.000000  0.984330 
365.000000  366.000000  0.984341 
366.000000  367.000000  0.984352 
367.000000  368.000000  0.984363 
368.000000  369.000000  0.984374 
369.000000  370.000000  0.984384 
370.000000  371.000000  0.984395 
371.000000  372.000000  0.984405 
372.000000  373.000000  0.984414 
373.000000  374.000000  0.984424 
374.000000  375.000000  0.984433 
375.000000  376.000000  0.984442 
376.000000  377.000000  0.984451 
377.000000  378.000000  0.984460 
378.000000  379.000000  0.984468 
379.000000  380.000000  0.984477 
380.000000  381.000000  0.984485 
381.000000  382.000000  0.984492 
382.000000  383.000000  0.984500 
383.000000  384.000000  0.984507 
384.000000  385.000000  0.984514 
385.000000  386.000000  0.984521 
386.000000  387.000000  0.984528 
387.000000  388.000000  0.984534 
388.000000  389.000000  0.984541 
389.000000  390.000000  0.984547 
390.000000  391.000000  0.984552 
391.000000  392.000000  0.984558 
392.000000  393.000000  0.984563 
393.000000  394.000000  0.984568 
394.000000  395.000000  0.984573 
395.000000  396.000000  0.984578 
396.000000  397.000000  0.984583 
397.000000  398.000000  0.984587 
398.000000  399.000000  0.984591 
399.000000  400.000000  0.984595 
400.000000  401.000000  0.984598 
401.000000  402.000000  0.984602 
402.000000  403.000000  0.984605 
403.000000  404.000000  0.984608 
404.000000  405.000000  0.984610 
405.000000  406.000000  0.984613 
406.000000  407.000000  0.984615 
407.000000  408.000000  0.984617 
408.000000  409.000000  0.984619 
409.000000  410.000000  0.984621 
410.000000  411.000000  0.984622 
411.000000  412.000000  0.984623 
412.000000  413.000000  0.984624 
413.000000  414.000000  0.984625 
414.000000  415.000000  0.984626 
415.000000  416.000000  0.984626 
416.000000  417.000000  0.984626 
417.000000  418.000000  0.984626 
418.000000  419.000000  0.984625 
419.000000  420.000000  0.984625 
420.000000  421.000000  0.984624 
421.000000  422.000000  0.984623 
422.000000  423.000000  0.984621 
423.000000  424.000000  0.984620 
424.000000  425.000000  0.984618 
425.000000  426.000000  0.984616 
426.000000  427.000000  0.984614 
427.000000  428.000000  0.984612 
428.000000  429.000000  0.984609 
429.000000  430.000000  0.984606 
430.000000  431.000000  0.984603 
431.000000  432.000000  0.984600 
432.000000  433.000000  0.984596 
433.000000  434.000000  0.984592 
434.000000  435.000000  0.984588 
435.000000  436.000000  0.984584 
436.000000  437.000000  0.984580 
437.000000  438.000000  0.984575 
438.000000  439.000000  0.984570 
439.000000  440.000000  0.984565 
440.000000  441.000000  0.984560 
441.000000  442.000000  0.984554 
442.000000  443.000000  0.984548 
443.000000  444.000000  0.984542 
444.000000  445.000000  0.984536 
445.000000  446.000000  0.984529 
446.000000  447.000000  0.984523 
447.000000  448.000000  0.984516 
448.000000  449.000000  0.984508 
449.000000  450.000000  0.984501 
450.000000  451.000000  0.984493 
451.000000  452.000000  0.984485 
452.000000  453.000000  0.984477 
453.000000  454.000000  0.984469 
454.000000  455.000000  0.984460 
455.000000  456.000000  0.984451 
456.000000  457.000000  0.984442 
457.000000  458.000000  0.984433 
458.000000  459.000000  0.984424 
459.000000  460.000000  0.984414 
460.000000  461.000000  0.984404 
461.000000  462.000000  0.984394 
462.000000  463.000000  0.984383 
463.000000  464.000000  0.984373 
464.000000  465.000000  0.984362 
465.000000  466.000000  0.984351 
466.000000  467.000000  0.984339 
467.000000  468.000000  0.984328 
468.000000  469.000000  0.984316 
469.000000  470.000000  0.984304 
470.000000  471.000000  0.984292 
471.000000  472.000000  0.984279 
472.000000  473.000000  0.984267 
473.000000  474.000000  0.984254 
474.000000  475.000000  0.984241 
475.000000  476.000000  0.984227 
476.000000  477.000000  0.984214 
477.000000  478.000000  0.984200 
478.000000  479.000000  0.984186 
479.000000  480.000000  0.984172 
480.000000  481.000000  0.984157 
481.000000  482.000000  0.984143 
482.000000  483.000000  0.984128 
483.000000  484.000000  0.984113 
484.000000  485.000000  0.984097 
485.000000  486.000000  0.984082 
486.000000  487.000000  0.984066 
487.000000  488.000000  0.984050 
488.000000  489.000000  0.984034 
489.000000  490.000000  0.984017 
490.000000  491.000000  0.984001 
491.000000  492.000000  0.983984 
492.000000  493.000000  0.983967 
493.000000  494.000000  0.983950 
494.000000  495.000000  0.983932 
495.000000  496.000000  0.983915 
496.000000  497.000000  0.983897 
497.000000  498.000000  0.983879 
498.000000  499.000000  0.983861 
499.000000  500.000000  0.983842 
500.000000  501.000000  0.983823 
501.000000  502.000000  0.983805 
502.000000  503.000000  0.983786 
503.000000  504.000000  0.983766 
504.000000  505.000000  0.983747 
505.000000  506.000000  0.983727 
506.000000  507.000000  0.983707 
507.000000  508.000000  0.983687 
508.000000  509.000000  0.983667 
509.000000  510.000000  0.983647 
510.000000  511.000000  0.983626 
511.000000  512.000000  0.983605 
512.000000  513.000000  0.983584 
513.000000  514.000000  0.983563 
514.000000  515.000000  0.983542 
515.000000  516.000000  0.983520 
516.000000  517.000000  0.983499 
517.000000  518.000000  0.983477 
518.000000  519.000000  0.983455 
519.000000  520.000000  0.983432 
520.000000  521.000000  0.983410 
521.000000  522.000000  0.983388 
522.000000  523.000000  0.983365 
523.000000  524.000000  0.983342 
524.000000  525.000000  0.983319 
525.000000  526.000000  0.983296 
526.000000  527.000000  0.983272 
527.000000  528.000000  0.983249 
528.000000  529.000000  0.983225 
529.000000  530.000000  0.983201 
530.000000  531.000000  0.983177 
531.000000  532.000000  0.983153 
532.000000  533.000000  0.983129 
533.000000  534.000000  0.983104 
534.000000  535.000000  0.983080 
535.000000  536.000000  0.983055 
536.000000  537.000000  0.983030 
537.000000  538.000000  0.983005 
538.000000  539.000000  0.982980 
539.000000  540.000000  0.982954 
540.000000  541.000000  0.982929 
541.000000  542.000000  0.982903 
542.000000  543.000000  0.982878 
543.000000  544.000000  0.982852 
544.000000  545.000000  0.982826 
545.000000  546.000000  0.982800 
546.000000  547.000000  0.982774 
547.000000  548.000000  0.982747 
548.000000  549.000000  0.982721 
549.000000  550.000000  0.982694 
550.000000  551.000000  0.982667 
551.000000  552.000000  0.982641 
552.000000  553.000000  0.982614 
553.000000  554.000000  0.982587 
554.000000  555.000000  0.982560 
555.000000  556.000000  0.982532 
556.000000  557.000000  0.982505 
557.000000  558.000000  0.982478 
558.000000  559.000000  0.982450 
559.000000  560.000000  0.982422 
560.000000  561.000000  0.982395 
561.000000  562.000000  0.982367 
562.000000  563.000000  0.982339 
563.000000  564.000000  0.982311 
564.000000  565.000000  0.982283 
565.000000  566.000000  0.982255 
566.000000  567.000000  0.982226 
567.000000  568.000000  0.982198 
568.000000  569.000000  0.982170 
569.000000  570.000000  0.982141 
570.000000  571.000000  0.982113 
571.000000  572.000000  0.982084 
572.000000  573.000000  0.982055 
573.000000  574.000000  0.982026 
574.000000  575.000000  0.981998 
575.000000  576.000000  0.981969 
576.000000  577.000000  0.981940 
577.000000  578.000000  0.981911 
578.000000  579.000000  0.981882 
579.000000  580.000000  0.981852 
580.000000  581.000000  0.981823 
581.000000  582.000000  0.981794 
582.000000  583.000000  0.981765 
583.000000  584.000000  0.981735 
584.000000  585.000000  0.981706 
585.000000  586.000000  0.981676 
586.000000  587.000000  0.981647 
587.000000  588.000000  0.981617 
588.000000  589.000000  0.981588 
589.000000  590.000000  0.981558 
590.000000  591.000000  0.981529 
591.000000  592.000000  0.981499 
592.000000  593.000000  0.981469 
593.000000  594.000000  0.981440 
594.000000  595.000000  0.981410 
595.000000  596.000000  0.981380 
596.000000  597.000000  0.981350 
597.000000  598.000000  0.981320 
598.000000  599.000000  0.981291 
599.000000  600.000000  0.981261 
600.000000  601.000000  0.981231 
601.000000  602.000000  0.981201 
602.000000  603.000000  0.981171 
603.000000  604.000000  0.981141 
604.000000  605.000000  0.981111 
605.000000  606.000000  0.981081 
606.000000  607.000000  0.981051 
607.000000  608.000000  0.981021 
608.000000  609.000000  0.980991 
609.000000  610.000000  0.980961 
610.000000  611.000000  0.980931 
611.000000  612.000000  0.980901 
612.000000  613.000000  0.980871 
613.000000  614.000000  0.980841 
614.000000  615.000000  0.980812 
615.000000  616.000000  0.980782 
616.000000  617.000000  0.980752 
617.000000  618.000000  0.980722 
618.000000  619.000000  0.980692 
619.000000  620.000000  0.980662 
620.000000  621.000000  0.980632 
621.000000  622.000000  0.980602 
622.000000  623.000000  0.980572 
623.000000  624.000000  0.980543 
624.000000  625.000000  0.980513 
625.000000  626.000000  0.980483 
626.000000  627.000000  0.980453 
627.000000  628.000000  0.980423 
628.000000  629.000000  0.980394 
629.000000  630.000000  0.980364 
630.000000  631.000000  0.980334 
631.000000  632.000000  0.980305 
632.000000  633.000000  0.980275 
633.000000  634.000000  0.980246 
634.000000  635.000000  0.980216 
635.000000  636.000000  0.980187 
636.000000  637.000000  0.980157 
637.000000  638.000000  0.980128 
638.000000  639.000000  0.980098 
639.000000  640.000000  0.980069 
640.000000  641.000000  0.980040 
641.000000  642.000000  0.980010 
642.000000  643.000000  0.979981 
643.000000  644.000000  0.979952 
644.000000  645.000000  0.979923 
645.000000  646.000000  0.979894 
646.000000  647.000000  0.979865 
647.000000  648.000000  0.979836 
648.000000  649.000000  0.979807 
649.000000  650.000000  0.979778 
650.000000  651.000000  0.979749 
651.000000  652.000000  0.979720 
652.000000  653.000000  0.979692 
653.000000  654.000000  0.979663 
654.000000  655.000000  0.979634 
655.000000  656.000000  0.979606 
656.000000  657.000000  0.979577 
657.000000  658.000000  0.979549 
658.000000  659.000000  0.979520 
659.000000  660.000000  0.979492 
660.000000  661.000000  0.979464 
661.000000  662.000000  0.979435 
662.000000  663.000000  0.979407 
663.000000  664.000000  0.979379 
664.000000  665.000000  0.979351 
665.000000  666.000000  0.979323 
666.000000  667.000000  0.979295 
667.000000  668.000000  0.979267 
668.000000  669.000000  0.979240 
669.000000  670.000000  0.979212 
670.000000  671.000000  0.979184 
671.000000  672.000000  0.979157 
672.000000  673.000000  0.979129 
673.000000  674.000000  0.979102 
674.000000  675.000000  0.979074 
675.000000  676.000000  0.979047 
676.000000  677.000000  0.979020 
677.000000  678.000000  0.978993 
678.000000  679.000000  0.978965 
679.000000  680.000000  0.978938 
680.000000  681.000000  0.978911 
681.000000  682.000000  0.978885 
682.000000  683.000000  0.978858 
683.000000  684.000000  0.978831 
684.000000  685.000000  0.978804 
685.000000  686.000000  0.978778 
686.000000  687.000000  0.978751 
687.000000  688.000000  0.978725 
688.000000  689.000000  0.978698 
689.000000  690.000000  0.978672 
690.000000  691.000000  0.978646 
691.000000  692.000000  0.978620 
692.000000  693.000000  0.978594 
693.000000  694.000000  0.978568 
694.000000  695.000000  0.978542 
695.000000  696.000000  0.978516 
696.000000  697.000000  0.978490 
697.000000  698.000000  0.978465 
698.000000  699.000000  0.978439 
699.000000  700.000000  0.978413 
700.000000  701.000000  0.978388 
701.000000  702.000000  0.978363 
702.000000  703.000000  0.978337 
703.000000  704.000000  0.978312 
704.000000  705.000000  0.978287 
705.000000  706.000000  0.978262 
706.000000  707.000000  0.978237 
707.000000  708.000000  0.978212 
708.000000  709.000000  0.978187 
709.000000  710.000000  0.978163 
710.000000  711.000000  0.978138 
711.000000  712.000000  0.978113 
712.000000  713.000000  0.978089 
713.000000  714.000000  0.978065 
714.000000  715.000000  0.978040 
715.000000  716.000000  0.978016 
716.000000  717.000000  0.977992 
717.000000  718.000000  0.977968 
718.000000  719.000000  0.977944 
719.000000  720.000000  0.977920 
720.000000  721.000000  0.977896 
721.000000  722.000000  0.977873 
722.000000  723.000000  0.977849 
723.000000  724.000000  0.977825 
724.000000  725.000000  0.977802 
725.000000  726.000000  0.977779 
726.000000  727.000000  0.977755 
727.000000  728.000000  0.977732 
728.000000  729.000000  0.977709 
729.000000  730.000000  0.977686 
730.000000  731.000000  0.977663 
731.000000  732.000000  0.977640 
732.000000  733.000000  0.977617 
733.000000  734.000000  0.977594 
734.000000  735.000000  0.977572 
735.000000  736.000000  0.977549 
736.000000  737.000000  0.977527 
737.000000  738.000000  0.977504 
738.000000  739.000000  0.977482 
739.000000  740.000000  0.977460 
740.000000  741.000000  0.977438 
741.000000  742.000000  0.977416 
742.000000  743.000000  0.977394 
743.000000  744.000000  0.977372 
744.000000  745.000000  0.977350 
745.000000  746.000000  0.977328 
746.000000  747.000000  0.977307 
747.000000  748.000000  0.977285 
748.000000  749.000000  0.977264 
749.000000  750.000000  0.977242 
750.000000  751.000000  0.977221 
751.000000  752.000000  0.977200 
752.000000  753.000000  0.977179 
753.000000  754.000000  0.977158 
754.000000  755.000000  0.977137 
755.000000  756.000000  0.977116 
756.000000  757.000000  0.977095 
757.000000  758.000000  0.977074 
758.000000  759.000000  0.977054 
759.000000  760.000000  0.977033 
760.000000  761.000000  0.977013 
761.000000  762.000000  0.976992 
762.000000  763.000000  0.976972 
763.000000  764.000000  0.976952 
764.000000  765.000000  0.976932 
765.000000  766.000000  0.976912 
766.000000  767.000000  0.976892 
767.000000  768.000000  0.976872 
768.000000  769.000000  0.976852 
769.000000  770.000000  0.976832 
770.000000  771.000000  0.976813 
771.000000  772.000000  0.976793 
772.000000  773.000000  0.976774 
773.000000  774.000000  0.976754 
774.000000  775.000000  0.976735 
775.000000  776.000000  0.976716 
776.000000  777.000000  0.976696 
777.000000  778.000000  0.976677 
778.000000  779.000000  0.976658 
779.000000  780.000000  0.976639 
780.000000  781.000000  0.976621 
781.000000  782.000000  0.976602 
782.000000  783.000000  0.976583 
783.000000  784.000000  0.976564 
784.000000  785.000000  0.976546 
785.000000  786.000000  0.976527 
786.000000  787.000000  0.976509 
787.000000  788.000000  0.976491 
788.000000  789.000000  0.976473 
789.000000  790.000000  0.976454 
790.000000  791.000000  0.976436 
791.000000  792.000000  0.976418 
792.000000  793.000000  0.976400 
793.000000  794.000000  0.976383 
794.000000  795.000000  0.976365 
795.000000  796.000000  0.976347 
796.000000  797.000000  0.976330 
797.000000  798.000000  0.976312 
798.000000  799.000000  0.976295 
799.000000  800.000000  0.976277 
800.000000  801.000000  0.976260 
801.000000  802.000000  0.976243 
802.000000  803.000000  0.976226 
803.000000  804.000000  0.976208 
804.000000  805.000000  0.976191 
805.000000  806.000000  0.976174 
806.000000  807.000000  0.976158 
807.000000  808.000000  0.976141 
808.000000  809.000000  0.976124 
809.000000  810.000000  0.976107 
810.000000  811.000000  0.976091 
811.000000  812.000000  0.976074 
812.000000  813.000000  0.976058 
813.000000  814.000000  0.976042 
814.000000  815.000000  0.976025 
815.000000  816.000000  0.976009 
816.000000  817.000000  0.975993 
817.000000  818.000000  0.975977 
818.000000  819.000000  0.975961 
819.000000  820.000000  0.975945 
820.000000  821.000000  0.975929 
821.000000  822.000000  0.975913 
822.000000  823.000000  0.975898 
823.000000  824.000000  0.975882 
824.000000  825.000000  0.975866 
825.000000  826.000000  0.975851 
826.000000  827.000000  0.975836 
827.000000  828.000000  0.975820 
828.000000  829.000000  0.975805 
829.000000  830.000000  0.975790 
830.000000  831.000000  0.975774 
831.000000  832.000000  0.975759 
832.000000  833.000000  0.975744 
833.000000  834.000000  0.975729 
834.000000  835.000000  0.975715 
835.000000  836.000000  0.975700 
836.000000  837.000000  0.975685 
837.000000  838.000000  0.975670 
838.000000  839.000000  0.975656 
839.000000  840.000000  0.975641 
840.000000  841.000000  0.975627 
841.000000  842.000000  0.975612 
842.000000  843.000000  0.975598 
843.000000  844.000000  0.975584 
844.000000  845.000000  0.975569 
845.000000  846.000000  0.975555 
846.000000  847.000000  0.975541 
847.000000  848.000000  0.975527 
848.000000  849.000000  0.975513 
849.000000  850.000000  0.975499 
850.000000  851.000000  0.975485 
851.000000  852.000000  0.975471 
852.000000  853.000000  0.975458 
853.000000  854.000000  0.975444 
854.000000  855.000000  0.975431 
855.000000  856.000000  0.975417 
856.000000  857.000000  0.975404 
857.000000  858.000000  0.975390 
858.000000  859.000000  0.975377 
859.000000  860.000000  0.975363 
860.000000  861.000000  0.975350 
861.000000  862.000000  0.975337 
862.000000  863.000000  0.975324 
863.000000  864.000000  0.975311 
864.000000  865.000000  0.975298 
865.000000  866.000000  0.975285 
866.000000  867.000000  0.975272 
867.000000  868.000000  0.975259 
868.000000  869.000000  0.975247 
869.000000  870.000000  0.975234 
870.000000  871.000000  0.975221 
871.000000  872.000000  0.975209 
872.000000  873.000000  0.975196 
873.000000  874.000000  0.975184 
874.000000  875.000000  0.975171 
875.000000  876.000000  0.975159 
876.000000  877.000000  0.975147 
877.000000  878.000000  0.975135 
878.000000  879.000000  0.975122 
879.000000  880.000000  0.975110 
880.000000  881.000000  0.975098 
881.000000  882.000000  0.975086 
882.000000  883.000000  0.975074 
883.000000  884.000000  0.975062 
884.000000  885.000000  0.975051 
885.000000  886.000000  0.975039 
886.000000  887.000000  0.975027 
887.000000  888.000000  0.975015 
888.000000  889.000000  0.975004 
889.000000  890.000000  0.974992 
890.000000  891.000000  0.974981 
891.000000  892.000000  0.974969 
892.000000  893.000000  0.974958 
893.000000  894.000000  0.974947 
894.000000  895.000000  0.974935 
895.000000  896.000000  0.974924 
896.000000  897.000000  0.974913 
897.000000  898.000000  0.974902 
898.000000  899.000000  0.974891 
899.000000  900.000000  0.974880 
900.000000  901.000000  0.974869 
901.000000  902.000000  0.974858 
902.000000  903.000000  0.974847 
903.000000  904.000000  0.974836 
904.000000  905.000000  0.974825 
905.000000  906.000000  0.974815 
906.000000  907.000000  0.974804 
907.000000  908.000000  0.974793 
908.000000  909.000000  0.974783 
909.000000  910.000000  0.974772 
910.000000  911.000000  0.974762 
911.000000  912.000000  0.974751 
912.000000  913.000000  0.974741 
913.000000  914.000000  0.974731 
914.000000  915.000000  0.974720 
915.000000  916.000000  0.974710 
916.000000  917.000000  0.974700 
917.000000  918.000000  0.974690 
918.000000  919.000000  0.974680 
919.000000  920.000000  0.974670 
920.000000  921.000000  0.974660 
921.000000  922.000000  0.974650 
922.000000  923.000000  0.974640 
923.000000  924.000000  0.974630 
924.000000  925.000000  0.974620 
925.000000  926.000000  0.974611 
926.000000  927.000000  0.974601 
927.000000  928.000000  0.974591 
928.000000  929.000000  0.974582 
929.000000  930.000000  0.974572 
930.000000  931.000000  0.974563 
931.000000  932.000000  0.974553 
932.000000  933.000000  0.974544 
933.000000  934.000000  0.974534 
934.000000  935.000000  0.974525 
935.000000  936.000000  0.974516 
936.000000  937.000000  0.974507 
937.000000  938.000000  0.974497 
938.000000  939.000000  0.974488 
939.000000  940.000000  0.974479 
940.000000  941.000000  0.974470 
941.000000  942.000000  0.974461 
942.000000  943.000000  0.974452 
943.000000  944.000000  0.974443 
944.000000  945.000000  0.974434 
945.000000  946.000000  0.974425 
946.000000  947.000000  0.974417 
947.000000  948.000000  0.974408 
948.000000  949.000000  0.974399 
