20.000000  21.000000  -0.000000 
21.000000  22.000000  -0.000000 
22.000000  23.000000  -0.000000 
23.000000  24.000000  -0.000000 
24.000000  25.000000  -0.000000 
25.000000  26.000000  -0.000000 
26.000000  27.000000  -0.000000 
27.000000  28.000000  -0.000000 
28.000000  29.000000  -0.000000 
29.000000  30.000000  -0.000000 
30.000000  31.000000  -0.000000 
31.000000  32.000000  -0.000000 
32.000000  33.000000  -0.000000 
33.000000  34.000000  -0.000000 
34.000000  35.000000  -0.000000 
35.000000  36.000000  -0.000000 
36.000000  37.000000  -0.000000 
37.000000  38.000000  -0.000000 
38.000000  39.000000  -0.000000 
39.000000  40.000000  -0.000000 
40.000000  41.000000  -0.000000 
41.000000  42.000000  -0.000000 
42.000000  43.000000  -0.000000 
43.000000  44.000000  -0.000000 
44.000000  45.000000  -0.000000 
45.000000  46.000000  -0.000000 
46.000000  47.000000  -0.000000 
47.000000  48.000000  -0.000000 
48.000000  49.000000  -0.000000 
49.000000  50.000000  -0.000000 
50.000000  51.000000  -0.000000 
51.000000  52.000000  -0.000000 
52.000000  53.000000  -0.000000 
53.000000  54.000000  -0.000000 
54.000000  55.000000  -0.000000 
55.000000  56.000000  -0.000000 
56.000000  57.000000  -0.000000 
57.000000  58.000000  -0.000000 
58.000000  59.000000  -0.000000 
59.000000  60.000000  -0.000000 
60.000000  61.000000  -0.000000 
61.000000  62.000000  -0.000000 
62.000000  63.000000  -0.000000 
63.000000  64.000000  -0.000000 
64.000000  65.000000  -0.000000 
65.000000  66.000000  -0.000000 
66.000000  67.000000  -0.000000 
67.000000  68.000000  -0.000000 
68.000000  69.000000  -0.000000 
69.000000  70.000000  -0.000000 
70.000000  71.000000  -0.000000 
71.000000  72.000000  -0.000000 
72.000000  73.000000  -0.000000 
73.000000  74.000000  -0.000000 
74.000000  75.000000  -0.000000 
75.000000  76.000000  -0.000000 
76.000000  77.000000  -0.000000 
77.000000  78.000000  -0.000000 
78.000000  79.000000  -0.000000 
79.000000  80.000000  -0.000000 
80.000000  81.000000  -0.000000 
81.000000  82.000000  -0.000000 
82.000000  83.000000  -0.000000 
83.000000  84.000000  -0.000000 
84.000000  85.000000  -0.000000 
85.000000  86.000000  -0.000000 
86.000000  87.000000  -0.000000 
87.000000  88.000000  -0.000001 
88.000000  89.000000  -0.000001 
89.000000  90.000000  -0.000001 
90.000000  91.000000  -0.000001 
91.000000  92.000000  -0.000001 
92.000000  93.000000  -0.000001 
93.000000  94.000000  -0.000001 
94.000000  95.000000  -0.000001 
95.000000  96.000000  -0.000001 
96.000000  97.000000  -0.000001 
97.000000  98.000000  -0.000002 
98.000000  99.000000  -0.000002 
99.000000  100.000000  -0.000002 
100.000000  101.000000  -0.000002 
101.000000  102.000000  -0.000002 
102.000000  103.000000  -0.000002 
103.000000  104.000000  -0.000002 
104.000000  105.000000  -0.000002 
105.000000  106.000000  -0.000003 
106.000000  107.000000  -0.000003 
107.000000  108.000000  -0.000003 
108.000000  109.000000  -0.000003 
109.000000  110.000000  -0.000003 
110.000000  111.000000  -0.000003 
111.000000  112.000000  -0.000003 
112.000000  113.000000  -0.000002 
113.000000  114.000000  -0.000002 
114.000000  115.000000  -0.000002 
115.000000  116.000000  -0.000002 
116.000000  117.000000  -0.000001 
117.000000  118.000000  -0.000001 
118.000000  119.000000  -0.000001 
119.000000  120.000000  -0.000000 
120.000000  121.000000  0.000001 
121.000000  122.000000  0.000001 
122.000000  123.000000  0.000002 
123.000000  124.000000  0.000003 
124.000000  125.000000  0.000004 
125.000000  126.000000  0.000005 
126.000000  127.000000  0.000007 
127.000000  128.000000  0.000008 
128.000000  129.000000  0.000010 
129.000000  130.000000  0.000011 
130.000000  131.000000  0.000013 
131.000000  132.000000  0.000015 
132.000000  133.000000  0.000017 
133.000000  134.000000  0.000019 
134.000000  135.000000  0.000022 
135.000000  136.000000  0.000025 
136.000000  137.000000  0.000027 
137.000000  138.000000  0.000030 
138.000000  139.000000  0.000034 
139.000000  140.000000  0.000037 
140.000000  141.000000  0.000041 
141.000000  142.000000  0.000044 
142.000000  143.000000  0.000048 
143.000000  144.000000  0.000053 
144.000000  145.000000  0.000057 
145.000000  146.000000  0.000062 
146.000000  147.000000  0.000067 
147.000000  148.000000  0.000072 
148.000000  149.000000  0.000077 
149.000000  150.000000  0.000082 
150.000000  151.000000  0.000088 
151.000000  152.000000  0.000094 
152.000000  153.000000  0.000100 
153.000000  154.000000  0.000107 
154.000000  155.000000  0.000113 
155.000000  156.000000  0.000120 
156.000000  157.000000  0.000127 
157.000000  158.000000  0.000135 
158.000000  159.000000  0.000142 
159.000000  160.000000  0.000150 
160.000000  161.000000  0.000158 
161.000000  162.000000  0.000166 
162.000000  163.000000  0.000175 
163.000000  164.000000  0.000183 
164.000000  165.000000  0.000192 
165.000000  166.000000  0.000201 
166.000000  167.000000  0.000210 
167.000000  168.000000  0.000220 
168.000000  169.000000  0.000229 
169.000000  170.000000  0.000239 
170.000000  171.000000  0.000249 
171.000000  172.000000  0.000260 
172.000000  173.000000  0.000270 
173.000000  174.000000  0.000280 
174.000000  175.000000  0.000291 
175.000000  176.000000  0.000302 
176.000000  177.000000  0.000313 
177.000000  178.000000  0.000324 
178.000000  179.000000  0.000336 
179.000000  180.000000  0.000347 
180.000000  181.000000  0.000359 
181.000000  182.000000  0.000370 
182.000000  183.000000  0.000382 
183.000000  184.000000  0.000394 
184.000000  185.000000  0.000406 
185.000000  186.000000  0.000418 
186.000000  187.000000  0.000431 
187.000000  188.000000  0.000443 
188.000000  189.000000  0.000455 
189.000000  190.000000  0.000468 
190.000000  191.000000  0.000480 
191.000000  192.000000  0.000493 
192.000000  193.000000  0.000505 
193.000000  194.000000  0.000518 
194.000000  195.000000  0.000531 
195.000000  196.000000  0.000544 
196.000000  197.000000  0.000556 
197.000000  198.000000  0.000569 
198.000000  199.000000  0.000582 
199.000000  200.000000  0.000595 
200.000000  201.000000  0.000607 
201.000000  202.000000  0.000620 
202.000000  203.000000  0.000633 
203.000000  204.000000  0.000645 
204.000000  205.000000  0.000658 
205.000000  206.000000  0.000671 
206.000000  207.000000  0.000683 
207.000000  208.000000  0.000696 
208.000000  209.000000  0.000708 
209.000000  210.000000  0.000720 
210.000000  211.000000  0.000733 
211.000000  212.000000  0.000745 
212.000000  213.000000  0.000757 
213.000000  214.000000  0.000769 
214.000000  215.000000  0.000781 
215.000000  216.000000  0.000793 
216.000000  217.000000  0.000804 
217.000000  218.000000  0.000816 
218.000000  219.000000  0.000827 
219.000000  220.000000  0.000839 
220.000000  221.000000  0.000850 
221.000000  222.000000  0.000861 
222.000000  223.000000  0.000872 
223.000000  224.000000  0.000882 
224.000000  225.000000  0.000893 
225.000000  226.000000  0.000903 
226.000000  227.000000  0.000913 
227.000000  228.000000  0.000924 
228.000000  229.000000  0.000933 
229.000000  230.000000  0.000943 
230.000000  231.000000  0.000953 
231.000000  232.000000  0.000962 
232.000000  233.000000  0.000971 
233.000000  234.000000  0.000980 
234.000000  235.000000  0.000989 
235.000000  236.000000  0.000997 
236.000000  237.000000  0.001006 
237.000000  238.000000  0.001014 
238.000000  239.000000  0.001022 
239.000000  240.000000  0.001030 
240.000000  241.000000  0.001037 
241.000000  242.000000  0.001045 
242.000000  243.000000  0.001052 
243.000000  244.000000  0.001059 
244.000000  245.000000  0.001065 
245.000000  246.000000  0.001072 
246.000000  247.000000  0.001078 
247.000000  248.000000  0.001084 
248.000000  249.000000  0.001090 
249.000000  250.000000  0.001095 
250.000000  251.000000  0.001101 
251.000000  252.000000  0.001106 
252.000000  253.000000  0.001111 
253.000000  254.000000  0.001115 
254.000000  255.000000  0.001120 
255.000000  256.000000  0.001124 
256.000000  257.000000  0.001128 
257.000000  258.000000  0.001132 
258.000000  259.000000  0.001136 
259.000000  260.000000  0.001139 
260.000000  261.000000  0.001142 
261.000000  262.000000  0.001145 
262.000000  263.000000  0.001148 
263.000000  264.000000  0.001150 
264.000000  265.000000  0.001152 
265.000000  266.000000  0.001154 
266.000000  267.000000  0.001156 
267.000000  268.000000  0.001158 
268.000000  269.000000  0.001159 
269.000000  270.000000  0.001160 
270.000000  271.000000  0.001161 
271.000000  272.000000  0.001162 
272.000000  273.000000  0.001162 
273.000000  274.000000  0.001163 
274.000000  275.000000  0.001163 
275.000000  276.000000  0.001163 
276.000000  277.000000  0.001163 
277.000000  278.000000  0.001162 
278.000000  279.000000  0.001161 
279.000000  280.000000  0.001161 
280.000000  281.000000  0.001160 
281.000000  282.000000  0.001158 
282.000000  283.000000  0.001157 
283.000000  284.000000  0.001155 
284.000000  285.000000  0.001154 
285.000000  286.000000  0.001152 
286.000000  287.000000  0.001149 
287.000000  288.000000  0.001147 
288.000000  289.000000  0.001145 
289.000000  290.000000  0.001142 
290.000000  291.000000  0.001139 
291.000000  292.000000  0.001136 
292.000000  293.000000  0.001133 
293.000000  294.000000  0.001130 
294.000000  295.000000  0.001127 
295.000000  296.000000  0.001123 
296.000000  297.000000  0.001120 
297.000000  298.000000  0.001116 
298.000000  299.000000  0.001112 
299.000000  300.000000  0.001108 
300.000000  301.000000  0.001104 
301.000000  302.000000  0.001099 
302.000000  303.000000  0.001095 
303.000000  304.000000  0.001090 
304.000000  305.000000  0.001086 
305.000000  306.000000  0.001081 
306.000000  307.000000  0.001076 
307.000000  308.000000  0.001071 
308.000000  309.000000  0.001066 
309.000000  310.000000  0.001060 
310.000000  311.000000  0.001055 
311.000000  312.000000  0.001050 
312.000000  313.000000  0.001044 
313.000000  314.000000  0.001039 
314.000000  315.000000  0.001033 
315.000000  316.000000  0.001027 
316.000000  317.000000  0.001021 
317.000000  318.000000  0.001015 
318.000000  319.000000  0.001009 
319.000000  320.000000  0.001003 
320.000000  321.000000  0.000997 
321.000000  322.000000  0.000991 
322.000000  323.000000  0.000985 
323.000000  324.000000  0.000978 
324.000000  325.000000  0.000972 
325.000000  326.000000  0.000966 
326.000000  327.000000  0.000959 
327.000000  328.000000  0.000953 
328.000000  329.000000  0.000946 
329.000000  330.000000  0.000939 
330.000000  331.000000  0.000933 
331.000000  332.000000  0.000926 
332.000000  333.000000  0.000919 
333.000000  334.000000  0.000912 
334.000000  335.000000  0.000906 
335.000000  336.000000  0.000899 
336.000000  337.000000  0.000892 
337.000000  338.000000  0.000885 
338.000000  339.000000  0.000878 
339.000000  340.000000  0.000871 
340.000000  341.000000  0.000864 
341.000000  342.000000  0.000857 
342.000000  343.000000  0.000850 
343.000000  344.000000  0.000843 
344.000000  345.000000  0.000836 
345.000000  346.000000  0.000829 
346.000000  347.000000  0.000822 
347.000000  348.000000  0.000815 
348.000000  349.000000  0.000808 
349.000000  350.000000  0.000801 
350.000000  351.000000  0.000794 
351.000000  352.000000  0.000787 
352.000000  353.000000  0.000780 
353.000000  354.000000  0.000773 
354.000000  355.000000  0.000766 
355.000000  356.000000  0.000759 
356.000000  357.000000  0.000752 
357.000000  358.000000  0.000745 
358.000000  359.000000  0.000738 
359.000000  360.000000  0.000731 
360.000000  361.000000  0.000724 
361.000000  362.000000  0.000717 
362.000000  363.000000  0.000711 
363.000000  364.000000  0.000704 
364.000000  365.000000  0.000697 
365.000000  366.000000  0.000690 
366.000000  367.000000  0.000683 
367.000000  368.000000  0.000677 
368.000000  369.000000  0.000670 
369.000000  370.000000  0.000663 
370.000000  371.000000  0.000656 
371.000000  372.000000  0.000650 
372.000000  373.000000  0.000643 
373.000000  374.000000  0.000637 
374.000000  375.000000  0.000630 
375.000000  376.000000  0.000623 
376.000000  377.000000  0.000617 
377.000000  378.000000  0.000610 
378.000000  379.000000  0.000604 
379.000000  380.000000  0.000598 
380.000000  381.000000  0.000591 
381.000000  382.000000  0.000585 
382.000000  383.000000  0.000579 
383.000000  384.000000  0.000572 
384.000000  385.000000  0.000566 
385.000000  386.000000  0.000560 
386.000000  387.000000  0.000554 
387.000000  388.000000  0.000548 
388.000000  389.000000  0.000542 
389.000000  390.000000  0.000536 
390.000000  391.000000  0.000530 
391.000000  392.000000  0.000524 
392.000000  393.000000  0.000518 
393.000000  394.000000  0.000512 
394.000000  395.000000  0.000507 
395.000000  396.000000  0.000501 
396.000000  397.000000  0.000495 
397.000000  398.000000  0.000489 
398.000000  399.000000  0.000484 
399.000000  400.000000  0.000478 
400.000000  401.000000  0.000473 
401.000000  402.000000  0.000467 
402.000000  403.000000  0.000462 
403.000000  404.000000  0.000456 
404.000000  405.000000  0.000451 
405.000000  406.000000  0.000446 
406.000000  407.000000  0.000441 
407.000000  408.000000  0.000435 
408.000000  409.000000  0.000430 
409.000000  410.000000  0.000425 
410.000000  411.000000  0.000420 
411.000000  412.000000  0.000415 
412.000000  413.000000  0.000410 
413.000000  414.000000  0.000405 
414.000000  415.000000  0.000400 
415.000000  416.000000  0.000395 
416.000000  417.000000  0.000391 
417.000000  418.000000  0.000386 
418.000000  419.000000  0.000381 
419.000000  420.000000  0.000377 
420.000000  421.000000  0.000372 
421.000000  422.000000  0.000367 
422.000000  423.000000  0.000363 
423.000000  424.000000  0.000358 
424.000000  425.000000  0.000354 
425.000000  426.000000  0.000350 
426.000000  427.000000  0.000345 
427.000000  428.000000  0.000341 
428.000000  429.000000  0.000337 
429.000000  430.000000  0.000332 
430.000000  431.000000  0.000328 
431.000000  432.000000  0.000324 
432.000000  433.000000  0.000320 
433.000000  434.000000  0.000316 
434.000000  435.000000  0.000312 
435.000000  436.000000  0.000308 
436.000000  437.000000  0.000304 
437.000000  438.000000  0.000300 
438.000000  439.000000  0.000296 
439.000000  440.000000  0.000293 
440.000000  441.000000  0.000289 
441.000000  442.000000  0.000285 
442.000000  443.000000  0.000282 
443.000000  444.000000  0.000278 
444.000000  445.000000  0.000274 
445.000000  446.000000  0.000271 
446.000000  447.000000  0.000267 
447.000000  448.000000  0.000264 
448.000000  449.000000  0.000261 
449.000000  450.000000  0.000257 
450.000000  451.000000  0.000254 
451.000000  452.000000  0.000251 
452.000000  453.000000  0.000247 
453.000000  454.000000  0.000244 
454.000000  455.000000  0.000241 
455.000000  456.000000  0.000238 
456.000000  457.000000  0.000235 
457.000000  458.000000  0.000231 
458.000000  459.000000  0.000228 
459.000000  460.000000  0.000225 
460.000000  461.000000  0.000222 
461.000000  462.000000  0.000220 
462.000000  463.000000  0.000217 
463.000000  464.000000  0.000214 
464.000000  465.000000  0.000211 
465.000000  466.000000  0.000208 
466.000000  467.000000  0.000205 
467.000000  468.000000  0.000203 
468.000000  469.000000  0.000200 
469.000000  470.000000  0.000197 
470.000000  471.000000  0.000195 
471.000000  472.000000  0.000192 
472.000000  473.000000  0.000190 
473.000000  474.000000  0.000187 
474.000000  475.000000  0.000185 
475.000000  476.000000  0.000182 
476.000000  477.000000  0.000180 
477.000000  478.000000  0.000177 
478.000000  479.000000  0.000175 
479.000000  480.000000  0.000173 
480.000000  481.000000  0.000170 
481.000000  482.000000  0.000168 
482.000000  483.000000  0.000166 
483.000000  484.000000  0.000163 
484.000000  485.000000  0.000161 
485.000000  486.000000  0.000159 
486.000000  487.000000  0.000157 
487.000000  488.000000  0.000155 
488.000000  489.000000  0.000153 
489.000000  490.000000  0.000151 
490.000000  491.000000  0.000149 
491.000000  492.000000  0.000147 
492.000000  493.000000  0.000145 
493.000000  494.000000  0.000143 
494.000000  495.000000  0.000141 
495.000000  496.000000  0.000139 
496.000000  497.000000  0.000137 
497.000000  498.000000  0.000135 
498.000000  499.000000  0.000133 
499.000000  500.000000  0.000131 
500.000000  501.000000  0.000130 
501.000000  502.000000  0.000128 
502.000000  503.000000  0.000126 
503.000000  504.000000  0.000124 
504.000000  505.000000  0.000123 
505.000000  506.000000  0.000121 
506.000000  507.000000  0.000119 
507.000000  508.000000  0.000118 
508.000000  509.000000  0.000116 
509.000000  510.000000  0.000115 
510.000000  511.000000  0.000113 
511.000000  512.000000  0.000112 
512.000000  513.000000  0.000110 
513.000000  514.000000  0.000109 
514.000000  515.000000  0.000107 
515.000000  516.000000  0.000106 
516.000000  517.000000  0.000104 
517.000000  518.000000  0.000103 
518.000000  519.000000  0.000101 
519.000000  520.000000  0.000100 
520.000000  521.000000  0.000099 
521.000000  522.000000  0.000097 
522.000000  523.000000  0.000096 
523.000000  524.000000  0.000095 
524.000000  525.000000  0.000093 
525.000000  526.000000  0.000092 
526.000000  527.000000  0.000091 
527.000000  528.000000  0.000090 
528.000000  529.000000  0.000088 
529.000000  530.000000  0.000087 
530.000000  531.000000  0.000086 
531.000000  532.000000  0.000085 
532.000000  533.000000  0.000084 
533.000000  534.000000  0.000083 
534.000000  535.000000  0.000081 
535.000000  536.000000  0.000080 
536.000000  537.000000  0.000079 
537.000000  538.000000  0.000078 
538.000000  539.000000  0.000077 
539.000000  540.000000  0.000076 
540.000000  541.000000  0.000075 
541.000000  542.000000  0.000074 
542.000000  543.000000  0.000073 
543.000000  544.000000  0.000072 
544.000000  545.000000  0.000071 
545.000000  546.000000  0.000070 
546.000000  547.000000  0.000069 
547.000000  548.000000  0.000068 
548.000000  549.000000  0.000067 
549.000000  550.000000  0.000066 
550.000000  551.000000  0.000065 
551.000000  552.000000  0.000065 
552.000000  553.000000  0.000064 
553.000000  554.000000  0.000063 
554.000000  555.000000  0.000062 
555.000000  556.000000  0.000061 
556.000000  557.000000  0.000060 
557.000000  558.000000  0.000060 
558.000000  559.000000  0.000059 
559.000000  560.000000  0.000058 
560.000000  561.000000  0.000057 
561.000000  562.000000  0.000056 
562.000000  563.000000  0.000056 
563.000000  564.000000  0.000055 
564.000000  565.000000  0.000054 
565.000000  566.000000  0.000053 
566.000000  567.000000  0.000053 
567.000000  568.000000  0.000052 
568.000000  569.000000  0.000051 
569.000000  570.000000  0.000051 
570.000000  571.000000  0.000050 
571.000000  572.000000  0.000049 
572.000000  573.000000  0.000049 
573.000000  574.000000  0.000048 
574.000000  575.000000  0.000047 
575.000000  576.000000  0.000047 
576.000000  577.000000  0.000046 
577.000000  578.000000  0.000046 
578.000000  579.000000  0.000045 
579.000000  580.000000  0.000044 
580.000000  581.000000  0.000044 
581.000000  582.000000  0.000043 
582.000000  583.000000  0.000043 
583.000000  584.000000  0.000042 
584.000000  585.000000  0.000042 
585.000000  586.000000  0.000041 
586.000000  587.000000  0.000041 
587.000000  588.000000  0.000040 
588.000000  589.000000  0.000039 
589.000000  590.000000  0.000039 
590.000000  591.000000  0.000038 
591.000000  592.000000  0.000038 
592.000000  593.000000  0.000037 
593.000000  594.000000  0.000037 
594.000000  595.000000  0.000037 
595.000000  596.000000  0.000036 
596.000000  597.000000  0.000036 
597.000000  598.000000  0.000035 
598.000000  599.000000  0.000035 
599.000000  600.000000  0.000034 
600.000000  601.000000  0.000034 
601.000000  602.000000  0.000033 
602.000000  603.000000  0.000033 
603.000000  604.000000  0.000033 
604.000000  605.000000  0.000032 
605.000000  606.000000  0.000032 
606.000000  607.000000  0.000031 
607.000000  608.000000  0.000031 
608.000000  609.000000  0.000031 
609.000000  610.000000  0.000030 
610.000000  611.000000  0.000030 
611.000000  612.000000  0.000029 
612.000000  613.000000  0.000029 
613.000000  614.000000  0.000029 
614.000000  615.000000  0.000028 
615.000000  616.000000  0.000028 
616.000000  617.000000  0.000028 
617.000000  618.000000  0.000027 
618.000000  619.000000  0.000027 
619.000000  620.000000  0.000027 
620.000000  621.000000  0.000026 
621.000000  622.000000  0.000026 
622.000000  623.000000  0.000026 
623.000000  624.000000  0.000025 
624.000000  625.000000  0.000025 
625.000000  626.000000  0.000025 
626.000000  627.000000  0.000024 
627.000000  628.000000  0.000024 
628.000000  629.000000  0.000024 
629.000000  630.000000  0.000024 
630.000000  631.000000  0.000023 
631.000000  632.000000  0.000023 
632.000000  633.000000  0.000023 
633.000000  634.000000  0.000023 
634.000000  635.000000  0.000022 
635.000000  636.000000  0.000022 
636.000000  637.000000  0.000022 
637.000000  638.000000  0.000021 
638.000000  639.000000  0.000021 
639.000000  640.000000  0.000021 
640.000000  641.000000  0.000021 
641.000000  642.000000  0.000021 
642.000000  643.000000  0.000020 
643.000000  644.000000  0.000020 
644.000000  645.000000  0.000020 
645.000000  646.000000  0.000020 
646.000000  647.000000  0.000019 
647.000000  648.000000  0.000019 
648.000000  649.000000  0.000019 
649.000000  650.000000  0.000019 
650.000000  651.000000  0.000019 
651.000000  652.000000  0.000018 
652.000000  653.000000  0.000018 
653.000000  654.000000  0.000018 
654.000000  655.000000  0.000018 
655.000000  656.000000  0.000018 
656.000000  657.000000  0.000017 
657.000000  658.000000  0.000017 
658.000000  659.000000  0.000017 
659.000000  660.000000  0.000017 
660.000000  661.000000  0.000017 
661.000000  662.000000  0.000016 
662.000000  663.000000  0.000016 
663.000000  664.000000  0.000016 
664.000000  665.000000  0.000016 
665.000000  666.000000  0.000016 
666.000000  667.000000  0.000016 
667.000000  668.000000  0.000015 
668.000000  669.000000  0.000015 
669.000000  670.000000  0.000015 
670.000000  671.000000  0.000015 
671.000000  672.000000  0.000015 
672.000000  673.000000  0.000015 
673.000000  674.000000  0.000014 
674.000000  675.000000  0.000014 
675.000000  676.000000  0.000014 
676.000000  677.000000  0.000014 
677.000000  678.000000  0.000014 
678.000000  679.000000  0.000014 
679.000000  680.000000  0.000014 
680.000000  681.000000  0.000014 
681.000000  682.000000  0.000013 
682.000000  683.000000  0.000013 
683.000000  684.000000  0.000013 
684.000000  685.000000  0.000013 
685.000000  686.000000  0.000013 
686.000000  687.000000  0.000013 
687.000000  688.000000  0.000013 
688.000000  689.000000  0.000013 
689.000000  690.000000  0.000012 
690.000000  691.000000  0.000012 
691.000000  692.000000  0.000012 
692.000000  693.000000  0.000012 
693.000000  694.000000  0.000012 
694.000000  695.000000  0.000012 
695.000000  696.000000  0.000012 
696.000000  697.000000  0.000012 
697.000000  698.000000  0.000012 
698.000000  699.000000  0.000011 
699.000000  700.000000  0.000011 
700.000000  701.000000  0.000011 
701.000000  702.000000  0.000011 
702.000000  703.000000  0.000011 
703.000000  704.000000  0.000011 
704.000000  705.000000  0.000011 
705.000000  706.000000  0.000011 
706.000000  707.000000  0.000011 
707.000000  708.000000  0.000011 
708.000000  709.000000  0.000010 
709.000000  710.000000  0.000010 
710.000000  711.000000  0.000010 
711.000000  712.000000  0.000010 
712.000000  713.000000  0.000010 
713.000000  714.000000  0.000010 
714.000000  715.000000  0.000010 
715.000000  716.000000  0.000010 
716.000000  717.000000  0.000010 
717.000000  718.000000  0.000010 
718.000000  719.000000  0.000010 
719.000000  720.000000  0.000010 
720.000000  721.000000  0.000010 
721.000000  722.000000  0.000009 
722.000000  723.000000  0.000009 
723.000000  724.000000  0.000009 
724.000000  725.000000  0.000009 
725.000000  726.000000  0.000009 
726.000000  727.000000  0.000009 
727.000000  728.000000  0.000009 
728.000000  729.000000  0.000009 
729.000000  730.000000  0.000009 
730.000000  731.000000  0.000009 
731.000000  732.000000  0.000009 
732.000000  733.000000  0.000009 
733.000000  734.000000  0.000009 
734.000000  735.000000  0.000009 
735.000000  736.000000  0.000009 
736.000000  737.000000  0.000008 
737.000000  738.000000  0.000008 
738.000000  739.000000  0.000008 
739.000000  740.000000  0.000008 
740.000000  741.000000  0.000008 
741.000000  742.000000  0.000008 
742.000000  743.000000  0.000008 
743.000000  744.000000  0.000008 
744.000000  745.000000  0.000008 
745.000000  746.000000  0.000008 
746.000000  747.000000  0.000008 
747.000000  748.000000  0.000008 
748.000000  749.000000  0.000008 
749.000000  750.000000  0.000008 
750.000000  751.000000  0.000008 
751.000000  752.000000  0.000008 
752.000000  753.000000  0.000008 
753.000000  754.000000  0.000008 
754.000000  755.000000  0.000008 
755.000000  756.000000  0.000008 
756.000000  757.000000  0.000008 
757.000000  758.000000  0.000007 
758.000000  759.000000  0.000007 
759.000000  760.000000  0.000007 
760.000000  761.000000  0.000007 
761.000000  762.000000  0.000007 
762.000000  763.000000  0.000007 
763.000000  764.000000  0.000007 
764.000000  765.000000  0.000007 
765.000000  766.000000  0.000007 
766.000000  767.000000  0.000007 
767.000000  768.000000  0.000007 
768.000000  769.000000  0.000007 
769.000000  770.000000  0.000007 
770.000000  771.000000  0.000007 
771.000000  772.000000  0.000007 
772.000000  773.000000  0.000007 
773.000000  774.000000  0.000007 
774.000000  775.000000  0.000007 
775.000000  776.000000  0.000007 
776.000000  777.000000  0.000007 
777.000000  778.000000  0.000007 
778.000000  779.000000  0.000007 
779.000000  780.000000  0.000007 
780.000000  781.000000  0.000007 
781.000000  782.000000  0.000007 
782.000000  783.000000  0.000007 
783.000000  784.000000  0.000007 
784.000000  785.000000  0.000007 
785.000000  786.000000  0.000007 
786.000000  787.000000  0.000007 
787.000000  788.000000  0.000007 
788.000000  789.000000  0.000007 
789.000000  790.000000  0.000006 
790.000000  791.000000  0.000006 
791.000000  792.000000  0.000006 
792.000000  793.000000  0.000006 
793.000000  794.000000  0.000006 
794.000000  795.000000  0.000006 
795.000000  796.000000  0.000006 
796.000000  797.000000  0.000006 
797.000000  798.000000  0.000006 
798.000000  799.000000  0.000006 
799.000000  800.000000  0.000006 
800.000000  801.000000  0.000006 
801.000000  802.000000  0.000006 
802.000000  803.000000  0.000006 
803.000000  804.000000  0.000006 
804.000000  805.000000  0.000006 
805.000000  806.000000  0.000006 
806.000000  807.000000  0.000006 
807.000000  808.000000  0.000006 
808.000000  809.000000  0.000006 
809.000000  810.000000  0.000006 
810.000000  811.000000  0.000006 
811.000000  812.000000  0.000006 
812.000000  813.000000  0.000006 
813.000000  814.000000  0.000006 
814.000000  815.000000  0.000006 
815.000000  816.000000  0.000006 
816.000000  817.000000  0.000006 
817.000000  818.000000  0.000006 
818.000000  819.000000  0.000006 
819.000000  820.000000  0.000006 
820.000000  821.000000  0.000006 
821.000000  822.000000  0.000006 
822.000000  823.000000  0.000006 
823.000000  824.000000  0.000006 
824.000000  825.000000  0.000006 
825.000000  826.000000  0.000006 
826.000000  827.000000  0.000006 
827.000000  828.000000  0.000006 
828.000000  829.000000  0.000006 
829.000000  830.000000  0.000006 
830.000000  831.000000  0.000006 
831.000000  832.000000  0.000006 
832.000000  833.000000  0.000006 
833.000000  834.000000  0.000006 
834.000000  835.000000  0.000006 
835.000000  836.000000  0.000006 
836.000000  837.000000  0.000006 
837.000000  838.000000  0.000006 
838.000000  839.000000  0.000006 
839.000000  840.000000  0.000006 
840.000000  841.000000  0.000006 
841.000000  842.000000  0.000006 
842.000000  843.000000  0.000006 
843.000000  844.000000  0.000006 
844.000000  845.000000  0.000006 
845.000000  846.000000  0.000006 
846.000000  847.000000  0.000006 
847.000000  848.000000  0.000006 
848.000000  849.000000  0.000006 
849.000000  850.000000  0.000006 
850.000000  851.000000  0.000006 
851.000000  852.000000  0.000006 
852.000000  853.000000  0.000006 
853.000000  854.000000  0.000006 
854.000000  855.000000  0.000006 
855.000000  856.000000  0.000006 
856.000000  857.000000  0.000006 
857.000000  858.000000  0.000006 
858.000000  859.000000  0.000006 
859.000000  860.000000  0.000006 
860.000000  861.000000  0.000006 
861.000000  862.000000  0.000006 
862.000000  863.000000  0.000006 
863.000000  864.000000  0.000006 
864.000000  865.000000  0.000006 
865.000000  866.000000  0.000006 
866.000000  867.000000  0.000006 
867.000000  868.000000  0.000006 
868.000000  869.000000  0.000006 
869.000000  870.000000  0.000006 
870.000000  871.000000  0.000006 
871.000000  872.000000  0.000006 
872.000000  873.000000  0.000006 
873.000000  874.000000  0.000006 
874.000000  875.000000  0.000006 
875.000000  876.000000  0.000006 
876.000000  877.000000  0.000006 
877.000000  878.000000  0.000006 
878.000000  879.000000  0.000006 
879.000000  880.000000  0.000006 
880.000000  881.000000  0.000006 
881.000000  882.000000  0.000006 
882.000000  883.000000  0.000006 
883.000000  884.000000  0.000006 
884.000000  885.000000  0.000006 
885.000000  886.000000  0.000006 
886.000000  887.000000  0.000006 
887.000000  888.000000  0.000006 
888.000000  889.000000  0.000006 
889.000000  890.000000  0.000006 
890.000000  891.000000  0.000006 
891.000000  892.000000  0.000006 
892.000000  893.000000  0.000006 
893.000000  894.000000  0.000006 
894.000000  895.000000  0.000006 
895.000000  896.000000  0.000006 
896.000000  897.000000  0.000006 
897.000000  898.000000  0.000006 
898.000000  899.000000  0.000006 
899.000000  900.000000  0.000006 
900.000000  901.000000  0.000006 
901.000000  902.000000  0.000006 
902.000000  903.000000  0.000006 
903.000000  904.000000  0.000006 
904.000000  905.000000  0.000006 
905.000000  906.000000  0.000006 
906.000000  907.000000  0.000006 
907.000000  908.000000  0.000006 
908.000000  909.000000  0.000006 
909.000000  910.000000  0.000006 
910.000000  911.000000  0.000006 
911.000000  912.000000  0.000006 
912.000000  913.000000  0.000006 
913.000000  914.000000  0.000006 
914.000000  915.000000  0.000006 
915.000000  916.000000  0.000006 
916.000000  917.000000  0.000006 
917.000000  918.000000  0.000006 
918.000000  919.000000  0.000006 
919.000000  920.000000  0.000006 
920.000000  921.000000  0.000006 
921.000000  922.000000  0.000006 
922.000000  923.000000  0.000006 
923.000000  924.000000  0.000006 
924.000000  925.000000  0.000006 
925.000000  926.000000  0.000006 
926.000000  927.000000  0.000006 
927.000000  928.000000  0.000006 
928.000000  929.000000  0.000006 
929.000000  930.000000  0.000006 
930.000000  931.000000  0.000006 
931.000000  932.000000  0.000006 
932.000000  933.000000  0.000006 
933.000000  934.000000  0.000006 
934.000000  935.000000  0.000006 
935.000000  936.000000  0.000006 
936.000000  937.000000  0.000006 
937.000000  938.000000  0.000006 
938.000000  939.000000  0.000006 
939.000000  940.000000  0.000006 
940.000000  941.000000  0.000006 
941.000000  942.000000  0.000006 
942.000000  943.000000  0.000006 
943.000000  944.000000  0.000006 
944.000000  945.000000  0.000006 
945.000000  946.000000  0.000006 
946.000000  947.000000  0.000006 
947.000000  948.000000  0.000006 
948.000000  949.000000  0.000006 
