20.000000  21.000000  -0.000000 
21.000000  22.000000  -0.000000 
22.000000  23.000000  -0.000000 
23.000000  24.000000  -0.000000 
24.000000  25.000000  -0.000000 
25.000000  26.000000  -0.000000 
26.000000  27.000000  -0.000000 
27.000000  28.000000  -0.000000 
28.000000  29.000000  -0.000000 
29.000000  30.000000  -0.000000 
30.000000  31.000000  -0.000000 
31.000000  32.000000  -0.000000 
32.000000  33.000000  -0.000000 
33.000000  34.000000  -0.000000 
34.000000  35.000000  -0.000000 
35.000000  36.000000  -0.000000 
36.000000  37.000000  -0.000000 
37.000000  38.000000  -0.000000 
38.000000  39.000000  -0.000000 
39.000000  40.000000  -0.000000 
40.000000  41.000000  -0.000000 
41.000000  42.000000  -0.000000 
42.000000  43.000000  -0.000000 
43.000000  44.000000  -0.000000 
44.000000  45.000000  -0.000000 
45.000000  46.000000  -0.000000 
46.000000  47.000000  -0.000000 
47.000000  48.000000  -0.000000 
48.000000  49.000000  -0.000000 
49.000000  50.000000  -0.000000 
50.000000  51.000000  -0.000000 
51.000000  52.000000  -0.000000 
52.000000  53.000000  -0.000000 
53.000000  54.000000  -0.000000 
54.000000  55.000000  -0.000000 
55.000000  56.000000  -0.000000 
56.000000  57.000000  -0.000000 
57.000000  58.000000  -0.000000 
58.000000  59.000000  -0.000000 
59.000000  60.000000  -0.000000 
60.000000  61.000000  -0.000000 
61.000000  62.000000  -0.000000 
62.000000  63.000000  -0.000000 
63.000000  64.000000  -0.000000 
64.000000  65.000000  -0.000000 
65.000000  66.000000  -0.000000 
66.000000  67.000000  -0.000000 
67.000000  68.000000  -0.000000 
68.000000  69.000000  -0.000000 
69.000000  70.000000  -0.000000 
70.000000  71.000000  -0.000000 
71.000000  72.000000  -0.000000 
72.000000  73.000000  -0.000000 
73.000000  74.000000  -0.000000 
74.000000  75.000000  -0.000000 
75.000000  76.000000  -0.000000 
76.000000  77.000000  -0.000000 
77.000000  78.000000  -0.000000 
78.000000  79.000000  -0.000000 
79.000000  80.000000  -0.000000 
80.000000  81.000000  -0.000000 
81.000000  82.000000  -0.000000 
82.000000  83.000000  -0.000000 
83.000000  84.000000  -0.000000 
84.000000  85.000000  -0.000000 
85.000000  86.000000  -0.000000 
86.000000  87.000000  -0.000000 
87.000000  88.000000  -0.000000 
88.000000  89.000000  -0.000000 
89.000000  90.000000  -0.000000 
90.000000  91.000000  -0.000000 
91.000000  92.000000  -0.000000 
92.000000  93.000000  -0.000000 
93.000000  94.000000  -0.000000 
94.000000  95.000000  -0.000000 
95.000000  96.000000  -0.000000 
96.000000  97.000000  -0.000000 
97.000000  98.000000  -0.000000 
98.000000  99.000000  -0.000000 
99.000000  100.000000  -0.000000 
100.000000  101.000000  -0.000000 
101.000000  102.000000  -0.000000 
102.000000  103.000000  -0.000000 
103.000000  104.000000  -0.000000 
104.000000  105.000000  -0.000000 
105.000000  106.000000  -0.000000 
106.000000  107.000000  -0.000000 
107.000000  108.000000  -0.000000 
108.000000  109.000000  -0.000000 
109.000000  110.000000  -0.000000 
110.000000  111.000000  -0.000000 
111.000000  112.000000  -0.000000 
112.000000  113.000000  -0.000000 
113.000000  114.000000  -0.000000 
114.000000  115.000000  -0.000000 
115.000000  116.000000  -0.000000 
116.000000  117.000000  -0.000000 
117.000000  118.000000  -0.000000 
118.000000  119.000000  -0.000000 
119.000000  120.000000  -0.000000 
120.000000  121.000000  -0.000000 
121.000000  122.000000  -0.000001 
122.000000  123.000000  -0.000001 
123.000000  124.000000  -0.000001 
124.000000  125.000000  -0.000001 
125.000000  126.000000  -0.000001 
126.000000  127.000000  -0.000001 
127.000000  128.000000  -0.000001 
128.000000  129.000000  -0.000001 
129.000000  130.000000  -0.000001 
130.000000  131.000000  -0.000001 
131.000000  132.000000  -0.000001 
132.000000  133.000000  -0.000001 
133.000000  134.000000  -0.000001 
134.000000  135.000000  -0.000001 
135.000000  136.000000  -0.000001 
136.000000  137.000000  -0.000001 
137.000000  138.000000  -0.000002 
138.000000  139.000000  -0.000002 
139.000000  140.000000  -0.000002 
140.000000  141.000000  -0.000002 
141.000000  142.000000  -0.000002 
142.000000  143.000000  -0.000002 
143.000000  144.000000  -0.000002 
144.000000  145.000000  -0.000002 
145.000000  146.000000  -0.000002 
146.000000  147.000000  -0.000002 
147.000000  148.000000  -0.000002 
148.000000  149.000000  -0.000002 
149.000000  150.000000  -0.000002 
150.000000  151.000000  -0.000002 
151.000000  152.000000  -0.000002 
152.000000  153.000000  -0.000002 
153.000000  154.000000  -0.000001 
154.000000  155.000000  -0.000001 
155.000000  156.000000  -0.000001 
156.000000  157.000000  -0.000001 
157.000000  158.000000  -0.000001 
158.000000  159.000000  -0.000001 
159.000000  160.000000  -0.000000 
160.000000  161.000000  -0.000000 
161.000000  162.000000  0.000000 
162.000000  163.000000  0.000001 
163.000000  164.000000  0.000001 
164.000000  165.000000  0.000001 
165.000000  166.000000  0.000002 
166.000000  167.000000  0.000002 
167.000000  168.000000  0.000003 
168.000000  169.000000  0.000004 
169.000000  170.000000  0.000004 
170.000000  171.000000  0.000005 
171.000000  172.000000  0.000006 
172.000000  173.000000  0.000007 
173.000000  174.000000  0.000007 
174.000000  175.000000  0.000008 
175.000000  176.000000  0.000009 
176.000000  177.000000  0.000010 
177.000000  178.000000  0.000011 
178.000000  179.000000  0.000013 
179.000000  180.000000  0.000014 
180.000000  181.000000  0.000015 
181.000000  182.000000  0.000016 
182.000000  183.000000  0.000018 
183.000000  184.000000  0.000019 
184.000000  185.000000  0.000021 
185.000000  186.000000  0.000023 
186.000000  187.000000  0.000025 
187.000000  188.000000  0.000026 
188.000000  189.000000  0.000028 
189.000000  190.000000  0.000030 
190.000000  191.000000  0.000032 
191.000000  192.000000  0.000035 
192.000000  193.000000  0.000037 
193.000000  194.000000  0.000039 
194.000000  195.000000  0.000042 
195.000000  196.000000  0.000044 
196.000000  197.000000  0.000047 
197.000000  198.000000  0.000049 
198.000000  199.000000  0.000052 
199.000000  200.000000  0.000055 
200.000000  201.000000  0.000058 
201.000000  202.000000  0.000061 
202.000000  203.000000  0.000065 
203.000000  204.000000  0.000068 
204.000000  205.000000  0.000071 
205.000000  206.000000  0.000075 
206.000000  207.000000  0.000078 
207.000000  208.000000  0.000082 
208.000000  209.000000  0.000086 
209.000000  210.000000  0.000090 
210.000000  211.000000  0.000094 
211.000000  212.000000  0.000098 
212.000000  213.000000  0.000102 
213.000000  214.000000  0.000106 
214.000000  215.000000  0.000111 
215.000000  216.000000  0.000115 
216.000000  217.000000  0.000120 
217.000000  218.000000  0.000125 
218.000000  219.000000  0.000129 
219.000000  220.000000  0.000134 
220.000000  221.000000  0.000139 
221.000000  222.000000  0.000145 
222.000000  223.000000  0.000150 
223.000000  224.000000  0.000155 
224.000000  225.000000  0.000160 
225.000000  226.000000  0.000166 
226.000000  227.000000  0.000171 
227.000000  228.000000  0.000177 
228.000000  229.000000  0.000183 
229.000000  230.000000  0.000189 
230.000000  231.000000  0.000195 
231.000000  232.000000  0.000201 
232.000000  233.000000  0.000207 
233.000000  234.000000  0.000213 
234.000000  235.000000  0.000219 
235.000000  236.000000  0.000226 
236.000000  237.000000  0.000232 
237.000000  238.000000  0.000238 
238.000000  239.000000  0.000245 
239.000000  240.000000  0.000252 
240.000000  241.000000  0.000258 
241.000000  242.000000  0.000265 
242.000000  243.000000  0.000272 
243.000000  244.000000  0.000279 
244.000000  245.000000  0.000286 
245.000000  246.000000  0.000293 
246.000000  247.000000  0.000300 
247.000000  248.000000  0.000307 
248.000000  249.000000  0.000314 
249.000000  250.000000  0.000322 
250.000000  251.000000  0.000329 
251.000000  252.000000  0.000336 
252.000000  253.000000  0.000344 
253.000000  254.000000  0.000351 
254.000000  255.000000  0.000358 
255.000000  256.000000  0.000366 
256.000000  257.000000  0.000373 
257.000000  258.000000  0.000381 
258.000000  259.000000  0.000389 
259.000000  260.000000  0.000396 
260.000000  261.000000  0.000404 
261.000000  262.000000  0.000411 
262.000000  263.000000  0.000419 
263.000000  264.000000  0.000427 
264.000000  265.000000  0.000434 
265.000000  266.000000  0.000442 
266.000000  267.000000  0.000450 
267.000000  268.000000  0.000458 
268.000000  269.000000  0.000465 
269.000000  270.000000  0.000473 
270.000000  271.000000  0.000481 
271.000000  272.000000  0.000489 
272.000000  273.000000  0.000496 
273.000000  274.000000  0.000504 
274.000000  275.000000  0.000512 
275.000000  276.000000  0.000519 
276.000000  277.000000  0.000527 
277.000000  278.000000  0.000535 
278.000000  279.000000  0.000542 
279.000000  280.000000  0.000550 
280.000000  281.000000  0.000558 
281.000000  282.000000  0.000565 
282.000000  283.000000  0.000573 
283.000000  284.000000  0.000580 
284.000000  285.000000  0.000588 
285.000000  286.000000  0.000595 
286.000000  287.000000  0.000602 
287.000000  288.000000  0.000610 
288.000000  289.000000  0.000617 
289.000000  290.000000  0.000624 
290.000000  291.000000  0.000632 
291.000000  292.000000  0.000639 
292.000000  293.000000  0.000646 
293.000000  294.000000  0.000653 
294.000000  295.000000  0.000660 
295.000000  296.000000  0.000667 
296.000000  297.000000  0.000674 
297.000000  298.000000  0.000681 
298.000000  299.000000  0.000687 
299.000000  300.000000  0.000694 
300.000000  301.000000  0.000701 
301.000000  302.000000  0.000707 
302.000000  303.000000  0.000714 
303.000000  304.000000  0.000720 
304.000000  305.000000  0.000727 
305.000000  306.000000  0.000733 
306.000000  307.000000  0.000739 
307.000000  308.000000  0.000746 
308.000000  309.000000  0.000752 
309.000000  310.000000  0.000758 
310.000000  311.000000  0.000764 
311.000000  312.000000  0.000769 
312.000000  313.000000  0.000775 
313.000000  314.000000  0.000781 
314.000000  315.000000  0.000787 
315.000000  316.000000  0.000792 
316.000000  317.000000  0.000798 
317.000000  318.000000  0.000803 
318.000000  319.000000  0.000808 
319.000000  320.000000  0.000813 
320.000000  321.000000  0.000819 
321.000000  322.000000  0.000824 
322.000000  323.000000  0.000828 
323.000000  324.000000  0.000833 
324.000000  325.000000  0.000838 
325.000000  326.000000  0.000843 
326.000000  327.000000  0.000847 
327.000000  328.000000  0.000852 
328.000000  329.000000  0.000856 
329.000000  330.000000  0.000861 
330.000000  331.000000  0.000865 
331.000000  332.000000  0.000869 
332.000000  333.000000  0.000873 
333.000000  334.000000  0.000877 
334.000000  335.000000  0.000881 
335.000000  336.000000  0.000884 
336.000000  337.000000  0.000888 
337.000000  338.000000  0.000892 
338.000000  339.000000  0.000895 
339.000000  340.000000  0.000899 
340.000000  341.000000  0.000902 
341.000000  342.000000  0.000905 
342.000000  343.000000  0.000908 
343.000000  344.000000  0.000911 
344.000000  345.000000  0.000914 
345.000000  346.000000  0.000917 
346.000000  347.000000  0.000920 
347.000000  348.000000  0.000922 
348.000000  349.000000  0.000925 
349.000000  350.000000  0.000927 
350.000000  351.000000  0.000930 
351.000000  352.000000  0.000932 
352.000000  353.000000  0.000934 
353.000000  354.000000  0.000936 
354.000000  355.000000  0.000938 
355.000000  356.000000  0.000940 
356.000000  357.000000  0.000942 
357.000000  358.000000  0.000944 
358.000000  359.000000  0.000945 
359.000000  360.000000  0.000947 
360.000000  361.000000  0.000948 
361.000000  362.000000  0.000950 
362.000000  363.000000  0.000951 
363.000000  364.000000  0.000952 
364.000000  365.000000  0.000954 
365.000000  366.000000  0.000955 
366.000000  367.000000  0.000956 
367.000000  368.000000  0.000956 
368.000000  369.000000  0.000957 
369.000000  370.000000  0.000958 
370.000000  371.000000  0.000959 
371.000000  372.000000  0.000959 
372.000000  373.000000  0.000960 
373.000000  374.000000  0.000960 
374.000000  375.000000  0.000961 
375.000000  376.000000  0.000961 
376.000000  377.000000  0.000961 
377.000000  378.000000  0.000961 
378.000000  379.000000  0.000961 
379.000000  380.000000  0.000961 
380.000000  381.000000  0.000961 
381.000000  382.000000  0.000961 
382.000000  383.000000  0.000961 
383.000000  384.000000  0.000960 
384.000000  385.000000  0.000960 
385.000000  386.000000  0.000960 
386.000000  387.000000  0.000959 
387.000000  388.000000  0.000959 
388.000000  389.000000  0.000958 
389.000000  390.000000  0.000957 
390.000000  391.000000  0.000956 
391.000000  392.000000  0.000956 
392.000000  393.000000  0.000955 
393.000000  394.000000  0.000954 
394.000000  395.000000  0.000953 
395.000000  396.000000  0.000952 
396.000000  397.000000  0.000951 
397.000000  398.000000  0.000949 
398.000000  399.000000  0.000948 
399.000000  400.000000  0.000947 
400.000000  401.000000  0.000946 
401.000000  402.000000  0.000944 
402.000000  403.000000  0.000943 
403.000000  404.000000  0.000941 
404.000000  405.000000  0.000940 
405.000000  406.000000  0.000938 
406.000000  407.000000  0.000937 
407.000000  408.000000  0.000935 
408.000000  409.000000  0.000933 
409.000000  410.000000  0.000931 
410.000000  411.000000  0.000929 
411.000000  412.000000  0.000928 
412.000000  413.000000  0.000926 
413.000000  414.000000  0.000924 
414.000000  415.000000  0.000922 
415.000000  416.000000  0.000920 
416.000000  417.000000  0.000918 
417.000000  418.000000  0.000915 
418.000000  419.000000  0.000913 
419.000000  420.000000  0.000911 
420.000000  421.000000  0.000909 
421.000000  422.000000  0.000907 
422.000000  423.000000  0.000904 
423.000000  424.000000  0.000902 
424.000000  425.000000  0.000900 
425.000000  426.000000  0.000897 
426.000000  427.000000  0.000895 
427.000000  428.000000  0.000892 
428.000000  429.000000  0.000890 
429.000000  430.000000  0.000887 
430.000000  431.000000  0.000885 
431.000000  432.000000  0.000882 
432.000000  433.000000  0.000879 
433.000000  434.000000  0.000877 
434.000000  435.000000  0.000874 
435.000000  436.000000  0.000871 
436.000000  437.000000  0.000869 
437.000000  438.000000  0.000866 
438.000000  439.000000  0.000863 
439.000000  440.000000  0.000860 
440.000000  441.000000  0.000858 
441.000000  442.000000  0.000855 
442.000000  443.000000  0.000852 
443.000000  444.000000  0.000849 
444.000000  445.000000  0.000846 
445.000000  446.000000  0.000843 
446.000000  447.000000  0.000840 
447.000000  448.000000  0.000837 
448.000000  449.000000  0.000834 
449.000000  450.000000  0.000831 
450.000000  451.000000  0.000828 
451.000000  452.000000  0.000825 
452.000000  453.000000  0.000822 
453.000000  454.000000  0.000819 
454.000000  455.000000  0.000816 
455.000000  456.000000  0.000813 
456.000000  457.000000  0.000810 
457.000000  458.000000  0.000807 
458.000000  459.000000  0.000804 
459.000000  460.000000  0.000801 
460.000000  461.000000  0.000798 
461.000000  462.000000  0.000794 
462.000000  463.000000  0.000791 
463.000000  464.000000  0.000788 
464.000000  465.000000  0.000785 
465.000000  466.000000  0.000782 
466.000000  467.000000  0.000779 
467.000000  468.000000  0.000775 
468.000000  469.000000  0.000772 
469.000000  470.000000  0.000769 
470.000000  471.000000  0.000766 
471.000000  472.000000  0.000763 
472.000000  473.000000  0.000759 
473.000000  474.000000  0.000756 
474.000000  475.000000  0.000753 
475.000000  476.000000  0.000750 
476.000000  477.000000  0.000747 
477.000000  478.000000  0.000743 
478.000000  479.000000  0.000740 
479.000000  480.000000  0.000737 
480.000000  481.000000  0.000734 
481.000000  482.000000  0.000730 
482.000000  483.000000  0.000727 
483.000000  484.000000  0.000724 
484.000000  485.000000  0.000721 
485.000000  486.000000  0.000718 
486.000000  487.000000  0.000714 
487.000000  488.000000  0.000711 
488.000000  489.000000  0.000708 
489.000000  490.000000  0.000705 
490.000000  491.000000  0.000701 
491.000000  492.000000  0.000698 
492.000000  493.000000  0.000695 
493.000000  494.000000  0.000692 
494.000000  495.000000  0.000689 
495.000000  496.000000  0.000685 
496.000000  497.000000  0.000682 
497.000000  498.000000  0.000679 
498.000000  499.000000  0.000676 
499.000000  500.000000  0.000673 
500.000000  501.000000  0.000670 
501.000000  502.000000  0.000666 
502.000000  503.000000  0.000663 
503.000000  504.000000  0.000660 
504.000000  505.000000  0.000657 
505.000000  506.000000  0.000654 
506.000000  507.000000  0.000651 
507.000000  508.000000  0.000647 
508.000000  509.000000  0.000644 
509.000000  510.000000  0.000641 
510.000000  511.000000  0.000638 
511.000000  512.000000  0.000635 
512.000000  513.000000  0.000632 
513.000000  514.000000  0.000629 
514.000000  515.000000  0.000626 
515.000000  516.000000  0.000623 
516.000000  517.000000  0.000620 
517.000000  518.000000  0.000617 
518.000000  519.000000  0.000614 
519.000000  520.000000  0.000611 
520.000000  521.000000  0.000608 
521.000000  522.000000  0.000604 
522.000000  523.000000  0.000601 
523.000000  524.000000  0.000599 
524.000000  525.000000  0.000596 
525.000000  526.000000  0.000593 
526.000000  527.000000  0.000590 
527.000000  528.000000  0.000587 
528.000000  529.000000  0.000584 
529.000000  530.000000  0.000581 
530.000000  531.000000  0.000578 
531.000000  532.000000  0.000575 
532.000000  533.000000  0.000572 
533.000000  534.000000  0.000569 
534.000000  535.000000  0.000566 
535.000000  536.000000  0.000563 
536.000000  537.000000  0.000561 
537.000000  538.000000  0.000558 
538.000000  539.000000  0.000555 
539.000000  540.000000  0.000552 
540.000000  541.000000  0.000549 
541.000000  542.000000  0.000547 
542.000000  543.000000  0.000544 
543.000000  544.000000  0.000541 
544.000000  545.000000  0.000538 
545.000000  546.000000  0.000535 
546.000000  547.000000  0.000533 
547.000000  548.000000  0.000530 
548.000000  549.000000  0.000527 
549.000000  550.000000  0.000525 
550.000000  551.000000  0.000522 
551.000000  552.000000  0.000519 
552.000000  553.000000  0.000517 
553.000000  554.000000  0.000514 
554.000000  555.000000  0.000511 
555.000000  556.000000  0.000509 
556.000000  557.000000  0.000506 
557.000000  558.000000  0.000504 
558.000000  559.000000  0.000501 
559.000000  560.000000  0.000498 
560.000000  561.000000  0.000496 
561.000000  562.000000  0.000493 
562.000000  563.000000  0.000491 
563.000000  564.000000  0.000488 
564.000000  565.000000  0.000486 
565.000000  566.000000  0.000483 
566.000000  567.000000  0.000481 
567.000000  568.000000  0.000478 
568.000000  569.000000  0.000476 
569.000000  570.000000  0.000473 
570.000000  571.000000  0.000471 
571.000000  572.000000  0.000469 
572.000000  573.000000  0.000466 
573.000000  574.000000  0.000464 
574.000000  575.000000  0.000462 
575.000000  576.000000  0.000459 
576.000000  577.000000  0.000457 
577.000000  578.000000  0.000454 
578.000000  579.000000  0.000452 
579.000000  580.000000  0.000450 
580.000000  581.000000  0.000448 
581.000000  582.000000  0.000445 
582.000000  583.000000  0.000443 
583.000000  584.000000  0.000441 
584.000000  585.000000  0.000439 
585.000000  586.000000  0.000436 
586.000000  587.000000  0.000434 
587.000000  588.000000  0.000432 
588.000000  589.000000  0.000430 
589.000000  590.000000  0.000428 
590.000000  591.000000  0.000425 
591.000000  592.000000  0.000423 
592.000000  593.000000  0.000421 
593.000000  594.000000  0.000419 
594.000000  595.000000  0.000417 
595.000000  596.000000  0.000415 
596.000000  597.000000  0.000413 
597.000000  598.000000  0.000411 
598.000000  599.000000  0.000409 
599.000000  600.000000  0.000407 
600.000000  601.000000  0.000405 
601.000000  602.000000  0.000403 
602.000000  603.000000  0.000401 
603.000000  604.000000  0.000399 
604.000000  605.000000  0.000397 
605.000000  606.000000  0.000395 
606.000000  607.000000  0.000393 
607.000000  608.000000  0.000391 
608.000000  609.000000  0.000389 
609.000000  610.000000  0.000387 
610.000000  611.000000  0.000385 
611.000000  612.000000  0.000383 
612.000000  613.000000  0.000381 
613.000000  614.000000  0.000379 
614.000000  615.000000  0.000378 
615.000000  616.000000  0.000376 
616.000000  617.000000  0.000374 
617.000000  618.000000  0.000372 
618.000000  619.000000  0.000370 
619.000000  620.000000  0.000368 
620.000000  621.000000  0.000367 
621.000000  622.000000  0.000365 
622.000000  623.000000  0.000363 
623.000000  624.000000  0.000361 
624.000000  625.000000  0.000360 
625.000000  626.000000  0.000358 
626.000000  627.000000  0.000356 
627.000000  628.000000  0.000354 
628.000000  629.000000  0.000353 
629.000000  630.000000  0.000351 
630.000000  631.000000  0.000349 
631.000000  632.000000  0.000348 
632.000000  633.000000  0.000346 
633.000000  634.000000  0.000345 
634.000000  635.000000  0.000343 
635.000000  636.000000  0.000341 
636.000000  637.000000  0.000340 
637.000000  638.000000  0.000338 
638.000000  639.000000  0.000337 
639.000000  640.000000  0.000335 
640.000000  641.000000  0.000333 
641.000000  642.000000  0.000332 
642.000000  643.000000  0.000330 
643.000000  644.000000  0.000329 
644.000000  645.000000  0.000327 
645.000000  646.000000  0.000326 
646.000000  647.000000  0.000324 
647.000000  648.000000  0.000323 
648.000000  649.000000  0.000321 
649.000000  650.000000  0.000320 
650.000000  651.000000  0.000318 
651.000000  652.000000  0.000317 
652.000000  653.000000  0.000316 
653.000000  654.000000  0.000314 
654.000000  655.000000  0.000313 
655.000000  656.000000  0.000311 
656.000000  657.000000  0.000310 
657.000000  658.000000  0.000309 
658.000000  659.000000  0.000307 
659.000000  660.000000  0.000306 
660.000000  661.000000  0.000304 
661.000000  662.000000  0.000303 
662.000000  663.000000  0.000302 
663.000000  664.000000  0.000300 
664.000000  665.000000  0.000299 
665.000000  666.000000  0.000298 
666.000000  667.000000  0.000297 
667.000000  668.000000  0.000295 
668.000000  669.000000  0.000294 
669.000000  670.000000  0.000293 
670.000000  671.000000  0.000291 
671.000000  672.000000  0.000290 
672.000000  673.000000  0.000289 
673.000000  674.000000  0.000288 
674.000000  675.000000  0.000286 
675.000000  676.000000  0.000285 
676.000000  677.000000  0.000284 
677.000000  678.000000  0.000283 
678.000000  679.000000  0.000282 
679.000000  680.000000  0.000280 
680.000000  681.000000  0.000279 
681.000000  682.000000  0.000278 
682.000000  683.000000  0.000277 
683.000000  684.000000  0.000276 
684.000000  685.000000  0.000275 
685.000000  686.000000  0.000274 
686.000000  687.000000  0.000272 
687.000000  688.000000  0.000271 
688.000000  689.000000  0.000270 
689.000000  690.000000  0.000269 
690.000000  691.000000  0.000268 
691.000000  692.000000  0.000267 
692.000000  693.000000  0.000266 
693.000000  694.000000  0.000265 
694.000000  695.000000  0.000264 
695.000000  696.000000  0.000263 
696.000000  697.000000  0.000262 
697.000000  698.000000  0.000261 
698.000000  699.000000  0.000260 
699.000000  700.000000  0.000259 
700.000000  701.000000  0.000258 
701.000000  702.000000  0.000257 
702.000000  703.000000  0.000256 
703.000000  704.000000  0.000255 
704.000000  705.000000  0.000254 
705.000000  706.000000  0.000253 
706.000000  707.000000  0.000252 
707.000000  708.000000  0.000251 
708.000000  709.000000  0.000250 
709.000000  710.000000  0.000249 
710.000000  711.000000  0.000248 
711.000000  712.000000  0.000247 
712.000000  713.000000  0.000246 
713.000000  714.000000  0.000245 
714.000000  715.000000  0.000244 
715.000000  716.000000  0.000243 
716.000000  717.000000  0.000242 
717.000000  718.000000  0.000241 
718.000000  719.000000  0.000240 
719.000000  720.000000  0.000240 
720.000000  721.000000  0.000239 
721.000000  722.000000  0.000238 
722.000000  723.000000  0.000237 
723.000000  724.000000  0.000236 
724.000000  725.000000  0.000235 
725.000000  726.000000  0.000234 
726.000000  727.000000  0.000234 
727.000000  728.000000  0.000233 
728.000000  729.000000  0.000232 
729.000000  730.000000  0.000231 
730.000000  731.000000  0.000230 
731.000000  732.000000  0.000229 
732.000000  733.000000  0.000229 
733.000000  734.000000  0.000228 
734.000000  735.000000  0.000227 
735.000000  736.000000  0.000226 
736.000000  737.000000  0.000225 
737.000000  738.000000  0.000225 
738.000000  739.000000  0.000224 
739.000000  740.000000  0.000223 
740.000000  741.000000  0.000222 
741.000000  742.000000  0.000222 
742.000000  743.000000  0.000221 
743.000000  744.000000  0.000220 
744.000000  745.000000  0.000219 
745.000000  746.000000  0.000219 
746.000000  747.000000  0.000218 
747.000000  748.000000  0.000217 
748.000000  749.000000  0.000216 
749.000000  750.000000  0.000216 
750.000000  751.000000  0.000215 
751.000000  752.000000  0.000214 
752.000000  753.000000  0.000214 
753.000000  754.000000  0.000213 
754.000000  755.000000  0.000212 
755.000000  756.000000  0.000212 
756.000000  757.000000  0.000211 
757.000000  758.000000  0.000210 
758.000000  759.000000  0.000210 
759.000000  760.000000  0.000209 
760.000000  761.000000  0.000208 
761.000000  762.000000  0.000208 
762.000000  763.000000  0.000207 
763.000000  764.000000  0.000206 
764.000000  765.000000  0.000206 
765.000000  766.000000  0.000205 
766.000000  767.000000  0.000204 
767.000000  768.000000  0.000204 
768.000000  769.000000  0.000203 
769.000000  770.000000  0.000202 
770.000000  771.000000  0.000202 
771.000000  772.000000  0.000201 
772.000000  773.000000  0.000201 
773.000000  774.000000  0.000200 
774.000000  775.000000  0.000199 
775.000000  776.000000  0.000199 
776.000000  777.000000  0.000198 
777.000000  778.000000  0.000198 
778.000000  779.000000  0.000197 
779.000000  780.000000  0.000197 
780.000000  781.000000  0.000196 
781.000000  782.000000  0.000195 
782.000000  783.000000  0.000195 
783.000000  784.000000  0.000194 
784.000000  785.000000  0.000194 
785.000000  786.000000  0.000193 
786.000000  787.000000  0.000193 
787.000000  788.000000  0.000192 
788.000000  789.000000  0.000191 
789.000000  790.000000  0.000191 
790.000000  791.000000  0.000190 
791.000000  792.000000  0.000190 
792.000000  793.000000  0.000189 
793.000000  794.000000  0.000189 
794.000000  795.000000  0.000188 
795.000000  796.000000  0.000188 
796.000000  797.000000  0.000187 
797.000000  798.000000  0.000187 
798.000000  799.000000  0.000186 
799.000000  800.000000  0.000186 
800.000000  801.000000  0.000185 
801.000000  802.000000  0.000185 
802.000000  803.000000  0.000184 
803.000000  804.000000  0.000184 
804.000000  805.000000  0.000183 
805.000000  806.000000  0.000183 
806.000000  807.000000  0.000182 
807.000000  808.000000  0.000182 
808.000000  809.000000  0.000181 
809.000000  810.000000  0.000181 
810.000000  811.000000  0.000181 
811.000000  812.000000  0.000180 
812.000000  813.000000  0.000180 
813.000000  814.000000  0.000179 
814.000000  815.000000  0.000179 
815.000000  816.000000  0.000178 
816.000000  817.000000  0.000178 
817.000000  818.000000  0.000177 
818.000000  819.000000  0.000177 
819.000000  820.000000  0.000176 
820.000000  821.000000  0.000176 
821.000000  822.000000  0.000176 
822.000000  823.000000  0.000175 
823.000000  824.000000  0.000175 
824.000000  825.000000  0.000174 
825.000000  826.000000  0.000174 
826.000000  827.000000  0.000174 
827.000000  828.000000  0.000173 
828.000000  829.000000  0.000173 
829.000000  830.000000  0.000172 
830.000000  831.000000  0.000172 
831.000000  832.000000  0.000171 
832.000000  833.000000  0.000171 
833.000000  834.000000  0.000171 
834.000000  835.000000  0.000170 
835.000000  836.000000  0.000170 
836.000000  837.000000  0.000170 
837.000000  838.000000  0.000169 
838.000000  839.000000  0.000169 
839.000000  840.000000  0.000168 
840.000000  841.000000  0.000168 
841.000000  842.000000  0.000168 
842.000000  843.000000  0.000167 
843.000000  844.000000  0.000167 
844.000000  845.000000  0.000167 
845.000000  846.000000  0.000166 
846.000000  847.000000  0.000166 
847.000000  848.000000  0.000165 
848.000000  849.000000  0.000165 
849.000000  850.000000  0.000165 
850.000000  851.000000  0.000164 
851.000000  852.000000  0.000164 
852.000000  853.000000  0.000164 
853.000000  854.000000  0.000163 
854.000000  855.000000  0.000163 
855.000000  856.000000  0.000163 
856.000000  857.000000  0.000162 
857.000000  858.000000  0.000162 
858.000000  859.000000  0.000162 
859.000000  860.000000  0.000161 
860.000000  861.000000  0.000161 
861.000000  862.000000  0.000161 
862.000000  863.000000  0.000160 
863.000000  864.000000  0.000160 
864.000000  865.000000  0.000160 
865.000000  866.000000  0.000159 
866.000000  867.000000  0.000159 
867.000000  868.000000  0.000159 
868.000000  869.000000  0.000158 
869.000000  870.000000  0.000158 
870.000000  871.000000  0.000158 
871.000000  872.000000  0.000158 
872.000000  873.000000  0.000157 
873.000000  874.000000  0.000157 
874.000000  875.000000  0.000157 
875.000000  876.000000  0.000156 
876.000000  877.000000  0.000156 
877.000000  878.000000  0.000156 
878.000000  879.000000  0.000155 
879.000000  880.000000  0.000155 
880.000000  881.000000  0.000155 
881.000000  882.000000  0.000155 
882.000000  883.000000  0.000154 
883.000000  884.000000  0.000154 
884.000000  885.000000  0.000154 
885.000000  886.000000  0.000153 
886.000000  887.000000  0.000153 
887.000000  888.000000  0.000153 
888.000000  889.000000  0.000153 
889.000000  890.000000  0.000152 
890.000000  891.000000  0.000152 
891.000000  892.000000  0.000152 
892.000000  893.000000  0.000152 
893.000000  894.000000  0.000151 
894.000000  895.000000  0.000151 
895.000000  896.000000  0.000151 
896.000000  897.000000  0.000151 
897.000000  898.000000  0.000150 
898.000000  899.000000  0.000150 
899.000000  900.000000  0.000150 
900.000000  901.000000  0.000150 
901.000000  902.000000  0.000149 
902.000000  903.000000  0.000149 
903.000000  904.000000  0.000149 
904.000000  905.000000  0.000149 
905.000000  906.000000  0.000148 
906.000000  907.000000  0.000148 
907.000000  908.000000  0.000148 
908.000000  909.000000  0.000148 
909.000000  910.000000  0.000147 
910.000000  911.000000  0.000147 
911.000000  912.000000  0.000147 
912.000000  913.000000  0.000147 
913.000000  914.000000  0.000146 
914.000000  915.000000  0.000146 
915.000000  916.000000  0.000146 
916.000000  917.000000  0.000146 
917.000000  918.000000  0.000146 
918.000000  919.000000  0.000145 
919.000000  920.000000  0.000145 
920.000000  921.000000  0.000145 
921.000000  922.000000  0.000145 
922.000000  923.000000  0.000144 
923.000000  924.000000  0.000144 
924.000000  925.000000  0.000144 
925.000000  926.000000  0.000144 
926.000000  927.000000  0.000144 
927.000000  928.000000  0.000143 
928.000000  929.000000  0.000143 
929.000000  930.000000  0.000143 
930.000000  931.000000  0.000143 
931.000000  932.000000  0.000143 
932.000000  933.000000  0.000142 
933.000000  934.000000  0.000142 
934.000000  935.000000  0.000142 
935.000000  936.000000  0.000142 
936.000000  937.000000  0.000142 
937.000000  938.000000  0.000141 
938.000000  939.000000  0.000141 
939.000000  940.000000  0.000141 
940.000000  941.000000  0.000141 
941.000000  942.000000  0.000141 
942.000000  943.000000  0.000140 
943.000000  944.000000  0.000140 
944.000000  945.000000  0.000140 
945.000000  946.000000  0.000140 
946.000000  947.000000  0.000140 
947.000000  948.000000  0.000140 
948.000000  949.000000  0.000139 
