20.000000  21.000000  0.000371 
21.000000  22.000000  0.000400 
22.000000  23.000000  0.000427 
23.000000  24.000000  0.000451 
24.000000  25.000000  0.000473 
25.000000  26.000000  0.000492 
26.000000  27.000000  0.000508 
27.000000  28.000000  0.000523 
28.000000  29.000000  0.000535 
29.000000  30.000000  0.000544 
30.000000  31.000000  0.000552 
31.000000  32.000000  0.000558 
32.000000  33.000000  0.000563 
33.000000  34.000000  0.000566 
34.000000  35.000000  0.000569 
35.000000  36.000000  0.000570 
36.000000  37.000000  0.000570 
37.000000  38.000000  0.000570 
38.000000  39.000000  0.000570 
39.000000  40.000000  0.000569 
40.000000  41.000000  0.000568 
41.000000  42.000000  0.000567 
42.000000  43.000000  0.000566 
43.000000  44.000000  0.000565 
44.000000  45.000000  0.000564 
45.000000  46.000000  0.000564 
46.000000  47.000000  0.000563 
47.000000  48.000000  0.000562 
48.000000  49.000000  0.000562 
49.000000  50.000000  0.000562 
50.000000  51.000000  0.000563 
51.000000  52.000000  0.000563 
52.000000  53.000000  0.000564 
53.000000  54.000000  0.000565 
54.000000  55.000000  0.000566 
55.000000  56.000000  0.000567 
56.000000  57.000000  0.000568 
57.000000  58.000000  0.000570 
58.000000  59.000000  0.000572 
59.000000  60.000000  0.000574 
60.000000  61.000000  0.000576 
61.000000  62.000000  0.000578 
62.000000  63.000000  0.000580 
63.000000  64.000000  0.000582 
64.000000  65.000000  0.000584 
65.000000  66.000000  0.000586 
66.000000  67.000000  0.000589 
67.000000  68.000000  0.000591 
68.000000  69.000000  0.000593 
69.000000  70.000000  0.000595 
70.000000  71.000000  0.000597 
71.000000  72.000000  0.000600 
72.000000  73.000000  0.000602 
73.000000  74.000000  0.000604 
74.000000  75.000000  0.000605 
75.000000  76.000000  0.000607 
76.000000  77.000000  0.000609 
77.000000  78.000000  0.000611 
78.000000  79.000000  0.000612 
79.000000  80.000000  0.000613 
80.000000  81.000000  0.000615 
81.000000  82.000000  0.000616 
82.000000  83.000000  0.000617 
83.000000  84.000000  0.000617 
84.000000  85.000000  0.000618 
85.000000  86.000000  0.000618 
86.000000  87.000000  0.000619 
87.000000  88.000000  0.000619 
88.000000  89.000000  0.000619 
89.000000  90.000000  0.000618 
90.000000  91.000000  0.000618 
91.000000  92.000000  0.000617 
92.000000  93.000000  0.000617 
93.000000  94.000000  0.000616 
94.000000  95.000000  0.000615 
95.000000  96.000000  0.000614 
96.000000  97.000000  0.000612 
97.000000  98.000000  0.000610 
98.000000  99.000000  0.000609 
99.000000  100.000000  0.000607 
100.000000  101.000000  0.000605 
101.000000  102.000000  0.000602 
102.000000  103.000000  0.000600 
103.000000  104.000000  0.000597 
104.000000  105.000000  0.000595 
105.000000  106.000000  0.000592 
106.000000  107.000000  0.000589 
107.000000  108.000000  0.000586 
108.000000  109.000000  0.000583 
109.000000  110.000000  0.000579 
110.000000  111.000000  0.000576 
111.000000  112.000000  0.000572 
112.000000  113.000000  0.000568 
113.000000  114.000000  0.000565 
114.000000  115.000000  0.000561 
115.000000  116.000000  0.000557 
116.000000  117.000000  0.000553 
117.000000  118.000000  0.000549 
118.000000  119.000000  0.000544 
119.000000  120.000000  0.000540 
120.000000  121.000000  0.000536 
121.000000  122.000000  0.000531 
122.000000  123.000000  0.000527 
123.000000  124.000000  0.000522 
124.000000  125.000000  0.000518 
125.000000  126.000000  0.000513 
126.000000  127.000000  0.000508 
127.000000  128.000000  0.000504 
128.000000  129.000000  0.000499 
129.000000  130.000000  0.000494 
130.000000  131.000000  0.000490 
131.000000  132.000000  0.000485 
132.000000  133.000000  0.000480 
133.000000  134.000000  0.000475 
134.000000  135.000000  0.000471 
135.000000  136.000000  0.000466 
136.000000  137.000000  0.000461 
137.000000  138.000000  0.000457 
138.000000  139.000000  0.000452 
139.000000  140.000000  0.000447 
140.000000  141.000000  0.000443 
141.000000  142.000000  0.000438 
142.000000  143.000000  0.000433 
143.000000  144.000000  0.000429 
144.000000  145.000000  0.000424 
145.000000  146.000000  0.000420 
146.000000  147.000000  0.000415 
147.000000  148.000000  0.000411 
148.000000  149.000000  0.000407 
149.000000  150.000000  0.000402 
150.000000  151.000000  0.000398 
151.000000  152.000000  0.000394 
152.000000  153.000000  0.000389 
153.000000  154.000000  0.000385 
154.000000  155.000000  0.000381 
155.000000  156.000000  0.000377 
156.000000  157.000000  0.000373 
157.000000  158.000000  0.000369 
158.000000  159.000000  0.000365 
159.000000  160.000000  0.000361 
160.000000  161.000000  0.000357 
161.000000  162.000000  0.000354 
162.000000  163.000000  0.000350 
163.000000  164.000000  0.000346 
164.000000  165.000000  0.000343 
165.000000  166.000000  0.000339 
166.000000  167.000000  0.000336 
167.000000  168.000000  0.000332 
168.000000  169.000000  0.000329 
169.000000  170.000000  0.000326 
170.000000  171.000000  0.000322 
171.000000  172.000000  0.000319 
172.000000  173.000000  0.000316 
173.000000  174.000000  0.000313 
174.000000  175.000000  0.000310 
175.000000  176.000000  0.000307 
176.000000  177.000000  0.000304 
177.000000  178.000000  0.000301 
178.000000  179.000000  0.000298 
179.000000  180.000000  0.000295 
180.000000  181.000000  0.000292 
181.000000  182.000000  0.000290 
182.000000  183.000000  0.000287 
183.000000  184.000000  0.000284 
184.000000  185.000000  0.000282 
185.000000  186.000000  0.000279 
186.000000  187.000000  0.000277 
187.000000  188.000000  0.000274 
188.000000  189.000000  0.000272 
189.000000  190.000000  0.000270 
190.000000  191.000000  0.000267 
191.000000  192.000000  0.000265 
192.000000  193.000000  0.000263 
193.000000  194.000000  0.000261 
194.000000  195.000000  0.000259 
195.000000  196.000000  0.000256 
196.000000  197.000000  0.000254 
197.000000  198.000000  0.000252 
198.000000  199.000000  0.000251 
199.000000  200.000000  0.000249 
200.000000  201.000000  0.000247 
201.000000  202.000000  0.000245 
202.000000  203.000000  0.000243 
203.000000  204.000000  0.000241 
204.000000  205.000000  0.000240 
205.000000  206.000000  0.000238 
206.000000  207.000000  0.000236 
207.000000  208.000000  0.000235 
208.000000  209.000000  0.000233 
209.000000  210.000000  0.000232 
210.000000  211.000000  0.000230 
211.000000  212.000000  0.000229 
212.000000  213.000000  0.000227 
213.000000  214.000000  0.000226 
214.000000  215.000000  0.000224 
215.000000  216.000000  0.000223 
216.000000  217.000000  0.000222 
217.000000  218.000000  0.000220 
218.000000  219.000000  0.000219 
219.000000  220.000000  0.000218 
220.000000  221.000000  0.000217 
221.000000  222.000000  0.000215 
222.000000  223.000000  0.000214 
223.000000  224.000000  0.000213 
224.000000  225.000000  0.000212 
225.000000  226.000000  0.000211 
226.000000  227.000000  0.000210 
227.000000  228.000000  0.000209 
228.000000  229.000000  0.000208 
229.000000  230.000000  0.000207 
230.000000  231.000000  0.000206 
231.000000  232.000000  0.000205 
232.000000  233.000000  0.000204 
233.000000  234.000000  0.000204 
234.000000  235.000000  0.000203 
235.000000  236.000000  0.000202 
236.000000  237.000000  0.000201 
237.000000  238.000000  0.000201 
238.000000  239.000000  0.000200 
239.000000  240.000000  0.000199 
240.000000  241.000000  0.000198 
241.000000  242.000000  0.000198 
242.000000  243.000000  0.000197 
243.000000  244.000000  0.000197 
244.000000  245.000000  0.000196 
245.000000  246.000000  0.000195 
246.000000  247.000000  0.000195 
247.000000  248.000000  0.000194 
248.000000  249.000000  0.000194 
249.000000  250.000000  0.000193 
250.000000  251.000000  0.000193 
251.000000  252.000000  0.000192 
252.000000  253.000000  0.000192 
253.000000  254.000000  0.000192 
254.000000  255.000000  0.000191 
255.000000  256.000000  0.000191 
256.000000  257.000000  0.000190 
257.000000  258.000000  0.000190 
258.000000  259.000000  0.000190 
259.000000  260.000000  0.000190 
260.000000  261.000000  0.000189 
261.000000  262.000000  0.000189 
262.000000  263.000000  0.000189 
263.000000  264.000000  0.000189 
264.000000  265.000000  0.000188 
265.000000  266.000000  0.000188 
266.000000  267.000000  0.000188 
267.000000  268.000000  0.000188 
268.000000  269.000000  0.000188 
269.000000  270.000000  0.000188 
270.000000  271.000000  0.000188 
271.000000  272.000000  0.000187 
272.000000  273.000000  0.000187 
273.000000  274.000000  0.000187 
274.000000  275.000000  0.000187 
275.000000  276.000000  0.000187 
276.000000  277.000000  0.000187 
277.000000  278.000000  0.000187 
278.000000  279.000000  0.000187 
279.000000  280.000000  0.000187 
280.000000  281.000000  0.000187 
281.000000  282.000000  0.000187 
282.000000  283.000000  0.000187 
283.000000  284.000000  0.000188 
284.000000  285.000000  0.000188 
285.000000  286.000000  0.000188 
286.000000  287.000000  0.000188 
287.000000  288.000000  0.000188 
288.000000  289.000000  0.000188 
289.000000  290.000000  0.000188 
290.000000  291.000000  0.000188 
291.000000  292.000000  0.000189 
292.000000  293.000000  0.000189 
293.000000  294.000000  0.000189 
294.000000  295.000000  0.000189 
295.000000  296.000000  0.000189 
296.000000  297.000000  0.000190 
297.000000  298.000000  0.000190 
298.000000  299.000000  0.000190 
299.000000  300.000000  0.000191 
300.000000  301.000000  0.000191 
301.000000  302.000000  0.000191 
302.000000  303.000000  0.000191 
303.000000  304.000000  0.000192 
304.000000  305.000000  0.000192 
305.000000  306.000000  0.000192 
306.000000  307.000000  0.000193 
307.000000  308.000000  0.000193 
308.000000  309.000000  0.000193 
309.000000  310.000000  0.000194 
310.000000  311.000000  0.000194 
311.000000  312.000000  0.000195 
312.000000  313.000000  0.000195 
313.000000  314.000000  0.000195 
314.000000  315.000000  0.000196 
315.000000  316.000000  0.000196 
316.000000  317.000000  0.000197 
317.000000  318.000000  0.000197 
318.000000  319.000000  0.000197 
319.000000  320.000000  0.000198 
320.000000  321.000000  0.000198 
321.000000  322.000000  0.000199 
322.000000  323.000000  0.000199 
323.000000  324.000000  0.000200 
324.000000  325.000000  0.000200 
325.000000  326.000000  0.000201 
326.000000  327.000000  0.000201 
327.000000  328.000000  0.000202 
328.000000  329.000000  0.000202 
329.000000  330.000000  0.000203 
330.000000  331.000000  0.000203 
331.000000  332.000000  0.000204 
332.000000  333.000000  0.000204 
333.000000  334.000000  0.000205 
334.000000  335.000000  0.000205 
335.000000  336.000000  0.000206 
336.000000  337.000000  0.000206 
337.000000  338.000000  0.000207 
338.000000  339.000000  0.000207 
339.000000  340.000000  0.000208 
340.000000  341.000000  0.000209 
341.000000  342.000000  0.000209 
342.000000  343.000000  0.000210 
343.000000  344.000000  0.000210 
344.000000  345.000000  0.000211 
345.000000  346.000000  0.000211 
346.000000  347.000000  0.000212 
347.000000  348.000000  0.000213 
348.000000  349.000000  0.000213 
349.000000  350.000000  0.000214 
350.000000  351.000000  0.000214 
351.000000  352.000000  0.000215 
352.000000  353.000000  0.000215 
353.000000  354.000000  0.000216 
354.000000  355.000000  0.000217 
355.000000  356.000000  0.000217 
356.000000  357.000000  0.000218 
357.000000  358.000000  0.000218 
358.000000  359.000000  0.000219 
359.000000  360.000000  0.000220 
360.000000  361.000000  0.000220 
361.000000  362.000000  0.000221 
362.000000  363.000000  0.000222 
363.000000  364.000000  0.000222 
364.000000  365.000000  0.000223 
365.000000  366.000000  0.000223 
366.000000  367.000000  0.000224 
367.000000  368.000000  0.000225 
368.000000  369.000000  0.000225 
369.000000  370.000000  0.000226 
370.000000  371.000000  0.000226 
371.000000  372.000000  0.000227 
372.000000  373.000000  0.000228 
373.000000  374.000000  0.000228 
374.000000  375.000000  0.000229 
375.000000  376.000000  0.000230 
376.000000  377.000000  0.000230 
377.000000  378.000000  0.000231 
378.000000  379.000000  0.000231 
379.000000  380.000000  0.000232 
380.000000  381.000000  0.000233 
381.000000  382.000000  0.000233 
382.000000  383.000000  0.000234 
383.000000  384.000000  0.000234 
384.000000  385.000000  0.000235 
385.000000  386.000000  0.000236 
386.000000  387.000000  0.000236 
387.000000  388.000000  0.000237 
388.000000  389.000000  0.000238 
389.000000  390.000000  0.000238 
390.000000  391.000000  0.000239 
391.000000  392.000000  0.000239 
392.000000  393.000000  0.000240 
393.000000  394.000000  0.000241 
394.000000  395.000000  0.000241 
395.000000  396.000000  0.000242 
396.000000  397.000000  0.000242 
397.000000  398.000000  0.000243 
398.000000  399.000000  0.000244 
399.000000  400.000000  0.000244 
400.000000  401.000000  0.000245 
401.000000  402.000000  0.000245 
402.000000  403.000000  0.000246 
403.000000  404.000000  0.000247 
404.000000  405.000000  0.000247 
405.000000  406.000000  0.000248 
406.000000  407.000000  0.000248 
407.000000  408.000000  0.000249 
408.000000  409.000000  0.000250 
409.000000  410.000000  0.000250 
410.000000  411.000000  0.000251 
411.000000  412.000000  0.000251 
412.000000  413.000000  0.000252 
413.000000  414.000000  0.000252 
414.000000  415.000000  0.000253 
415.000000  416.000000  0.000254 
416.000000  417.000000  0.000254 
417.000000  418.000000  0.000255 
418.000000  419.000000  0.000255 
419.000000  420.000000  0.000256 
420.000000  421.000000  0.000256 
421.000000  422.000000  0.000257 
422.000000  423.000000  0.000257 
423.000000  424.000000  0.000258 
424.000000  425.000000  0.000259 
425.000000  426.000000  0.000259 
426.000000  427.000000  0.000260 
427.000000  428.000000  0.000260 
428.000000  429.000000  0.000261 
429.000000  430.000000  0.000261 
430.000000  431.000000  0.000262 
431.000000  432.000000  0.000262 
432.000000  433.000000  0.000263 
433.000000  434.000000  0.000263 
434.000000  435.000000  0.000264 
435.000000  436.000000  0.000264 
436.000000  437.000000  0.000265 
437.000000  438.000000  0.000265 
438.000000  439.000000  0.000266 
439.000000  440.000000  0.000266 
440.000000  441.000000  0.000267 
441.000000  442.000000  0.000267 
442.000000  443.000000  0.000268 
443.000000  444.000000  0.000268 
444.000000  445.000000  0.000269 
445.000000  446.000000  0.000269 
446.000000  447.000000  0.000270 
447.000000  448.000000  0.000270 
448.000000  449.000000  0.000271 
449.000000  450.000000  0.000271 
450.000000  451.000000  0.000272 
451.000000  452.000000  0.000272 
452.000000  453.000000  0.000273 
453.000000  454.000000  0.000273 
454.000000  455.000000  0.000274 
455.000000  456.000000  0.000274 
456.000000  457.000000  0.000275 
457.000000  458.000000  0.000275 
458.000000  459.000000  0.000276 
459.000000  460.000000  0.000276 
460.000000  461.000000  0.000276 
461.000000  462.000000  0.000277 
462.000000  463.000000  0.000277 
463.000000  464.000000  0.000278 
464.000000  465.000000  0.000278 
465.000000  466.000000  0.000279 
466.000000  467.000000  0.000279 
467.000000  468.000000  0.000280 
468.000000  469.000000  0.000280 
469.000000  470.000000  0.000280 
470.000000  471.000000  0.000281 
471.000000  472.000000  0.000281 
472.000000  473.000000  0.000282 
473.000000  474.000000  0.000282 
474.000000  475.000000  0.000282 
475.000000  476.000000  0.000283 
476.000000  477.000000  0.000283 
477.000000  478.000000  0.000284 
478.000000  479.000000  0.000284 
479.000000  480.000000  0.000284 
480.000000  481.000000  0.000285 
481.000000  482.000000  0.000285 
482.000000  483.000000  0.000286 
483.000000  484.000000  0.000286 
484.000000  485.000000  0.000286 
485.000000  486.000000  0.000287 
486.000000  487.000000  0.000287 
487.000000  488.000000  0.000287 
488.000000  489.000000  0.000288 
489.000000  490.000000  0.000288 
490.000000  491.000000  0.000289 
491.000000  492.000000  0.000289 
492.000000  493.000000  0.000289 
493.000000  494.000000  0.000290 
494.000000  495.000000  0.000290 
495.000000  496.000000  0.000290 
496.000000  497.000000  0.000291 
497.000000  498.000000  0.000291 
498.000000  499.000000  0.000291 
499.000000  500.000000  0.000292 
500.000000  501.000000  0.000292 
501.000000  502.000000  0.000292 
502.000000  503.000000  0.000293 
503.000000  504.000000  0.000293 
504.000000  505.000000  0.000293 
505.000000  506.000000  0.000294 
506.000000  507.000000  0.000294 
507.000000  508.000000  0.000294 
508.000000  509.000000  0.000295 
509.000000  510.000000  0.000295 
510.000000  511.000000  0.000295 
511.000000  512.000000  0.000296 
512.000000  513.000000  0.000296 
513.000000  514.000000  0.000296 
514.000000  515.000000  0.000296 
515.000000  516.000000  0.000297 
516.000000  517.000000  0.000297 
517.000000  518.000000  0.000297 
518.000000  519.000000  0.000298 
519.000000  520.000000  0.000298 
520.000000  521.000000  0.000298 
521.000000  522.000000  0.000298 
522.000000  523.000000  0.000299 
523.000000  524.000000  0.000299 
524.000000  525.000000  0.000299 
525.000000  526.000000  0.000300 
526.000000  527.000000  0.000300 
527.000000  528.000000  0.000300 
528.000000  529.000000  0.000300 
529.000000  530.000000  0.000301 
530.000000  531.000000  0.000301 
531.000000  532.000000  0.000301 
532.000000  533.000000  0.000301 
533.000000  534.000000  0.000302 
534.000000  535.000000  0.000302 
535.000000  536.000000  0.000302 
536.000000  537.000000  0.000302 
537.000000  538.000000  0.000303 
538.000000  539.000000  0.000303 
539.000000  540.000000  0.000303 
540.000000  541.000000  0.000303 
541.000000  542.000000  0.000304 
542.000000  543.000000  0.000304 
543.000000  544.000000  0.000304 
544.000000  545.000000  0.000304 
545.000000  546.000000  0.000305 
546.000000  547.000000  0.000305 
547.000000  548.000000  0.000305 
548.000000  549.000000  0.000305 
549.000000  550.000000  0.000305 
550.000000  551.000000  0.000306 
551.000000  552.000000  0.000306 
552.000000  553.000000  0.000306 
553.000000  554.000000  0.000306 
554.000000  555.000000  0.000307 
555.000000  556.000000  0.000307 
556.000000  557.000000  0.000307 
557.000000  558.000000  0.000307 
558.000000  559.000000  0.000307 
559.000000  560.000000  0.000308 
560.000000  561.000000  0.000308 
561.000000  562.000000  0.000308 
562.000000  563.000000  0.000308 
563.000000  564.000000  0.000308 
564.000000  565.000000  0.000309 
565.000000  566.000000  0.000309 
566.000000  567.000000  0.000309 
567.000000  568.000000  0.000309 
568.000000  569.000000  0.000309 
569.000000  570.000000  0.000309 
570.000000  571.000000  0.000310 
571.000000  572.000000  0.000310 
572.000000  573.000000  0.000310 
573.000000  574.000000  0.000310 
574.000000  575.000000  0.000310 
575.000000  576.000000  0.000311 
576.000000  577.000000  0.000311 
577.000000  578.000000  0.000311 
578.000000  579.000000  0.000311 
579.000000  580.000000  0.000311 
580.000000  581.000000  0.000311 
581.000000  582.000000  0.000312 
582.000000  583.000000  0.000312 
583.000000  584.000000  0.000312 
584.000000  585.000000  0.000312 
585.000000  586.000000  0.000312 
586.000000  587.000000  0.000312 
587.000000  588.000000  0.000312 
588.000000  589.000000  0.000313 
589.000000  590.000000  0.000313 
590.000000  591.000000  0.000313 
591.000000  592.000000  0.000313 
592.000000  593.000000  0.000313 
593.000000  594.000000  0.000313 
594.000000  595.000000  0.000314 
595.000000  596.000000  0.000314 
596.000000  597.000000  0.000314 
597.000000  598.000000  0.000314 
598.000000  599.000000  0.000314 
599.000000  600.000000  0.000314 
600.000000  601.000000  0.000314 
601.000000  602.000000  0.000315 
602.000000  603.000000  0.000315 
603.000000  604.000000  0.000315 
604.000000  605.000000  0.000315 
605.000000  606.000000  0.000315 
606.000000  607.000000  0.000315 
607.000000  608.000000  0.000315 
608.000000  609.000000  0.000315 
609.000000  610.000000  0.000316 
610.000000  611.000000  0.000316 
611.000000  612.000000  0.000316 
612.000000  613.000000  0.000316 
613.000000  614.000000  0.000316 
614.000000  615.000000  0.000316 
615.000000  616.000000  0.000316 
616.000000  617.000000  0.000316 
617.000000  618.000000  0.000317 
618.000000  619.000000  0.000317 
619.000000  620.000000  0.000317 
620.000000  621.000000  0.000317 
621.000000  622.000000  0.000317 
622.000000  623.000000  0.000317 
623.000000  624.000000  0.000317 
624.000000  625.000000  0.000317 
625.000000  626.000000  0.000317 
626.000000  627.000000  0.000318 
627.000000  628.000000  0.000318 
628.000000  629.000000  0.000318 
629.000000  630.000000  0.000318 
630.000000  631.000000  0.000318 
631.000000  632.000000  0.000318 
632.000000  633.000000  0.000318 
633.000000  634.000000  0.000318 
634.000000  635.000000  0.000318 
635.000000  636.000000  0.000318 
636.000000  637.000000  0.000319 
637.000000  638.000000  0.000319 
638.000000  639.000000  0.000319 
639.000000  640.000000  0.000319 
640.000000  641.000000  0.000319 
641.000000  642.000000  0.000319 
642.000000  643.000000  0.000319 
643.000000  644.000000  0.000319 
644.000000  645.000000  0.000319 
645.000000  646.000000  0.000319 
646.000000  647.000000  0.000319 
647.000000  648.000000  0.000320 
648.000000  649.000000  0.000320 
649.000000  650.000000  0.000320 
650.000000  651.000000  0.000320 
651.000000  652.000000  0.000320 
652.000000  653.000000  0.000320 
653.000000  654.000000  0.000320 
654.000000  655.000000  0.000320 
655.000000  656.000000  0.000320 
656.000000  657.000000  0.000320 
657.000000  658.000000  0.000320 
658.000000  659.000000  0.000320 
659.000000  660.000000  0.000321 
660.000000  661.000000  0.000321 
661.000000  662.000000  0.000321 
662.000000  663.000000  0.000321 
663.000000  664.000000  0.000321 
664.000000  665.000000  0.000321 
665.000000  666.000000  0.000321 
666.000000  667.000000  0.000321 
667.000000  668.000000  0.000321 
668.000000  669.000000  0.000321 
669.000000  670.000000  0.000321 
670.000000  671.000000  0.000321 
671.000000  672.000000  0.000321 
672.000000  673.000000  0.000321 
673.000000  674.000000  0.000322 
674.000000  675.000000  0.000322 
675.000000  676.000000  0.000322 
676.000000  677.000000  0.000322 
677.000000  678.000000  0.000322 
678.000000  679.000000  0.000322 
679.000000  680.000000  0.000322 
680.000000  681.000000  0.000322 
681.000000  682.000000  0.000322 
682.000000  683.000000  0.000322 
683.000000  684.000000  0.000322 
684.000000  685.000000  0.000322 
685.000000  686.000000  0.000322 
686.000000  687.000000  0.000322 
687.000000  688.000000  0.000322 
688.000000  689.000000  0.000322 
689.000000  690.000000  0.000322 
690.000000  691.000000  0.000323 
691.000000  692.000000  0.000323 
692.000000  693.000000  0.000323 
693.000000  694.000000  0.000323 
694.000000  695.000000  0.000323 
695.000000  696.000000  0.000323 
696.000000  697.000000  0.000323 
697.000000  698.000000  0.000323 
698.000000  699.000000  0.000323 
699.000000  700.000000  0.000323 
700.000000  701.000000  0.000323 
701.000000  702.000000  0.000323 
702.000000  703.000000  0.000323 
703.000000  704.000000  0.000323 
704.000000  705.000000  0.000323 
705.000000  706.000000  0.000323 
706.000000  707.000000  0.000323 
707.000000  708.000000  0.000323 
708.000000  709.000000  0.000323 
709.000000  710.000000  0.000324 
710.000000  711.000000  0.000324 
711.000000  712.000000  0.000324 
712.000000  713.000000  0.000324 
713.000000  714.000000  0.000324 
714.000000  715.000000  0.000324 
715.000000  716.000000  0.000324 
716.000000  717.000000  0.000324 
717.000000  718.000000  0.000324 
718.000000  719.000000  0.000324 
719.000000  720.000000  0.000324 
720.000000  721.000000  0.000324 
721.000000  722.000000  0.000324 
722.000000  723.000000  0.000324 
723.000000  724.000000  0.000324 
724.000000  725.000000  0.000324 
725.000000  726.000000  0.000324 
726.000000  727.000000  0.000324 
727.000000  728.000000  0.000324 
728.000000  729.000000  0.000324 
729.000000  730.000000  0.000324 
730.000000  731.000000  0.000324 
731.000000  732.000000  0.000324 
732.000000  733.000000  0.000325 
733.000000  734.000000  0.000325 
734.000000  735.000000  0.000325 
735.000000  736.000000  0.000325 
736.000000  737.000000  0.000325 
737.000000  738.000000  0.000325 
738.000000  739.000000  0.000325 
739.000000  740.000000  0.000325 
740.000000  741.000000  0.000325 
741.000000  742.000000  0.000325 
742.000000  743.000000  0.000325 
743.000000  744.000000  0.000325 
744.000000  745.000000  0.000325 
745.000000  746.000000  0.000325 
746.000000  747.000000  0.000325 
747.000000  748.000000  0.000325 
748.000000  749.000000  0.000325 
749.000000  750.000000  0.000325 
750.000000  751.000000  0.000325 
751.000000  752.000000  0.000325 
752.000000  753.000000  0.000325 
753.000000  754.000000  0.000325 
754.000000  755.000000  0.000325 
755.000000  756.000000  0.000325 
756.000000  757.000000  0.000325 
757.000000  758.000000  0.000325 
758.000000  759.000000  0.000325 
759.000000  760.000000  0.000325 
760.000000  761.000000  0.000325 
761.000000  762.000000  0.000325 
762.000000  763.000000  0.000325 
763.000000  764.000000  0.000326 
764.000000  765.000000  0.000326 
765.000000  766.000000  0.000326 
766.000000  767.000000  0.000326 
767.000000  768.000000  0.000326 
768.000000  769.000000  0.000326 
769.000000  770.000000  0.000326 
770.000000  771.000000  0.000326 
771.000000  772.000000  0.000326 
772.000000  773.000000  0.000326 
773.000000  774.000000  0.000326 
774.000000  775.000000  0.000326 
775.000000  776.000000  0.000326 
776.000000  777.000000  0.000326 
777.000000  778.000000  0.000326 
778.000000  779.000000  0.000326 
779.000000  780.000000  0.000326 
780.000000  781.000000  0.000326 
781.000000  782.000000  0.000326 
782.000000  783.000000  0.000326 
783.000000  784.000000  0.000326 
784.000000  785.000000  0.000326 
785.000000  786.000000  0.000326 
786.000000  787.000000  0.000326 
787.000000  788.000000  0.000326 
788.000000  789.000000  0.000326 
789.000000  790.000000  0.000326 
790.000000  791.000000  0.000326 
791.000000  792.000000  0.000326 
792.000000  793.000000  0.000326 
793.000000  794.000000  0.000326 
794.000000  795.000000  0.000326 
795.000000  796.000000  0.000326 
796.000000  797.000000  0.000326 
797.000000  798.000000  0.000326 
798.000000  799.000000  0.000326 
799.000000  800.000000  0.000326 
800.000000  801.000000  0.000326 
801.000000  802.000000  0.000326 
802.000000  803.000000  0.000326 
803.000000  804.000000  0.000326 
804.000000  805.000000  0.000326 
805.000000  806.000000  0.000327 
806.000000  807.000000  0.000327 
807.000000  808.000000  0.000327 
808.000000  809.000000  0.000327 
809.000000  810.000000  0.000327 
810.000000  811.000000  0.000327 
811.000000  812.000000  0.000327 
812.000000  813.000000  0.000327 
813.000000  814.000000  0.000327 
814.000000  815.000000  0.000327 
815.000000  816.000000  0.000327 
816.000000  817.000000  0.000327 
817.000000  818.000000  0.000327 
818.000000  819.000000  0.000327 
819.000000  820.000000  0.000327 
820.000000  821.000000  0.000327 
821.000000  822.000000  0.000327 
822.000000  823.000000  0.000327 
823.000000  824.000000  0.000327 
824.000000  825.000000  0.000327 
825.000000  826.000000  0.000327 
826.000000  827.000000  0.000327 
827.000000  828.000000  0.000327 
828.000000  829.000000  0.000327 
829.000000  830.000000  0.000327 
830.000000  831.000000  0.000327 
831.000000  832.000000  0.000327 
832.000000  833.000000  0.000327 
833.000000  834.000000  0.000327 
834.000000  835.000000  0.000327 
835.000000  836.000000  0.000327 
836.000000  837.000000  0.000327 
837.000000  838.000000  0.000327 
838.000000  839.000000  0.000327 
839.000000  840.000000  0.000327 
840.000000  841.000000  0.000327 
841.000000  842.000000  0.000327 
842.000000  843.000000  0.000327 
843.000000  844.000000  0.000327 
844.000000  845.000000  0.000327 
845.000000  846.000000  0.000327 
846.000000  847.000000  0.000327 
847.000000  848.000000  0.000327 
848.000000  849.000000  0.000327 
849.000000  850.000000  0.000327 
850.000000  851.000000  0.000327 
851.000000  852.000000  0.000327 
852.000000  853.000000  0.000327 
853.000000  854.000000  0.000327 
854.000000  855.000000  0.000327 
855.000000  856.000000  0.000327 
856.000000  857.000000  0.000327 
857.000000  858.000000  0.000327 
858.000000  859.000000  0.000327 
859.000000  860.000000  0.000327 
860.000000  861.000000  0.000327 
861.000000  862.000000  0.000327 
862.000000  863.000000  0.000327 
863.000000  864.000000  0.000327 
864.000000  865.000000  0.000327 
865.000000  866.000000  0.000327 
866.000000  867.000000  0.000327 
867.000000  868.000000  0.000327 
868.000000  869.000000  0.000327 
869.000000  870.000000  0.000327 
870.000000  871.000000  0.000327 
871.000000  872.000000  0.000327 
872.000000  873.000000  0.000327 
873.000000  874.000000  0.000327 
874.000000  875.000000  0.000327 
875.000000  876.000000  0.000327 
876.000000  877.000000  0.000327 
877.000000  878.000000  0.000328 
878.000000  879.000000  0.000328 
879.000000  880.000000  0.000328 
880.000000  881.000000  0.000328 
881.000000  882.000000  0.000328 
882.000000  883.000000  0.000328 
883.000000  884.000000  0.000328 
884.000000  885.000000  0.000328 
885.000000  886.000000  0.000328 
886.000000  887.000000  0.000328 
887.000000  888.000000  0.000328 
888.000000  889.000000  0.000328 
889.000000  890.000000  0.000328 
890.000000  891.000000  0.000328 
891.000000  892.000000  0.000328 
892.000000  893.000000  0.000328 
893.000000  894.000000  0.000328 
894.000000  895.000000  0.000328 
895.000000  896.000000  0.000328 
896.000000  897.000000  0.000328 
897.000000  898.000000  0.000328 
898.000000  899.000000  0.000328 
899.000000  900.000000  0.000328 
900.000000  901.000000  0.000328 
901.000000  902.000000  0.000328 
902.000000  903.000000  0.000328 
903.000000  904.000000  0.000328 
904.000000  905.000000  0.000328 
905.000000  906.000000  0.000328 
906.000000  907.000000  0.000328 
907.000000  908.000000  0.000328 
908.000000  909.000000  0.000328 
909.000000  910.000000  0.000328 
910.000000  911.000000  0.000328 
911.000000  912.000000  0.000328 
912.000000  913.000000  0.000328 
913.000000  914.000000  0.000328 
914.000000  915.000000  0.000328 
915.000000  916.000000  0.000328 
916.000000  917.000000  0.000328 
917.000000  918.000000  0.000328 
918.000000  919.000000  0.000328 
919.000000  920.000000  0.000328 
920.000000  921.000000  0.000328 
921.000000  922.000000  0.000328 
922.000000  923.000000  0.000328 
923.000000  924.000000  0.000328 
924.000000  925.000000  0.000328 
925.000000  926.000000  0.000328 
926.000000  927.000000  0.000328 
927.000000  928.000000  0.000328 
928.000000  929.000000  0.000328 
929.000000  930.000000  0.000328 
930.000000  931.000000  0.000328 
931.000000  932.000000  0.000328 
932.000000  933.000000  0.000328 
933.000000  934.000000  0.000328 
934.000000  935.000000  0.000328 
935.000000  936.000000  0.000328 
936.000000  937.000000  0.000328 
937.000000  938.000000  0.000328 
938.000000  939.000000  0.000328 
939.000000  940.000000  0.000328 
940.000000  941.000000  0.000328 
941.000000  942.000000  0.000328 
942.000000  943.000000  0.000328 
943.000000  944.000000  0.000328 
944.000000  945.000000  0.000328 
945.000000  946.000000  0.000328 
946.000000  947.000000  0.000328 
947.000000  948.000000  0.000328 
948.000000  949.000000  0.000328 
