20.000000  21.000000  0.000027 
21.000000  22.000000  0.000031 
22.000000  23.000000  0.000035 
23.000000  24.000000  0.000039 
24.000000  25.000000  0.000044 
25.000000  26.000000  0.000048 
26.000000  27.000000  0.000053 
27.000000  28.000000  0.000058 
28.000000  29.000000  0.000063 
29.000000  30.000000  0.000068 
30.000000  31.000000  0.000073 
31.000000  32.000000  0.000079 
32.000000  33.000000  0.000084 
33.000000  34.000000  0.000090 
34.000000  35.000000  0.000096 
35.000000  36.000000  0.000101 
36.000000  37.000000  0.000107 
37.000000  38.000000  0.000113 
38.000000  39.000000  0.000119 
39.000000  40.000000  0.000125 
40.000000  41.000000  0.000132 
41.000000  42.000000  0.000138 
42.000000  43.000000  0.000144 
43.000000  44.000000  0.000150 
44.000000  45.000000  0.000157 
45.000000  46.000000  0.000163 
46.000000  47.000000  0.000169 
47.000000  48.000000  0.000175 
48.000000  49.000000  0.000182 
49.000000  50.000000  0.000188 
50.000000  51.000000  0.000194 
51.000000  52.000000  0.000200 
52.000000  53.000000  0.000206 
53.000000  54.000000  0.000212 
54.000000  55.000000  0.000218 
55.000000  56.000000  0.000223 
56.000000  57.000000  0.000229 
57.000000  58.000000  0.000234 
58.000000  59.000000  0.000240 
59.000000  60.000000  0.000245 
60.000000  61.000000  0.000250 
61.000000  62.000000  0.000255 
62.000000  63.000000  0.000260 
63.000000  64.000000  0.000265 
64.000000  65.000000  0.000270 
65.000000  66.000000  0.000274 
66.000000  67.000000  0.000279 
67.000000  68.000000  0.000283 
68.000000  69.000000  0.000287 
69.000000  70.000000  0.000291 
70.000000  71.000000  0.000295 
71.000000  72.000000  0.000299 
72.000000  73.000000  0.000303 
73.000000  74.000000  0.000306 
74.000000  75.000000  0.000310 
75.000000  76.000000  0.000313 
76.000000  77.000000  0.000316 
77.000000  78.000000  0.000319 
78.000000  79.000000  0.000322 
79.000000  80.000000  0.000325 
80.000000  81.000000  0.000328 
81.000000  82.000000  0.000330 
82.000000  83.000000  0.000333 
83.000000  84.000000  0.000335 
84.000000  85.000000  0.000338 
85.000000  86.000000  0.000340 
86.000000  87.000000  0.000342 
87.000000  88.000000  0.000344 
88.000000  89.000000  0.000346 
89.000000  90.000000  0.000348 
90.000000  91.000000  0.000350 
91.000000  92.000000  0.000352 
92.000000  93.000000  0.000354 
93.000000  94.000000  0.000356 
94.000000  95.000000  0.000357 
95.000000  96.000000  0.000359 
96.000000  97.000000  0.000360 
97.000000  98.000000  0.000362 
98.000000  99.000000  0.000363 
99.000000  100.000000  0.000365 
100.000000  101.000000  0.000366 
101.000000  102.000000  0.000367 
102.000000  103.000000  0.000368 
103.000000  104.000000  0.000370 
104.000000  105.000000  0.000371 
105.000000  106.000000  0.000372 
106.000000  107.000000  0.000373 
107.000000  108.000000  0.000374 
108.000000  109.000000  0.000375 
109.000000  110.000000  0.000376 
110.000000  111.000000  0.000377 
111.000000  112.000000  0.000378 
112.000000  113.000000  0.000379 
113.000000  114.000000  0.000380 
114.000000  115.000000  0.000381 
115.000000  116.000000  0.000381 
116.000000  117.000000  0.000382 
117.000000  118.000000  0.000383 
118.000000  119.000000  0.000384 
119.000000  120.000000  0.000385 
120.000000  121.000000  0.000385 
121.000000  122.000000  0.000386 
122.000000  123.000000  0.000387 
123.000000  124.000000  0.000388 
124.000000  125.000000  0.000388 
125.000000  126.000000  0.000389 
126.000000  127.000000  0.000390 
127.000000  128.000000  0.000390 
128.000000  129.000000  0.000391 
129.000000  130.000000  0.000392 
130.000000  131.000000  0.000392 
131.000000  132.000000  0.000393 
132.000000  133.000000  0.000394 
133.000000  134.000000  0.000394 
134.000000  135.000000  0.000395 
135.000000  136.000000  0.000395 
136.000000  137.000000  0.000396 
137.000000  138.000000  0.000397 
138.000000  139.000000  0.000397 
139.000000  140.000000  0.000398 
140.000000  141.000000  0.000398 
141.000000  142.000000  0.000399 
142.000000  143.000000  0.000399 
143.000000  144.000000  0.000400 
144.000000  145.000000  0.000400 
145.000000  146.000000  0.000401 
146.000000  147.000000  0.000401 
147.000000  148.000000  0.000402 
148.000000  149.000000  0.000402 
149.000000  150.000000  0.000403 
150.000000  151.000000  0.000403 
151.000000  152.000000  0.000404 
152.000000  153.000000  0.000404 
153.000000  154.000000  0.000405 
154.000000  155.000000  0.000405 
155.000000  156.000000  0.000406 
156.000000  157.000000  0.000406 
157.000000  158.000000  0.000407 
158.000000  159.000000  0.000407 
159.000000  160.000000  0.000408 
160.000000  161.000000  0.000408 
161.000000  162.000000  0.000408 
162.000000  163.000000  0.000409 
163.000000  164.000000  0.000409 
164.000000  165.000000  0.000410 
165.000000  166.000000  0.000410 
166.000000  167.000000  0.000411 
167.000000  168.000000  0.000411 
168.000000  169.000000  0.000411 
169.000000  170.000000  0.000412 
170.000000  171.000000  0.000412 
171.000000  172.000000  0.000413 
172.000000  173.000000  0.000413 
173.000000  174.000000  0.000413 
174.000000  175.000000  0.000414 
175.000000  176.000000  0.000414 
176.000000  177.000000  0.000415 
177.000000  178.000000  0.000415 
178.000000  179.000000  0.000415 
179.000000  180.000000  0.000416 
180.000000  181.000000  0.000416 
181.000000  182.000000  0.000416 
182.000000  183.000000  0.000417 
183.000000  184.000000  0.000417 
184.000000  185.000000  0.000417 
185.000000  186.000000  0.000418 
186.000000  187.000000  0.000418 
187.000000  188.000000  0.000418 
188.000000  189.000000  0.000419 
189.000000  190.000000  0.000419 
190.000000  191.000000  0.000419 
191.000000  192.000000  0.000420 
192.000000  193.000000  0.000420 
193.000000  194.000000  0.000420 
194.000000  195.000000  0.000420 
195.000000  196.000000  0.000421 
196.000000  197.000000  0.000421 
197.000000  198.000000  0.000421 
198.000000  199.000000  0.000422 
199.000000  200.000000  0.000422 
200.000000  201.000000  0.000422 
201.000000  202.000000  0.000422 
202.000000  203.000000  0.000423 
203.000000  204.000000  0.000423 
204.000000  205.000000  0.000423 
205.000000  206.000000  0.000423 
206.000000  207.000000  0.000424 
207.000000  208.000000  0.000424 
208.000000  209.000000  0.000424 
209.000000  210.000000  0.000424 
210.000000  211.000000  0.000425 
211.000000  212.000000  0.000425 
212.000000  213.000000  0.000425 
213.000000  214.000000  0.000425 
214.000000  215.000000  0.000426 
215.000000  216.000000  0.000426 
216.000000  217.000000  0.000426 
217.000000  218.000000  0.000426 
218.000000  219.000000  0.000427 
219.000000  220.000000  0.000427 
220.000000  221.000000  0.000427 
221.000000  222.000000  0.000427 
222.000000  223.000000  0.000427 
223.000000  224.000000  0.000428 
224.000000  225.000000  0.000428 
225.000000  226.000000  0.000428 
226.000000  227.000000  0.000428 
227.000000  228.000000  0.000429 
228.000000  229.000000  0.000429 
229.000000  230.000000  0.000429 
230.000000  231.000000  0.000429 
231.000000  232.000000  0.000429 
232.000000  233.000000  0.000430 
233.000000  234.000000  0.000430 
234.000000  235.000000  0.000430 
235.000000  236.000000  0.000430 
236.000000  237.000000  0.000431 
237.000000  238.000000  0.000431 
238.000000  239.000000  0.000431 
239.000000  240.000000  0.000431 
240.000000  241.000000  0.000432 
241.000000  242.000000  0.000432 
242.000000  243.000000  0.000432 
243.000000  244.000000  0.000432 
244.000000  245.000000  0.000432 
245.000000  246.000000  0.000433 
246.000000  247.000000  0.000433 
247.000000  248.000000  0.000433 
248.000000  249.000000  0.000433 
249.000000  250.000000  0.000434 
250.000000  251.000000  0.000434 
251.000000  252.000000  0.000434 
252.000000  253.000000  0.000434 
253.000000  254.000000  0.000435 
254.000000  255.000000  0.000435 
255.000000  256.000000  0.000435 
256.000000  257.000000  0.000435 
257.000000  258.000000  0.000436 
258.000000  259.000000  0.000436 
259.000000  260.000000  0.000436 
260.000000  261.000000  0.000437 
261.000000  262.000000  0.000437 
262.000000  263.000000  0.000437 
263.000000  264.000000  0.000437 
264.000000  265.000000  0.000438 
265.000000  266.000000  0.000438 
266.000000  267.000000  0.000438 
267.000000  268.000000  0.000438 
268.000000  269.000000  0.000439 
269.000000  270.000000  0.000439 
270.000000  271.000000  0.000439 
271.000000  272.000000  0.000440 
272.000000  273.000000  0.000440 
273.000000  274.000000  0.000440 
274.000000  275.000000  0.000441 
275.000000  276.000000  0.000441 
276.000000  277.000000  0.000441 
277.000000  278.000000  0.000442 
278.000000  279.000000  0.000442 
279.000000  280.000000  0.000442 
280.000000  281.000000  0.000443 
281.000000  282.000000  0.000443 
282.000000  283.000000  0.000443 
283.000000  284.000000  0.000444 
284.000000  285.000000  0.000444 
285.000000  286.000000  0.000444 
286.000000  287.000000  0.000445 
287.000000  288.000000  0.000445 
288.000000  289.000000  0.000445 
289.000000  290.000000  0.000446 
290.000000  291.000000  0.000446 
291.000000  292.000000  0.000446 
292.000000  293.000000  0.000447 
293.000000  294.000000  0.000447 
294.000000  295.000000  0.000447 
295.000000  296.000000  0.000448 
296.000000  297.000000  0.000448 
297.000000  298.000000  0.000449 
298.000000  299.000000  0.000449 
299.000000  300.000000  0.000449 
300.000000  301.000000  0.000450 
301.000000  302.000000  0.000450 
302.000000  303.000000  0.000451 
303.000000  304.000000  0.000451 
304.000000  305.000000  0.000451 
305.000000  306.000000  0.000452 
306.000000  307.000000  0.000452 
307.000000  308.000000  0.000453 
308.000000  309.000000  0.000453 
309.000000  310.000000  0.000453 
310.000000  311.000000  0.000454 
311.000000  312.000000  0.000454 
312.000000  313.000000  0.000455 
313.000000  314.000000  0.000455 
314.000000  315.000000  0.000456 
315.000000  316.000000  0.000456 
316.000000  317.000000  0.000457 
317.000000  318.000000  0.000457 
318.000000  319.000000  0.000457 
319.000000  320.000000  0.000458 
320.000000  321.000000  0.000458 
321.000000  322.000000  0.000459 
322.000000  323.000000  0.000459 
323.000000  324.000000  0.000460 
324.000000  325.000000  0.000460 
325.000000  326.000000  0.000461 
326.000000  327.000000  0.000461 
327.000000  328.000000  0.000462 
328.000000  329.000000  0.000462 
329.000000  330.000000  0.000462 
330.000000  331.000000  0.000463 
331.000000  332.000000  0.000463 
332.000000  333.000000  0.000464 
333.000000  334.000000  0.000464 
334.000000  335.000000  0.000465 
335.000000  336.000000  0.000465 
336.000000  337.000000  0.000466 
337.000000  338.000000  0.000466 
338.000000  339.000000  0.000467 
339.000000  340.000000  0.000467 
340.000000  341.000000  0.000468 
341.000000  342.000000  0.000468 
342.000000  343.000000  0.000469 
343.000000  344.000000  0.000469 
344.000000  345.000000  0.000470 
345.000000  346.000000  0.000470 
346.000000  347.000000  0.000471 
347.000000  348.000000  0.000471 
348.000000  349.000000  0.000472 
349.000000  350.000000  0.000472 
350.000000  351.000000  0.000473 
351.000000  352.000000  0.000473 
352.000000  353.000000  0.000474 
353.000000  354.000000  0.000474 
354.000000  355.000000  0.000475 
355.000000  356.000000  0.000475 
356.000000  357.000000  0.000476 
357.000000  358.000000  0.000476 
358.000000  359.000000  0.000477 
359.000000  360.000000  0.000477 
360.000000  361.000000  0.000478 
361.000000  362.000000  0.000478 
362.000000  363.000000  0.000479 
363.000000  364.000000  0.000479 
364.000000  365.000000  0.000480 
365.000000  366.000000  0.000480 
366.000000  367.000000  0.000481 
367.000000  368.000000  0.000481 
368.000000  369.000000  0.000482 
369.000000  370.000000  0.000482 
370.000000  371.000000  0.000483 
371.000000  372.000000  0.000483 
372.000000  373.000000  0.000484 
373.000000  374.000000  0.000484 
374.000000  375.000000  0.000485 
375.000000  376.000000  0.000485 
376.000000  377.000000  0.000486 
377.000000  378.000000  0.000486 
378.000000  379.000000  0.000487 
379.000000  380.000000  0.000487 
380.000000  381.000000  0.000488 
381.000000  382.000000  0.000488 
382.000000  383.000000  0.000489 
383.000000  384.000000  0.000489 
384.000000  385.000000  0.000490 
385.000000  386.000000  0.000490 
386.000000  387.000000  0.000491 
387.000000  388.000000  0.000491 
388.000000  389.000000  0.000492 
389.000000  390.000000  0.000492 
390.000000  391.000000  0.000493 
391.000000  392.000000  0.000493 
392.000000  393.000000  0.000494 
393.000000  394.000000  0.000494 
394.000000  395.000000  0.000495 
395.000000  396.000000  0.000495 
396.000000  397.000000  0.000496 
397.000000  398.000000  0.000496 
398.000000  399.000000  0.000497 
399.000000  400.000000  0.000497 
400.000000  401.000000  0.000497 
401.000000  402.000000  0.000498 
402.000000  403.000000  0.000498 
403.000000  404.000000  0.000499 
404.000000  405.000000  0.000499 
405.000000  406.000000  0.000500 
406.000000  407.000000  0.000500 
407.000000  408.000000  0.000501 
408.000000  409.000000  0.000501 
409.000000  410.000000  0.000502 
410.000000  411.000000  0.000502 
411.000000  412.000000  0.000503 
412.000000  413.000000  0.000503 
413.000000  414.000000  0.000504 
414.000000  415.000000  0.000504 
415.000000  416.000000  0.000505 
416.000000  417.000000  0.000505 
417.000000  418.000000  0.000505 
418.000000  419.000000  0.000506 
419.000000  420.000000  0.000506 
420.000000  421.000000  0.000507 
421.000000  422.000000  0.000507 
422.000000  423.000000  0.000508 
423.000000  424.000000  0.000508 
424.000000  425.000000  0.000509 
425.000000  426.000000  0.000509 
426.000000  427.000000  0.000509 
427.000000  428.000000  0.000510 
428.000000  429.000000  0.000510 
429.000000  430.000000  0.000511 
430.000000  431.000000  0.000511 
431.000000  432.000000  0.000512 
432.000000  433.000000  0.000512 
433.000000  434.000000  0.000512 
434.000000  435.000000  0.000513 
435.000000  436.000000  0.000513 
436.000000  437.000000  0.000514 
437.000000  438.000000  0.000514 
438.000000  439.000000  0.000515 
439.000000  440.000000  0.000515 
440.000000  441.000000  0.000515 
441.000000  442.000000  0.000516 
442.000000  443.000000  0.000516 
443.000000  444.000000  0.000517 
444.000000  445.000000  0.000517 
445.000000  446.000000  0.000517 
446.000000  447.000000  0.000518 
447.000000  448.000000  0.000518 
448.000000  449.000000  0.000519 
449.000000  450.000000  0.000519 
450.000000  451.000000  0.000519 
451.000000  452.000000  0.000520 
452.000000  453.000000  0.000520 
453.000000  454.000000  0.000521 
454.000000  455.000000  0.000521 
455.000000  456.000000  0.000521 
456.000000  457.000000  0.000522 
457.000000  458.000000  0.000522 
458.000000  459.000000  0.000522 
459.000000  460.000000  0.000523 
460.000000  461.000000  0.000523 
461.000000  462.000000  0.000524 
462.000000  463.000000  0.000524 
463.000000  464.000000  0.000524 
464.000000  465.000000  0.000525 
465.000000  466.000000  0.000525 
466.000000  467.000000  0.000525 
467.000000  468.000000  0.000526 
468.000000  469.000000  0.000526 
469.000000  470.000000  0.000526 
470.000000  471.000000  0.000527 
471.000000  472.000000  0.000527 
472.000000  473.000000  0.000527 
473.000000  474.000000  0.000528 
474.000000  475.000000  0.000528 
475.000000  476.000000  0.000529 
476.000000  477.000000  0.000529 
477.000000  478.000000  0.000529 
478.000000  479.000000  0.000530 
479.000000  480.000000  0.000530 
480.000000  481.000000  0.000530 
481.000000  482.000000  0.000531 
482.000000  483.000000  0.000531 
483.000000  484.000000  0.000531 
484.000000  485.000000  0.000531 
485.000000  486.000000  0.000532 
486.000000  487.000000  0.000532 
487.000000  488.000000  0.000532 
488.000000  489.000000  0.000533 
489.000000  490.000000  0.000533 
490.000000  491.000000  0.000533 
491.000000  492.000000  0.000534 
492.000000  493.000000  0.000534 
493.000000  494.000000  0.000534 
494.000000  495.000000  0.000535 
495.000000  496.000000  0.000535 
496.000000  497.000000  0.000535 
497.000000  498.000000  0.000535 
498.000000  499.000000  0.000536 
499.000000  500.000000  0.000536 
500.000000  501.000000  0.000536 
501.000000  502.000000  0.000537 
502.000000  503.000000  0.000537 
503.000000  504.000000  0.000537 
504.000000  505.000000  0.000537 
505.000000  506.000000  0.000538 
506.000000  507.000000  0.000538 
507.000000  508.000000  0.000538 
508.000000  509.000000  0.000539 
509.000000  510.000000  0.000539 
510.000000  511.000000  0.000539 
511.000000  512.000000  0.000539 
512.000000  513.000000  0.000540 
513.000000  514.000000  0.000540 
514.000000  515.000000  0.000540 
515.000000  516.000000  0.000540 
516.000000  517.000000  0.000541 
517.000000  518.000000  0.000541 
518.000000  519.000000  0.000541 
519.000000  520.000000  0.000541 
520.000000  521.000000  0.000542 
521.000000  522.000000  0.000542 
522.000000  523.000000  0.000542 
523.000000  524.000000  0.000542 
524.000000  525.000000  0.000543 
525.000000  526.000000  0.000543 
526.000000  527.000000  0.000543 
527.000000  528.000000  0.000543 
528.000000  529.000000  0.000544 
529.000000  530.000000  0.000544 
530.000000  531.000000  0.000544 
531.000000  532.000000  0.000544 
532.000000  533.000000  0.000545 
533.000000  534.000000  0.000545 
534.000000  535.000000  0.000545 
535.000000  536.000000  0.000545 
536.000000  537.000000  0.000545 
537.000000  538.000000  0.000546 
538.000000  539.000000  0.000546 
539.000000  540.000000  0.000546 
540.000000  541.000000  0.000546 
541.000000  542.000000  0.000546 
542.000000  543.000000  0.000547 
543.000000  544.000000  0.000547 
544.000000  545.000000  0.000547 
545.000000  546.000000  0.000547 
546.000000  547.000000  0.000548 
547.000000  548.000000  0.000548 
548.000000  549.000000  0.000548 
549.000000  550.000000  0.000548 
550.000000  551.000000  0.000548 
551.000000  552.000000  0.000549 
552.000000  553.000000  0.000549 
553.000000  554.000000  0.000549 
554.000000  555.000000  0.000549 
555.000000  556.000000  0.000549 
556.000000  557.000000  0.000549 
557.000000  558.000000  0.000550 
558.000000  559.000000  0.000550 
559.000000  560.000000  0.000550 
560.000000  561.000000  0.000550 
561.000000  562.000000  0.000550 
562.000000  563.000000  0.000551 
563.000000  564.000000  0.000551 
564.000000  565.000000  0.000551 
565.000000  566.000000  0.000551 
566.000000  567.000000  0.000551 
567.000000  568.000000  0.000551 
568.000000  569.000000  0.000552 
569.000000  570.000000  0.000552 
570.000000  571.000000  0.000552 
571.000000  572.000000  0.000552 
572.000000  573.000000  0.000552 
573.000000  574.000000  0.000552 
574.000000  575.000000  0.000553 
575.000000  576.000000  0.000553 
576.000000  577.000000  0.000553 
577.000000  578.000000  0.000553 
578.000000  579.000000  0.000553 
579.000000  580.000000  0.000553 
580.000000  581.000000  0.000554 
581.000000  582.000000  0.000554 
582.000000  583.000000  0.000554 
583.000000  584.000000  0.000554 
584.000000  585.000000  0.000554 
585.000000  586.000000  0.000554 
586.000000  587.000000  0.000554 
587.000000  588.000000  0.000555 
588.000000  589.000000  0.000555 
589.000000  590.000000  0.000555 
590.000000  591.000000  0.000555 
591.000000  592.000000  0.000555 
592.000000  593.000000  0.000555 
593.000000  594.000000  0.000555 
594.000000  595.000000  0.000556 
595.000000  596.000000  0.000556 
596.000000  597.000000  0.000556 
597.000000  598.000000  0.000556 
598.000000  599.000000  0.000556 
599.000000  600.000000  0.000556 
600.000000  601.000000  0.000556 
601.000000  602.000000  0.000556 
602.000000  603.000000  0.000557 
603.000000  604.000000  0.000557 
604.000000  605.000000  0.000557 
605.000000  606.000000  0.000557 
606.000000  607.000000  0.000557 
607.000000  608.000000  0.000557 
608.000000  609.000000  0.000557 
609.000000  610.000000  0.000557 
610.000000  611.000000  0.000558 
611.000000  612.000000  0.000558 
612.000000  613.000000  0.000558 
613.000000  614.000000  0.000558 
614.000000  615.000000  0.000558 
615.000000  616.000000  0.000558 
616.000000  617.000000  0.000558 
617.000000  618.000000  0.000558 
618.000000  619.000000  0.000558 
619.000000  620.000000  0.000559 
620.000000  621.000000  0.000559 
621.000000  622.000000  0.000559 
622.000000  623.000000  0.000559 
623.000000  624.000000  0.000559 
624.000000  625.000000  0.000559 
625.000000  626.000000  0.000559 
626.000000  627.000000  0.000559 
627.000000  628.000000  0.000559 
628.000000  629.000000  0.000560 
629.000000  630.000000  0.000560 
630.000000  631.000000  0.000560 
631.000000  632.000000  0.000560 
632.000000  633.000000  0.000560 
633.000000  634.000000  0.000560 
634.000000  635.000000  0.000560 
635.000000  636.000000  0.000560 
636.000000  637.000000  0.000560 
637.000000  638.000000  0.000560 
638.000000  639.000000  0.000560 
639.000000  640.000000  0.000561 
640.000000  641.000000  0.000561 
641.000000  642.000000  0.000561 
642.000000  643.000000  0.000561 
643.000000  644.000000  0.000561 
644.000000  645.000000  0.000561 
645.000000  646.000000  0.000561 
646.000000  647.000000  0.000561 
647.000000  648.000000  0.000561 
648.000000  649.000000  0.000561 
649.000000  650.000000  0.000561 
650.000000  651.000000  0.000561 
651.000000  652.000000  0.000562 
652.000000  653.000000  0.000562 
653.000000  654.000000  0.000562 
654.000000  655.000000  0.000562 
655.000000  656.000000  0.000562 
656.000000  657.000000  0.000562 
657.000000  658.000000  0.000562 
658.000000  659.000000  0.000562 
659.000000  660.000000  0.000562 
660.000000  661.000000  0.000562 
661.000000  662.000000  0.000562 
662.000000  663.000000  0.000562 
663.000000  664.000000  0.000562 
664.000000  665.000000  0.000563 
665.000000  666.000000  0.000563 
666.000000  667.000000  0.000563 
667.000000  668.000000  0.000563 
668.000000  669.000000  0.000563 
669.000000  670.000000  0.000563 
670.000000  671.000000  0.000563 
671.000000  672.000000  0.000563 
672.000000  673.000000  0.000563 
673.000000  674.000000  0.000563 
674.000000  675.000000  0.000563 
675.000000  676.000000  0.000563 
676.000000  677.000000  0.000563 
677.000000  678.000000  0.000563 
678.000000  679.000000  0.000563 
679.000000  680.000000  0.000564 
680.000000  681.000000  0.000564 
681.000000  682.000000  0.000564 
682.000000  683.000000  0.000564 
683.000000  684.000000  0.000564 
684.000000  685.000000  0.000564 
685.000000  686.000000  0.000564 
686.000000  687.000000  0.000564 
687.000000  688.000000  0.000564 
688.000000  689.000000  0.000564 
689.000000  690.000000  0.000564 
690.000000  691.000000  0.000564 
691.000000  692.000000  0.000564 
692.000000  693.000000  0.000564 
693.000000  694.000000  0.000564 
694.000000  695.000000  0.000564 
695.000000  696.000000  0.000564 
696.000000  697.000000  0.000565 
697.000000  698.000000  0.000565 
698.000000  699.000000  0.000565 
699.000000  700.000000  0.000565 
700.000000  701.000000  0.000565 
701.000000  702.000000  0.000565 
702.000000  703.000000  0.000565 
703.000000  704.000000  0.000565 
704.000000  705.000000  0.000565 
705.000000  706.000000  0.000565 
706.000000  707.000000  0.000565 
707.000000  708.000000  0.000565 
708.000000  709.000000  0.000565 
709.000000  710.000000  0.000565 
710.000000  711.000000  0.000565 
711.000000  712.000000  0.000565 
712.000000  713.000000  0.000565 
713.000000  714.000000  0.000565 
714.000000  715.000000  0.000565 
715.000000  716.000000  0.000565 
716.000000  717.000000  0.000565 
717.000000  718.000000  0.000566 
718.000000  719.000000  0.000566 
719.000000  720.000000  0.000566 
720.000000  721.000000  0.000566 
721.000000  722.000000  0.000566 
722.000000  723.000000  0.000566 
723.000000  724.000000  0.000566 
724.000000  725.000000  0.000566 
725.000000  726.000000  0.000566 
726.000000  727.000000  0.000566 
727.000000  728.000000  0.000566 
728.000000  729.000000  0.000566 
729.000000  730.000000  0.000566 
730.000000  731.000000  0.000566 
731.000000  732.000000  0.000566 
732.000000  733.000000  0.000566 
733.000000  734.000000  0.000566 
734.000000  735.000000  0.000566 
735.000000  736.000000  0.000566 
736.000000  737.000000  0.000566 
737.000000  738.000000  0.000566 
738.000000  739.000000  0.000566 
739.000000  740.000000  0.000566 
740.000000  741.000000  0.000566 
741.000000  742.000000  0.000566 
742.000000  743.000000  0.000567 
743.000000  744.000000  0.000567 
744.000000  745.000000  0.000567 
745.000000  746.000000  0.000567 
746.000000  747.000000  0.000567 
747.000000  748.000000  0.000567 
748.000000  749.000000  0.000567 
749.000000  750.000000  0.000567 
750.000000  751.000000  0.000567 
751.000000  752.000000  0.000567 
752.000000  753.000000  0.000567 
753.000000  754.000000  0.000567 
754.000000  755.000000  0.000567 
755.000000  756.000000  0.000567 
756.000000  757.000000  0.000567 
757.000000  758.000000  0.000567 
758.000000  759.000000  0.000567 
759.000000  760.000000  0.000567 
760.000000  761.000000  0.000567 
761.000000  762.000000  0.000567 
762.000000  763.000000  0.000567 
763.000000  764.000000  0.000567 
764.000000  765.000000  0.000567 
765.000000  766.000000  0.000567 
766.000000  767.000000  0.000567 
767.000000  768.000000  0.000567 
768.000000  769.000000  0.000567 
769.000000  770.000000  0.000567 
770.000000  771.000000  0.000567 
771.000000  772.000000  0.000567 
772.000000  773.000000  0.000567 
773.000000  774.000000  0.000567 
774.000000  775.000000  0.000567 
775.000000  776.000000  0.000567 
776.000000  777.000000  0.000567 
777.000000  778.000000  0.000568 
778.000000  779.000000  0.000568 
779.000000  780.000000  0.000568 
780.000000  781.000000  0.000568 
781.000000  782.000000  0.000568 
782.000000  783.000000  0.000568 
783.000000  784.000000  0.000568 
784.000000  785.000000  0.000568 
785.000000  786.000000  0.000568 
786.000000  787.000000  0.000568 
787.000000  788.000000  0.000568 
788.000000  789.000000  0.000568 
789.000000  790.000000  0.000568 
790.000000  791.000000  0.000568 
791.000000  792.000000  0.000568 
792.000000  793.000000  0.000568 
793.000000  794.000000  0.000568 
794.000000  795.000000  0.000568 
795.000000  796.000000  0.000568 
796.000000  797.000000  0.000568 
797.000000  798.000000  0.000568 
798.000000  799.000000  0.000568 
799.000000  800.000000  0.000568 
800.000000  801.000000  0.000568 
801.000000  802.000000  0.000568 
802.000000  803.000000  0.000568 
803.000000  804.000000  0.000568 
804.000000  805.000000  0.000568 
805.000000  806.000000  0.000568 
806.000000  807.000000  0.000568 
807.000000  808.000000  0.000568 
808.000000  809.000000  0.000568 
809.000000  810.000000  0.000568 
810.000000  811.000000  0.000568 
811.000000  812.000000  0.000568 
812.000000  813.000000  0.000568 
813.000000  814.000000  0.000568 
814.000000  815.000000  0.000568 
815.000000  816.000000  0.000568 
816.000000  817.000000  0.000568 
817.000000  818.000000  0.000568 
818.000000  819.000000  0.000568 
819.000000  820.000000  0.000568 
820.000000  821.000000  0.000568 
821.000000  822.000000  0.000568 
822.000000  823.000000  0.000568 
823.000000  824.000000  0.000568 
824.000000  825.000000  0.000568 
825.000000  826.000000  0.000568 
826.000000  827.000000  0.000568 
827.000000  828.000000  0.000569 
828.000000  829.000000  0.000569 
829.000000  830.000000  0.000569 
830.000000  831.000000  0.000569 
831.000000  832.000000  0.000569 
832.000000  833.000000  0.000569 
833.000000  834.000000  0.000569 
834.000000  835.000000  0.000569 
835.000000  836.000000  0.000569 
836.000000  837.000000  0.000569 
837.000000  838.000000  0.000569 
838.000000  839.000000  0.000569 
839.000000  840.000000  0.000569 
840.000000  841.000000  0.000569 
841.000000  842.000000  0.000569 
842.000000  843.000000  0.000569 
843.000000  844.000000  0.000569 
844.000000  845.000000  0.000569 
845.000000  846.000000  0.000569 
846.000000  847.000000  0.000569 
847.000000  848.000000  0.000569 
848.000000  849.000000  0.000569 
849.000000  850.000000  0.000569 
850.000000  851.000000  0.000569 
851.000000  852.000000  0.000569 
852.000000  853.000000  0.000569 
853.000000  854.000000  0.000569 
854.000000  855.000000  0.000569 
855.000000  856.000000  0.000569 
856.000000  857.000000  0.000569 
857.000000  858.000000  0.000569 
858.000000  859.000000  0.000569 
859.000000  860.000000  0.000569 
860.000000  861.000000  0.000569 
861.000000  862.000000  0.000569 
862.000000  863.000000  0.000569 
863.000000  864.000000  0.000569 
864.000000  865.000000  0.000569 
865.000000  866.000000  0.000569 
866.000000  867.000000  0.000569 
867.000000  868.000000  0.000569 
868.000000  869.000000  0.000569 
869.000000  870.000000  0.000569 
870.000000  871.000000  0.000569 
871.000000  872.000000  0.000569 
872.000000  873.000000  0.000569 
873.000000  874.000000  0.000569 
874.000000  875.000000  0.000569 
875.000000  876.000000  0.000569 
876.000000  877.000000  0.000569 
877.000000  878.000000  0.000569 
878.000000  879.000000  0.000569 
879.000000  880.000000  0.000569 
880.000000  881.000000  0.000569 
881.000000  882.000000  0.000569 
882.000000  883.000000  0.000569 
883.000000  884.000000  0.000569 
884.000000  885.000000  0.000569 
885.000000  886.000000  0.000569 
886.000000  887.000000  0.000569 
887.000000  888.000000  0.000569 
888.000000  889.000000  0.000569 
889.000000  890.000000  0.000569 
890.000000  891.000000  0.000569 
891.000000  892.000000  0.000569 
892.000000  893.000000  0.000569 
893.000000  894.000000  0.000569 
894.000000  895.000000  0.000569 
895.000000  896.000000  0.000569 
896.000000  897.000000  0.000569 
897.000000  898.000000  0.000569 
898.000000  899.000000  0.000569 
899.000000  900.000000  0.000569 
900.000000  901.000000  0.000569 
901.000000  902.000000  0.000569 
902.000000  903.000000  0.000569 
903.000000  904.000000  0.000569 
904.000000  905.000000  0.000569 
905.000000  906.000000  0.000569 
906.000000  907.000000  0.000569 
907.000000  908.000000  0.000569 
908.000000  909.000000  0.000569 
909.000000  910.000000  0.000569 
910.000000  911.000000  0.000569 
911.000000  912.000000  0.000569 
912.000000  913.000000  0.000569 
913.000000  914.000000  0.000569 
914.000000  915.000000  0.000569 
915.000000  916.000000  0.000569 
916.000000  917.000000  0.000569 
917.000000  918.000000  0.000569 
918.000000  919.000000  0.000569 
919.000000  920.000000  0.000569 
920.000000  921.000000  0.000569 
921.000000  922.000000  0.000569 
922.000000  923.000000  0.000569 
923.000000  924.000000  0.000569 
924.000000  925.000000  0.000569 
925.000000  926.000000  0.000569 
926.000000  927.000000  0.000569 
927.000000  928.000000  0.000569 
928.000000  929.000000  0.000569 
929.000000  930.000000  0.000569 
930.000000  931.000000  0.000569 
931.000000  932.000000  0.000569 
932.000000  933.000000  0.000569 
933.000000  934.000000  0.000569 
934.000000  935.000000  0.000569 
935.000000  936.000000  0.000570 
936.000000  937.000000  0.000570 
937.000000  938.000000  0.000570 
938.000000  939.000000  0.000570 
939.000000  940.000000  0.000570 
940.000000  941.000000  0.000570 
941.000000  942.000000  0.000570 
942.000000  943.000000  0.000570 
943.000000  944.000000  0.000570 
944.000000  945.000000  0.000570 
945.000000  946.000000  0.000570 
946.000000  947.000000  0.000570 
947.000000  948.000000  0.000570 
948.000000  949.000000  0.000570 
