17.000000  18.000000  0.000000 
18.000000  19.000000  0.000000 
19.000000  20.000000  0.000000 
20.000000  21.000000  0.000000 
21.000000  22.000000  0.000000 
22.000000  23.000000  0.000000 
23.000000  24.000000  0.000000 
24.000000  25.000000  0.000000 
25.000000  26.000000  0.000000 
26.000000  27.000000  0.000000 
27.000000  28.000000  0.000000 
28.000000  29.000000  0.000000 
29.000000  30.000000  0.000000 
30.000000  31.000000  0.000000 
31.000000  32.000000  0.000001 
32.000000  33.000000  0.000001 
33.000000  34.000000  0.000002 
34.000000  35.000000  0.000002 
35.000000  36.000000  0.000003 
36.000000  37.000000  0.000005 
37.000000  38.000000  0.000006 
38.000000  39.000000  0.000008 
39.000000  40.000000  0.000011 
40.000000  41.000000  0.000014 
41.000000  42.000000  0.000018 
42.000000  43.000000  0.000022 
43.000000  44.000000  0.000027 
44.000000  45.000000  0.000033 
45.000000  46.000000  0.000040 
46.000000  47.000000  0.000048 
47.000000  48.000000  0.000056 
48.000000  49.000000  0.000066 
49.000000  50.000000  0.000077 
50.000000  51.000000  0.000088 
51.000000  52.000000  0.000101 
52.000000  53.000000  0.000114 
53.000000  54.000000  0.000129 
54.000000  55.000000  0.000144 
55.000000  56.000000  0.000161 
56.000000  57.000000  0.000178 
57.000000  58.000000  0.000196 
58.000000  59.000000  0.000215 
59.000000  60.000000  0.000234 
60.000000  61.000000  0.000254 
61.000000  62.000000  0.000275 
62.000000  63.000000  0.000297 
63.000000  64.000000  0.000319 
64.000000  65.000000  0.000341 
65.000000  66.000000  0.000364 
66.000000  67.000000  0.000387 
67.000000  68.000000  0.000411 
68.000000  69.000000  0.000434 
69.000000  70.000000  0.000458 
70.000000  71.000000  0.000482 
71.000000  72.000000  0.000506 
72.000000  73.000000  0.000530 
73.000000  74.000000  0.000554 
74.000000  75.000000  0.000578 
75.000000  76.000000  0.000602 
76.000000  77.000000  0.000626 
77.000000  78.000000  0.000649 
78.000000  79.000000  0.000673 
79.000000  80.000000  0.000696 
80.000000  81.000000  0.000719 
81.000000  82.000000  0.000741 
82.000000  83.000000  0.000764 
83.000000  84.000000  0.000786 
84.000000  85.000000  0.000807 
85.000000  86.000000  0.000830 
86.000000  87.000000  0.000851 
87.000000  88.000000  0.000872 
88.000000  89.000000  0.000892 
89.000000  90.000000  0.000912 
90.000000  91.000000  0.000932 
91.000000  92.000000  0.000951 
92.000000  93.000000  0.000970 
93.000000  94.000000  0.000988 
94.000000  95.000000  0.001006 
95.000000  96.000000  0.001024 
96.000000  97.000000  0.001042 
97.000000  98.000000  0.001059 
98.000000  99.000000  0.001075 
99.000000  100.000000  0.001092 
100.000000  101.000000  0.001108 
101.000000  102.000000  0.001123 
102.000000  103.000000  0.001139 
103.000000  104.000000  0.001154 
104.000000  105.000000  0.001168 
105.000000  106.000000  0.001183 
106.000000  107.000000  0.001197 
107.000000  108.000000  0.001211 
108.000000  109.000000  0.001224 
109.000000  110.000000  0.001237 
110.000000  111.000000  0.001250 
111.000000  112.000000  0.001263 
112.000000  113.000000  0.001276 
113.000000  114.000000  0.001288 
114.000000  115.000000  0.001300 
115.000000  116.000000  0.001312 
116.000000  117.000000  0.001324 
117.000000  118.000000  0.001335 
118.000000  119.000000  0.001346 
119.000000  120.000000  0.001357 
120.000000  121.000000  0.001368 
121.000000  122.000000  0.001379 
122.000000  123.000000  0.001390 
123.000000  124.000000  0.001400 
124.000000  125.000000  0.001410 
125.000000  126.000000  0.001420 
126.000000  127.000000  0.001430 
127.000000  128.000000  0.001440 
128.000000  129.000000  0.001450 
129.000000  130.000000  0.001459 
130.000000  131.000000  0.001469 
131.000000  132.000000  0.001478 
132.000000  133.000000  0.001488 
133.000000  134.000000  0.001497 
134.000000  135.000000  0.001506 
135.000000  136.000000  0.001515 
136.000000  137.000000  0.001524 
137.000000  138.000000  0.001532 
138.000000  139.000000  0.001541 
139.000000  140.000000  0.001550 
140.000000  141.000000  0.001558 
141.000000  142.000000  0.001567 
142.000000  143.000000  0.001575 
143.000000  144.000000  0.001583 
144.000000  145.000000  0.001591 
145.000000  146.000000  0.001600 
146.000000  147.000000  0.001608 
147.000000  148.000000  0.001616 
148.000000  149.000000  0.001624 
149.000000  150.000000  0.001631 
150.000000  151.000000  0.001639 
151.000000  152.000000  0.001647 
152.000000  153.000000  0.001655 
153.000000  154.000000  0.001662 
154.000000  155.000000  0.001670 
155.000000  156.000000  0.001677 
156.000000  157.000000  0.001685 
157.000000  158.000000  0.001692 
158.000000  159.000000  0.001700 
159.000000  160.000000  0.001707 
160.000000  161.000000  0.001714 
161.000000  162.000000  0.001721 
162.000000  163.000000  0.001728 
163.000000  164.000000  0.001735 
164.000000  165.000000  0.001742 
165.000000  166.000000  0.001749 
166.000000  167.000000  0.001756 
167.000000  168.000000  0.001763 
168.000000  169.000000  0.001770 
169.000000  170.000000  0.001776 
170.000000  171.000000  0.001783 
171.000000  172.000000  0.001790 
172.000000  173.000000  0.001796 
173.000000  174.000000  0.001803 
174.000000  175.000000  0.001809 
175.000000  176.000000  0.001815 
176.000000  177.000000  0.001822 
177.000000  178.000000  0.001828 
178.000000  179.000000  0.001834 
179.000000  180.000000  0.001840 
180.000000  181.000000  0.001846 
181.000000  182.000000  0.001852 
182.000000  183.000000  0.001858 
183.000000  184.000000  0.001864 
184.000000  185.000000  0.001870 
185.000000  186.000000  0.001875 
186.000000  187.000000  0.001881 
187.000000  188.000000  0.001887 
188.000000  189.000000  0.001892 
189.000000  190.000000  0.001898 
190.000000  191.000000  0.001903 
191.000000  192.000000  0.001908 
192.000000  193.000000  0.001914 
193.000000  194.000000  0.001919 
194.000000  195.000000  0.001924 
195.000000  196.000000  0.001929 
196.000000  197.000000  0.001934 
197.000000  198.000000  0.001939 
198.000000  199.000000  0.001944 
199.000000  200.000000  0.001949 
200.000000  201.000000  0.001954 
201.000000  202.000000  0.001959 
202.000000  203.000000  0.001963 
203.000000  204.000000  0.001968 
204.000000  205.000000  0.001973 
205.000000  206.000000  0.001977 
206.000000  207.000000  0.001982 
207.000000  208.000000  0.001986 
208.000000  209.000000  0.001990 
209.000000  210.000000  0.001995 
210.000000  211.000000  0.001999 
211.000000  212.000000  0.002003 
212.000000  213.000000  0.002007 
213.000000  214.000000  0.002011 
214.000000  215.000000  0.002015 
215.000000  216.000000  0.002019 
216.000000  217.000000  0.002023 
217.000000  218.000000  0.002027 
218.000000  219.000000  0.002031 
219.000000  220.000000  0.002035 
220.000000  221.000000  0.002038 
221.000000  222.000000  0.002042 
222.000000  223.000000  0.002046 
223.000000  224.000000  0.002049 
224.000000  225.000000  0.002053 
225.000000  226.000000  0.002056 
226.000000  227.000000  0.002060 
227.000000  228.000000  0.002063 
228.000000  229.000000  0.002066 
229.000000  230.000000  0.002070 
230.000000  231.000000  0.002073 
231.000000  232.000000  0.002076 
232.000000  233.000000  0.002079 
233.000000  234.000000  0.002082 
234.000000  235.000000  0.002085 
235.000000  236.000000  0.002088 
236.000000  237.000000  0.002091 
237.000000  238.000000  0.002094 
238.000000  239.000000  0.002097 
239.000000  240.000000  0.002100 
240.000000  241.000000  0.002103 
241.000000  242.000000  0.002106 
242.000000  243.000000  0.002108 
243.000000  244.000000  0.002111 
244.000000  245.000000  0.002114 
245.000000  246.000000  0.002116 
246.000000  247.000000  0.002119 
247.000000  248.000000  0.002121 
248.000000  249.000000  0.002124 
249.000000  250.000000  0.002126 
250.000000  251.000000  0.002129 
251.000000  252.000000  0.002131 
252.000000  253.000000  0.002133 
253.000000  254.000000  0.002136 
254.000000  255.000000  0.002138 
255.000000  256.000000  0.002140 
256.000000  257.000000  0.002143 
257.000000  258.000000  0.002145 
258.000000  259.000000  0.002147 
259.000000  260.000000  0.002149 
260.000000  261.000000  0.002151 
261.000000  262.000000  0.002153 
262.000000  263.000000  0.002155 
263.000000  264.000000  0.002157 
264.000000  265.000000  0.002159 
265.000000  266.000000  0.002161 
266.000000  267.000000  0.002163 
267.000000  268.000000  0.002165 
268.000000  269.000000  0.002167 
269.000000  270.000000  0.002169 
270.000000  271.000000  0.002170 
271.000000  272.000000  0.002172 
272.000000  273.000000  0.002174 
273.000000  274.000000  0.002176 
274.000000  275.000000  0.002177 
275.000000  276.000000  0.002179 
276.000000  277.000000  0.002181 
277.000000  278.000000  0.002182 
278.000000  279.000000  0.002184 
279.000000  280.000000  0.002186 
280.000000  281.000000  0.002187 
281.000000  282.000000  0.002189 
282.000000  283.000000  0.002190 
283.000000  284.000000  0.002192 
284.000000  285.000000  0.002193 
285.000000  286.000000  0.002195 
286.000000  287.000000  0.002196 
287.000000  288.000000  0.002197 
288.000000  289.000000  0.002199 
289.000000  290.000000  0.002200 
290.000000  291.000000  0.002201 
291.000000  292.000000  0.002203 
292.000000  293.000000  0.002204 
293.000000  294.000000  0.002205 
294.000000  295.000000  0.002207 
295.000000  296.000000  0.002208 
296.000000  297.000000  0.002209 
297.000000  298.000000  0.002210 
298.000000  299.000000  0.002212 
299.000000  300.000000  0.002213 
300.000000  301.000000  0.002214 
301.000000  302.000000  0.002215 
302.000000  303.000000  0.002216 
303.000000  304.000000  0.002217 
304.000000  305.000000  0.002218 
305.000000  306.000000  0.002220 
306.000000  307.000000  0.002221 
307.000000  308.000000  0.002222 
308.000000  309.000000  0.002223 
309.000000  310.000000  0.002224 
310.000000  311.000000  0.002225 
311.000000  312.000000  0.002226 
312.000000  313.000000  0.002227 
313.000000  314.000000  0.002228 
314.000000  315.000000  0.002229 
315.000000  316.000000  0.002230 
316.000000  317.000000  0.002230 
317.000000  318.000000  0.002231 
318.000000  319.000000  0.002232 
319.000000  320.000000  0.002233 
320.000000  321.000000  0.002234 
321.000000  322.000000  0.002235 
322.000000  323.000000  0.002236 
323.000000  324.000000  0.002237 
324.000000  325.000000  0.002237 
325.000000  326.000000  0.002238 
326.000000  327.000000  0.002239 
327.000000  328.000000  0.002240 
328.000000  329.000000  0.002241 
329.000000  330.000000  0.002241 
330.000000  331.000000  0.002242 
331.000000  332.000000  0.002243 
332.000000  333.000000  0.002244 
333.000000  334.000000  0.002244 
334.000000  335.000000  0.002245 
335.000000  336.000000  0.002246 
336.000000  337.000000  0.002247 
337.000000  338.000000  0.002247 
338.000000  339.000000  0.002248 
339.000000  340.000000  0.002249 
340.000000  341.000000  0.002249 
341.000000  342.000000  0.002250 
342.000000  343.000000  0.002251 
343.000000  344.000000  0.002251 
344.000000  345.000000  0.002252 
345.000000  346.000000  0.002252 
346.000000  347.000000  0.002253 
347.000000  348.000000  0.002254 
348.000000  349.000000  0.002254 
349.000000  350.000000  0.002255 
350.000000  351.000000  0.002255 
351.000000  352.000000  0.002256 
352.000000  353.000000  0.002257 
353.000000  354.000000  0.002257 
354.000000  355.000000  0.002258 
355.000000  356.000000  0.002258 
356.000000  357.000000  0.002259 
357.000000  358.000000  0.002259 
358.000000  359.000000  0.002260 
359.000000  360.000000  0.002260 
360.000000  361.000000  0.002261 
361.000000  362.000000  0.002261 
362.000000  363.000000  0.002262 
363.000000  364.000000  0.002262 
364.000000  365.000000  0.002263 
365.000000  366.000000  0.002263 
366.000000  367.000000  0.002264 
367.000000  368.000000  0.002264 
368.000000  369.000000  0.002265 
369.000000  370.000000  0.002265 
370.000000  371.000000  0.002266 
371.000000  372.000000  0.002266 
372.000000  373.000000  0.002267 
373.000000  374.000000  0.002267 
374.000000  375.000000  0.002267 
375.000000  376.000000  0.002268 
376.000000  377.000000  0.002268 
377.000000  378.000000  0.002269 
378.000000  379.000000  0.002269 
379.000000  380.000000  0.002270 
380.000000  381.000000  0.002270 
381.000000  382.000000  0.002270 
382.000000  383.000000  0.002271 
383.000000  384.000000  0.002271 
384.000000  385.000000  0.002271 
385.000000  386.000000  0.002272 
386.000000  387.000000  0.002272 
387.000000  388.000000  0.002273 
388.000000  389.000000  0.002273 
389.000000  390.000000  0.002273 
390.000000  391.000000  0.002274 
391.000000  392.000000  0.002274 
392.000000  393.000000  0.002274 
393.000000  394.000000  0.002275 
394.000000  395.000000  0.002275 
395.000000  396.000000  0.002275 
396.000000  397.000000  0.002276 
397.000000  398.000000  0.002276 
398.000000  399.000000  0.002276 
399.000000  400.000000  0.002277 
400.000000  401.000000  0.002277 
401.000000  402.000000  0.002277 
402.000000  403.000000  0.002278 
403.000000  404.000000  0.002278 
404.000000  405.000000  0.002278 
405.000000  406.000000  0.002278 
406.000000  407.000000  0.002279 
407.000000  408.000000  0.002279 
408.000000  409.000000  0.002279 
409.000000  410.000000  0.002280 
410.000000  411.000000  0.002280 
411.000000  412.000000  0.002280 
412.000000  413.000000  0.002280 
413.000000  414.000000  0.002281 
414.000000  415.000000  0.002281 
415.000000  416.000000  0.002281 
416.000000  417.000000  0.002281 
417.000000  418.000000  0.002282 
418.000000  419.000000  0.002282 
419.000000  420.000000  0.002282 
420.000000  421.000000  0.002282 
421.000000  422.000000  0.002283 
422.000000  423.000000  0.002283 
423.000000  424.000000  0.002283 
424.000000  425.000000  0.002283 
425.000000  426.000000  0.002284 
426.000000  427.000000  0.002284 
427.000000  428.000000  0.002284 
428.000000  429.000000  0.002284 
429.000000  430.000000  0.002285 
430.000000  431.000000  0.002285 
431.000000  432.000000  0.002285 
432.000000  433.000000  0.002285 
433.000000  434.000000  0.002285 
434.000000  435.000000  0.002286 
435.000000  436.000000  0.002286 
436.000000  437.000000  0.002286 
437.000000  438.000000  0.002286 
438.000000  439.000000  0.002286 
439.000000  440.000000  0.002287 
440.000000  441.000000  0.002287 
441.000000  442.000000  0.002287 
442.000000  443.000000  0.002287 
443.000000  444.000000  0.002287 
444.000000  445.000000  0.002288 
445.000000  446.000000  0.002288 
446.000000  447.000000  0.002288 
447.000000  448.000000  0.002288 
448.000000  449.000000  0.002288 
449.000000  450.000000  0.002289 
450.000000  451.000000  0.002289 
451.000000  452.000000  0.002289 
452.000000  453.000000  0.002289 
453.000000  454.000000  0.002289 
454.000000  455.000000  0.002289 
455.000000  456.000000  0.002290 
456.000000  457.000000  0.002290 
457.000000  458.000000  0.002290 
458.000000  459.000000  0.002290 
459.000000  460.000000  0.002290 
460.000000  461.000000  0.002290 
461.000000  462.000000  0.002290 
462.000000  463.000000  0.002291 
463.000000  464.000000  0.002291 
464.000000  465.000000  0.002291 
465.000000  466.000000  0.002291 
466.000000  467.000000  0.002291 
467.000000  468.000000  0.002291 
468.000000  469.000000  0.002292 
469.000000  470.000000  0.002292 
470.000000  471.000000  0.002292 
471.000000  472.000000  0.002292 
472.000000  473.000000  0.002292 
473.000000  474.000000  0.002292 
474.000000  475.000000  0.002292 
475.000000  476.000000  0.002292 
476.000000  477.000000  0.002293 
477.000000  478.000000  0.002293 
478.000000  479.000000  0.002293 
479.000000  480.000000  0.002293 
480.000000  481.000000  0.002293 
481.000000  482.000000  0.002293 
482.000000  483.000000  0.002293 
483.000000  484.000000  0.002294 
484.000000  485.000000  0.002294 
485.000000  486.000000  0.002294 
486.000000  487.000000  0.002294 
487.000000  488.000000  0.002294 
488.000000  489.000000  0.002294 
489.000000  490.000000  0.002294 
490.000000  491.000000  0.002294 
491.000000  492.000000  0.002294 
492.000000  493.000000  0.002295 
493.000000  494.000000  0.002295 
494.000000  495.000000  0.002295 
495.000000  496.000000  0.002295 
496.000000  497.000000  0.002295 
497.000000  498.000000  0.002295 
498.000000  499.000000  0.002295 
499.000000  500.000000  0.002295 
500.000000  501.000000  0.002295 
501.000000  502.000000  0.002296 
502.000000  503.000000  0.002296 
503.000000  504.000000  0.002296 
504.000000  505.000000  0.002296 
505.000000  506.000000  0.002296 
506.000000  507.000000  0.002296 
507.000000  508.000000  0.002296 
508.000000  509.000000  0.002296 
509.000000  510.000000  0.002296 
510.000000  511.000000  0.002296 
511.000000  512.000000  0.002296 
512.000000  513.000000  0.002297 
513.000000  514.000000  0.002297 
514.000000  515.000000  0.002297 
515.000000  516.000000  0.002297 
516.000000  517.000000  0.002297 
517.000000  518.000000  0.002297 
518.000000  519.000000  0.002297 
519.000000  520.000000  0.002297 
520.000000  521.000000  0.002297 
521.000000  522.000000  0.002297 
522.000000  523.000000  0.002297 
523.000000  524.000000  0.002297 
524.000000  525.000000  0.002298 
525.000000  526.000000  0.002298 
526.000000  527.000000  0.002298 
527.000000  528.000000  0.002298 
528.000000  529.000000  0.002298 
529.000000  530.000000  0.002298 
530.000000  531.000000  0.002298 
531.000000  532.000000  0.002298 
532.000000  533.000000  0.002298 
533.000000  534.000000  0.002298 
534.000000  535.000000  0.002298 
535.000000  536.000000  0.002298 
536.000000  537.000000  0.002298 
537.000000  538.000000  0.002298 
538.000000  539.000000  0.002299 
539.000000  540.000000  0.002299 
540.000000  541.000000  0.002299 
541.000000  542.000000  0.002299 
542.000000  543.000000  0.002299 
543.000000  544.000000  0.002299 
544.000000  545.000000  0.002299 
545.000000  546.000000  0.002299 
546.000000  547.000000  0.002299 
547.000000  548.000000  0.002299 
548.000000  549.000000  0.002299 
549.000000  550.000000  0.002299 
550.000000  551.000000  0.002299 
551.000000  552.000000  0.002299 
552.000000  553.000000  0.002299 
553.000000  554.000000  0.002299 
554.000000  555.000000  0.002300 
555.000000  556.000000  0.002300 
556.000000  557.000000  0.002300 
557.000000  558.000000  0.002300 
558.000000  559.000000  0.002300 
559.000000  560.000000  0.002300 
560.000000  561.000000  0.002300 
561.000000  562.000000  0.002300 
562.000000  563.000000  0.002300 
563.000000  564.000000  0.002300 
564.000000  565.000000  0.002300 
565.000000  566.000000  0.002300 
566.000000  567.000000  0.002300 
567.000000  568.000000  0.002300 
568.000000  569.000000  0.002300 
569.000000  570.000000  0.002300 
570.000000  571.000000  0.002300 
571.000000  572.000000  0.002300 
572.000000  573.000000  0.002300 
573.000000  574.000000  0.002301 
574.000000  575.000000  0.002301 
575.000000  576.000000  0.002301 
576.000000  577.000000  0.002301 
577.000000  578.000000  0.002301 
578.000000  579.000000  0.002301 
579.000000  580.000000  0.002301 
580.000000  581.000000  0.002301 
581.000000  582.000000  0.002301 
582.000000  583.000000  0.002301 
583.000000  584.000000  0.002301 
584.000000  585.000000  0.002301 
585.000000  586.000000  0.002301 
586.000000  587.000000  0.002301 
587.000000  588.000000  0.002301 
588.000000  589.000000  0.002301 
589.000000  590.000000  0.002301 
590.000000  591.000000  0.002301 
591.000000  592.000000  0.002301 
592.000000  593.000000  0.002301 
593.000000  594.000000  0.002301 
594.000000  595.000000  0.002301 
595.000000  596.000000  0.002301 
596.000000  597.000000  0.002301 
597.000000  598.000000  0.002302 
598.000000  599.000000  0.002302 
599.000000  600.000000  0.002302 
600.000000  601.000000  0.002302 
601.000000  602.000000  0.002302 
602.000000  603.000000  0.002302 
603.000000  604.000000  0.002302 
604.000000  605.000000  0.002302 
605.000000  606.000000  0.002302 
606.000000  607.000000  0.002302 
607.000000  608.000000  0.002302 
608.000000  609.000000  0.002302 
609.000000  610.000000  0.002302 
610.000000  611.000000  0.002302 
611.000000  612.000000  0.002302 
612.000000  613.000000  0.002302 
613.000000  614.000000  0.002302 
614.000000  615.000000  0.002302 
615.000000  616.000000  0.002302 
616.000000  617.000000  0.002302 
617.000000  618.000000  0.002302 
618.000000  619.000000  0.002302 
619.000000  620.000000  0.002302 
620.000000  621.000000  0.002302 
621.000000  622.000000  0.002302 
622.000000  623.000000  0.002302 
623.000000  624.000000  0.002302 
624.000000  625.000000  0.002302 
625.000000  626.000000  0.002302 
626.000000  627.000000  0.002302 
627.000000  628.000000  0.002302 
628.000000  629.000000  0.002302 
629.000000  630.000000  0.002302 
630.000000  631.000000  0.002302 
631.000000  632.000000  0.002303 
632.000000  633.000000  0.002303 
633.000000  634.000000  0.002303 
634.000000  635.000000  0.002303 
635.000000  636.000000  0.002303 
636.000000  637.000000  0.002303 
637.000000  638.000000  0.002303 
638.000000  639.000000  0.002303 
639.000000  640.000000  0.002303 
640.000000  641.000000  0.002303 
641.000000  642.000000  0.002303 
642.000000  643.000000  0.002303 
643.000000  644.000000  0.002303 
644.000000  645.000000  0.002303 
645.000000  646.000000  0.002303 
646.000000  647.000000  0.002303 
647.000000  648.000000  0.002303 
648.000000  649.000000  0.002303 
649.000000  650.000000  0.002303 
650.000000  651.000000  0.002303 
651.000000  652.000000  0.002303 
652.000000  653.000000  0.002303 
653.000000  654.000000  0.002303 
654.000000  655.000000  0.002303 
655.000000  656.000000  0.002303 
656.000000  657.000000  0.002303 
657.000000  658.000000  0.002303 
658.000000  659.000000  0.002303 
659.000000  660.000000  0.002303 
660.000000  661.000000  0.002303 
661.000000  662.000000  0.002303 
662.000000  663.000000  0.002303 
663.000000  664.000000  0.002303 
664.000000  665.000000  0.002303 
665.000000  666.000000  0.002303 
666.000000  667.000000  0.002303 
667.000000  668.000000  0.002303 
668.000000  669.000000  0.002303 
669.000000  670.000000  0.002303 
670.000000  671.000000  0.002303 
671.000000  672.000000  0.002303 
672.000000  673.000000  0.002303 
673.000000  674.000000  0.002303 
674.000000  675.000000  0.002303 
675.000000  676.000000  0.002303 
676.000000  677.000000  0.002303 
677.000000  678.000000  0.002303 
678.000000  679.000000  0.002303 
679.000000  680.000000  0.002303 
680.000000  681.000000  0.002303 
681.000000  682.000000  0.002303 
682.000000  683.000000  0.002303 
683.000000  684.000000  0.002303 
684.000000  685.000000  0.002303 
685.000000  686.000000  0.002303 
686.000000  687.000000  0.002303 
687.000000  688.000000  0.002304 
688.000000  689.000000  0.002304 
689.000000  690.000000  0.002304 
690.000000  691.000000  0.002304 
691.000000  692.000000  0.002304 
692.000000  693.000000  0.002304 
693.000000  694.000000  0.002304 
694.000000  695.000000  0.002304 
695.000000  696.000000  0.002304 
696.000000  697.000000  0.002304 
697.000000  698.000000  0.002304 
698.000000  699.000000  0.002304 
699.000000  700.000000  0.002304 
700.000000  701.000000  0.002304 
701.000000  702.000000  0.002304 
702.000000  703.000000  0.002304 
703.000000  704.000000  0.002304 
704.000000  705.000000  0.002304 
705.000000  706.000000  0.002304 
706.000000  707.000000  0.002304 
707.000000  708.000000  0.002304 
708.000000  709.000000  0.002304 
709.000000  710.000000  0.002304 
710.000000  711.000000  0.002304 
711.000000  712.000000  0.002304 
712.000000  713.000000  0.002304 
713.000000  714.000000  0.002304 
714.000000  715.000000  0.002304 
715.000000  716.000000  0.002304 
716.000000  717.000000  0.002304 
717.000000  718.000000  0.002304 
718.000000  719.000000  0.002304 
719.000000  720.000000  0.002304 
720.000000  721.000000  0.002304 
721.000000  722.000000  0.002304 
722.000000  723.000000  0.002304 
723.000000  724.000000  0.002304 
724.000000  725.000000  0.002304 
725.000000  726.000000  0.002304 
726.000000  727.000000  0.002304 
727.000000  728.000000  0.002304 
728.000000  729.000000  0.002304 
729.000000  730.000000  0.002304 
730.000000  731.000000  0.002304 
731.000000  732.000000  0.002304 
732.000000  733.000000  0.002304 
733.000000  734.000000  0.002304 
734.000000  735.000000  0.002304 
735.000000  736.000000  0.002304 
736.000000  737.000000  0.002304 
737.000000  738.000000  0.002304 
738.000000  739.000000  0.002304 
739.000000  740.000000  0.002304 
740.000000  741.000000  0.002304 
741.000000  742.000000  0.002304 
742.000000  743.000000  0.002304 
743.000000  744.000000  0.002304 
744.000000  745.000000  0.002304 
745.000000  746.000000  0.002304 
746.000000  747.000000  0.002304 
747.000000  748.000000  0.002304 
748.000000  749.000000  0.002304 
749.000000  750.000000  0.002304 
750.000000  751.000000  0.002304 
751.000000  752.000000  0.002304 
752.000000  753.000000  0.002304 
753.000000  754.000000  0.002304 
754.000000  755.000000  0.002304 
755.000000  756.000000  0.002304 
756.000000  757.000000  0.002304 
757.000000  758.000000  0.002304 
758.000000  759.000000  0.002304 
759.000000  760.000000  0.002304 
760.000000  761.000000  0.002304 
761.000000  762.000000  0.002304 
762.000000  763.000000  0.002304 
763.000000  764.000000  0.002304 
764.000000  765.000000  0.002304 
765.000000  766.000000  0.002304 
766.000000  767.000000  0.002304 
767.000000  768.000000  0.002304 
768.000000  769.000000  0.002304 
769.000000  770.000000  0.002304 
770.000000  771.000000  0.002304 
771.000000  772.000000  0.002304 
772.000000  773.000000  0.002304 
773.000000  774.000000  0.002304 
774.000000  775.000000  0.002304 
775.000000  776.000000  0.002304 
776.000000  777.000000  0.002304 
777.000000  778.000000  0.002304 
778.000000  779.000000  0.002304 
779.000000  780.000000  0.002304 
780.000000  781.000000  0.002304 
781.000000  782.000000  0.002304 
782.000000  783.000000  0.002304 
783.000000  784.000000  0.002304 
784.000000  785.000000  0.002304 
785.000000  786.000000  0.002304 
786.000000  787.000000  0.002304 
787.000000  788.000000  0.002304 
788.000000  789.000000  0.002304 
789.000000  790.000000  0.002304 
790.000000  791.000000  0.002304 
791.000000  792.000000  0.002304 
792.000000  793.000000  0.002304 
793.000000  794.000000  0.002304 
794.000000  795.000000  0.002304 
795.000000  796.000000  0.002304 
796.000000  797.000000  0.002304 
797.000000  798.000000  0.002304 
798.000000  799.000000  0.002304 
799.000000  800.000000  0.002304 
