17.000000  18.000000  0.000000 
18.000000  19.000000  0.000000 
19.000000  20.000000  0.000000 
20.000000  21.000000  0.000000 
21.000000  22.000000  0.000000 
22.000000  23.000000  0.000000 
23.000000  24.000000  0.000000 
24.000000  25.000000  0.000000 
25.000000  26.000000  0.000000 
26.000000  27.000000  0.000000 
27.000000  28.000000  0.000000 
28.000000  29.000000  0.000000 
29.000000  30.000000  0.000001 
30.000000  31.000000  0.000001 
31.000000  32.000000  0.000002 
32.000000  33.000000  0.000002 
33.000000  34.000000  0.000004 
34.000000  35.000000  0.000005 
35.000000  36.000000  0.000007 
36.000000  37.000000  0.000010 
37.000000  38.000000  0.000013 
38.000000  39.000000  0.000018 
39.000000  40.000000  0.000023 
40.000000  41.000000  0.000030 
41.000000  42.000000  0.000037 
42.000000  43.000000  0.000047 
43.000000  44.000000  0.000058 
44.000000  45.000000  0.000070 
45.000000  46.000000  0.000084 
46.000000  47.000000  0.000101 
47.000000  48.000000  0.000119 
48.000000  49.000000  0.000139 
49.000000  50.000000  0.000161 
50.000000  51.000000  0.000185 
51.000000  52.000000  0.000212 
52.000000  53.000000  0.000240 
53.000000  54.000000  0.000271 
54.000000  55.000000  0.000303 
55.000000  56.000000  0.000337 
56.000000  57.000000  0.000374 
57.000000  58.000000  0.000412 
58.000000  59.000000  0.000451 
59.000000  60.000000  0.000492 
60.000000  61.000000  0.000535 
61.000000  62.000000  0.000579 
62.000000  63.000000  0.000624 
63.000000  64.000000  0.000670 
64.000000  65.000000  0.000717 
65.000000  66.000000  0.000765 
66.000000  67.000000  0.000814 
67.000000  68.000000  0.000863 
68.000000  69.000000  0.000913 
69.000000  70.000000  0.000963 
70.000000  71.000000  0.001013 
71.000000  72.000000  0.001064 
72.000000  73.000000  0.001114 
73.000000  74.000000  0.001165 
74.000000  75.000000  0.001215 
75.000000  76.000000  0.001265 
76.000000  77.000000  0.001315 
77.000000  78.000000  0.001364 
78.000000  79.000000  0.001414 
79.000000  80.000000  0.001462 
80.000000  81.000000  0.001510 
81.000000  82.000000  0.001558 
82.000000  83.000000  0.001605 
83.000000  84.000000  0.001651 
84.000000  85.000000  0.001697 
85.000000  86.000000  0.001746 
86.000000  87.000000  0.001790 
87.000000  88.000000  0.001833 
88.000000  89.000000  0.001876 
89.000000  90.000000  0.001917 
90.000000  91.000000  0.001959 
91.000000  92.000000  0.001999 
92.000000  93.000000  0.002039 
93.000000  94.000000  0.002077 
94.000000  95.000000  0.002115 
95.000000  96.000000  0.002153 
96.000000  97.000000  0.002189 
97.000000  98.000000  0.002225 
98.000000  99.000000  0.002260 
99.000000  100.000000  0.002294 
100.000000  101.000000  0.002328 
101.000000  102.000000  0.002361 
102.000000  103.000000  0.002393 
103.000000  104.000000  0.002425 
104.000000  105.000000  0.002456 
105.000000  106.000000  0.002486 
106.000000  107.000000  0.002515 
107.000000  108.000000  0.002545 
108.000000  109.000000  0.002573 
109.000000  110.000000  0.002601 
110.000000  111.000000  0.002628 
111.000000  112.000000  0.002655 
112.000000  113.000000  0.002682 
113.000000  114.000000  0.002707 
114.000000  115.000000  0.002733 
115.000000  116.000000  0.002758 
116.000000  117.000000  0.002782 
117.000000  118.000000  0.002806 
118.000000  119.000000  0.002830 
119.000000  120.000000  0.002853 
120.000000  121.000000  0.002876 
121.000000  122.000000  0.002899 
122.000000  123.000000  0.002921 
123.000000  124.000000  0.002943 
124.000000  125.000000  0.002964 
125.000000  126.000000  0.002985 
126.000000  127.000000  0.003006 
127.000000  128.000000  0.003027 
128.000000  129.000000  0.003047 
129.000000  130.000000  0.003068 
130.000000  131.000000  0.003087 
131.000000  132.000000  0.003107 
132.000000  133.000000  0.003127 
133.000000  134.000000  0.003146 
134.000000  135.000000  0.003165 
135.000000  136.000000  0.003184 
136.000000  137.000000  0.003202 
137.000000  138.000000  0.003221 
138.000000  139.000000  0.003239 
139.000000  140.000000  0.003257 
140.000000  141.000000  0.003275 
141.000000  142.000000  0.003293 
142.000000  143.000000  0.003310 
143.000000  144.000000  0.003328 
144.000000  145.000000  0.003345 
145.000000  146.000000  0.003362 
146.000000  147.000000  0.003379 
147.000000  148.000000  0.003396 
148.000000  149.000000  0.003413 
149.000000  150.000000  0.003429 
150.000000  151.000000  0.003446 
151.000000  152.000000  0.003462 
152.000000  153.000000  0.003478 
153.000000  154.000000  0.003494 
154.000000  155.000000  0.003510 
155.000000  156.000000  0.003526 
156.000000  157.000000  0.003541 
157.000000  158.000000  0.003557 
158.000000  159.000000  0.003572 
159.000000  160.000000  0.003588 
160.000000  161.000000  0.003603 
161.000000  162.000000  0.003618 
162.000000  163.000000  0.003633 
163.000000  164.000000  0.003648 
164.000000  165.000000  0.003662 
165.000000  166.000000  0.003677 
166.000000  167.000000  0.003691 
167.000000  168.000000  0.003706 
168.000000  169.000000  0.003720 
169.000000  170.000000  0.003734 
170.000000  171.000000  0.003748 
171.000000  172.000000  0.003762 
172.000000  173.000000  0.003775 
173.000000  174.000000  0.003789 
174.000000  175.000000  0.003802 
175.000000  176.000000  0.003816 
176.000000  177.000000  0.003829 
177.000000  178.000000  0.003842 
178.000000  179.000000  0.003855 
179.000000  180.000000  0.003867 
180.000000  181.000000  0.003880 
181.000000  182.000000  0.003893 
182.000000  183.000000  0.003905 
183.000000  184.000000  0.003917 
184.000000  185.000000  0.003929 
185.000000  186.000000  0.003942 
186.000000  187.000000  0.003953 
187.000000  188.000000  0.003965 
188.000000  189.000000  0.003977 
189.000000  190.000000  0.003988 
190.000000  191.000000  0.004000 
191.000000  192.000000  0.004011 
192.000000  193.000000  0.004022 
193.000000  194.000000  0.004033 
194.000000  195.000000  0.004044 
195.000000  196.000000  0.004055 
196.000000  197.000000  0.004065 
197.000000  198.000000  0.004076 
198.000000  199.000000  0.004086 
199.000000  200.000000  0.004097 
200.000000  201.000000  0.004107 
201.000000  202.000000  0.004117 
202.000000  203.000000  0.004127 
203.000000  204.000000  0.004136 
204.000000  205.000000  0.004146 
205.000000  206.000000  0.004155 
206.000000  207.000000  0.004165 
207.000000  208.000000  0.004174 
208.000000  209.000000  0.004183 
209.000000  210.000000  0.004192 
210.000000  211.000000  0.004201 
211.000000  212.000000  0.004210 
212.000000  213.000000  0.004219 
213.000000  214.000000  0.004227 
214.000000  215.000000  0.004236 
215.000000  216.000000  0.004244 
216.000000  217.000000  0.004253 
217.000000  218.000000  0.004261 
218.000000  219.000000  0.004269 
219.000000  220.000000  0.004277 
220.000000  221.000000  0.004284 
221.000000  222.000000  0.004292 
222.000000  223.000000  0.004300 
223.000000  224.000000  0.004307 
224.000000  225.000000  0.004315 
225.000000  226.000000  0.004322 
226.000000  227.000000  0.004329 
227.000000  228.000000  0.004336 
228.000000  229.000000  0.004343 
229.000000  230.000000  0.004350 
230.000000  231.000000  0.004357 
231.000000  232.000000  0.004364 
232.000000  233.000000  0.004370 
233.000000  234.000000  0.004377 
234.000000  235.000000  0.004383 
235.000000  236.000000  0.004389 
236.000000  237.000000  0.004396 
237.000000  238.000000  0.004402 
238.000000  239.000000  0.004408 
239.000000  240.000000  0.004414 
240.000000  241.000000  0.004420 
241.000000  242.000000  0.004426 
242.000000  243.000000  0.004431 
243.000000  244.000000  0.004437 
244.000000  245.000000  0.004443 
245.000000  246.000000  0.004448 
246.000000  247.000000  0.004453 
247.000000  248.000000  0.004459 
248.000000  249.000000  0.004464 
249.000000  250.000000  0.004469 
250.000000  251.000000  0.004474 
251.000000  252.000000  0.004479 
252.000000  253.000000  0.004484 
253.000000  254.000000  0.004489 
254.000000  255.000000  0.004494 
255.000000  256.000000  0.004499 
256.000000  257.000000  0.004503 
257.000000  258.000000  0.004508 
258.000000  259.000000  0.004512 
259.000000  260.000000  0.004517 
260.000000  261.000000  0.004521 
261.000000  262.000000  0.004526 
262.000000  263.000000  0.004530 
263.000000  264.000000  0.004534 
264.000000  265.000000  0.004538 
265.000000  266.000000  0.004542 
266.000000  267.000000  0.004546 
267.000000  268.000000  0.004550 
268.000000  269.000000  0.004554 
269.000000  270.000000  0.004558 
270.000000  271.000000  0.004562 
271.000000  272.000000  0.004566 
272.000000  273.000000  0.004569 
273.000000  274.000000  0.004573 
274.000000  275.000000  0.004577 
275.000000  276.000000  0.004580 
276.000000  277.000000  0.004584 
277.000000  278.000000  0.004587 
278.000000  279.000000  0.004590 
279.000000  280.000000  0.004594 
280.000000  281.000000  0.004597 
281.000000  282.000000  0.004600 
282.000000  283.000000  0.004603 
283.000000  284.000000  0.004606 
284.000000  285.000000  0.004610 
285.000000  286.000000  0.004613 
286.000000  287.000000  0.004616 
287.000000  288.000000  0.004619 
288.000000  289.000000  0.004621 
289.000000  290.000000  0.004624 
290.000000  291.000000  0.004627 
291.000000  292.000000  0.004630 
292.000000  293.000000  0.004633 
293.000000  294.000000  0.004635 
294.000000  295.000000  0.004638 
295.000000  296.000000  0.004641 
296.000000  297.000000  0.004643 
297.000000  298.000000  0.004646 
298.000000  299.000000  0.004648 
299.000000  300.000000  0.004651 
300.000000  301.000000  0.004653 
301.000000  302.000000  0.004656 
302.000000  303.000000  0.004658 
303.000000  304.000000  0.004661 
304.000000  305.000000  0.004663 
305.000000  306.000000  0.004665 
306.000000  307.000000  0.004667 
307.000000  308.000000  0.004670 
308.000000  309.000000  0.004672 
309.000000  310.000000  0.004674 
310.000000  311.000000  0.004676 
311.000000  312.000000  0.004678 
312.000000  313.000000  0.004680 
313.000000  314.000000  0.004682 
314.000000  315.000000  0.004684 
315.000000  316.000000  0.004686 
316.000000  317.000000  0.004688 
317.000000  318.000000  0.004690 
318.000000  319.000000  0.004692 
319.000000  320.000000  0.004694 
320.000000  321.000000  0.004696 
321.000000  322.000000  0.004698 
322.000000  323.000000  0.004699 
323.000000  324.000000  0.004701 
324.000000  325.000000  0.004703 
325.000000  326.000000  0.004705 
326.000000  327.000000  0.004706 
327.000000  328.000000  0.004708 
328.000000  329.000000  0.004710 
329.000000  330.000000  0.004711 
330.000000  331.000000  0.004713 
331.000000  332.000000  0.004714 
332.000000  333.000000  0.004716 
333.000000  334.000000  0.004717 
334.000000  335.000000  0.004719 
335.000000  336.000000  0.004721 
336.000000  337.000000  0.004722 
337.000000  338.000000  0.004723 
338.000000  339.000000  0.004725 
339.000000  340.000000  0.004726 
340.000000  341.000000  0.004728 
341.000000  342.000000  0.004729 
342.000000  343.000000  0.004730 
343.000000  344.000000  0.004732 
344.000000  345.000000  0.004733 
345.000000  346.000000  0.004734 
346.000000  347.000000  0.004736 
347.000000  348.000000  0.004737 
348.000000  349.000000  0.004738 
349.000000  350.000000  0.004740 
350.000000  351.000000  0.004741 
351.000000  352.000000  0.004742 
352.000000  353.000000  0.004743 
353.000000  354.000000  0.004744 
354.000000  355.000000  0.004746 
355.000000  356.000000  0.004747 
356.000000  357.000000  0.004748 
357.000000  358.000000  0.004749 
358.000000  359.000000  0.004750 
359.000000  360.000000  0.004751 
360.000000  361.000000  0.004752 
361.000000  362.000000  0.004753 
362.000000  363.000000  0.004754 
363.000000  364.000000  0.004755 
364.000000  365.000000  0.004756 
365.000000  366.000000  0.004757 
366.000000  367.000000  0.004758 
367.000000  368.000000  0.004759 
368.000000  369.000000  0.004760 
369.000000  370.000000  0.004761 
370.000000  371.000000  0.004762 
371.000000  372.000000  0.004763 
372.000000  373.000000  0.004764 
373.000000  374.000000  0.004765 
374.000000  375.000000  0.004766 
375.000000  376.000000  0.004767 
376.000000  377.000000  0.004768 
377.000000  378.000000  0.004769 
378.000000  379.000000  0.004769 
379.000000  380.000000  0.004770 
380.000000  381.000000  0.004771 
381.000000  382.000000  0.004772 
382.000000  383.000000  0.004773 
383.000000  384.000000  0.004774 
384.000000  385.000000  0.004774 
385.000000  386.000000  0.004775 
386.000000  387.000000  0.004776 
387.000000  388.000000  0.004777 
388.000000  389.000000  0.004777 
389.000000  390.000000  0.004778 
390.000000  391.000000  0.004779 
391.000000  392.000000  0.004780 
392.000000  393.000000  0.004780 
393.000000  394.000000  0.004781 
394.000000  395.000000  0.004782 
395.000000  396.000000  0.004782 
396.000000  397.000000  0.004783 
397.000000  398.000000  0.004784 
398.000000  399.000000  0.004784 
399.000000  400.000000  0.004785 
400.000000  401.000000  0.004786 
401.000000  402.000000  0.004786 
402.000000  403.000000  0.004787 
403.000000  404.000000  0.004788 
404.000000  405.000000  0.004788 
405.000000  406.000000  0.004789 
406.000000  407.000000  0.004790 
407.000000  408.000000  0.004790 
408.000000  409.000000  0.004791 
409.000000  410.000000  0.004791 
410.000000  411.000000  0.004792 
411.000000  412.000000  0.004793 
412.000000  413.000000  0.004793 
413.000000  414.000000  0.004794 
414.000000  415.000000  0.004794 
415.000000  416.000000  0.004795 
416.000000  417.000000  0.004795 
417.000000  418.000000  0.004796 
418.000000  419.000000  0.004796 
419.000000  420.000000  0.004797 
420.000000  421.000000  0.004797 
421.000000  422.000000  0.004798 
422.000000  423.000000  0.004798 
423.000000  424.000000  0.004799 
424.000000  425.000000  0.004799 
425.000000  426.000000  0.004800 
426.000000  427.000000  0.004800 
427.000000  428.000000  0.004801 
428.000000  429.000000  0.004801 
429.000000  430.000000  0.004802 
430.000000  431.000000  0.004802 
431.000000  432.000000  0.004803 
432.000000  433.000000  0.004803 
433.000000  434.000000  0.004804 
434.000000  435.000000  0.004804 
435.000000  436.000000  0.004805 
436.000000  437.000000  0.004805 
437.000000  438.000000  0.004805 
438.000000  439.000000  0.004806 
439.000000  440.000000  0.004806 
440.000000  441.000000  0.004807 
441.000000  442.000000  0.004807 
442.000000  443.000000  0.004807 
443.000000  444.000000  0.004808 
444.000000  445.000000  0.004808 
445.000000  446.000000  0.004809 
446.000000  447.000000  0.004809 
447.000000  448.000000  0.004809 
448.000000  449.000000  0.004810 
449.000000  450.000000  0.004810 
450.000000  451.000000  0.004811 
451.000000  452.000000  0.004811 
452.000000  453.000000  0.004811 
453.000000  454.000000  0.004812 
454.000000  455.000000  0.004812 
455.000000  456.000000  0.004812 
456.000000  457.000000  0.004813 
457.000000  458.000000  0.004813 
458.000000  459.000000  0.004813 
459.000000  460.000000  0.004814 
460.000000  461.000000  0.004814 
461.000000  462.000000  0.004814 
462.000000  463.000000  0.004815 
463.000000  464.000000  0.004815 
464.000000  465.000000  0.004815 
465.000000  466.000000  0.004816 
466.000000  467.000000  0.004816 
467.000000  468.000000  0.004816 
468.000000  469.000000  0.004816 
469.000000  470.000000  0.004817 
470.000000  471.000000  0.004817 
471.000000  472.000000  0.004817 
472.000000  473.000000  0.004818 
473.000000  474.000000  0.004818 
474.000000  475.000000  0.004818 
475.000000  476.000000  0.004819 
476.000000  477.000000  0.004819 
477.000000  478.000000  0.004819 
478.000000  479.000000  0.004819 
479.000000  480.000000  0.004820 
480.000000  481.000000  0.004820 
481.000000  482.000000  0.004820 
482.000000  483.000000  0.004820 
483.000000  484.000000  0.004821 
484.000000  485.000000  0.004821 
485.000000  486.000000  0.004821 
486.000000  487.000000  0.004821 
487.000000  488.000000  0.004822 
488.000000  489.000000  0.004822 
489.000000  490.000000  0.004822 
490.000000  491.000000  0.004822 
491.000000  492.000000  0.004823 
492.000000  493.000000  0.004823 
493.000000  494.000000  0.004823 
494.000000  495.000000  0.004823 
495.000000  496.000000  0.004824 
496.000000  497.000000  0.004824 
497.000000  498.000000  0.004824 
498.000000  499.000000  0.004824 
499.000000  500.000000  0.004824 
500.000000  501.000000  0.004825 
501.000000  502.000000  0.004825 
502.000000  503.000000  0.004825 
503.000000  504.000000  0.004825 
504.000000  505.000000  0.004825 
505.000000  506.000000  0.004826 
506.000000  507.000000  0.004826 
507.000000  508.000000  0.004826 
508.000000  509.000000  0.004826 
509.000000  510.000000  0.004826 
510.000000  511.000000  0.004827 
511.000000  512.000000  0.004827 
512.000000  513.000000  0.004827 
513.000000  514.000000  0.004827 
514.000000  515.000000  0.004827 
515.000000  516.000000  0.004828 
516.000000  517.000000  0.004828 
517.000000  518.000000  0.004828 
518.000000  519.000000  0.004828 
519.000000  520.000000  0.004828 
520.000000  521.000000  0.004828 
521.000000  522.000000  0.004829 
522.000000  523.000000  0.004829 
523.000000  524.000000  0.004829 
524.000000  525.000000  0.004829 
525.000000  526.000000  0.004829 
526.000000  527.000000  0.004829 
527.000000  528.000000  0.004830 
528.000000  529.000000  0.004830 
529.000000  530.000000  0.004830 
530.000000  531.000000  0.004830 
531.000000  532.000000  0.004830 
532.000000  533.000000  0.004830 
533.000000  534.000000  0.004831 
534.000000  535.000000  0.004831 
535.000000  536.000000  0.004831 
536.000000  537.000000  0.004831 
537.000000  538.000000  0.004831 
538.000000  539.000000  0.004831 
539.000000  540.000000  0.004831 
540.000000  541.000000  0.004832 
541.000000  542.000000  0.004832 
542.000000  543.000000  0.004832 
543.000000  544.000000  0.004832 
544.000000  545.000000  0.004832 
545.000000  546.000000  0.004832 
546.000000  547.000000  0.004832 
547.000000  548.000000  0.004832 
548.000000  549.000000  0.004833 
549.000000  550.000000  0.004833 
550.000000  551.000000  0.004833 
551.000000  552.000000  0.004833 
552.000000  553.000000  0.004833 
553.000000  554.000000  0.004833 
554.000000  555.000000  0.004833 
555.000000  556.000000  0.004833 
556.000000  557.000000  0.004834 
557.000000  558.000000  0.004834 
558.000000  559.000000  0.004834 
559.000000  560.000000  0.004834 
560.000000  561.000000  0.004834 
561.000000  562.000000  0.004834 
562.000000  563.000000  0.004834 
563.000000  564.000000  0.004834 
564.000000  565.000000  0.004834 
565.000000  566.000000  0.004835 
566.000000  567.000000  0.004835 
567.000000  568.000000  0.004835 
568.000000  569.000000  0.004835 
569.000000  570.000000  0.004835 
570.000000  571.000000  0.004835 
571.000000  572.000000  0.004835 
572.000000  573.000000  0.004835 
573.000000  574.000000  0.004835 
574.000000  575.000000  0.004835 
575.000000  576.000000  0.004836 
576.000000  577.000000  0.004836 
577.000000  578.000000  0.004836 
578.000000  579.000000  0.004836 
579.000000  580.000000  0.004836 
580.000000  581.000000  0.004836 
581.000000  582.000000  0.004836 
582.000000  583.000000  0.004836 
583.000000  584.000000  0.004836 
584.000000  585.000000  0.004836 
585.000000  586.000000  0.004836 
586.000000  587.000000  0.004837 
587.000000  588.000000  0.004837 
588.000000  589.000000  0.004837 
589.000000  590.000000  0.004837 
590.000000  591.000000  0.004837 
591.000000  592.000000  0.004837 
592.000000  593.000000  0.004837 
593.000000  594.000000  0.004837 
594.000000  595.000000  0.004837 
595.000000  596.000000  0.004837 
596.000000  597.000000  0.004837 
597.000000  598.000000  0.004837 
598.000000  599.000000  0.004838 
599.000000  600.000000  0.004838 
600.000000  601.000000  0.004838 
601.000000  602.000000  0.004838 
602.000000  603.000000  0.004838 
603.000000  604.000000  0.004838 
604.000000  605.000000  0.004838 
605.000000  606.000000  0.004838 
606.000000  607.000000  0.004838 
607.000000  608.000000  0.004838 
608.000000  609.000000  0.004838 
609.000000  610.000000  0.004838 
610.000000  611.000000  0.004838 
611.000000  612.000000  0.004838 
612.000000  613.000000  0.004838 
613.000000  614.000000  0.004839 
614.000000  615.000000  0.004839 
615.000000  616.000000  0.004839 
616.000000  617.000000  0.004839 
617.000000  618.000000  0.004839 
618.000000  619.000000  0.004839 
619.000000  620.000000  0.004839 
620.000000  621.000000  0.004839 
621.000000  622.000000  0.004839 
622.000000  623.000000  0.004839 
623.000000  624.000000  0.004839 
624.000000  625.000000  0.004839 
625.000000  626.000000  0.004839 
626.000000  627.000000  0.004839 
627.000000  628.000000  0.004839 
628.000000  629.000000  0.004839 
629.000000  630.000000  0.004839 
630.000000  631.000000  0.004840 
631.000000  632.000000  0.004840 
632.000000  633.000000  0.004840 
633.000000  634.000000  0.004840 
634.000000  635.000000  0.004840 
635.000000  636.000000  0.004840 
636.000000  637.000000  0.004840 
637.000000  638.000000  0.004840 
638.000000  639.000000  0.004840 
639.000000  640.000000  0.004840 
640.000000  641.000000  0.004840 
641.000000  642.000000  0.004840 
642.000000  643.000000  0.004840 
643.000000  644.000000  0.004840 
644.000000  645.000000  0.004840 
645.000000  646.000000  0.004840 
646.000000  647.000000  0.004840 
647.000000  648.000000  0.004840 
648.000000  649.000000  0.004840 
649.000000  650.000000  0.004840 
650.000000  651.000000  0.004840 
651.000000  652.000000  0.004840 
652.000000  653.000000  0.004841 
653.000000  654.000000  0.004841 
654.000000  655.000000  0.004841 
655.000000  656.000000  0.004841 
656.000000  657.000000  0.004841 
657.000000  658.000000  0.004841 
658.000000  659.000000  0.004841 
659.000000  660.000000  0.004841 
660.000000  661.000000  0.004841 
661.000000  662.000000  0.004841 
662.000000  663.000000  0.004841 
663.000000  664.000000  0.004841 
664.000000  665.000000  0.004841 
665.000000  666.000000  0.004841 
666.000000  667.000000  0.004841 
667.000000  668.000000  0.004841 
668.000000  669.000000  0.004841 
669.000000  670.000000  0.004841 
670.000000  671.000000  0.004841 
671.000000  672.000000  0.004841 
672.000000  673.000000  0.004841 
673.000000  674.000000  0.004841 
674.000000  675.000000  0.004841 
675.000000  676.000000  0.004841 
676.000000  677.000000  0.004841 
677.000000  678.000000  0.004841 
678.000000  679.000000  0.004841 
679.000000  680.000000  0.004841 
680.000000  681.000000  0.004841 
681.000000  682.000000  0.004842 
682.000000  683.000000  0.004842 
683.000000  684.000000  0.004842 
684.000000  685.000000  0.004842 
685.000000  686.000000  0.004842 
686.000000  687.000000  0.004842 
687.000000  688.000000  0.004842 
688.000000  689.000000  0.004842 
689.000000  690.000000  0.004842 
690.000000  691.000000  0.004842 
691.000000  692.000000  0.004842 
692.000000  693.000000  0.004842 
693.000000  694.000000  0.004842 
694.000000  695.000000  0.004842 
695.000000  696.000000  0.004842 
696.000000  697.000000  0.004842 
697.000000  698.000000  0.004842 
698.000000  699.000000  0.004842 
699.000000  700.000000  0.004842 
700.000000  701.000000  0.004842 
701.000000  702.000000  0.004842 
702.000000  703.000000  0.004842 
703.000000  704.000000  0.004842 
704.000000  705.000000  0.004842 
705.000000  706.000000  0.004842 
706.000000  707.000000  0.004842 
707.000000  708.000000  0.004842 
708.000000  709.000000  0.004842 
709.000000  710.000000  0.004842 
710.000000  711.000000  0.004842 
711.000000  712.000000  0.004842 
712.000000  713.000000  0.004842 
713.000000  714.000000  0.004842 
714.000000  715.000000  0.004842 
715.000000  716.000000  0.004842 
716.000000  717.000000  0.004842 
717.000000  718.000000  0.004842 
718.000000  719.000000  0.004842 
719.000000  720.000000  0.004842 
720.000000  721.000000  0.004842 
721.000000  722.000000  0.004842 
722.000000  723.000000  0.004842 
723.000000  724.000000  0.004842 
724.000000  725.000000  0.004842 
725.000000  726.000000  0.004842 
726.000000  727.000000  0.004842 
727.000000  728.000000  0.004842 
728.000000  729.000000  0.004842 
729.000000  730.000000  0.004842 
730.000000  731.000000  0.004842 
731.000000  732.000000  0.004842 
732.000000  733.000000  0.004842 
733.000000  734.000000  0.004842 
734.000000  735.000000  0.004842 
735.000000  736.000000  0.004843 
736.000000  737.000000  0.004843 
737.000000  738.000000  0.004843 
738.000000  739.000000  0.004843 
739.000000  740.000000  0.004843 
740.000000  741.000000  0.004843 
741.000000  742.000000  0.004843 
742.000000  743.000000  0.004843 
743.000000  744.000000  0.004843 
744.000000  745.000000  0.004843 
745.000000  746.000000  0.004843 
746.000000  747.000000  0.004843 
747.000000  748.000000  0.004843 
748.000000  749.000000  0.004843 
749.000000  750.000000  0.004843 
750.000000  751.000000  0.004843 
751.000000  752.000000  0.004843 
752.000000  753.000000  0.004843 
753.000000  754.000000  0.004843 
754.000000  755.000000  0.004843 
755.000000  756.000000  0.004843 
756.000000  757.000000  0.004843 
757.000000  758.000000  0.004843 
758.000000  759.000000  0.004843 
759.000000  760.000000  0.004843 
760.000000  761.000000  0.004843 
761.000000  762.000000  0.004843 
762.000000  763.000000  0.004843 
763.000000  764.000000  0.004843 
764.000000  765.000000  0.004843 
765.000000  766.000000  0.004843 
766.000000  767.000000  0.004843 
767.000000  768.000000  0.004843 
768.000000  769.000000  0.004843 
769.000000  770.000000  0.004843 
770.000000  771.000000  0.004843 
771.000000  772.000000  0.004843 
772.000000  773.000000  0.004843 
773.000000  774.000000  0.004843 
774.000000  775.000000  0.004843 
775.000000  776.000000  0.004843 
776.000000  777.000000  0.004843 
777.000000  778.000000  0.004843 
778.000000  779.000000  0.004843 
779.000000  780.000000  0.004843 
780.000000  781.000000  0.004843 
781.000000  782.000000  0.004843 
782.000000  783.000000  0.004843 
783.000000  784.000000  0.004843 
784.000000  785.000000  0.004843 
785.000000  786.000000  0.004843 
786.000000  787.000000  0.004843 
787.000000  788.000000  0.004843 
788.000000  789.000000  0.004843 
789.000000  790.000000  0.004843 
790.000000  791.000000  0.004843 
791.000000  792.000000  0.004843 
792.000000  793.000000  0.004843 
793.000000  794.000000  0.004843 
794.000000  795.000000  0.004843 
795.000000  796.000000  0.004843 
796.000000  797.000000  0.004843 
797.000000  798.000000  0.004843 
798.000000  799.000000  0.004843 
799.000000  800.000000  0.004843 
