17.000000  18.000000  -0.000000 
18.000000  19.000000  -0.000000 
19.000000  20.000000  -0.000000 
20.000000  21.000000  -0.000000 
21.000000  22.000000  -0.000000 
22.000000  23.000000  -0.000000 
23.000000  24.000000  -0.000000 
24.000000  25.000000  -0.000000 
25.000000  26.000000  -0.000000 
26.000000  27.000000  -0.000000 
27.000000  28.000000  -0.000000 
28.000000  29.000000  -0.000000 
29.000000  30.000000  -0.000000 
30.000000  31.000000  -0.000000 
31.000000  32.000000  -0.000000 
32.000000  33.000000  -0.000000 
33.000000  34.000000  -0.000000 
34.000000  35.000000  -0.000000 
35.000000  36.000000  -0.000000 
36.000000  37.000000  -0.000000 
37.000000  38.000000  -0.000000 
38.000000  39.000000  -0.000000 
39.000000  40.000000  -0.000000 
40.000000  41.000000  -0.000000 
41.000000  42.000000  -0.000000 
42.000000  43.000000  -0.000000 
43.000000  44.000000  -0.000000 
44.000000  45.000000  -0.000000 
45.000000  46.000000  -0.000000 
46.000000  47.000000  -0.000000 
47.000000  48.000000  -0.000000 
48.000000  49.000000  -0.000000 
49.000000  50.000000  -0.000000 
50.000000  51.000000  -0.000000 
51.000000  52.000000  -0.000000 
52.000000  53.000000  -0.000000 
53.000000  54.000000  -0.000000 
54.000000  55.000000  -0.000000 
55.000000  56.000000  -0.000000 
56.000000  57.000000  -0.000000 
57.000000  58.000000  -0.000000 
58.000000  59.000000  -0.000000 
59.000000  60.000000  -0.000000 
60.000000  61.000000  -0.000000 
61.000000  62.000000  -0.000000 
62.000000  63.000000  -0.000000 
63.000000  64.000000  -0.000000 
64.000000  65.000000  -0.000000 
65.000000  66.000000  -0.000000 
66.000000  67.000000  -0.000000 
67.000000  68.000000  -0.000000 
68.000000  69.000000  -0.000000 
69.000000  70.000000  -0.000000 
70.000000  71.000000  -0.000000 
71.000000  72.000000  -0.000000 
72.000000  73.000000  -0.000000 
73.000000  74.000000  -0.000000 
74.000000  75.000000  -0.000000 
75.000000  76.000000  -0.000000 
76.000000  77.000000  -0.000000 
77.000000  78.000000  -0.000000 
78.000000  79.000000  -0.000000 
79.000000  80.000000  -0.000000 
80.000000  81.000000  -0.000000 
81.000000  82.000000  -0.000000 
82.000000  83.000000  -0.000000 
83.000000  84.000000  -0.000000 
84.000000  85.000000  -0.000000 
85.000000  86.000000  -0.000000 
86.000000  87.000000  -0.000000 
87.000000  88.000000  -0.000000 
88.000000  89.000000  -0.000000 
89.000000  90.000000  -0.000000 
90.000000  91.000000  -0.000000 
91.000000  92.000000  -0.000000 
92.000000  93.000000  -0.000000 
93.000000  94.000000  -0.000000 
94.000000  95.000000  -0.000000 
95.000000  96.000000  -0.000000 
96.000000  97.000000  -0.000000 
97.000000  98.000000  -0.000000 
98.000000  99.000000  -0.000000 
99.000000  100.000000  -0.000000 
100.000000  101.000000  -0.000000 
101.000000  102.000000  -0.000000 
102.000000  103.000000  -0.000000 
103.000000  104.000000  -0.000000 
104.000000  105.000000  -0.000000 
105.000000  106.000000  -0.000000 
106.000000  107.000000  -0.000000 
107.000000  108.000000  -0.000000 
108.000000  109.000000  -0.000000 
109.000000  110.000000  -0.000000 
110.000000  111.000000  -0.000000 
111.000000  112.000000  -0.000000 
112.000000  113.000000  -0.000000 
113.000000  114.000000  -0.000000 
114.000000  115.000000  -0.000000 
115.000000  116.000000  -0.000000 
116.000000  117.000000  -0.000000 
117.000000  118.000000  -0.000000 
118.000000  119.000000  -0.000000 
119.000000  120.000000  -0.000000 
120.000000  121.000000  -0.000000 
121.000000  122.000000  -0.000000 
122.000000  123.000000  -0.000000 
123.000000  124.000000  -0.000000 
124.000000  125.000000  -0.000000 
125.000000  126.000000  -0.000000 
126.000000  127.000000  -0.000000 
127.000000  128.000000  -0.000000 
128.000000  129.000000  -0.000000 
129.000000  130.000000  -0.000000 
130.000000  131.000000  -0.000000 
131.000000  132.000000  -0.000000 
132.000000  133.000000  -0.000001 
133.000000  134.000000  -0.000001 
134.000000  135.000000  -0.000001 
135.000000  136.000000  -0.000001 
136.000000  137.000000  -0.000001 
137.000000  138.000000  -0.000001 
138.000000  139.000000  -0.000001 
139.000000  140.000000  -0.000001 
140.000000  141.000000  -0.000001 
141.000000  142.000000  -0.000001 
142.000000  143.000000  -0.000001 
143.000000  144.000000  -0.000001 
144.000000  145.000000  -0.000001 
145.000000  146.000000  -0.000001 
146.000000  147.000000  -0.000001 
147.000000  148.000000  -0.000001 
148.000000  149.000000  -0.000001 
149.000000  150.000000  -0.000001 
150.000000  151.000000  -0.000001 
151.000000  152.000000  -0.000001 
152.000000  153.000000  -0.000000 
153.000000  154.000000  -0.000000 
154.000000  155.000000  -0.000000 
155.000000  156.000000  -0.000000 
156.000000  157.000000  0.000000 
157.000000  158.000000  0.000000 
158.000000  159.000000  0.000001 
159.000000  160.000000  0.000001 
160.000000  161.000000  0.000001 
161.000000  162.000000  0.000002 
162.000000  163.000000  0.000002 
163.000000  164.000000  0.000003 
164.000000  165.000000  0.000003 
165.000000  166.000000  0.000004 
166.000000  167.000000  0.000004 
167.000000  168.000000  0.000005 
168.000000  169.000000  0.000006 
169.000000  170.000000  0.000006 
170.000000  171.000000  0.000007 
171.000000  172.000000  0.000008 
172.000000  173.000000  0.000009 
173.000000  174.000000  0.000010 
174.000000  175.000000  0.000011 
175.000000  176.000000  0.000012 
176.000000  177.000000  0.000014 
177.000000  178.000000  0.000015 
178.000000  179.000000  0.000016 
179.000000  180.000000  0.000018 
180.000000  181.000000  0.000019 
181.000000  182.000000  0.000021 
182.000000  183.000000  0.000023 
183.000000  184.000000  0.000024 
184.000000  185.000000  0.000026 
185.000000  186.000000  0.000028 
186.000000  187.000000  0.000030 
187.000000  188.000000  0.000033 
188.000000  189.000000  0.000035 
189.000000  190.000000  0.000037 
190.000000  191.000000  0.000040 
191.000000  192.000000  0.000042 
192.000000  193.000000  0.000045 
193.000000  194.000000  0.000048 
194.000000  195.000000  0.000051 
195.000000  196.000000  0.000054 
196.000000  197.000000  0.000057 
197.000000  198.000000  0.000060 
198.000000  199.000000  0.000063 
199.000000  200.000000  0.000066 
200.000000  201.000000  0.000070 
201.000000  202.000000  0.000073 
202.000000  203.000000  0.000077 
203.000000  204.000000  0.000081 
204.000000  205.000000  0.000085 
205.000000  206.000000  0.000089 
206.000000  207.000000  0.000093 
207.000000  208.000000  0.000097 
208.000000  209.000000  0.000101 
209.000000  210.000000  0.000105 
210.000000  211.000000  0.000110 
211.000000  212.000000  0.000114 
212.000000  213.000000  0.000119 
213.000000  214.000000  0.000123 
214.000000  215.000000  0.000128 
215.000000  216.000000  0.000133 
216.000000  217.000000  0.000138 
217.000000  218.000000  0.000143 
218.000000  219.000000  0.000148 
219.000000  220.000000  0.000153 
220.000000  221.000000  0.000158 
221.000000  222.000000  0.000163 
222.000000  223.000000  0.000169 
223.000000  224.000000  0.000174 
224.000000  225.000000  0.000179 
225.000000  226.000000  0.000185 
226.000000  227.000000  0.000190 
227.000000  228.000000  0.000196 
228.000000  229.000000  0.000202 
229.000000  230.000000  0.000207 
230.000000  231.000000  0.000213 
231.000000  232.000000  0.000219 
232.000000  233.000000  0.000224 
233.000000  234.000000  0.000230 
234.000000  235.000000  0.000236 
235.000000  236.000000  0.000242 
236.000000  237.000000  0.000248 
237.000000  238.000000  0.000253 
238.000000  239.000000  0.000259 
239.000000  240.000000  0.000265 
240.000000  241.000000  0.000271 
241.000000  242.000000  0.000277 
242.000000  243.000000  0.000283 
243.000000  244.000000  0.000289 
244.000000  245.000000  0.000295 
245.000000  246.000000  0.000300 
246.000000  247.000000  0.000306 
247.000000  248.000000  0.000312 
248.000000  249.000000  0.000318 
249.000000  250.000000  0.000324 
250.000000  251.000000  0.000329 
251.000000  252.000000  0.000335 
252.000000  253.000000  0.000341 
253.000000  254.000000  0.000346 
254.000000  255.000000  0.000352 
255.000000  256.000000  0.000358 
256.000000  257.000000  0.000363 
257.000000  258.000000  0.000369 
258.000000  259.000000  0.000374 
259.000000  260.000000  0.000380 
260.000000  261.000000  0.000385 
261.000000  262.000000  0.000390 
262.000000  263.000000  0.000396 
263.000000  264.000000  0.000401 
264.000000  265.000000  0.000406 
265.000000  266.000000  0.000411 
266.000000  267.000000  0.000416 
267.000000  268.000000  0.000421 
268.000000  269.000000  0.000426 
269.000000  270.000000  0.000431 
270.000000  271.000000  0.000436 
271.000000  272.000000  0.000440 
272.000000  273.000000  0.000445 
273.000000  274.000000  0.000449 
274.000000  275.000000  0.000454 
275.000000  276.000000  0.000458 
276.000000  277.000000  0.000463 
277.000000  278.000000  0.000467 
278.000000  279.000000  0.000471 
279.000000  280.000000  0.000475 
280.000000  281.000000  0.000479 
281.000000  282.000000  0.000483 
282.000000  283.000000  0.000487 
283.000000  284.000000  0.000490 
284.000000  285.000000  0.000494 
285.000000  286.000000  0.000498 
286.000000  287.000000  0.000501 
287.000000  288.000000  0.000505 
288.000000  289.000000  0.000508 
289.000000  290.000000  0.000511 
290.000000  291.000000  0.000514 
291.000000  292.000000  0.000517 
292.000000  293.000000  0.000520 
293.000000  294.000000  0.000523 
294.000000  295.000000  0.000526 
295.000000  296.000000  0.000529 
296.000000  297.000000  0.000531 
297.000000  298.000000  0.000534 
298.000000  299.000000  0.000536 
299.000000  300.000000  0.000539 
300.000000  301.000000  0.000541 
301.000000  302.000000  0.000543 
302.000000  303.000000  0.000545 
303.000000  304.000000  0.000547 
304.000000  305.000000  0.000549 
305.000000  306.000000  0.000551 
306.000000  307.000000  0.000553 
307.000000  308.000000  0.000554 
308.000000  309.000000  0.000556 
309.000000  310.000000  0.000558 
310.000000  311.000000  0.000559 
311.000000  312.000000  0.000560 
312.000000  313.000000  0.000562 
313.000000  314.000000  0.000563 
314.000000  315.000000  0.000564 
315.000000  316.000000  0.000565 
316.000000  317.000000  0.000566 
317.000000  318.000000  0.000567 
318.000000  319.000000  0.000568 
319.000000  320.000000  0.000568 
320.000000  321.000000  0.000569 
321.000000  322.000000  0.000569 
322.000000  323.000000  0.000570 
323.000000  324.000000  0.000570 
324.000000  325.000000  0.000571 
325.000000  326.000000  0.000571 
326.000000  327.000000  0.000571 
327.000000  328.000000  0.000571 
328.000000  329.000000  0.000571 
329.000000  330.000000  0.000571 
330.000000  331.000000  0.000571 
331.000000  332.000000  0.000571 
332.000000  333.000000  0.000571 
333.000000  334.000000  0.000571 
334.000000  335.000000  0.000570 
335.000000  336.000000  0.000570 
336.000000  337.000000  0.000570 
337.000000  338.000000  0.000569 
338.000000  339.000000  0.000569 
339.000000  340.000000  0.000568 
340.000000  341.000000  0.000567 
341.000000  342.000000  0.000567 
342.000000  343.000000  0.000566 
343.000000  344.000000  0.000565 
344.000000  345.000000  0.000564 
345.000000  346.000000  0.000563 
346.000000  347.000000  0.000562 
347.000000  348.000000  0.000561 
348.000000  349.000000  0.000560 
349.000000  350.000000  0.000559 
350.000000  351.000000  0.000558 
351.000000  352.000000  0.000556 
352.000000  353.000000  0.000555 
353.000000  354.000000  0.000554 
354.000000  355.000000  0.000553 
355.000000  356.000000  0.000551 
356.000000  357.000000  0.000550 
357.000000  358.000000  0.000548 
358.000000  359.000000  0.000547 
359.000000  360.000000  0.000545 
360.000000  361.000000  0.000544 
361.000000  362.000000  0.000542 
362.000000  363.000000  0.000540 
363.000000  364.000000  0.000539 
364.000000  365.000000  0.000537 
365.000000  366.000000  0.000535 
366.000000  367.000000  0.000534 
367.000000  368.000000  0.000532 
368.000000  369.000000  0.000530 
369.000000  370.000000  0.000528 
370.000000  371.000000  0.000526 
371.000000  372.000000  0.000524 
372.000000  373.000000  0.000522 
373.000000  374.000000  0.000520 
374.000000  375.000000  0.000518 
375.000000  376.000000  0.000516 
376.000000  377.000000  0.000514 
377.000000  378.000000  0.000512 
378.000000  379.000000  0.000510 
379.000000  380.000000  0.000508 
380.000000  381.000000  0.000506 
381.000000  382.000000  0.000504 
382.000000  383.000000  0.000502 
383.000000  384.000000  0.000500 
384.000000  385.000000  0.000498 
385.000000  386.000000  0.000495 
386.000000  387.000000  0.000493 
387.000000  388.000000  0.000491 
388.000000  389.000000  0.000489 
389.000000  390.000000  0.000487 
390.000000  391.000000  0.000484 
391.000000  392.000000  0.000482 
392.000000  393.000000  0.000480 
393.000000  394.000000  0.000478 
394.000000  395.000000  0.000475 
395.000000  396.000000  0.000473 
396.000000  397.000000  0.000471 
397.000000  398.000000  0.000468 
398.000000  399.000000  0.000466 
399.000000  400.000000  0.000464 
400.000000  401.000000  0.000461 
401.000000  402.000000  0.000459 
402.000000  403.000000  0.000457 
403.000000  404.000000  0.000454 
404.000000  405.000000  0.000452 
405.000000  406.000000  0.000450 
406.000000  407.000000  0.000447 
407.000000  408.000000  0.000445 
408.000000  409.000000  0.000443 
409.000000  410.000000  0.000440 
410.000000  411.000000  0.000438 
411.000000  412.000000  0.000436 
412.000000  413.000000  0.000433 
413.000000  414.000000  0.000431 
414.000000  415.000000  0.000428 
415.000000  416.000000  0.000426 
416.000000  417.000000  0.000424 
417.000000  418.000000  0.000421 
418.000000  419.000000  0.000419 
419.000000  420.000000  0.000417 
420.000000  421.000000  0.000414 
421.000000  422.000000  0.000412 
422.000000  423.000000  0.000410 
423.000000  424.000000  0.000407 
424.000000  425.000000  0.000405 
425.000000  426.000000  0.000403 
426.000000  427.000000  0.000400 
427.000000  428.000000  0.000398 
428.000000  429.000000  0.000396 
429.000000  430.000000  0.000393 
430.000000  431.000000  0.000391 
431.000000  432.000000  0.000389 
432.000000  433.000000  0.000386 
433.000000  434.000000  0.000384 
434.000000  435.000000  0.000382 
435.000000  436.000000  0.000380 
436.000000  437.000000  0.000377 
437.000000  438.000000  0.000375 
438.000000  439.000000  0.000373 
439.000000  440.000000  0.000371 
440.000000  441.000000  0.000368 
441.000000  442.000000  0.000366 
442.000000  443.000000  0.000364 
443.000000  444.000000  0.000362 
444.000000  445.000000  0.000360 
445.000000  446.000000  0.000357 
446.000000  447.000000  0.000355 
447.000000  448.000000  0.000353 
448.000000  449.000000  0.000351 
449.000000  450.000000  0.000349 
450.000000  451.000000  0.000347 
451.000000  452.000000  0.000344 
452.000000  453.000000  0.000342 
453.000000  454.000000  0.000340 
454.000000  455.000000  0.000338 
455.000000  456.000000  0.000336 
456.000000  457.000000  0.000334 
457.000000  458.000000  0.000332 
458.000000  459.000000  0.000330 
459.000000  460.000000  0.000328 
460.000000  461.000000  0.000326 
461.000000  462.000000  0.000324 
462.000000  463.000000  0.000322 
463.000000  464.000000  0.000320 
464.000000  465.000000  0.000318 
465.000000  466.000000  0.000316 
466.000000  467.000000  0.000314 
467.000000  468.000000  0.000312 
468.000000  469.000000  0.000310 
469.000000  470.000000  0.000308 
470.000000  471.000000  0.000306 
471.000000  472.000000  0.000304 
472.000000  473.000000  0.000302 
473.000000  474.000000  0.000300 
474.000000  475.000000  0.000298 
475.000000  476.000000  0.000297 
476.000000  477.000000  0.000295 
477.000000  478.000000  0.000293 
478.000000  479.000000  0.000291 
479.000000  480.000000  0.000289 
480.000000  481.000000  0.000287 
481.000000  482.000000  0.000286 
482.000000  483.000000  0.000284 
483.000000  484.000000  0.000282 
484.000000  485.000000  0.000280 
485.000000  486.000000  0.000279 
486.000000  487.000000  0.000277 
487.000000  488.000000  0.000275 
488.000000  489.000000  0.000273 
489.000000  490.000000  0.000272 
490.000000  491.000000  0.000270 
491.000000  492.000000  0.000268 
492.000000  493.000000  0.000267 
493.000000  494.000000  0.000265 
494.000000  495.000000  0.000263 
495.000000  496.000000  0.000262 
496.000000  497.000000  0.000260 
497.000000  498.000000  0.000258 
498.000000  499.000000  0.000257 
499.000000  500.000000  0.000255 
500.000000  501.000000  0.000254 
501.000000  502.000000  0.000252 
502.000000  503.000000  0.000251 
503.000000  504.000000  0.000249 
504.000000  505.000000  0.000248 
505.000000  506.000000  0.000246 
506.000000  507.000000  0.000245 
507.000000  508.000000  0.000243 
508.000000  509.000000  0.000242 
509.000000  510.000000  0.000240 
510.000000  511.000000  0.000239 
511.000000  512.000000  0.000237 
512.000000  513.000000  0.000236 
513.000000  514.000000  0.000234 
514.000000  515.000000  0.000233 
515.000000  516.000000  0.000232 
516.000000  517.000000  0.000230 
517.000000  518.000000  0.000229 
518.000000  519.000000  0.000227 
519.000000  520.000000  0.000226 
520.000000  521.000000  0.000225 
521.000000  522.000000  0.000223 
522.000000  523.000000  0.000222 
523.000000  524.000000  0.000221 
524.000000  525.000000  0.000219 
525.000000  526.000000  0.000218 
526.000000  527.000000  0.000217 
527.000000  528.000000  0.000216 
528.000000  529.000000  0.000214 
529.000000  530.000000  0.000213 
530.000000  531.000000  0.000212 
531.000000  532.000000  0.000211 
532.000000  533.000000  0.000209 
533.000000  534.000000  0.000208 
534.000000  535.000000  0.000207 
535.000000  536.000000  0.000206 
536.000000  537.000000  0.000205 
537.000000  538.000000  0.000203 
538.000000  539.000000  0.000202 
539.000000  540.000000  0.000201 
540.000000  541.000000  0.000200 
541.000000  542.000000  0.000199 
542.000000  543.000000  0.000198 
543.000000  544.000000  0.000197 
544.000000  545.000000  0.000195 
545.000000  546.000000  0.000194 
546.000000  547.000000  0.000193 
547.000000  548.000000  0.000192 
548.000000  549.000000  0.000191 
549.000000  550.000000  0.000190 
550.000000  551.000000  0.000189 
551.000000  552.000000  0.000188 
552.000000  553.000000  0.000187 
553.000000  554.000000  0.000186 
554.000000  555.000000  0.000185 
555.000000  556.000000  0.000184 
556.000000  557.000000  0.000183 
557.000000  558.000000  0.000182 
558.000000  559.000000  0.000181 
559.000000  560.000000  0.000180 
560.000000  561.000000  0.000179 
561.000000  562.000000  0.000178 
562.000000  563.000000  0.000177 
563.000000  564.000000  0.000176 
564.000000  565.000000  0.000175 
565.000000  566.000000  0.000174 
566.000000  567.000000  0.000173 
567.000000  568.000000  0.000172 
568.000000  569.000000  0.000172 
569.000000  570.000000  0.000171 
570.000000  571.000000  0.000170 
571.000000  572.000000  0.000169 
572.000000  573.000000  0.000168 
573.000000  574.000000  0.000167 
574.000000  575.000000  0.000166 
575.000000  576.000000  0.000165 
576.000000  577.000000  0.000165 
577.000000  578.000000  0.000164 
578.000000  579.000000  0.000163 
579.000000  580.000000  0.000162 
580.000000  581.000000  0.000161 
581.000000  582.000000  0.000161 
582.000000  583.000000  0.000160 
583.000000  584.000000  0.000159 
584.000000  585.000000  0.000158 
585.000000  586.000000  0.000157 
586.000000  587.000000  0.000157 
587.000000  588.000000  0.000156 
588.000000  589.000000  0.000155 
589.000000  590.000000  0.000154 
590.000000  591.000000  0.000154 
591.000000  592.000000  0.000153 
592.000000  593.000000  0.000152 
593.000000  594.000000  0.000151 
594.000000  595.000000  0.000151 
595.000000  596.000000  0.000150 
596.000000  597.000000  0.000149 
597.000000  598.000000  0.000149 
598.000000  599.000000  0.000148 
599.000000  600.000000  0.000147 
600.000000  601.000000  0.000146 
601.000000  602.000000  0.000146 
602.000000  603.000000  0.000145 
603.000000  604.000000  0.000144 
604.000000  605.000000  0.000144 
605.000000  606.000000  0.000143 
606.000000  607.000000  0.000142 
607.000000  608.000000  0.000142 
608.000000  609.000000  0.000141 
609.000000  610.000000  0.000141 
610.000000  611.000000  0.000140 
611.000000  612.000000  0.000139 
612.000000  613.000000  0.000139 
613.000000  614.000000  0.000138 
614.000000  615.000000  0.000138 
615.000000  616.000000  0.000137 
616.000000  617.000000  0.000136 
617.000000  618.000000  0.000136 
618.000000  619.000000  0.000135 
619.000000  620.000000  0.000135 
620.000000  621.000000  0.000134 
621.000000  622.000000  0.000133 
622.000000  623.000000  0.000133 
623.000000  624.000000  0.000132 
624.000000  625.000000  0.000132 
625.000000  626.000000  0.000131 
626.000000  627.000000  0.000131 
627.000000  628.000000  0.000130 
628.000000  629.000000  0.000130 
629.000000  630.000000  0.000129 
630.000000  631.000000  0.000129 
631.000000  632.000000  0.000128 
632.000000  633.000000  0.000127 
633.000000  634.000000  0.000127 
634.000000  635.000000  0.000126 
635.000000  636.000000  0.000126 
636.000000  637.000000  0.000125 
637.000000  638.000000  0.000125 
638.000000  639.000000  0.000124 
639.000000  640.000000  0.000124 
640.000000  641.000000  0.000124 
641.000000  642.000000  0.000123 
642.000000  643.000000  0.000123 
643.000000  644.000000  0.000122 
644.000000  645.000000  0.000122 
645.000000  646.000000  0.000121 
646.000000  647.000000  0.000121 
647.000000  648.000000  0.000120 
648.000000  649.000000  0.000120 
649.000000  650.000000  0.000119 
650.000000  651.000000  0.000119 
651.000000  652.000000  0.000118 
652.000000  653.000000  0.000118 
653.000000  654.000000  0.000118 
654.000000  655.000000  0.000117 
655.000000  656.000000  0.000117 
656.000000  657.000000  0.000116 
657.000000  658.000000  0.000116 
658.000000  659.000000  0.000116 
659.000000  660.000000  0.000115 
660.000000  661.000000  0.000115 
661.000000  662.000000  0.000114 
662.000000  663.000000  0.000114 
663.000000  664.000000  0.000113 
664.000000  665.000000  0.000113 
665.000000  666.000000  0.000113 
666.000000  667.000000  0.000112 
667.000000  668.000000  0.000112 
668.000000  669.000000  0.000112 
669.000000  670.000000  0.000111 
670.000000  671.000000  0.000111 
671.000000  672.000000  0.000110 
672.000000  673.000000  0.000110 
673.000000  674.000000  0.000110 
674.000000  675.000000  0.000109 
675.000000  676.000000  0.000109 
676.000000  677.000000  0.000109 
677.000000  678.000000  0.000108 
678.000000  679.000000  0.000108 
679.000000  680.000000  0.000108 
680.000000  681.000000  0.000107 
681.000000  682.000000  0.000107 
682.000000  683.000000  0.000107 
683.000000  684.000000  0.000106 
684.000000  685.000000  0.000106 
685.000000  686.000000  0.000106 
686.000000  687.000000  0.000105 
687.000000  688.000000  0.000105 
688.000000  689.000000  0.000105 
689.000000  690.000000  0.000104 
690.000000  691.000000  0.000104 
691.000000  692.000000  0.000104 
692.000000  693.000000  0.000103 
693.000000  694.000000  0.000103 
694.000000  695.000000  0.000103 
695.000000  696.000000  0.000102 
696.000000  697.000000  0.000102 
697.000000  698.000000  0.000102 
698.000000  699.000000  0.000102 
699.000000  700.000000  0.000101 
700.000000  701.000000  0.000101 
701.000000  702.000000  0.000101 
702.000000  703.000000  0.000100 
703.000000  704.000000  0.000100 
704.000000  705.000000  0.000100 
705.000000  706.000000  0.000100 
706.000000  707.000000  0.000099 
707.000000  708.000000  0.000099 
708.000000  709.000000  0.000099 
709.000000  710.000000  0.000098 
710.000000  711.000000  0.000098 
711.000000  712.000000  0.000098 
712.000000  713.000000  0.000098 
713.000000  714.000000  0.000097 
714.000000  715.000000  0.000097 
715.000000  716.000000  0.000097 
716.000000  717.000000  0.000097 
717.000000  718.000000  0.000096 
718.000000  719.000000  0.000096 
719.000000  720.000000  0.000096 
720.000000  721.000000  0.000096 
721.000000  722.000000  0.000095 
722.000000  723.000000  0.000095 
723.000000  724.000000  0.000095 
724.000000  725.000000  0.000095 
725.000000  726.000000  0.000094 
726.000000  727.000000  0.000094 
727.000000  728.000000  0.000094 
728.000000  729.000000  0.000094 
729.000000  730.000000  0.000094 
730.000000  731.000000  0.000093 
731.000000  732.000000  0.000093 
732.000000  733.000000  0.000093 
733.000000  734.000000  0.000093 
734.000000  735.000000  0.000092 
735.000000  736.000000  0.000092 
736.000000  737.000000  0.000092 
737.000000  738.000000  0.000092 
738.000000  739.000000  0.000092 
739.000000  740.000000  0.000091 
740.000000  741.000000  0.000091 
741.000000  742.000000  0.000091 
742.000000  743.000000  0.000091 
743.000000  744.000000  0.000090 
744.000000  745.000000  0.000090 
745.000000  746.000000  0.000090 
746.000000  747.000000  0.000090 
747.000000  748.000000  0.000090 
748.000000  749.000000  0.000089 
749.000000  750.000000  0.000089 
750.000000  751.000000  0.000089 
751.000000  752.000000  0.000089 
752.000000  753.000000  0.000089 
753.000000  754.000000  0.000089 
754.000000  755.000000  0.000088 
755.000000  756.000000  0.000088 
756.000000  757.000000  0.000088 
757.000000  758.000000  0.000088 
758.000000  759.000000  0.000088 
759.000000  760.000000  0.000087 
760.000000  761.000000  0.000087 
761.000000  762.000000  0.000087 
762.000000  763.000000  0.000087 
763.000000  764.000000  0.000087 
764.000000  765.000000  0.000087 
765.000000  766.000000  0.000086 
766.000000  767.000000  0.000086 
767.000000  768.000000  0.000086 
768.000000  769.000000  0.000086 
769.000000  770.000000  0.000086 
770.000000  771.000000  0.000086 
771.000000  772.000000  0.000085 
772.000000  773.000000  0.000085 
773.000000  774.000000  0.000085 
774.000000  775.000000  0.000085 
775.000000  776.000000  0.000085 
776.000000  777.000000  0.000085 
777.000000  778.000000  0.000084 
778.000000  779.000000  0.000084 
779.000000  780.000000  0.000084 
780.000000  781.000000  0.000084 
781.000000  782.000000  0.000084 
782.000000  783.000000  0.000084 
783.000000  784.000000  0.000084 
784.000000  785.000000  0.000083 
785.000000  786.000000  0.000083 
786.000000  787.000000  0.000083 
787.000000  788.000000  0.000083 
788.000000  789.000000  0.000083 
789.000000  790.000000  0.000083 
790.000000  791.000000  0.000083 
791.000000  792.000000  0.000082 
792.000000  793.000000  0.000082 
793.000000  794.000000  0.000082 
794.000000  795.000000  0.000082 
795.000000  796.000000  0.000082 
796.000000  797.000000  0.000082 
797.000000  798.000000  0.000082 
798.000000  799.000000  0.000081 
799.000000  800.000000  0.000081 
