17.000000  18.000000  -0.000000 
18.000000  19.000000  -0.000000 
19.000000  20.000000  -0.000000 
20.000000  21.000000  -0.000000 
21.000000  22.000000  -0.000000 
22.000000  23.000000  -0.000000 
23.000000  24.000000  -0.000000 
24.000000  25.000000  -0.000000 
25.000000  26.000000  -0.000000 
26.000000  27.000000  -0.000000 
27.000000  28.000000  -0.000000 
28.000000  29.000000  -0.000000 
29.000000  30.000000  -0.000000 
30.000000  31.000000  -0.000001 
31.000000  32.000000  -0.000001 
32.000000  33.000000  -0.000001 
33.000000  34.000000  -0.000001 
34.000000  35.000000  -0.000002 
35.000000  36.000000  -0.000002 
36.000000  37.000000  -0.000002 
37.000000  38.000000  -0.000003 
38.000000  39.000000  -0.000003 
39.000000  40.000000  -0.000004 
40.000000  41.000000  -0.000005 
41.000000  42.000000  -0.000005 
42.000000  43.000000  -0.000006 
43.000000  44.000000  -0.000006 
44.000000  45.000000  -0.000007 
45.000000  46.000000  -0.000008 
46.000000  47.000000  -0.000008 
47.000000  48.000000  -0.000008 
48.000000  49.000000  -0.000009 
49.000000  50.000000  -0.000009 
50.000000  51.000000  -0.000008 
51.000000  52.000000  -0.000008 
52.000000  53.000000  -0.000007 
53.000000  54.000000  -0.000006 
54.000000  55.000000  -0.000005 
55.000000  56.000000  -0.000004 
56.000000  57.000000  -0.000002 
57.000000  58.000000  0.000001 
58.000000  59.000000  0.000003 
59.000000  60.000000  0.000007 
60.000000  61.000000  0.000010 
61.000000  62.000000  0.000014 
62.000000  63.000000  0.000019 
63.000000  64.000000  0.000024 
64.000000  65.000000  0.000030 
65.000000  66.000000  0.000036 
66.000000  67.000000  0.000043 
67.000000  68.000000  0.000050 
68.000000  69.000000  0.000058 
69.000000  70.000000  0.000066 
70.000000  71.000000  0.000074 
71.000000  72.000000  0.000084 
72.000000  73.000000  0.000093 
73.000000  74.000000  0.000103 
74.000000  75.000000  0.000114 
75.000000  76.000000  0.000125 
76.000000  77.000000  0.000136 
77.000000  78.000000  0.000148 
78.000000  79.000000  0.000160 
79.000000  80.000000  0.000172 
80.000000  81.000000  0.000184 
81.000000  82.000000  0.000197 
82.000000  83.000000  0.000210 
83.000000  84.000000  0.000223 
84.000000  85.000000  0.000237 
85.000000  86.000000  0.000250 
86.000000  87.000000  0.000264 
87.000000  88.000000  0.000277 
88.000000  89.000000  0.000291 
89.000000  90.000000  0.000304 
90.000000  91.000000  0.000318 
91.000000  92.000000  0.000331 
92.000000  93.000000  0.000345 
93.000000  94.000000  0.000358 
94.000000  95.000000  0.000371 
95.000000  96.000000  0.000383 
96.000000  97.000000  0.000396 
97.000000  98.000000  0.000408 
98.000000  99.000000  0.000420 
99.000000  100.000000  0.000431 
100.000000  101.000000  0.000443 
101.000000  102.000000  0.000454 
102.000000  103.000000  0.000464 
103.000000  104.000000  0.000474 
104.000000  105.000000  0.000484 
105.000000  106.000000  0.000493 
106.000000  107.000000  0.000502 
107.000000  108.000000  0.000510 
108.000000  109.000000  0.000518 
109.000000  110.000000  0.000526 
110.000000  111.000000  0.000533 
111.000000  112.000000  0.000539 
112.000000  113.000000  0.000545 
113.000000  114.000000  0.000551 
114.000000  115.000000  0.000556 
115.000000  116.000000  0.000561 
116.000000  117.000000  0.000565 
117.000000  118.000000  0.000569 
118.000000  119.000000  0.000572 
119.000000  120.000000  0.000575 
120.000000  121.000000  0.000577 
121.000000  122.000000  0.000579 
122.000000  123.000000  0.000580 
123.000000  124.000000  0.000581 
124.000000  125.000000  0.000582 
125.000000  126.000000  0.000582 
126.000000  127.000000  0.000582 
127.000000  128.000000  0.000582 
128.000000  129.000000  0.000581 
129.000000  130.000000  0.000579 
130.000000  131.000000  0.000578 
131.000000  132.000000  0.000576 
132.000000  133.000000  0.000574 
133.000000  134.000000  0.000571 
134.000000  135.000000  0.000568 
135.000000  136.000000  0.000565 
136.000000  137.000000  0.000562 
137.000000  138.000000  0.000558 
138.000000  139.000000  0.000554 
139.000000  140.000000  0.000550 
140.000000  141.000000  0.000546 
141.000000  142.000000  0.000541 
142.000000  143.000000  0.000537 
143.000000  144.000000  0.000532 
144.000000  145.000000  0.000527 
145.000000  146.000000  0.000522 
146.000000  147.000000  0.000517 
147.000000  148.000000  0.000511 
148.000000  149.000000  0.000506 
149.000000  150.000000  0.000500 
150.000000  151.000000  0.000494 
151.000000  152.000000  0.000488 
152.000000  153.000000  0.000483 
153.000000  154.000000  0.000477 
154.000000  155.000000  0.000471 
155.000000  156.000000  0.000465 
156.000000  157.000000  0.000459 
157.000000  158.000000  0.000452 
158.000000  159.000000  0.000446 
159.000000  160.000000  0.000440 
160.000000  161.000000  0.000434 
161.000000  162.000000  0.000428 
162.000000  163.000000  0.000422 
163.000000  164.000000  0.000416 
164.000000  165.000000  0.000409 
165.000000  166.000000  0.000403 
166.000000  167.000000  0.000397 
167.000000  168.000000  0.000391 
168.000000  169.000000  0.000385 
169.000000  170.000000  0.000379 
170.000000  171.000000  0.000373 
171.000000  172.000000  0.000367 
172.000000  173.000000  0.000361 
173.000000  174.000000  0.000356 
174.000000  175.000000  0.000350 
175.000000  176.000000  0.000344 
176.000000  177.000000  0.000338 
177.000000  178.000000  0.000333 
178.000000  179.000000  0.000327 
179.000000  180.000000  0.000322 
180.000000  181.000000  0.000316 
181.000000  182.000000  0.000311 
182.000000  183.000000  0.000306 
183.000000  184.000000  0.000301 
184.000000  185.000000  0.000295 
185.000000  186.000000  0.000290 
186.000000  187.000000  0.000285 
187.000000  188.000000  0.000280 
188.000000  189.000000  0.000276 
189.000000  190.000000  0.000271 
190.000000  191.000000  0.000266 
191.000000  192.000000  0.000261 
192.000000  193.000000  0.000257 
193.000000  194.000000  0.000252 
194.000000  195.000000  0.000248 
195.000000  196.000000  0.000243 
196.000000  197.000000  0.000239 
197.000000  198.000000  0.000235 
198.000000  199.000000  0.000231 
199.000000  200.000000  0.000227 
200.000000  201.000000  0.000223 
201.000000  202.000000  0.000219 
202.000000  203.000000  0.000215 
203.000000  204.000000  0.000211 
204.000000  205.000000  0.000207 
205.000000  206.000000  0.000204 
206.000000  207.000000  0.000200 
207.000000  208.000000  0.000197 
208.000000  209.000000  0.000193 
209.000000  210.000000  0.000190 
210.000000  211.000000  0.000186 
211.000000  212.000000  0.000183 
212.000000  213.000000  0.000180 
213.000000  214.000000  0.000177 
214.000000  215.000000  0.000174 
215.000000  216.000000  0.000171 
216.000000  217.000000  0.000168 
217.000000  218.000000  0.000165 
218.000000  219.000000  0.000162 
219.000000  220.000000  0.000159 
220.000000  221.000000  0.000156 
221.000000  222.000000  0.000153 
222.000000  223.000000  0.000151 
223.000000  224.000000  0.000148 
224.000000  225.000000  0.000146 
225.000000  226.000000  0.000143 
226.000000  227.000000  0.000141 
227.000000  228.000000  0.000138 
228.000000  229.000000  0.000136 
229.000000  230.000000  0.000133 
230.000000  231.000000  0.000131 
231.000000  232.000000  0.000129 
232.000000  233.000000  0.000127 
233.000000  234.000000  0.000125 
234.000000  235.000000  0.000122 
235.000000  236.000000  0.000120 
236.000000  237.000000  0.000118 
237.000000  238.000000  0.000116 
238.000000  239.000000  0.000114 
239.000000  240.000000  0.000113 
240.000000  241.000000  0.000111 
241.000000  242.000000  0.000109 
242.000000  243.000000  0.000107 
243.000000  244.000000  0.000105 
244.000000  245.000000  0.000104 
245.000000  246.000000  0.000102 
246.000000  247.000000  0.000100 
247.000000  248.000000  0.000099 
248.000000  249.000000  0.000097 
249.000000  250.000000  0.000095 
250.000000  251.000000  0.000094 
251.000000  252.000000  0.000092 
252.000000  253.000000  0.000091 
253.000000  254.000000  0.000089 
254.000000  255.000000  0.000088 
255.000000  256.000000  0.000087 
256.000000  257.000000  0.000085 
257.000000  258.000000  0.000084 
258.000000  259.000000  0.000083 
259.000000  260.000000  0.000081 
260.000000  261.000000  0.000080 
261.000000  262.000000  0.000079 
262.000000  263.000000  0.000077 
263.000000  264.000000  0.000076 
264.000000  265.000000  0.000075 
265.000000  266.000000  0.000074 
266.000000  267.000000  0.000073 
267.000000  268.000000  0.000072 
268.000000  269.000000  0.000071 
269.000000  270.000000  0.000070 
270.000000  271.000000  0.000069 
271.000000  272.000000  0.000067 
272.000000  273.000000  0.000066 
273.000000  274.000000  0.000065 
274.000000  275.000000  0.000065 
275.000000  276.000000  0.000064 
276.000000  277.000000  0.000063 
277.000000  278.000000  0.000062 
278.000000  279.000000  0.000061 
279.000000  280.000000  0.000060 
280.000000  281.000000  0.000059 
281.000000  282.000000  0.000058 
282.000000  283.000000  0.000057 
283.000000  284.000000  0.000057 
284.000000  285.000000  0.000056 
285.000000  286.000000  0.000055 
286.000000  287.000000  0.000054 
287.000000  288.000000  0.000053 
288.000000  289.000000  0.000053 
289.000000  290.000000  0.000052 
290.000000  291.000000  0.000051 
291.000000  292.000000  0.000050 
292.000000  293.000000  0.000050 
293.000000  294.000000  0.000049 
294.000000  295.000000  0.000048 
295.000000  296.000000  0.000048 
296.000000  297.000000  0.000047 
297.000000  298.000000  0.000046 
298.000000  299.000000  0.000046 
299.000000  300.000000  0.000045 
300.000000  301.000000  0.000045 
301.000000  302.000000  0.000044 
302.000000  303.000000  0.000043 
303.000000  304.000000  0.000043 
304.000000  305.000000  0.000042 
305.000000  306.000000  0.000042 
306.000000  307.000000  0.000041 
307.000000  308.000000  0.000041 
308.000000  309.000000  0.000040 
309.000000  310.000000  0.000040 
310.000000  311.000000  0.000039 
311.000000  312.000000  0.000039 
312.000000  313.000000  0.000038 
313.000000  314.000000  0.000038 
314.000000  315.000000  0.000037 
315.000000  316.000000  0.000037 
316.000000  317.000000  0.000036 
317.000000  318.000000  0.000036 
318.000000  319.000000  0.000035 
319.000000  320.000000  0.000035 
320.000000  321.000000  0.000034 
321.000000  322.000000  0.000034 
322.000000  323.000000  0.000034 
323.000000  324.000000  0.000033 
324.000000  325.000000  0.000033 
325.000000  326.000000  0.000032 
326.000000  327.000000  0.000032 
327.000000  328.000000  0.000032 
328.000000  329.000000  0.000031 
329.000000  330.000000  0.000031 
330.000000  331.000000  0.000031 
331.000000  332.000000  0.000030 
332.000000  333.000000  0.000030 
333.000000  334.000000  0.000029 
334.000000  335.000000  0.000029 
335.000000  336.000000  0.000029 
336.000000  337.000000  0.000028 
337.000000  338.000000  0.000028 
338.000000  339.000000  0.000028 
339.000000  340.000000  0.000027 
340.000000  341.000000  0.000027 
341.000000  342.000000  0.000027 
342.000000  343.000000  0.000027 
343.000000  344.000000  0.000026 
344.000000  345.000000  0.000026 
345.000000  346.000000  0.000026 
346.000000  347.000000  0.000025 
347.000000  348.000000  0.000025 
348.000000  349.000000  0.000025 
349.000000  350.000000  0.000025 
350.000000  351.000000  0.000024 
351.000000  352.000000  0.000024 
352.000000  353.000000  0.000024 
353.000000  354.000000  0.000023 
354.000000  355.000000  0.000023 
355.000000  356.000000  0.000023 
356.000000  357.000000  0.000023 
357.000000  358.000000  0.000022 
358.000000  359.000000  0.000022 
359.000000  360.000000  0.000022 
360.000000  361.000000  0.000022 
361.000000  362.000000  0.000022 
362.000000  363.000000  0.000021 
363.000000  364.000000  0.000021 
364.000000  365.000000  0.000021 
365.000000  366.000000  0.000021 
366.000000  367.000000  0.000020 
367.000000  368.000000  0.000020 
368.000000  369.000000  0.000020 
369.000000  370.000000  0.000020 
370.000000  371.000000  0.000020 
371.000000  372.000000  0.000019 
372.000000  373.000000  0.000019 
373.000000  374.000000  0.000019 
374.000000  375.000000  0.000019 
375.000000  376.000000  0.000019 
376.000000  377.000000  0.000018 
377.000000  378.000000  0.000018 
378.000000  379.000000  0.000018 
379.000000  380.000000  0.000018 
380.000000  381.000000  0.000018 
381.000000  382.000000  0.000018 
382.000000  383.000000  0.000017 
383.000000  384.000000  0.000017 
384.000000  385.000000  0.000017 
385.000000  386.000000  0.000017 
386.000000  387.000000  0.000017 
387.000000  388.000000  0.000017 
388.000000  389.000000  0.000016 
389.000000  390.000000  0.000016 
390.000000  391.000000  0.000016 
391.000000  392.000000  0.000016 
392.000000  393.000000  0.000016 
393.000000  394.000000  0.000016 
394.000000  395.000000  0.000016 
395.000000  396.000000  0.000015 
396.000000  397.000000  0.000015 
397.000000  398.000000  0.000015 
398.000000  399.000000  0.000015 
399.000000  400.000000  0.000015 
400.000000  401.000000  0.000015 
401.000000  402.000000  0.000015 
402.000000  403.000000  0.000014 
403.000000  404.000000  0.000014 
404.000000  405.000000  0.000014 
405.000000  406.000000  0.000014 
406.000000  407.000000  0.000014 
407.000000  408.000000  0.000014 
408.000000  409.000000  0.000014 
409.000000  410.000000  0.000014 
410.000000  411.000000  0.000013 
411.000000  412.000000  0.000013 
412.000000  413.000000  0.000013 
413.000000  414.000000  0.000013 
414.000000  415.000000  0.000013 
415.000000  416.000000  0.000013 
416.000000  417.000000  0.000013 
417.000000  418.000000  0.000013 
418.000000  419.000000  0.000013 
419.000000  420.000000  0.000012 
420.000000  421.000000  0.000012 
421.000000  422.000000  0.000012 
422.000000  423.000000  0.000012 
423.000000  424.000000  0.000012 
424.000000  425.000000  0.000012 
425.000000  426.000000  0.000012 
426.000000  427.000000  0.000012 
427.000000  428.000000  0.000012 
428.000000  429.000000  0.000011 
429.000000  430.000000  0.000011 
430.000000  431.000000  0.000011 
431.000000  432.000000  0.000011 
432.000000  433.000000  0.000011 
433.000000  434.000000  0.000011 
434.000000  435.000000  0.000011 
435.000000  436.000000  0.000011 
436.000000  437.000000  0.000011 
437.000000  438.000000  0.000011 
438.000000  439.000000  0.000011 
439.000000  440.000000  0.000011 
440.000000  441.000000  0.000010 
441.000000  442.000000  0.000010 
442.000000  443.000000  0.000010 
443.000000  444.000000  0.000010 
444.000000  445.000000  0.000010 
445.000000  446.000000  0.000010 
446.000000  447.000000  0.000010 
447.000000  448.000000  0.000010 
448.000000  449.000000  0.000010 
449.000000  450.000000  0.000010 
450.000000  451.000000  0.000010 
451.000000  452.000000  0.000010 
452.000000  453.000000  0.000010 
453.000000  454.000000  0.000009 
454.000000  455.000000  0.000009 
455.000000  456.000000  0.000009 
456.000000  457.000000  0.000009 
457.000000  458.000000  0.000009 
458.000000  459.000000  0.000009 
459.000000  460.000000  0.000009 
460.000000  461.000000  0.000009 
461.000000  462.000000  0.000009 
462.000000  463.000000  0.000009 
463.000000  464.000000  0.000009 
464.000000  465.000000  0.000009 
465.000000  466.000000  0.000009 
466.000000  467.000000  0.000009 
467.000000  468.000000  0.000009 
468.000000  469.000000  0.000008 
469.000000  470.000000  0.000008 
470.000000  471.000000  0.000008 
471.000000  472.000000  0.000008 
472.000000  473.000000  0.000008 
473.000000  474.000000  0.000008 
474.000000  475.000000  0.000008 
475.000000  476.000000  0.000008 
476.000000  477.000000  0.000008 
477.000000  478.000000  0.000008 
478.000000  479.000000  0.000008 
479.000000  480.000000  0.000008 
480.000000  481.000000  0.000008 
481.000000  482.000000  0.000008 
482.000000  483.000000  0.000008 
483.000000  484.000000  0.000008 
484.000000  485.000000  0.000008 
485.000000  486.000000  0.000008 
486.000000  487.000000  0.000007 
487.000000  488.000000  0.000007 
488.000000  489.000000  0.000007 
489.000000  490.000000  0.000007 
490.000000  491.000000  0.000007 
491.000000  492.000000  0.000007 
492.000000  493.000000  0.000007 
493.000000  494.000000  0.000007 
494.000000  495.000000  0.000007 
495.000000  496.000000  0.000007 
496.000000  497.000000  0.000007 
497.000000  498.000000  0.000007 
498.000000  499.000000  0.000007 
499.000000  500.000000  0.000007 
500.000000  501.000000  0.000007 
501.000000  502.000000  0.000007 
502.000000  503.000000  0.000007 
503.000000  504.000000  0.000007 
504.000000  505.000000  0.000007 
505.000000  506.000000  0.000007 
506.000000  507.000000  0.000007 
507.000000  508.000000  0.000007 
508.000000  509.000000  0.000007 
509.000000  510.000000  0.000006 
510.000000  511.000000  0.000006 
511.000000  512.000000  0.000006 
512.000000  513.000000  0.000006 
513.000000  514.000000  0.000006 
514.000000  515.000000  0.000006 
515.000000  516.000000  0.000006 
516.000000  517.000000  0.000006 
517.000000  518.000000  0.000006 
518.000000  519.000000  0.000006 
519.000000  520.000000  0.000006 
520.000000  521.000000  0.000006 
521.000000  522.000000  0.000006 
522.000000  523.000000  0.000006 
523.000000  524.000000  0.000006 
524.000000  525.000000  0.000006 
525.000000  526.000000  0.000006 
526.000000  527.000000  0.000006 
527.000000  528.000000  0.000006 
528.000000  529.000000  0.000006 
529.000000  530.000000  0.000006 
530.000000  531.000000  0.000006 
531.000000  532.000000  0.000006 
532.000000  533.000000  0.000006 
533.000000  534.000000  0.000006 
534.000000  535.000000  0.000006 
535.000000  536.000000  0.000006 
536.000000  537.000000  0.000006 
537.000000  538.000000  0.000006 
538.000000  539.000000  0.000006 
539.000000  540.000000  0.000006 
540.000000  541.000000  0.000005 
541.000000  542.000000  0.000005 
542.000000  543.000000  0.000005 
543.000000  544.000000  0.000005 
544.000000  545.000000  0.000005 
545.000000  546.000000  0.000005 
546.000000  547.000000  0.000005 
547.000000  548.000000  0.000005 
548.000000  549.000000  0.000005 
549.000000  550.000000  0.000005 
550.000000  551.000000  0.000005 
551.000000  552.000000  0.000005 
552.000000  553.000000  0.000005 
553.000000  554.000000  0.000005 
554.000000  555.000000  0.000005 
555.000000  556.000000  0.000005 
556.000000  557.000000  0.000005 
557.000000  558.000000  0.000005 
558.000000  559.000000  0.000005 
559.000000  560.000000  0.000005 
560.000000  561.000000  0.000005 
561.000000  562.000000  0.000005 
562.000000  563.000000  0.000005 
563.000000  564.000000  0.000005 
564.000000  565.000000  0.000005 
565.000000  566.000000  0.000005 
566.000000  567.000000  0.000005 
567.000000  568.000000  0.000005 
568.000000  569.000000  0.000005 
569.000000  570.000000  0.000005 
570.000000  571.000000  0.000005 
571.000000  572.000000  0.000005 
572.000000  573.000000  0.000005 
573.000000  574.000000  0.000005 
574.000000  575.000000  0.000005 
575.000000  576.000000  0.000005 
576.000000  577.000000  0.000005 
577.000000  578.000000  0.000005 
578.000000  579.000000  0.000005 
579.000000  580.000000  0.000005 
580.000000  581.000000  0.000005 
581.000000  582.000000  0.000005 
582.000000  583.000000  0.000005 
583.000000  584.000000  0.000005 
584.000000  585.000000  0.000005 
585.000000  586.000000  0.000005 
586.000000  587.000000  0.000004 
587.000000  588.000000  0.000004 
588.000000  589.000000  0.000004 
589.000000  590.000000  0.000004 
590.000000  591.000000  0.000004 
591.000000  592.000000  0.000004 
592.000000  593.000000  0.000004 
593.000000  594.000000  0.000004 
594.000000  595.000000  0.000004 
595.000000  596.000000  0.000004 
596.000000  597.000000  0.000004 
597.000000  598.000000  0.000004 
598.000000  599.000000  0.000004 
599.000000  600.000000  0.000004 
600.000000  601.000000  0.000004 
601.000000  602.000000  0.000004 
602.000000  603.000000  0.000004 
603.000000  604.000000  0.000004 
604.000000  605.000000  0.000004 
605.000000  606.000000  0.000004 
606.000000  607.000000  0.000004 
607.000000  608.000000  0.000004 
608.000000  609.000000  0.000004 
609.000000  610.000000  0.000004 
610.000000  611.000000  0.000004 
611.000000  612.000000  0.000004 
612.000000  613.000000  0.000004 
613.000000  614.000000  0.000004 
614.000000  615.000000  0.000004 
615.000000  616.000000  0.000004 
616.000000  617.000000  0.000004 
617.000000  618.000000  0.000004 
618.000000  619.000000  0.000004 
619.000000  620.000000  0.000004 
620.000000  621.000000  0.000004 
621.000000  622.000000  0.000004 
622.000000  623.000000  0.000004 
623.000000  624.000000  0.000004 
624.000000  625.000000  0.000004 
625.000000  626.000000  0.000004 
626.000000  627.000000  0.000004 
627.000000  628.000000  0.000004 
628.000000  629.000000  0.000004 
629.000000  630.000000  0.000004 
630.000000  631.000000  0.000004 
631.000000  632.000000  0.000004 
632.000000  633.000000  0.000004 
633.000000  634.000000  0.000004 
634.000000  635.000000  0.000004 
635.000000  636.000000  0.000004 
636.000000  637.000000  0.000004 
637.000000  638.000000  0.000004 
638.000000  639.000000  0.000004 
639.000000  640.000000  0.000004 
640.000000  641.000000  0.000004 
641.000000  642.000000  0.000004 
642.000000  643.000000  0.000004 
643.000000  644.000000  0.000004 
644.000000  645.000000  0.000004 
645.000000  646.000000  0.000004 
646.000000  647.000000  0.000004 
647.000000  648.000000  0.000004 
648.000000  649.000000  0.000004 
649.000000  650.000000  0.000004 
650.000000  651.000000  0.000004 
651.000000  652.000000  0.000004 
652.000000  653.000000  0.000004 
653.000000  654.000000  0.000004 
654.000000  655.000000  0.000004 
655.000000  656.000000  0.000004 
656.000000  657.000000  0.000004 
657.000000  658.000000  0.000004 
658.000000  659.000000  0.000004 
659.000000  660.000000  0.000004 
660.000000  661.000000  0.000004 
661.000000  662.000000  0.000004 
662.000000  663.000000  0.000004 
663.000000  664.000000  0.000004 
664.000000  665.000000  0.000004 
665.000000  666.000000  0.000004 
666.000000  667.000000  0.000004 
667.000000  668.000000  0.000004 
668.000000  669.000000  0.000004 
669.000000  670.000000  0.000004 
670.000000  671.000000  0.000004 
671.000000  672.000000  0.000004 
672.000000  673.000000  0.000004 
673.000000  674.000000  0.000004 
674.000000  675.000000  0.000004 
675.000000  676.000000  0.000004 
676.000000  677.000000  0.000004 
677.000000  678.000000  0.000004 
678.000000  679.000000  0.000004 
679.000000  680.000000  0.000004 
680.000000  681.000000  0.000004 
681.000000  682.000000  0.000004 
682.000000  683.000000  0.000004 
683.000000  684.000000  0.000004 
684.000000  685.000000  0.000003 
685.000000  686.000000  0.000003 
686.000000  687.000000  0.000003 
687.000000  688.000000  0.000003 
688.000000  689.000000  0.000003 
689.000000  690.000000  0.000003 
690.000000  691.000000  0.000003 
691.000000  692.000000  0.000003 
692.000000  693.000000  0.000003 
693.000000  694.000000  0.000003 
694.000000  695.000000  0.000003 
695.000000  696.000000  0.000003 
696.000000  697.000000  0.000003 
697.000000  698.000000  0.000003 
698.000000  699.000000  0.000003 
699.000000  700.000000  0.000003 
700.000000  701.000000  0.000003 
701.000000  702.000000  0.000003 
702.000000  703.000000  0.000003 
703.000000  704.000000  0.000003 
704.000000  705.000000  0.000003 
705.000000  706.000000  0.000003 
706.000000  707.000000  0.000003 
707.000000  708.000000  0.000003 
708.000000  709.000000  0.000003 
709.000000  710.000000  0.000003 
710.000000  711.000000  0.000003 
711.000000  712.000000  0.000003 
712.000000  713.000000  0.000003 
713.000000  714.000000  0.000003 
714.000000  715.000000  0.000003 
715.000000  716.000000  0.000003 
716.000000  717.000000  0.000003 
717.000000  718.000000  0.000003 
718.000000  719.000000  0.000003 
719.000000  720.000000  0.000003 
720.000000  721.000000  0.000003 
721.000000  722.000000  0.000003 
722.000000  723.000000  0.000003 
723.000000  724.000000  0.000003 
724.000000  725.000000  0.000003 
725.000000  726.000000  0.000003 
726.000000  727.000000  0.000003 
727.000000  728.000000  0.000003 
728.000000  729.000000  0.000003 
729.000000  730.000000  0.000003 
730.000000  731.000000  0.000003 
731.000000  732.000000  0.000003 
732.000000  733.000000  0.000003 
733.000000  734.000000  0.000003 
734.000000  735.000000  0.000003 
735.000000  736.000000  0.000003 
736.000000  737.000000  0.000003 
737.000000  738.000000  0.000003 
738.000000  739.000000  0.000003 
739.000000  740.000000  0.000003 
740.000000  741.000000  0.000003 
741.000000  742.000000  0.000003 
742.000000  743.000000  0.000003 
743.000000  744.000000  0.000003 
744.000000  745.000000  0.000003 
745.000000  746.000000  0.000003 
746.000000  747.000000  0.000003 
747.000000  748.000000  0.000003 
748.000000  749.000000  0.000003 
749.000000  750.000000  0.000003 
750.000000  751.000000  0.000003 
751.000000  752.000000  0.000003 
752.000000  753.000000  0.000003 
753.000000  754.000000  0.000003 
754.000000  755.000000  0.000003 
755.000000  756.000000  0.000003 
756.000000  757.000000  0.000003 
757.000000  758.000000  0.000003 
758.000000  759.000000  0.000003 
759.000000  760.000000  0.000003 
760.000000  761.000000  0.000003 
761.000000  762.000000  0.000003 
762.000000  763.000000  0.000003 
763.000000  764.000000  0.000003 
764.000000  765.000000  0.000003 
765.000000  766.000000  0.000003 
766.000000  767.000000  0.000003 
767.000000  768.000000  0.000003 
768.000000  769.000000  0.000003 
769.000000  770.000000  0.000003 
770.000000  771.000000  0.000003 
771.000000  772.000000  0.000003 
772.000000  773.000000  0.000003 
773.000000  774.000000  0.000003 
774.000000  775.000000  0.000003 
775.000000  776.000000  0.000003 
776.000000  777.000000  0.000003 
777.000000  778.000000  0.000003 
778.000000  779.000000  0.000003 
779.000000  780.000000  0.000003 
780.000000  781.000000  0.000003 
781.000000  782.000000  0.000003 
782.000000  783.000000  0.000003 
783.000000  784.000000  0.000003 
784.000000  785.000000  0.000003 
785.000000  786.000000  0.000003 
786.000000  787.000000  0.000003 
787.000000  788.000000  0.000003 
788.000000  789.000000  0.000003 
789.000000  790.000000  0.000003 
790.000000  791.000000  0.000003 
791.000000  792.000000  0.000003 
792.000000  793.000000  0.000003 
793.000000  794.000000  0.000003 
794.000000  795.000000  0.000003 
795.000000  796.000000  0.000003 
796.000000  797.000000  0.000003 
797.000000  798.000000  0.000003 
798.000000  799.000000  0.000003 
799.000000  800.000000  0.000003 
