17.000000  18.000000  0.005000 
18.000000  19.000000  0.005000 
19.000000  20.000000  0.005000 
20.000000  21.000000  0.005000 
21.000000  22.000000  0.005000 
22.000000  23.000000  0.005000 
23.000000  24.000000  0.005000 
24.000000  25.000000  0.005000 
25.000000  26.000000  0.005000 
26.000000  27.000000  0.005000 
27.000000  28.000000  0.005000 
28.000000  29.000000  0.005000 
29.000000  30.000000  0.004999 
30.000000  31.000000  0.004999 
31.000000  32.000000  0.004998 
32.000000  33.000000  0.004998 
33.000000  34.000000  0.004996 
34.000000  35.000000  0.004995 
35.000000  36.000000  0.004993 
36.000000  37.000000  0.004990 
37.000000  38.000000  0.004986 
38.000000  39.000000  0.004982 
39.000000  40.000000  0.004976 
40.000000  41.000000  0.004970 
41.000000  42.000000  0.004961 
42.000000  43.000000  0.004952 
43.000000  44.000000  0.004941 
44.000000  45.000000  0.004928 
45.000000  46.000000  0.004913 
46.000000  47.000000  0.004897 
47.000000  48.000000  0.004878 
48.000000  49.000000  0.004857 
49.000000  50.000000  0.004834 
50.000000  51.000000  0.004809 
51.000000  52.000000  0.004782 
52.000000  53.000000  0.004753 
53.000000  54.000000  0.004722 
54.000000  55.000000  0.004688 
55.000000  56.000000  0.004653 
56.000000  57.000000  0.004616 
57.000000  58.000000  0.004577 
58.000000  59.000000  0.004536 
59.000000  60.000000  0.004493 
60.000000  61.000000  0.004450 
61.000000  62.000000  0.004404 
62.000000  63.000000  0.004358 
63.000000  64.000000  0.004311 
64.000000  65.000000  0.004262 
65.000000  66.000000  0.004213 
66.000000  67.000000  0.004163 
67.000000  68.000000  0.004112 
68.000000  69.000000  0.004061 
69.000000  70.000000  0.004009 
70.000000  71.000000  0.003958 
71.000000  72.000000  0.003906 
72.000000  73.000000  0.003854 
73.000000  74.000000  0.003802 
74.000000  75.000000  0.003750 
75.000000  76.000000  0.003698 
76.000000  77.000000  0.003647 
77.000000  78.000000  0.003596 
78.000000  79.000000  0.003546 
79.000000  80.000000  0.003496 
80.000000  81.000000  0.003446 
81.000000  82.000000  0.003397 
82.000000  83.000000  0.003349 
83.000000  84.000000  0.003301 
84.000000  85.000000  0.003254 
85.000000  86.000000  0.003204 
86.000000  87.000000  0.003159 
87.000000  88.000000  0.003114 
88.000000  89.000000  0.003070 
89.000000  90.000000  0.003027 
90.000000  91.000000  0.002985 
91.000000  92.000000  0.002943 
92.000000  93.000000  0.002903 
93.000000  94.000000  0.002863 
94.000000  95.000000  0.002824 
95.000000  96.000000  0.002785 
96.000000  97.000000  0.002748 
97.000000  98.000000  0.002711 
98.000000  99.000000  0.002675 
99.000000  100.000000  0.002640 
100.000000  101.000000  0.002605 
101.000000  102.000000  0.002571 
102.000000  103.000000  0.002538 
103.000000  104.000000  0.002505 
104.000000  105.000000  0.002474 
105.000000  106.000000  0.002442 
106.000000  107.000000  0.002412 
107.000000  108.000000  0.002382 
108.000000  109.000000  0.002353 
109.000000  110.000000  0.002324 
110.000000  111.000000  0.002296 
111.000000  112.000000  0.002268 
112.000000  113.000000  0.002241 
113.000000  114.000000  0.002215 
114.000000  115.000000  0.002188 
115.000000  116.000000  0.002163 
116.000000  117.000000  0.002138 
117.000000  118.000000  0.002113 
118.000000  119.000000  0.002088 
119.000000  120.000000  0.002065 
120.000000  121.000000  0.002041 
121.000000  122.000000  0.002018 
122.000000  123.000000  0.001995 
123.000000  124.000000  0.001973 
124.000000  125.000000  0.001950 
125.000000  126.000000  0.001928 
126.000000  127.000000  0.001907 
127.000000  128.000000  0.001886 
128.000000  129.000000  0.001865 
129.000000  130.000000  0.001844 
130.000000  131.000000  0.001823 
131.000000  132.000000  0.001803 
132.000000  133.000000  0.001783 
133.000000  134.000000  0.001763 
134.000000  135.000000  0.001744 
135.000000  136.000000  0.001725 
136.000000  137.000000  0.001705 
137.000000  138.000000  0.001686 
138.000000  139.000000  0.001668 
139.000000  140.000000  0.001649 
140.000000  141.000000  0.001631 
141.000000  142.000000  0.001612 
142.000000  143.000000  0.001594 
143.000000  144.000000  0.001576 
144.000000  145.000000  0.001559 
145.000000  146.000000  0.001541 
146.000000  147.000000  0.001524 
147.000000  148.000000  0.001506 
148.000000  149.000000  0.001489 
149.000000  150.000000  0.001472 
150.000000  151.000000  0.001455 
151.000000  152.000000  0.001438 
152.000000  153.000000  0.001422 
153.000000  154.000000  0.001405 
154.000000  155.000000  0.001389 
155.000000  156.000000  0.001372 
156.000000  157.000000  0.001356 
157.000000  158.000000  0.001340 
158.000000  159.000000  0.001325 
159.000000  160.000000  0.001309 
160.000000  161.000000  0.001293 
161.000000  162.000000  0.001278 
162.000000  163.000000  0.001262 
163.000000  164.000000  0.001247 
164.000000  165.000000  0.001232 
165.000000  166.000000  0.001217 
166.000000  167.000000  0.001202 
167.000000  168.000000  0.001188 
168.000000  169.000000  0.001173 
169.000000  170.000000  0.001158 
170.000000  171.000000  0.001144 
171.000000  172.000000  0.001130 
172.000000  173.000000  0.001116 
173.000000  174.000000  0.001102 
174.000000  175.000000  0.001088 
175.000000  176.000000  0.001074 
176.000000  177.000000  0.001061 
177.000000  178.000000  0.001047 
178.000000  179.000000  0.001034 
179.000000  180.000000  0.001021 
180.000000  181.000000  0.001008 
181.000000  182.000000  0.000995 
182.000000  183.000000  0.000982 
183.000000  184.000000  0.000970 
184.000000  185.000000  0.000957 
185.000000  186.000000  0.000945 
186.000000  187.000000  0.000933 
187.000000  188.000000  0.000920 
188.000000  189.000000  0.000908 
189.000000  190.000000  0.000897 
190.000000  191.000000  0.000885 
191.000000  192.000000  0.000873 
192.000000  193.000000  0.000862 
193.000000  194.000000  0.000851 
194.000000  195.000000  0.000839 
195.000000  196.000000  0.000828 
196.000000  197.000000  0.000817 
197.000000  198.000000  0.000807 
198.000000  199.000000  0.000796 
199.000000  200.000000  0.000785 
200.000000  201.000000  0.000775 
201.000000  202.000000  0.000765 
202.000000  203.000000  0.000754 
203.000000  204.000000  0.000744 
204.000000  205.000000  0.000734 
205.000000  206.000000  0.000725 
206.000000  207.000000  0.000715 
207.000000  208.000000  0.000705 
208.000000  209.000000  0.000696 
209.000000  210.000000  0.000687 
210.000000  211.000000  0.000677 
211.000000  212.000000  0.000668 
212.000000  213.000000  0.000659 
213.000000  214.000000  0.000651 
214.000000  215.000000  0.000642 
215.000000  216.000000  0.000633 
216.000000  217.000000  0.000625 
217.000000  218.000000  0.000616 
218.000000  219.000000  0.000608 
219.000000  220.000000  0.000600 
220.000000  221.000000  0.000592 
221.000000  222.000000  0.000584 
222.000000  223.000000  0.000576 
223.000000  224.000000  0.000569 
224.000000  225.000000  0.000561 
225.000000  226.000000  0.000553 
226.000000  227.000000  0.000546 
227.000000  228.000000  0.000539 
228.000000  229.000000  0.000532 
229.000000  230.000000  0.000524 
230.000000  231.000000  0.000517 
231.000000  232.000000  0.000511 
232.000000  233.000000  0.000504 
233.000000  234.000000  0.000497 
234.000000  235.000000  0.000490 
235.000000  236.000000  0.000484 
236.000000  237.000000  0.000477 
237.000000  238.000000  0.000471 
238.000000  239.000000  0.000465 
239.000000  240.000000  0.000459 
240.000000  241.000000  0.000453 
241.000000  242.000000  0.000447 
242.000000  243.000000  0.000441 
243.000000  244.000000  0.000435 
244.000000  245.000000  0.000429 
245.000000  246.000000  0.000424 
246.000000  247.000000  0.000418 
247.000000  248.000000  0.000413 
248.000000  249.000000  0.000407 
249.000000  250.000000  0.000402 
250.000000  251.000000  0.000397 
251.000000  252.000000  0.000392 
252.000000  253.000000  0.000386 
253.000000  254.000000  0.000381 
254.000000  255.000000  0.000376 
255.000000  256.000000  0.000372 
256.000000  257.000000  0.000367 
257.000000  258.000000  0.000362 
258.000000  259.000000  0.000357 
259.000000  260.000000  0.000353 
260.000000  261.000000  0.000348 
261.000000  262.000000  0.000344 
262.000000  263.000000  0.000339 
263.000000  264.000000  0.000335 
264.000000  265.000000  0.000331 
265.000000  266.000000  0.000327 
266.000000  267.000000  0.000322 
267.000000  268.000000  0.000318 
268.000000  269.000000  0.000314 
269.000000  270.000000  0.000310 
270.000000  271.000000  0.000307 
271.000000  272.000000  0.000303 
272.000000  273.000000  0.000299 
273.000000  274.000000  0.000295 
274.000000  275.000000  0.000291 
275.000000  276.000000  0.000288 
276.000000  277.000000  0.000284 
277.000000  278.000000  0.000281 
278.000000  279.000000  0.000277 
279.000000  280.000000  0.000274 
280.000000  281.000000  0.000270 
281.000000  282.000000  0.000267 
282.000000  283.000000  0.000264 
283.000000  284.000000  0.000261 
284.000000  285.000000  0.000257 
285.000000  286.000000  0.000254 
286.000000  287.000000  0.000251 
287.000000  288.000000  0.000248 
288.000000  289.000000  0.000245 
289.000000  290.000000  0.000242 
290.000000  291.000000  0.000239 
291.000000  292.000000  0.000236 
292.000000  293.000000  0.000234 
293.000000  294.000000  0.000231 
294.000000  295.000000  0.000228 
295.000000  296.000000  0.000225 
296.000000  297.000000  0.000223 
297.000000  298.000000  0.000220 
298.000000  299.000000  0.000218 
299.000000  300.000000  0.000215 
300.000000  301.000000  0.000212 
301.000000  302.000000  0.000210 
302.000000  303.000000  0.000207 
303.000000  304.000000  0.000205 
304.000000  305.000000  0.000203 
305.000000  306.000000  0.000200 
306.000000  307.000000  0.000198 
307.000000  308.000000  0.000196 
308.000000  309.000000  0.000194 
309.000000  310.000000  0.000191 
310.000000  311.000000  0.000189 
311.000000  312.000000  0.000187 
312.000000  313.000000  0.000185 
313.000000  314.000000  0.000183 
314.000000  315.000000  0.000181 
315.000000  316.000000  0.000179 
316.000000  317.000000  0.000177 
317.000000  318.000000  0.000175 
318.000000  319.000000  0.000173 
319.000000  320.000000  0.000171 
320.000000  321.000000  0.000169 
321.000000  322.000000  0.000167 
322.000000  323.000000  0.000165 
323.000000  324.000000  0.000163 
324.000000  325.000000  0.000162 
325.000000  326.000000  0.000160 
326.000000  327.000000  0.000158 
327.000000  328.000000  0.000156 
328.000000  329.000000  0.000155 
329.000000  330.000000  0.000153 
330.000000  331.000000  0.000151 
331.000000  332.000000  0.000150 
332.000000  333.000000  0.000148 
333.000000  334.000000  0.000146 
334.000000  335.000000  0.000145 
335.000000  336.000000  0.000143 
336.000000  337.000000  0.000142 
337.000000  338.000000  0.000140 
338.000000  339.000000  0.000139 
339.000000  340.000000  0.000137 
340.000000  341.000000  0.000136 
341.000000  342.000000  0.000135 
342.000000  343.000000  0.000133 
343.000000  344.000000  0.000132 
344.000000  345.000000  0.000130 
345.000000  346.000000  0.000129 
346.000000  347.000000  0.000128 
347.000000  348.000000  0.000126 
348.000000  349.000000  0.000125 
349.000000  350.000000  0.000124 
350.000000  351.000000  0.000123 
351.000000  352.000000  0.000121 
352.000000  353.000000  0.000120 
353.000000  354.000000  0.000119 
354.000000  355.000000  0.000118 
355.000000  356.000000  0.000116 
356.000000  357.000000  0.000115 
357.000000  358.000000  0.000114 
358.000000  359.000000  0.000113 
359.000000  360.000000  0.000112 
360.000000  361.000000  0.000111 
361.000000  362.000000  0.000110 
362.000000  363.000000  0.000109 
363.000000  364.000000  0.000108 
364.000000  365.000000  0.000106 
365.000000  366.000000  0.000105 
366.000000  367.000000  0.000104 
367.000000  368.000000  0.000103 
368.000000  369.000000  0.000102 
369.000000  370.000000  0.000101 
370.000000  371.000000  0.000100 
371.000000  372.000000  0.000099 
372.000000  373.000000  0.000099 
373.000000  374.000000  0.000098 
374.000000  375.000000  0.000097 
375.000000  376.000000  0.000096 
376.000000  377.000000  0.000095 
377.000000  378.000000  0.000094 
378.000000  379.000000  0.000093 
379.000000  380.000000  0.000092 
380.000000  381.000000  0.000091 
381.000000  382.000000  0.000090 
382.000000  383.000000  0.000090 
383.000000  384.000000  0.000089 
384.000000  385.000000  0.000088 
385.000000  386.000000  0.000087 
386.000000  387.000000  0.000086 
387.000000  388.000000  0.000086 
388.000000  389.000000  0.000085 
389.000000  390.000000  0.000084 
390.000000  391.000000  0.000083 
391.000000  392.000000  0.000083 
392.000000  393.000000  0.000082 
393.000000  394.000000  0.000081 
394.000000  395.000000  0.000080 
395.000000  396.000000  0.000080 
396.000000  397.000000  0.000079 
397.000000  398.000000  0.000078 
398.000000  399.000000  0.000078 
399.000000  400.000000  0.000077 
400.000000  401.000000  0.000076 
401.000000  402.000000  0.000075 
402.000000  403.000000  0.000075 
403.000000  404.000000  0.000074 
404.000000  405.000000  0.000074 
405.000000  406.000000  0.000073 
406.000000  407.000000  0.000072 
407.000000  408.000000  0.000072 
408.000000  409.000000  0.000071 
409.000000  410.000000  0.000070 
410.000000  411.000000  0.000070 
411.000000  412.000000  0.000069 
412.000000  413.000000  0.000069 
413.000000  414.000000  0.000068 
414.000000  415.000000  0.000068 
415.000000  416.000000  0.000067 
416.000000  417.000000  0.000066 
417.000000  418.000000  0.000066 
418.000000  419.000000  0.000065 
419.000000  420.000000  0.000065 
420.000000  421.000000  0.000064 
421.000000  422.000000  0.000064 
422.000000  423.000000  0.000063 
423.000000  424.000000  0.000063 
424.000000  425.000000  0.000062 
425.000000  426.000000  0.000062 
426.000000  427.000000  0.000061 
427.000000  428.000000  0.000061 
428.000000  429.000000  0.000060 
429.000000  430.000000  0.000060 
430.000000  431.000000  0.000059 
431.000000  432.000000  0.000059 
432.000000  433.000000  0.000058 
433.000000  434.000000  0.000058 
434.000000  435.000000  0.000057 
435.000000  436.000000  0.000057 
436.000000  437.000000  0.000056 
437.000000  438.000000  0.000056 
438.000000  439.000000  0.000056 
439.000000  440.000000  0.000055 
440.000000  441.000000  0.000055 
441.000000  442.000000  0.000054 
442.000000  443.000000  0.000054 
443.000000  444.000000  0.000053 
444.000000  445.000000  0.000053 
445.000000  446.000000  0.000053 
446.000000  447.000000  0.000052 
447.000000  448.000000  0.000052 
448.000000  449.000000  0.000052 
449.000000  450.000000  0.000051 
450.000000  451.000000  0.000051 
451.000000  452.000000  0.000050 
452.000000  453.000000  0.000050 
453.000000  454.000000  0.000050 
454.000000  455.000000  0.000049 
455.000000  456.000000  0.000049 
456.000000  457.000000  0.000049 
457.000000  458.000000  0.000048 
458.000000  459.000000  0.000048 
459.000000  460.000000  0.000048 
460.000000  461.000000  0.000047 
461.000000  462.000000  0.000047 
462.000000  463.000000  0.000047 
463.000000  464.000000  0.000046 
464.000000  465.000000  0.000046 
465.000000  466.000000  0.000046 
466.000000  467.000000  0.000045 
467.000000  468.000000  0.000045 
468.000000  469.000000  0.000045 
469.000000  470.000000  0.000044 
470.000000  471.000000  0.000044 
471.000000  472.000000  0.000044 
472.000000  473.000000  0.000043 
473.000000  474.000000  0.000043 
474.000000  475.000000  0.000043 
475.000000  476.000000  0.000042 
476.000000  477.000000  0.000042 
477.000000  478.000000  0.000042 
478.000000  479.000000  0.000042 
479.000000  480.000000  0.000041 
480.000000  481.000000  0.000041 
481.000000  482.000000  0.000041 
482.000000  483.000000  0.000041 
483.000000  484.000000  0.000040 
484.000000  485.000000  0.000040 
485.000000  486.000000  0.000040 
486.000000  487.000000  0.000040 
487.000000  488.000000  0.000039 
488.000000  489.000000  0.000039 
489.000000  490.000000  0.000039 
490.000000  491.000000  0.000039 
491.000000  492.000000  0.000038 
492.000000  493.000000  0.000038 
493.000000  494.000000  0.000038 
494.000000  495.000000  0.000038 
495.000000  496.000000  0.000037 
496.000000  497.000000  0.000037 
497.000000  498.000000  0.000037 
498.000000  499.000000  0.000037 
499.000000  500.000000  0.000036 
500.000000  501.000000  0.000036 
501.000000  502.000000  0.000036 
502.000000  503.000000  0.000036 
503.000000  504.000000  0.000036 
504.000000  505.000000  0.000035 
505.000000  506.000000  0.000035 
506.000000  507.000000  0.000035 
507.000000  508.000000  0.000035 
508.000000  509.000000  0.000035 
509.000000  510.000000  0.000034 
510.000000  511.000000  0.000034 
511.000000  512.000000  0.000034 
512.000000  513.000000  0.000034 
513.000000  514.000000  0.000034 
514.000000  515.000000  0.000033 
515.000000  516.000000  0.000033 
516.000000  517.000000  0.000033 
517.000000  518.000000  0.000033 
518.000000  519.000000  0.000033 
519.000000  520.000000  0.000032 
520.000000  521.000000  0.000032 
521.000000  522.000000  0.000032 
522.000000  523.000000  0.000032 
523.000000  524.000000  0.000032 
524.000000  525.000000  0.000032 
525.000000  526.000000  0.000031 
526.000000  527.000000  0.000031 
527.000000  528.000000  0.000031 
528.000000  529.000000  0.000031 
529.000000  530.000000  0.000031 
530.000000  531.000000  0.000031 
531.000000  532.000000  0.000030 
532.000000  533.000000  0.000030 
533.000000  534.000000  0.000030 
534.000000  535.000000  0.000030 
535.000000  536.000000  0.000030 
536.000000  537.000000  0.000030 
537.000000  538.000000  0.000030 
538.000000  539.000000  0.000029 
539.000000  540.000000  0.000029 
540.000000  541.000000  0.000029 
541.000000  542.000000  0.000029 
542.000000  543.000000  0.000029 
543.000000  544.000000  0.000029 
544.000000  545.000000  0.000029 
545.000000  546.000000  0.000028 
546.000000  547.000000  0.000028 
547.000000  548.000000  0.000028 
548.000000  549.000000  0.000028 
549.000000  550.000000  0.000028 
550.000000  551.000000  0.000028 
551.000000  552.000000  0.000028 
552.000000  553.000000  0.000027 
553.000000  554.000000  0.000027 
554.000000  555.000000  0.000027 
555.000000  556.000000  0.000027 
556.000000  557.000000  0.000027 
557.000000  558.000000  0.000027 
558.000000  559.000000  0.000027 
559.000000  560.000000  0.000027 
560.000000  561.000000  0.000027 
561.000000  562.000000  0.000026 
562.000000  563.000000  0.000026 
563.000000  564.000000  0.000026 
564.000000  565.000000  0.000026 
565.000000  566.000000  0.000026 
566.000000  567.000000  0.000026 
567.000000  568.000000  0.000026 
568.000000  569.000000  0.000026 
569.000000  570.000000  0.000026 
570.000000  571.000000  0.000025 
571.000000  572.000000  0.000025 
572.000000  573.000000  0.000025 
573.000000  574.000000  0.000025 
574.000000  575.000000  0.000025 
575.000000  576.000000  0.000025 
576.000000  577.000000  0.000025 
577.000000  578.000000  0.000025 
578.000000  579.000000  0.000025 
579.000000  580.000000  0.000025 
580.000000  581.000000  0.000024 
581.000000  582.000000  0.000024 
582.000000  583.000000  0.000024 
583.000000  584.000000  0.000024 
584.000000  585.000000  0.000024 
585.000000  586.000000  0.000024 
586.000000  587.000000  0.000024 
587.000000  588.000000  0.000024 
588.000000  589.000000  0.000024 
589.000000  590.000000  0.000024 
590.000000  591.000000  0.000024 
591.000000  592.000000  0.000023 
592.000000  593.000000  0.000023 
593.000000  594.000000  0.000023 
594.000000  595.000000  0.000023 
595.000000  596.000000  0.000023 
596.000000  597.000000  0.000023 
597.000000  598.000000  0.000023 
598.000000  599.000000  0.000023 
599.000000  600.000000  0.000023 
600.000000  601.000000  0.000023 
601.000000  602.000000  0.000023 
602.000000  603.000000  0.000023 
603.000000  604.000000  0.000023 
604.000000  605.000000  0.000023 
605.000000  606.000000  0.000022 
606.000000  607.000000  0.000022 
607.000000  608.000000  0.000022 
608.000000  609.000000  0.000022 
609.000000  610.000000  0.000022 
610.000000  611.000000  0.000022 
611.000000  612.000000  0.000022 
612.000000  613.000000  0.000022 
613.000000  614.000000  0.000022 
614.000000  615.000000  0.000022 
615.000000  616.000000  0.000022 
616.000000  617.000000  0.000022 
617.000000  618.000000  0.000022 
618.000000  619.000000  0.000022 
619.000000  620.000000  0.000022 
620.000000  621.000000  0.000021 
621.000000  622.000000  0.000021 
622.000000  623.000000  0.000021 
623.000000  624.000000  0.000021 
624.000000  625.000000  0.000021 
625.000000  626.000000  0.000021 
626.000000  627.000000  0.000021 
627.000000  628.000000  0.000021 
628.000000  629.000000  0.000021 
629.000000  630.000000  0.000021 
630.000000  631.000000  0.000021 
631.000000  632.000000  0.000021 
632.000000  633.000000  0.000021 
633.000000  634.000000  0.000021 
634.000000  635.000000  0.000021 
635.000000  636.000000  0.000021 
636.000000  637.000000  0.000021 
637.000000  638.000000  0.000021 
638.000000  639.000000  0.000020 
639.000000  640.000000  0.000020 
640.000000  641.000000  0.000020 
641.000000  642.000000  0.000020 
642.000000  643.000000  0.000020 
643.000000  644.000000  0.000020 
644.000000  645.000000  0.000020 
645.000000  646.000000  0.000020 
646.000000  647.000000  0.000020 
647.000000  648.000000  0.000020 
648.000000  649.000000  0.000020 
649.000000  650.000000  0.000020 
650.000000  651.000000  0.000020 
651.000000  652.000000  0.000020 
652.000000  653.000000  0.000020 
653.000000  654.000000  0.000020 
654.000000  655.000000  0.000020 
655.000000  656.000000  0.000020 
656.000000  657.000000  0.000020 
657.000000  658.000000  0.000020 
658.000000  659.000000  0.000020 
659.000000  660.000000  0.000020 
660.000000  661.000000  0.000020 
661.000000  662.000000  0.000020 
662.000000  663.000000  0.000019 
663.000000  664.000000  0.000019 
664.000000  665.000000  0.000019 
665.000000  666.000000  0.000019 
666.000000  667.000000  0.000019 
667.000000  668.000000  0.000019 
668.000000  669.000000  0.000019 
669.000000  670.000000  0.000019 
670.000000  671.000000  0.000019 
671.000000  672.000000  0.000019 
672.000000  673.000000  0.000019 
673.000000  674.000000  0.000019 
674.000000  675.000000  0.000019 
675.000000  676.000000  0.000019 
676.000000  677.000000  0.000019 
677.000000  678.000000  0.000019 
678.000000  679.000000  0.000019 
679.000000  680.000000  0.000019 
680.000000  681.000000  0.000019 
681.000000  682.000000  0.000019 
682.000000  683.000000  0.000019 
683.000000  684.000000  0.000019 
684.000000  685.000000  0.000019 
685.000000  686.000000  0.000019 
686.000000  687.000000  0.000019 
687.000000  688.000000  0.000019 
688.000000  689.000000  0.000019 
689.000000  690.000000  0.000019 
690.000000  691.000000  0.000019 
691.000000  692.000000  0.000019 
692.000000  693.000000  0.000019 
693.000000  694.000000  0.000019 
694.000000  695.000000  0.000019 
695.000000  696.000000  0.000018 
696.000000  697.000000  0.000018 
697.000000  698.000000  0.000018 
698.000000  699.000000  0.000018 
699.000000  700.000000  0.000018 
700.000000  701.000000  0.000018 
701.000000  702.000000  0.000018 
702.000000  703.000000  0.000018 
703.000000  704.000000  0.000018 
704.000000  705.000000  0.000018 
705.000000  706.000000  0.000018 
706.000000  707.000000  0.000018 
707.000000  708.000000  0.000018 
708.000000  709.000000  0.000018 
709.000000  710.000000  0.000018 
710.000000  711.000000  0.000018 
711.000000  712.000000  0.000018 
712.000000  713.000000  0.000018 
713.000000  714.000000  0.000018 
714.000000  715.000000  0.000018 
715.000000  716.000000  0.000018 
716.000000  717.000000  0.000018 
717.000000  718.000000  0.000018 
718.000000  719.000000  0.000018 
719.000000  720.000000  0.000018 
720.000000  721.000000  0.000018 
721.000000  722.000000  0.000018 
722.000000  723.000000  0.000018 
723.000000  724.000000  0.000018 
724.000000  725.000000  0.000018 
725.000000  726.000000  0.000018 
726.000000  727.000000  0.000018 
727.000000  728.000000  0.000018 
728.000000  729.000000  0.000018 
729.000000  730.000000  0.000018 
730.000000  731.000000  0.000018 
731.000000  732.000000  0.000018 
732.000000  733.000000  0.000018 
733.000000  734.000000  0.000018 
734.000000  735.000000  0.000018 
735.000000  736.000000  0.000018 
736.000000  737.000000  0.000018 
737.000000  738.000000  0.000018 
738.000000  739.000000  0.000018 
739.000000  740.000000  0.000018 
740.000000  741.000000  0.000018 
741.000000  742.000000  0.000018 
742.000000  743.000000  0.000018 
743.000000  744.000000  0.000018 
744.000000  745.000000  0.000018 
745.000000  746.000000  0.000018 
746.000000  747.000000  0.000018 
747.000000  748.000000  0.000018 
748.000000  749.000000  0.000018 
749.000000  750.000000  0.000018 
750.000000  751.000000  0.000018 
751.000000  752.000000  0.000018 
752.000000  753.000000  0.000018 
753.000000  754.000000  0.000018 
754.000000  755.000000  0.000018 
755.000000  756.000000  0.000018 
756.000000  757.000000  0.000018 
757.000000  758.000000  0.000018 
758.000000  759.000000  0.000018 
759.000000  760.000000  0.000018 
760.000000  761.000000  0.000018 
761.000000  762.000000  0.000018 
762.000000  763.000000  0.000018 
763.000000  764.000000  0.000018 
764.000000  765.000000  0.000018 
765.000000  766.000000  0.000018 
766.000000  767.000000  0.000018 
767.000000  768.000000  0.000018 
768.000000  769.000000  0.000018 
769.000000  770.000000  0.000018 
770.000000  771.000000  0.000018 
771.000000  772.000000  0.000018 
772.000000  773.000000  0.000018 
773.000000  774.000000  0.000018 
774.000000  775.000000  0.000018 
775.000000  776.000000  0.000018 
776.000000  777.000000  0.000018 
777.000000  778.000000  0.000018 
778.000000  779.000000  0.000018 
779.000000  780.000000  0.000018 
780.000000  781.000000  0.000018 
781.000000  782.000000  0.000018 
782.000000  783.000000  0.000018 
783.000000  784.000000  0.000018 
784.000000  785.000000  0.000018 
785.000000  786.000000  0.000018 
786.000000  787.000000  0.000018 
787.000000  788.000000  0.000018 
788.000000  789.000000  0.000018 
789.000000  790.000000  0.000018 
790.000000  791.000000  0.000018 
791.000000  792.000000  0.000018 
792.000000  793.000000  0.000018 
793.000000  794.000000  0.000018 
794.000000  795.000000  0.000018 
795.000000  796.000000  0.000018 
796.000000  797.000000  0.000018 
797.000000  798.000000  0.000018 
798.000000  799.000000  0.000018 
799.000000  800.000000  0.000018 
