17.000000  18.000000  0.000000 
18.000000  19.000000  0.000000 
19.000000  20.000000  0.000000 
20.000000  21.000000  0.000000 
21.000000  22.000000  0.000000 
22.000000  23.000000  0.000000 
23.000000  24.000000  0.000000 
24.000000  25.000000  0.000000 
25.000000  26.000000  0.000000 
26.000000  27.000000  0.000000 
27.000000  28.000000  0.000000 
28.000000  29.000000  0.000000 
29.000000  30.000000  0.000001 
30.000000  31.000000  0.000001 
31.000000  32.000000  0.000002 
32.000000  33.000000  0.000002 
33.000000  34.000000  0.000004 
34.000000  35.000000  0.000005 
35.000000  36.000000  0.000007 
36.000000  37.000000  0.000010 
37.000000  38.000000  0.000014 
38.000000  39.000000  0.000018 
39.000000  40.000000  0.000024 
40.000000  41.000000  0.000030 
41.000000  42.000000  0.000039 
42.000000  43.000000  0.000048 
43.000000  44.000000  0.000059 
44.000000  45.000000  0.000072 
45.000000  46.000000  0.000087 
46.000000  47.000000  0.000103 
47.000000  48.000000  0.000122 
48.000000  49.000000  0.000143 
49.000000  50.000000  0.000166 
50.000000  51.000000  0.000191 
51.000000  52.000000  0.000218 
52.000000  53.000000  0.000247 
53.000000  54.000000  0.000278 
54.000000  55.000000  0.000312 
55.000000  56.000000  0.000347 
56.000000  57.000000  0.000384 
57.000000  58.000000  0.000423 
58.000000  59.000000  0.000464 
59.000000  60.000000  0.000507 
60.000000  61.000000  0.000550 
61.000000  62.000000  0.000596 
62.000000  63.000000  0.000642 
63.000000  64.000000  0.000689 
64.000000  65.000000  0.000738 
65.000000  66.000000  0.000787 
66.000000  67.000000  0.000837 
67.000000  68.000000  0.000888 
68.000000  69.000000  0.000939 
69.000000  70.000000  0.000991 
70.000000  71.000000  0.001042 
71.000000  72.000000  0.001094 
72.000000  73.000000  0.001146 
73.000000  74.000000  0.001198 
74.000000  75.000000  0.001250 
75.000000  76.000000  0.001302 
76.000000  77.000000  0.001353 
77.000000  78.000000  0.001404 
78.000000  79.000000  0.001454 
79.000000  80.000000  0.001504 
80.000000  81.000000  0.001554 
81.000000  82.000000  0.001603 
82.000000  83.000000  0.001651 
83.000000  84.000000  0.001699 
84.000000  85.000000  0.001746 
85.000000  86.000000  0.001796 
86.000000  87.000000  0.001841 
87.000000  88.000000  0.001886 
88.000000  89.000000  0.001930 
89.000000  90.000000  0.001973 
90.000000  91.000000  0.002015 
91.000000  92.000000  0.002057 
92.000000  93.000000  0.002097 
93.000000  94.000000  0.002137 
94.000000  95.000000  0.002176 
95.000000  96.000000  0.002215 
96.000000  97.000000  0.002252 
97.000000  98.000000  0.002289 
98.000000  99.000000  0.002325 
99.000000  100.000000  0.002360 
100.000000  101.000000  0.002395 
101.000000  102.000000  0.002429 
102.000000  103.000000  0.002462 
103.000000  104.000000  0.002495 
104.000000  105.000000  0.002526 
105.000000  106.000000  0.002558 
106.000000  107.000000  0.002588 
107.000000  108.000000  0.002618 
108.000000  109.000000  0.002647 
109.000000  110.000000  0.002676 
110.000000  111.000000  0.002704 
111.000000  112.000000  0.002732 
112.000000  113.000000  0.002759 
113.000000  114.000000  0.002785 
114.000000  115.000000  0.002812 
115.000000  116.000000  0.002837 
116.000000  117.000000  0.002862 
117.000000  118.000000  0.002887 
118.000000  119.000000  0.002912 
119.000000  120.000000  0.002935 
120.000000  121.000000  0.002959 
121.000000  122.000000  0.002982 
122.000000  123.000000  0.003005 
123.000000  124.000000  0.003027 
124.000000  125.000000  0.003050 
125.000000  126.000000  0.003072 
126.000000  127.000000  0.003093 
127.000000  128.000000  0.003114 
128.000000  129.000000  0.003135 
129.000000  130.000000  0.003156 
130.000000  131.000000  0.003177 
131.000000  132.000000  0.003197 
132.000000  133.000000  0.003217 
133.000000  134.000000  0.003237 
134.000000  135.000000  0.003256 
135.000000  136.000000  0.003275 
136.000000  137.000000  0.003295 
137.000000  138.000000  0.003314 
138.000000  139.000000  0.003332 
139.000000  140.000000  0.003351 
140.000000  141.000000  0.003369 
141.000000  142.000000  0.003388 
142.000000  143.000000  0.003406 
143.000000  144.000000  0.003424 
144.000000  145.000000  0.003441 
145.000000  146.000000  0.003459 
146.000000  147.000000  0.003476 
147.000000  148.000000  0.003494 
148.000000  149.000000  0.003511 
149.000000  150.000000  0.003528 
150.000000  151.000000  0.003545 
151.000000  152.000000  0.003562 
152.000000  153.000000  0.003578 
153.000000  154.000000  0.003595 
154.000000  155.000000  0.003611 
155.000000  156.000000  0.003628 
156.000000  157.000000  0.003644 
157.000000  158.000000  0.003660 
158.000000  159.000000  0.003675 
159.000000  160.000000  0.003691 
160.000000  161.000000  0.003707 
161.000000  162.000000  0.003722 
162.000000  163.000000  0.003738 
163.000000  164.000000  0.003753 
164.000000  165.000000  0.003768 
165.000000  166.000000  0.003783 
166.000000  167.000000  0.003798 
167.000000  168.000000  0.003812 
168.000000  169.000000  0.003827 
169.000000  170.000000  0.003842 
170.000000  171.000000  0.003856 
171.000000  172.000000  0.003870 
172.000000  173.000000  0.003884 
173.000000  174.000000  0.003898 
174.000000  175.000000  0.003912 
175.000000  176.000000  0.003926 
176.000000  177.000000  0.003939 
177.000000  178.000000  0.003953 
178.000000  179.000000  0.003966 
179.000000  180.000000  0.003979 
180.000000  181.000000  0.003992 
181.000000  182.000000  0.004005 
182.000000  183.000000  0.004018 
183.000000  184.000000  0.004030 
184.000000  185.000000  0.004043 
185.000000  186.000000  0.004055 
186.000000  187.000000  0.004067 
187.000000  188.000000  0.004080 
188.000000  189.000000  0.004092 
189.000000  190.000000  0.004103 
190.000000  191.000000  0.004115 
191.000000  192.000000  0.004127 
192.000000  193.000000  0.004138 
193.000000  194.000000  0.004149 
194.000000  195.000000  0.004161 
195.000000  196.000000  0.004172 
196.000000  197.000000  0.004183 
197.000000  198.000000  0.004193 
198.000000  199.000000  0.004204 
199.000000  200.000000  0.004215 
200.000000  201.000000  0.004225 
201.000000  202.000000  0.004235 
202.000000  203.000000  0.004246 
203.000000  204.000000  0.004256 
204.000000  205.000000  0.004266 
205.000000  206.000000  0.004275 
206.000000  207.000000  0.004285 
207.000000  208.000000  0.004295 
208.000000  209.000000  0.004304 
209.000000  210.000000  0.004313 
210.000000  211.000000  0.004323 
211.000000  212.000000  0.004332 
212.000000  213.000000  0.004341 
213.000000  214.000000  0.004349 
214.000000  215.000000  0.004358 
215.000000  216.000000  0.004367 
216.000000  217.000000  0.004375 
217.000000  218.000000  0.004384 
218.000000  219.000000  0.004392 
219.000000  220.000000  0.004400 
220.000000  221.000000  0.004408 
221.000000  222.000000  0.004416 
222.000000  223.000000  0.004424 
223.000000  224.000000  0.004431 
224.000000  225.000000  0.004439 
225.000000  226.000000  0.004447 
226.000000  227.000000  0.004454 
227.000000  228.000000  0.004461 
228.000000  229.000000  0.004468 
229.000000  230.000000  0.004476 
230.000000  231.000000  0.004483 
231.000000  232.000000  0.004489 
232.000000  233.000000  0.004496 
233.000000  234.000000  0.004503 
234.000000  235.000000  0.004510 
235.000000  236.000000  0.004516 
236.000000  237.000000  0.004523 
237.000000  238.000000  0.004529 
238.000000  239.000000  0.004535 
239.000000  240.000000  0.004541 
240.000000  241.000000  0.004547 
241.000000  242.000000  0.004553 
242.000000  243.000000  0.004559 
243.000000  244.000000  0.004565 
244.000000  245.000000  0.004571 
245.000000  246.000000  0.004576 
246.000000  247.000000  0.004582 
247.000000  248.000000  0.004587 
248.000000  249.000000  0.004593 
249.000000  250.000000  0.004598 
250.000000  251.000000  0.004603 
251.000000  252.000000  0.004608 
252.000000  253.000000  0.004614 
253.000000  254.000000  0.004619 
254.000000  255.000000  0.004624 
255.000000  256.000000  0.004628 
256.000000  257.000000  0.004633 
257.000000  258.000000  0.004638 
258.000000  259.000000  0.004643 
259.000000  260.000000  0.004647 
260.000000  261.000000  0.004652 
261.000000  262.000000  0.004656 
262.000000  263.000000  0.004661 
263.000000  264.000000  0.004665 
264.000000  265.000000  0.004669 
265.000000  266.000000  0.004673 
266.000000  267.000000  0.004678 
267.000000  268.000000  0.004682 
268.000000  269.000000  0.004686 
269.000000  270.000000  0.004690 
270.000000  271.000000  0.004693 
271.000000  272.000000  0.004697 
272.000000  273.000000  0.004701 
273.000000  274.000000  0.004705 
274.000000  275.000000  0.004709 
275.000000  276.000000  0.004712 
276.000000  277.000000  0.004716 
277.000000  278.000000  0.004719 
278.000000  279.000000  0.004723 
279.000000  280.000000  0.004726 
280.000000  281.000000  0.004730 
281.000000  282.000000  0.004733 
282.000000  283.000000  0.004736 
283.000000  284.000000  0.004739 
284.000000  285.000000  0.004743 
285.000000  286.000000  0.004746 
286.000000  287.000000  0.004749 
287.000000  288.000000  0.004752 
288.000000  289.000000  0.004755 
289.000000  290.000000  0.004758 
290.000000  291.000000  0.004761 
291.000000  292.000000  0.004764 
292.000000  293.000000  0.004766 
293.000000  294.000000  0.004769 
294.000000  295.000000  0.004772 
295.000000  296.000000  0.004775 
296.000000  297.000000  0.004777 
297.000000  298.000000  0.004780 
298.000000  299.000000  0.004782 
299.000000  300.000000  0.004785 
300.000000  301.000000  0.004788 
301.000000  302.000000  0.004790 
302.000000  303.000000  0.004793 
303.000000  304.000000  0.004795 
304.000000  305.000000  0.004797 
305.000000  306.000000  0.004800 
306.000000  307.000000  0.004802 
307.000000  308.000000  0.004804 
308.000000  309.000000  0.004806 
309.000000  310.000000  0.004809 
310.000000  311.000000  0.004811 
311.000000  312.000000  0.004813 
312.000000  313.000000  0.004815 
313.000000  314.000000  0.004817 
314.000000  315.000000  0.004819 
315.000000  316.000000  0.004821 
316.000000  317.000000  0.004823 
317.000000  318.000000  0.004825 
318.000000  319.000000  0.004827 
319.000000  320.000000  0.004829 
320.000000  321.000000  0.004831 
321.000000  322.000000  0.004833 
322.000000  323.000000  0.004835 
323.000000  324.000000  0.004837 
324.000000  325.000000  0.004838 
325.000000  326.000000  0.004840 
326.000000  327.000000  0.004842 
327.000000  328.000000  0.004844 
328.000000  329.000000  0.004845 
329.000000  330.000000  0.004847 
330.000000  331.000000  0.004849 
331.000000  332.000000  0.004850 
332.000000  333.000000  0.004852 
333.000000  334.000000  0.004854 
334.000000  335.000000  0.004855 
335.000000  336.000000  0.004857 
336.000000  337.000000  0.004858 
337.000000  338.000000  0.004860 
338.000000  339.000000  0.004861 
339.000000  340.000000  0.004863 
340.000000  341.000000  0.004864 
341.000000  342.000000  0.004865 
342.000000  343.000000  0.004867 
343.000000  344.000000  0.004868 
344.000000  345.000000  0.004870 
345.000000  346.000000  0.004871 
346.000000  347.000000  0.004872 
347.000000  348.000000  0.004874 
348.000000  349.000000  0.004875 
349.000000  350.000000  0.004876 
350.000000  351.000000  0.004877 
351.000000  352.000000  0.004879 
352.000000  353.000000  0.004880 
353.000000  354.000000  0.004881 
354.000000  355.000000  0.004882 
355.000000  356.000000  0.004884 
356.000000  357.000000  0.004885 
357.000000  358.000000  0.004886 
358.000000  359.000000  0.004887 
359.000000  360.000000  0.004888 
360.000000  361.000000  0.004889 
361.000000  362.000000  0.004890 
362.000000  363.000000  0.004891 
363.000000  364.000000  0.004892 
364.000000  365.000000  0.004894 
365.000000  366.000000  0.004895 
366.000000  367.000000  0.004896 
367.000000  368.000000  0.004897 
368.000000  369.000000  0.004898 
369.000000  370.000000  0.004899 
370.000000  371.000000  0.004900 
371.000000  372.000000  0.004901 
372.000000  373.000000  0.004901 
373.000000  374.000000  0.004902 
374.000000  375.000000  0.004903 
375.000000  376.000000  0.004904 
376.000000  377.000000  0.004905 
377.000000  378.000000  0.004906 
378.000000  379.000000  0.004907 
379.000000  380.000000  0.004908 
380.000000  381.000000  0.004909 
381.000000  382.000000  0.004910 
382.000000  383.000000  0.004910 
383.000000  384.000000  0.004911 
384.000000  385.000000  0.004912 
385.000000  386.000000  0.004913 
386.000000  387.000000  0.004914 
387.000000  388.000000  0.004914 
388.000000  389.000000  0.004915 
389.000000  390.000000  0.004916 
390.000000  391.000000  0.004917 
391.000000  392.000000  0.004917 
392.000000  393.000000  0.004918 
393.000000  394.000000  0.004919 
394.000000  395.000000  0.004920 
395.000000  396.000000  0.004920 
396.000000  397.000000  0.004921 
397.000000  398.000000  0.004922 
398.000000  399.000000  0.004922 
399.000000  400.000000  0.004923 
400.000000  401.000000  0.004924 
401.000000  402.000000  0.004925 
402.000000  403.000000  0.004925 
403.000000  404.000000  0.004926 
404.000000  405.000000  0.004926 
405.000000  406.000000  0.004927 
406.000000  407.000000  0.004928 
407.000000  408.000000  0.004928 
408.000000  409.000000  0.004929 
409.000000  410.000000  0.004930 
410.000000  411.000000  0.004930 
411.000000  412.000000  0.004931 
412.000000  413.000000  0.004931 
413.000000  414.000000  0.004932 
414.000000  415.000000  0.004932 
415.000000  416.000000  0.004933 
416.000000  417.000000  0.004934 
417.000000  418.000000  0.004934 
418.000000  419.000000  0.004935 
419.000000  420.000000  0.004935 
420.000000  421.000000  0.004936 
421.000000  422.000000  0.004936 
422.000000  423.000000  0.004937 
423.000000  424.000000  0.004937 
424.000000  425.000000  0.004938 
425.000000  426.000000  0.004938 
426.000000  427.000000  0.004939 
427.000000  428.000000  0.004939 
428.000000  429.000000  0.004940 
429.000000  430.000000  0.004940 
430.000000  431.000000  0.004941 
431.000000  432.000000  0.004941 
432.000000  433.000000  0.004942 
433.000000  434.000000  0.004942 
434.000000  435.000000  0.004943 
435.000000  436.000000  0.004943 
436.000000  437.000000  0.004944 
437.000000  438.000000  0.004944 
438.000000  439.000000  0.004944 
439.000000  440.000000  0.004945 
440.000000  441.000000  0.004945 
441.000000  442.000000  0.004946 
442.000000  443.000000  0.004946 
443.000000  444.000000  0.004947 
444.000000  445.000000  0.004947 
445.000000  446.000000  0.004947 
446.000000  447.000000  0.004948 
447.000000  448.000000  0.004948 
448.000000  449.000000  0.004948 
449.000000  450.000000  0.004949 
450.000000  451.000000  0.004949 
451.000000  452.000000  0.004950 
452.000000  453.000000  0.004950 
453.000000  454.000000  0.004950 
454.000000  455.000000  0.004951 
455.000000  456.000000  0.004951 
456.000000  457.000000  0.004951 
457.000000  458.000000  0.004952 
458.000000  459.000000  0.004952 
459.000000  460.000000  0.004952 
460.000000  461.000000  0.004953 
461.000000  462.000000  0.004953 
462.000000  463.000000  0.004953 
463.000000  464.000000  0.004954 
464.000000  465.000000  0.004954 
465.000000  466.000000  0.004954 
466.000000  467.000000  0.004955 
467.000000  468.000000  0.004955 
468.000000  469.000000  0.004955 
469.000000  470.000000  0.004956 
470.000000  471.000000  0.004956 
471.000000  472.000000  0.004956 
472.000000  473.000000  0.004957 
473.000000  474.000000  0.004957 
474.000000  475.000000  0.004957 
475.000000  476.000000  0.004958 
476.000000  477.000000  0.004958 
477.000000  478.000000  0.004958 
478.000000  479.000000  0.004958 
479.000000  480.000000  0.004959 
480.000000  481.000000  0.004959 
481.000000  482.000000  0.004959 
482.000000  483.000000  0.004959 
483.000000  484.000000  0.004960 
484.000000  485.000000  0.004960 
485.000000  486.000000  0.004960 
486.000000  487.000000  0.004960 
487.000000  488.000000  0.004961 
488.000000  489.000000  0.004961 
489.000000  490.000000  0.004961 
490.000000  491.000000  0.004961 
491.000000  492.000000  0.004962 
492.000000  493.000000  0.004962 
493.000000  494.000000  0.004962 
494.000000  495.000000  0.004962 
495.000000  496.000000  0.004963 
496.000000  497.000000  0.004963 
497.000000  498.000000  0.004963 
498.000000  499.000000  0.004963 
499.000000  500.000000  0.004964 
500.000000  501.000000  0.004964 
501.000000  502.000000  0.004964 
502.000000  503.000000  0.004964 
503.000000  504.000000  0.004964 
504.000000  505.000000  0.004965 
505.000000  506.000000  0.004965 
506.000000  507.000000  0.004965 
507.000000  508.000000  0.004965 
508.000000  509.000000  0.004965 
509.000000  510.000000  0.004966 
510.000000  511.000000  0.004966 
511.000000  512.000000  0.004966 
512.000000  513.000000  0.004966 
513.000000  514.000000  0.004966 
514.000000  515.000000  0.004967 
515.000000  516.000000  0.004967 
516.000000  517.000000  0.004967 
517.000000  518.000000  0.004967 
518.000000  519.000000  0.004967 
519.000000  520.000000  0.004968 
520.000000  521.000000  0.004968 
521.000000  522.000000  0.004968 
522.000000  523.000000  0.004968 
523.000000  524.000000  0.004968 
524.000000  525.000000  0.004968 
525.000000  526.000000  0.004969 
526.000000  527.000000  0.004969 
527.000000  528.000000  0.004969 
528.000000  529.000000  0.004969 
529.000000  530.000000  0.004969 
530.000000  531.000000  0.004969 
531.000000  532.000000  0.004970 
532.000000  533.000000  0.004970 
533.000000  534.000000  0.004970 
534.000000  535.000000  0.004970 
535.000000  536.000000  0.004970 
536.000000  537.000000  0.004970 
537.000000  538.000000  0.004970 
538.000000  539.000000  0.004971 
539.000000  540.000000  0.004971 
540.000000  541.000000  0.004971 
541.000000  542.000000  0.004971 
542.000000  543.000000  0.004971 
543.000000  544.000000  0.004971 
544.000000  545.000000  0.004971 
545.000000  546.000000  0.004972 
546.000000  547.000000  0.004972 
547.000000  548.000000  0.004972 
548.000000  549.000000  0.004972 
549.000000  550.000000  0.004972 
550.000000  551.000000  0.004972 
551.000000  552.000000  0.004972 
552.000000  553.000000  0.004973 
553.000000  554.000000  0.004973 
554.000000  555.000000  0.004973 
555.000000  556.000000  0.004973 
556.000000  557.000000  0.004973 
557.000000  558.000000  0.004973 
558.000000  559.000000  0.004973 
559.000000  560.000000  0.004973 
560.000000  561.000000  0.004973 
561.000000  562.000000  0.004974 
562.000000  563.000000  0.004974 
563.000000  564.000000  0.004974 
564.000000  565.000000  0.004974 
565.000000  566.000000  0.004974 
566.000000  567.000000  0.004974 
567.000000  568.000000  0.004974 
568.000000  569.000000  0.004974 
569.000000  570.000000  0.004974 
570.000000  571.000000  0.004975 
571.000000  572.000000  0.004975 
572.000000  573.000000  0.004975 
573.000000  574.000000  0.004975 
574.000000  575.000000  0.004975 
575.000000  576.000000  0.004975 
576.000000  577.000000  0.004975 
577.000000  578.000000  0.004975 
578.000000  579.000000  0.004975 
579.000000  580.000000  0.004975 
580.000000  581.000000  0.004976 
581.000000  582.000000  0.004976 
582.000000  583.000000  0.004976 
583.000000  584.000000  0.004976 
584.000000  585.000000  0.004976 
585.000000  586.000000  0.004976 
586.000000  587.000000  0.004976 
587.000000  588.000000  0.004976 
588.000000  589.000000  0.004976 
589.000000  590.000000  0.004976 
590.000000  591.000000  0.004976 
591.000000  592.000000  0.004977 
592.000000  593.000000  0.004977 
593.000000  594.000000  0.004977 
594.000000  595.000000  0.004977 
595.000000  596.000000  0.004977 
596.000000  597.000000  0.004977 
597.000000  598.000000  0.004977 
598.000000  599.000000  0.004977 
599.000000  600.000000  0.004977 
600.000000  601.000000  0.004977 
601.000000  602.000000  0.004977 
602.000000  603.000000  0.004977 
603.000000  604.000000  0.004977 
604.000000  605.000000  0.004977 
605.000000  606.000000  0.004978 
606.000000  607.000000  0.004978 
607.000000  608.000000  0.004978 
608.000000  609.000000  0.004978 
609.000000  610.000000  0.004978 
610.000000  611.000000  0.004978 
611.000000  612.000000  0.004978 
612.000000  613.000000  0.004978 
613.000000  614.000000  0.004978 
614.000000  615.000000  0.004978 
615.000000  616.000000  0.004978 
616.000000  617.000000  0.004978 
617.000000  618.000000  0.004978 
618.000000  619.000000  0.004978 
619.000000  620.000000  0.004978 
620.000000  621.000000  0.004979 
621.000000  622.000000  0.004979 
622.000000  623.000000  0.004979 
623.000000  624.000000  0.004979 
624.000000  625.000000  0.004979 
625.000000  626.000000  0.004979 
626.000000  627.000000  0.004979 
627.000000  628.000000  0.004979 
628.000000  629.000000  0.004979 
629.000000  630.000000  0.004979 
630.000000  631.000000  0.004979 
631.000000  632.000000  0.004979 
632.000000  633.000000  0.004979 
633.000000  634.000000  0.004979 
634.000000  635.000000  0.004979 
635.000000  636.000000  0.004979 
636.000000  637.000000  0.004979 
637.000000  638.000000  0.004979 
638.000000  639.000000  0.004980 
639.000000  640.000000  0.004980 
640.000000  641.000000  0.004980 
641.000000  642.000000  0.004980 
642.000000  643.000000  0.004980 
643.000000  644.000000  0.004980 
644.000000  645.000000  0.004980 
645.000000  646.000000  0.004980 
646.000000  647.000000  0.004980 
647.000000  648.000000  0.004980 
648.000000  649.000000  0.004980 
649.000000  650.000000  0.004980 
650.000000  651.000000  0.004980 
651.000000  652.000000  0.004980 
652.000000  653.000000  0.004980 
653.000000  654.000000  0.004980 
654.000000  655.000000  0.004980 
655.000000  656.000000  0.004980 
656.000000  657.000000  0.004980 
657.000000  658.000000  0.004980 
658.000000  659.000000  0.004980 
659.000000  660.000000  0.004980 
660.000000  661.000000  0.004980 
661.000000  662.000000  0.004980 
662.000000  663.000000  0.004981 
663.000000  664.000000  0.004981 
664.000000  665.000000  0.004981 
665.000000  666.000000  0.004981 
666.000000  667.000000  0.004981 
667.000000  668.000000  0.004981 
668.000000  669.000000  0.004981 
669.000000  670.000000  0.004981 
670.000000  671.000000  0.004981 
671.000000  672.000000  0.004981 
672.000000  673.000000  0.004981 
673.000000  674.000000  0.004981 
674.000000  675.000000  0.004981 
675.000000  676.000000  0.004981 
676.000000  677.000000  0.004981 
677.000000  678.000000  0.004981 
678.000000  679.000000  0.004981 
679.000000  680.000000  0.004981 
680.000000  681.000000  0.004981 
681.000000  682.000000  0.004981 
682.000000  683.000000  0.004981 
683.000000  684.000000  0.004981 
684.000000  685.000000  0.004981 
685.000000  686.000000  0.004981 
686.000000  687.000000  0.004981 
687.000000  688.000000  0.004981 
688.000000  689.000000  0.004981 
689.000000  690.000000  0.004981 
690.000000  691.000000  0.004981 
691.000000  692.000000  0.004981 
692.000000  693.000000  0.004981 
693.000000  694.000000  0.004981 
694.000000  695.000000  0.004981 
695.000000  696.000000  0.004982 
696.000000  697.000000  0.004982 
697.000000  698.000000  0.004982 
698.000000  699.000000  0.004982 
699.000000  700.000000  0.004982 
700.000000  701.000000  0.004982 
701.000000  702.000000  0.004982 
702.000000  703.000000  0.004982 
703.000000  704.000000  0.004982 
704.000000  705.000000  0.004982 
705.000000  706.000000  0.004982 
706.000000  707.000000  0.004982 
707.000000  708.000000  0.004982 
708.000000  709.000000  0.004982 
709.000000  710.000000  0.004982 
710.000000  711.000000  0.004982 
711.000000  712.000000  0.004982 
712.000000  713.000000  0.004982 
713.000000  714.000000  0.004982 
714.000000  715.000000  0.004982 
715.000000  716.000000  0.004982 
716.000000  717.000000  0.004982 
717.000000  718.000000  0.004982 
718.000000  719.000000  0.004982 
719.000000  720.000000  0.004982 
720.000000  721.000000  0.004982 
721.000000  722.000000  0.004982 
722.000000  723.000000  0.004982 
723.000000  724.000000  0.004982 
724.000000  725.000000  0.004982 
725.000000  726.000000  0.004982 
726.000000  727.000000  0.004982 
727.000000  728.000000  0.004982 
728.000000  729.000000  0.004982 
729.000000  730.000000  0.004982 
730.000000  731.000000  0.004982 
731.000000  732.000000  0.004982 
732.000000  733.000000  0.004982 
733.000000  734.000000  0.004982 
734.000000  735.000000  0.004982 
735.000000  736.000000  0.004982 
736.000000  737.000000  0.004982 
737.000000  738.000000  0.004982 
738.000000  739.000000  0.004982 
739.000000  740.000000  0.004982 
740.000000  741.000000  0.004982 
741.000000  742.000000  0.004982 
742.000000  743.000000  0.004982 
743.000000  744.000000  0.004982 
744.000000  745.000000  0.004982 
745.000000  746.000000  0.004982 
746.000000  747.000000  0.004982 
747.000000  748.000000  0.004982 
748.000000  749.000000  0.004982 
749.000000  750.000000  0.004982 
750.000000  751.000000  0.004982 
751.000000  752.000000  0.004982 
752.000000  753.000000  0.004982 
753.000000  754.000000  0.004982 
754.000000  755.000000  0.004982 
755.000000  756.000000  0.004982 
756.000000  757.000000  0.004982 
757.000000  758.000000  0.004982 
758.000000  759.000000  0.004982 
759.000000  760.000000  0.004982 
760.000000  761.000000  0.004982 
761.000000  762.000000  0.004982 
762.000000  763.000000  0.004982 
763.000000  764.000000  0.004982 
764.000000  765.000000  0.004982 
765.000000  766.000000  0.004982 
766.000000  767.000000  0.004982 
767.000000  768.000000  0.004982 
768.000000  769.000000  0.004982 
769.000000  770.000000  0.004982 
770.000000  771.000000  0.004982 
771.000000  772.000000  0.004982 
772.000000  773.000000  0.004982 
773.000000  774.000000  0.004982 
774.000000  775.000000  0.004982 
775.000000  776.000000  0.004982 
776.000000  777.000000  0.004982 
777.000000  778.000000  0.004982 
778.000000  779.000000  0.004982 
779.000000  780.000000  0.004982 
780.000000  781.000000  0.004982 
781.000000  782.000000  0.004982 
782.000000  783.000000  0.004982 
783.000000  784.000000  0.004982 
784.000000  785.000000  0.004982 
785.000000  786.000000  0.004982 
786.000000  787.000000  0.004982 
787.000000  788.000000  0.004982 
788.000000  789.000000  0.004982 
789.000000  790.000000  0.004982 
790.000000  791.000000  0.004982 
791.000000  792.000000  0.004982 
792.000000  793.000000  0.004982 
793.000000  794.000000  0.004982 
794.000000  795.000000  0.004982 
795.000000  796.000000  0.004982 
796.000000  797.000000  0.004982 
797.000000  798.000000  0.004982 
798.000000  799.000000  0.004982 
799.000000  800.000000  0.004982 
