17.000000  18.000000  -0.000000 
18.000000  19.000000  -0.000000 
19.000000  20.000000  -0.000000 
20.000000  21.000000  -0.000000 
21.000000  22.000000  -0.000000 
22.000000  23.000000  -0.000000 
23.000000  24.000000  -0.000000 
24.000000  25.000000  -0.000000 
25.000000  26.000000  -0.000000 
26.000000  27.000000  -0.000000 
27.000000  28.000000  -0.000000 
28.000000  29.000000  -0.000000 
29.000000  30.000000  -0.000000 
30.000000  31.000000  -0.000000 
31.000000  32.000000  -0.000000 
32.000000  33.000000  -0.000000 
33.000000  34.000000  -0.000000 
34.000000  35.000000  -0.000000 
35.000000  36.000000  -0.000000 
36.000000  37.000000  -0.000000 
37.000000  38.000000  -0.000000 
38.000000  39.000000  -0.000000 
39.000000  40.000000  -0.000000 
40.000000  41.000000  -0.000000 
41.000000  42.000000  -0.000000 
42.000000  43.000000  -0.000000 
43.000000  44.000000  -0.000000 
44.000000  45.000000  -0.000000 
45.000000  46.000000  -0.000000 
46.000000  47.000000  -0.000000 
47.000000  48.000000  -0.000000 
48.000000  49.000000  -0.000000 
49.000000  50.000000  -0.000000 
50.000000  51.000000  -0.000000 
51.000000  52.000000  -0.000000 
52.000000  53.000000  -0.000000 
53.000000  54.000000  -0.000000 
54.000000  55.000000  -0.000000 
55.000000  56.000000  -0.000000 
56.000000  57.000000  -0.000000 
57.000000  58.000000  -0.000000 
58.000000  59.000000  -0.000000 
59.000000  60.000000  -0.000000 
60.000000  61.000000  -0.000000 
61.000000  62.000000  -0.000000 
62.000000  63.000000  -0.000000 
63.000000  64.000000  -0.000000 
64.000000  65.000000  -0.000000 
65.000000  66.000000  -0.000000 
66.000000  67.000000  -0.000000 
67.000000  68.000000  -0.000000 
68.000000  69.000000  -0.000000 
69.000000  70.000000  -0.000000 
70.000000  71.000000  -0.000000 
71.000000  72.000000  -0.000000 
72.000000  73.000000  -0.000000 
73.000000  74.000000  -0.000000 
74.000000  75.000000  -0.000000 
75.000000  76.000000  -0.000000 
76.000000  77.000000  -0.000000 
77.000000  78.000000  -0.000000 
78.000000  79.000000  -0.000000 
79.000000  80.000000  -0.000000 
80.000000  81.000000  -0.000000 
81.000000  82.000000  -0.000000 
82.000000  83.000000  -0.000000 
83.000000  84.000000  -0.000000 
84.000000  85.000000  -0.000000 
85.000000  86.000000  -0.000000 
86.000000  87.000000  -0.000000 
87.000000  88.000000  -0.000000 
88.000000  89.000000  -0.000000 
89.000000  90.000000  -0.000000 
90.000000  91.000000  -0.000000 
91.000000  92.000000  -0.000000 
92.000000  93.000000  -0.000000 
93.000000  94.000000  -0.000000 
94.000000  95.000000  -0.000000 
95.000000  96.000000  -0.000000 
96.000000  97.000000  -0.000000 
97.000000  98.000000  -0.000000 
98.000000  99.000000  -0.000000 
99.000000  100.000000  -0.000000 
100.000000  101.000000  -0.000000 
101.000000  102.000000  -0.000000 
102.000000  103.000000  -0.000000 
103.000000  104.000000  -0.000000 
104.000000  105.000000  -0.000000 
105.000000  106.000000  -0.000000 
106.000000  107.000000  -0.000000 
107.000000  108.000000  -0.000000 
108.000000  109.000000  -0.000000 
109.000000  110.000000  -0.000000 
110.000000  111.000000  -0.000000 
111.000000  112.000000  -0.000000 
112.000000  113.000000  -0.000000 
113.000000  114.000000  -0.000000 
114.000000  115.000000  -0.000000 
115.000000  116.000000  -0.000000 
116.000000  117.000000  -0.000000 
117.000000  118.000000  -0.000000 
118.000000  119.000000  -0.000000 
119.000000  120.000000  -0.000000 
120.000000  121.000000  -0.000000 
121.000000  122.000000  -0.000000 
122.000000  123.000000  -0.000000 
123.000000  124.000000  -0.000000 
124.000000  125.000000  -0.000000 
125.000000  126.000000  -0.000000 
126.000000  127.000000  -0.000000 
127.000000  128.000000  -0.000000 
128.000000  129.000000  -0.000000 
129.000000  130.000000  -0.000000 
130.000000  131.000000  -0.000000 
131.000000  132.000000  -0.000000 
132.000000  133.000000  -0.000000 
133.000000  134.000000  -0.000000 
134.000000  135.000000  -0.000000 
135.000000  136.000000  -0.000000 
136.000000  137.000000  -0.000000 
137.000000  138.000000  -0.000000 
138.000000  139.000000  -0.000000 
139.000000  140.000000  -0.000000 
140.000000  141.000000  -0.000000 
141.000000  142.000000  -0.000000 
142.000000  143.000000  -0.000000 
143.000000  144.000000  -0.000000 
144.000000  145.000000  -0.000000 
145.000000  146.000000  -0.000000 
146.000000  147.000000  -0.000000 
147.000000  148.000000  -0.000000 
148.000000  149.000000  -0.000000 
149.000000  150.000000  -0.000000 
150.000000  151.000000  -0.000000 
151.000000  152.000000  -0.000000 
152.000000  153.000000  -0.000000 
153.000000  154.000000  -0.000000 
154.000000  155.000000  -0.000000 
155.000000  156.000000  -0.000000 
156.000000  157.000000  -0.000000 
157.000000  158.000000  -0.000000 
158.000000  159.000000  -0.000000 
159.000000  160.000000  -0.000000 
160.000000  161.000000  -0.000000 
161.000000  162.000000  -0.000000 
162.000000  163.000000  -0.000000 
163.000000  164.000000  -0.000000 
164.000000  165.000000  -0.000000 
165.000000  166.000000  -0.000000 
166.000000  167.000000  -0.000000 
167.000000  168.000000  -0.000000 
168.000000  169.000000  -0.000000 
169.000000  170.000000  -0.000000 
170.000000  171.000000  -0.000000 
171.000000  172.000000  -0.000000 
172.000000  173.000000  -0.000000 
173.000000  174.000000  -0.000000 
174.000000  175.000000  -0.000000 
175.000000  176.000000  -0.000000 
176.000000  177.000000  -0.000000 
177.000000  178.000000  -0.000000 
178.000000  179.000000  -0.000000 
179.000000  180.000000  -0.000000 
180.000000  181.000000  -0.000000 
181.000000  182.000000  -0.000000 
182.000000  183.000000  -0.000000 
183.000000  184.000000  -0.000000 
184.000000  185.000000  -0.000000 
185.000000  186.000000  -0.000000 
186.000000  187.000000  -0.000000 
187.000000  188.000000  -0.000000 
188.000000  189.000000  -0.000000 
189.000000  190.000000  -0.000000 
190.000000  191.000000  -0.000000 
191.000000  192.000000  -0.000000 
192.000000  193.000000  -0.000000 
193.000000  194.000000  -0.000000 
194.000000  195.000000  -0.000000 
195.000000  196.000000  -0.000000 
196.000000  197.000000  -0.000000 
197.000000  198.000000  -0.000000 
198.000000  199.000000  -0.000000 
199.000000  200.000000  -0.000000 
200.000000  201.000000  -0.000000 
201.000000  202.000000  -0.000000 
202.000000  203.000000  -0.000000 
203.000000  204.000000  -0.000000 
204.000000  205.000000  -0.000000 
205.000000  206.000000  -0.000000 
206.000000  207.000000  -0.000000 
207.000000  208.000000  -0.000000 
208.000000  209.000000  -0.000000 
209.000000  210.000000  -0.000000 
210.000000  211.000000  -0.000000 
211.000000  212.000000  -0.000000 
212.000000  213.000000  -0.000000 
213.000000  214.000000  -0.000000 
214.000000  215.000000  -0.000000 
215.000000  216.000000  -0.000000 
216.000000  217.000000  -0.000000 
217.000000  218.000000  -0.000000 
218.000000  219.000000  -0.000000 
219.000000  220.000000  -0.000000 
220.000000  221.000000  -0.000000 
221.000000  222.000000  -0.000000 
222.000000  223.000000  -0.000000 
223.000000  224.000000  -0.000000 
224.000000  225.000000  -0.000000 
225.000000  226.000000  -0.000000 
226.000000  227.000000  -0.000000 
227.000000  228.000000  -0.000000 
228.000000  229.000000  -0.000000 
229.000000  230.000000  -0.000000 
230.000000  231.000000  -0.000000 
231.000000  232.000000  -0.000000 
232.000000  233.000000  -0.000000 
233.000000  234.000000  -0.000001 
234.000000  235.000000  -0.000001 
235.000000  236.000000  -0.000001 
236.000000  237.000000  -0.000001 
237.000000  238.000000  -0.000001 
238.000000  239.000000  -0.000001 
239.000000  240.000000  -0.000001 
240.000000  241.000000  -0.000001 
241.000000  242.000000  -0.000001 
242.000000  243.000000  -0.000001 
243.000000  244.000000  -0.000001 
244.000000  245.000000  -0.000001 
245.000000  246.000000  -0.000001 
246.000000  247.000000  -0.000001 
247.000000  248.000000  -0.000001 
248.000000  249.000000  -0.000001 
249.000000  250.000000  -0.000002 
250.000000  251.000000  -0.000002 
251.000000  252.000000  -0.000002 
252.000000  253.000000  -0.000002 
253.000000  254.000000  -0.000002 
254.000000  255.000000  -0.000002 
255.000000  256.000000  -0.000002 
256.000000  257.000000  -0.000002 
257.000000  258.000000  -0.000002 
258.000000  259.000000  -0.000003 
259.000000  260.000000  -0.000003 
260.000000  261.000000  -0.000003 
261.000000  262.000000  -0.000003 
262.000000  263.000000  -0.000003 
263.000000  264.000000  -0.000003 
264.000000  265.000000  -0.000003 
265.000000  266.000000  -0.000004 
266.000000  267.000000  -0.000004 
267.000000  268.000000  -0.000004 
268.000000  269.000000  -0.000004 
269.000000  270.000000  -0.000004 
270.000000  271.000000  -0.000004 
271.000000  272.000000  -0.000005 
272.000000  273.000000  -0.000005 
273.000000  274.000000  -0.000005 
274.000000  275.000000  -0.000005 
275.000000  276.000000  -0.000005 
276.000000  277.000000  -0.000005 
277.000000  278.000000  -0.000006 
278.000000  279.000000  -0.000006 
279.000000  280.000000  -0.000006 
280.000000  281.000000  -0.000006 
281.000000  282.000000  -0.000006 
282.000000  283.000000  -0.000007 
283.000000  284.000000  -0.000007 
284.000000  285.000000  -0.000007 
285.000000  286.000000  -0.000007 
286.000000  287.000000  -0.000007 
287.000000  288.000000  -0.000008 
288.000000  289.000000  -0.000008 
289.000000  290.000000  -0.000008 
290.000000  291.000000  -0.000008 
291.000000  292.000000  -0.000008 
292.000000  293.000000  -0.000008 
293.000000  294.000000  -0.000008 
294.000000  295.000000  -0.000009 
295.000000  296.000000  -0.000009 
296.000000  297.000000  -0.000009 
297.000000  298.000000  -0.000009 
298.000000  299.000000  -0.000009 
299.000000  300.000000  -0.000009 
300.000000  301.000000  -0.000009 
301.000000  302.000000  -0.000009 
302.000000  303.000000  -0.000009 
303.000000  304.000000  -0.000009 
304.000000  305.000000  -0.000009 
305.000000  306.000000  -0.000009 
306.000000  307.000000  -0.000009 
307.000000  308.000000  -0.000009 
308.000000  309.000000  -0.000009 
309.000000  310.000000  -0.000009 
310.000000  311.000000  -0.000008 
311.000000  312.000000  -0.000008 
312.000000  313.000000  -0.000008 
313.000000  314.000000  -0.000008 
314.000000  315.000000  -0.000007 
315.000000  316.000000  -0.000007 
316.000000  317.000000  -0.000007 
317.000000  318.000000  -0.000006 
318.000000  319.000000  -0.000006 
319.000000  320.000000  -0.000005 
320.000000  321.000000  -0.000005 
321.000000  322.000000  -0.000004 
322.000000  323.000000  -0.000004 
323.000000  324.000000  -0.000003 
324.000000  325.000000  -0.000002 
325.000000  326.000000  -0.000002 
326.000000  327.000000  -0.000001 
327.000000  328.000000  0.000000 
328.000000  329.000000  0.000001 
329.000000  330.000000  0.000002 
330.000000  331.000000  0.000003 
331.000000  332.000000  0.000004 
332.000000  333.000000  0.000006 
333.000000  334.000000  0.000007 
334.000000  335.000000  0.000008 
335.000000  336.000000  0.000010 
336.000000  337.000000  0.000011 
337.000000  338.000000  0.000013 
338.000000  339.000000  0.000014 
339.000000  340.000000  0.000016 
340.000000  341.000000  0.000018 
341.000000  342.000000  0.000020 
342.000000  343.000000  0.000022 
343.000000  344.000000  0.000024 
344.000000  345.000000  0.000026 
345.000000  346.000000  0.000028 
346.000000  347.000000  0.000031 
347.000000  348.000000  0.000033 
348.000000  349.000000  0.000036 
349.000000  350.000000  0.000038 
350.000000  351.000000  0.000041 
351.000000  352.000000  0.000044 
352.000000  353.000000  0.000047 
353.000000  354.000000  0.000050 
354.000000  355.000000  0.000054 
355.000000  356.000000  0.000057 
356.000000  357.000000  0.000061 
357.000000  358.000000  0.000064 
358.000000  359.000000  0.000068 
359.000000  360.000000  0.000072 
360.000000  361.000000  0.000076 
361.000000  362.000000  0.000080 
362.000000  363.000000  0.000084 
363.000000  364.000000  0.000089 
364.000000  365.000000  0.000093 
365.000000  366.000000  0.000098 
366.000000  367.000000  0.000103 
367.000000  368.000000  0.000108 
368.000000  369.000000  0.000113 
369.000000  370.000000  0.000118 
370.000000  371.000000  0.000124 
371.000000  372.000000  0.000130 
372.000000  373.000000  0.000135 
373.000000  374.000000  0.000141 
374.000000  375.000000  0.000147 
375.000000  376.000000  0.000154 
376.000000  377.000000  0.000160 
377.000000  378.000000  0.000167 
378.000000  379.000000  0.000174 
379.000000  380.000000  0.000181 
380.000000  381.000000  0.000188 
381.000000  382.000000  0.000195 
382.000000  383.000000  0.000203 
383.000000  384.000000  0.000210 
384.000000  385.000000  0.000218 
385.000000  386.000000  0.000227 
386.000000  387.000000  0.000235 
387.000000  388.000000  0.000243 
388.000000  389.000000  0.000252 
389.000000  390.000000  0.000261 
390.000000  391.000000  0.000270 
391.000000  392.000000  0.000279 
392.000000  393.000000  0.000289 
393.000000  394.000000  0.000298 
394.000000  395.000000  0.000308 
395.000000  396.000000  0.000318 
396.000000  397.000000  0.000329 
397.000000  398.000000  0.000339 
398.000000  399.000000  0.000350 
399.000000  400.000000  0.000361 
400.000000  401.000000  0.000372 
401.000000  402.000000  0.000383 
402.000000  403.000000  0.000395 
403.000000  404.000000  0.000407 
404.000000  405.000000  0.000419 
405.000000  406.000000  0.000431 
406.000000  407.000000  0.000443 
407.000000  408.000000  0.000456 
408.000000  409.000000  0.000469 
409.000000  410.000000  0.000482 
410.000000  411.000000  0.000495 
411.000000  412.000000  0.000509 
412.000000  413.000000  0.000523 
413.000000  414.000000  0.000537 
414.000000  415.000000  0.000551 
415.000000  416.000000  0.000565 
416.000000  417.000000  0.000580 
417.000000  418.000000  0.000595 
418.000000  419.000000  0.000610 
419.000000  420.000000  0.000625 
420.000000  421.000000  0.000641 
421.000000  422.000000  0.000657 
422.000000  423.000000  0.000673 
423.000000  424.000000  0.000689 
424.000000  425.000000  0.000705 
425.000000  426.000000  0.000722 
426.000000  427.000000  0.000739 
427.000000  428.000000  0.000756 
428.000000  429.000000  0.000773 
429.000000  430.000000  0.000791 
430.000000  431.000000  0.000809 
431.000000  432.000000  0.000827 
432.000000  433.000000  0.000845 
433.000000  434.000000  0.000863 
434.000000  435.000000  0.000882 
435.000000  436.000000  0.000901 
436.000000  437.000000  0.000920 
437.000000  438.000000  0.000939 
438.000000  439.000000  0.000959 
439.000000  440.000000  0.000979 
440.000000  441.000000  0.000999 
441.000000  442.000000  0.001019 
442.000000  443.000000  0.001039 
443.000000  444.000000  0.001060 
444.000000  445.000000  0.001080 
445.000000  446.000000  0.001101 
446.000000  447.000000  0.001123 
447.000000  448.000000  0.001144 
448.000000  449.000000  0.001166 
449.000000  450.000000  0.001187 
450.000000  451.000000  0.001209 
451.000000  452.000000  0.001231 
452.000000  453.000000  0.001254 
453.000000  454.000000  0.001276 
454.000000  455.000000  0.001299 
455.000000  456.000000  0.001322 
456.000000  457.000000  0.001345 
457.000000  458.000000  0.001368 
458.000000  459.000000  0.001392 
459.000000  460.000000  0.001416 
460.000000  461.000000  0.001439 
461.000000  462.000000  0.001463 
462.000000  463.000000  0.001488 
463.000000  464.000000  0.001512 
464.000000  465.000000  0.001536 
465.000000  466.000000  0.001561 
466.000000  467.000000  0.001586 
467.000000  468.000000  0.001611 
468.000000  469.000000  0.001636 
469.000000  470.000000  0.001661 
470.000000  471.000000  0.001687 
471.000000  472.000000  0.001713 
472.000000  473.000000  0.001738 
473.000000  474.000000  0.001764 
474.000000  475.000000  0.001790 
475.000000  476.000000  0.001816 
476.000000  477.000000  0.001843 
477.000000  478.000000  0.001869 
478.000000  479.000000  0.001896 
479.000000  480.000000  0.001923 
480.000000  481.000000  0.001949 
481.000000  482.000000  0.001976 
482.000000  483.000000  0.002003 
483.000000  484.000000  0.002031 
484.000000  485.000000  0.002058 
485.000000  486.000000  0.002085 
486.000000  487.000000  0.002113 
487.000000  488.000000  0.002141 
488.000000  489.000000  0.002168 
489.000000  490.000000  0.002196 
490.000000  491.000000  0.002224 
491.000000  492.000000  0.002252 
492.000000  493.000000  0.002281 
493.000000  494.000000  0.002309 
494.000000  495.000000  0.002337 
495.000000  496.000000  0.002366 
496.000000  497.000000  0.002394 
497.000000  498.000000  0.002423 
498.000000  499.000000  0.002451 
499.000000  500.000000  0.002480 
500.000000  501.000000  0.002509 
501.000000  502.000000  0.002538 
502.000000  503.000000  0.002567 
503.000000  504.000000  0.002596 
504.000000  505.000000  0.002625 
505.000000  506.000000  0.002654 
506.000000  507.000000  0.002683 
507.000000  508.000000  0.002713 
508.000000  509.000000  0.002742 
509.000000  510.000000  0.002771 
510.000000  511.000000  0.002801 
511.000000  512.000000  0.002830 
512.000000  513.000000  0.002860 
513.000000  514.000000  0.002889 
514.000000  515.000000  0.002919 
515.000000  516.000000  0.002949 
516.000000  517.000000  0.002978 
517.000000  518.000000  0.003008 
518.000000  519.000000  0.003038 
519.000000  520.000000  0.003068 
520.000000  521.000000  0.003097 
521.000000  522.000000  0.003127 
522.000000  523.000000  0.003157 
523.000000  524.000000  0.003187 
524.000000  525.000000  0.003217 
525.000000  526.000000  0.003247 
526.000000  527.000000  0.003276 
527.000000  528.000000  0.003306 
528.000000  529.000000  0.003336 
529.000000  530.000000  0.003366 
530.000000  531.000000  0.003396 
531.000000  532.000000  0.003426 
532.000000  533.000000  0.003456 
533.000000  534.000000  0.003486 
534.000000  535.000000  0.003516 
535.000000  536.000000  0.003545 
536.000000  537.000000  0.003575 
537.000000  538.000000  0.003605 
538.000000  539.000000  0.003635 
539.000000  540.000000  0.003665 
540.000000  541.000000  0.003695 
541.000000  542.000000  0.003724 
542.000000  543.000000  0.003754 
543.000000  544.000000  0.003784 
544.000000  545.000000  0.003814 
545.000000  546.000000  0.003843 
546.000000  547.000000  0.003873 
547.000000  548.000000  0.003903 
548.000000  549.000000  0.003932 
549.000000  550.000000  0.003962 
550.000000  551.000000  0.003991 
551.000000  552.000000  0.004021 
552.000000  553.000000  0.004050 
553.000000  554.000000  0.004080 
554.000000  555.000000  0.004109 
555.000000  556.000000  0.004138 
556.000000  557.000000  0.004167 
557.000000  558.000000  0.004197 
558.000000  559.000000  0.004226 
559.000000  560.000000  0.004255 
560.000000  561.000000  0.004284 
561.000000  562.000000  0.004313 
562.000000  563.000000  0.004342 
563.000000  564.000000  0.004371 
564.000000  565.000000  0.004400 
565.000000  566.000000  0.004429 
566.000000  567.000000  0.004457 
567.000000  568.000000  0.004486 
568.000000  569.000000  0.004515 
569.000000  570.000000  0.004543 
570.000000  571.000000  0.004572 
571.000000  572.000000  0.004600 
572.000000  573.000000  0.004629 
573.000000  574.000000  0.004657 
574.000000  575.000000  0.004685 
575.000000  576.000000  0.004713 
576.000000  577.000000  0.004742 
577.000000  578.000000  0.004770 
578.000000  579.000000  0.004798 
579.000000  580.000000  0.004825 
580.000000  581.000000  0.004853 
581.000000  582.000000  0.004881 
582.000000  583.000000  0.004909 
583.000000  584.000000  0.004936 
584.000000  585.000000  0.004964 
585.000000  586.000000  0.004991 
586.000000  587.000000  0.005019 
587.000000  588.000000  0.005046 
588.000000  589.000000  0.005073 
589.000000  590.000000  0.005100 
590.000000  591.000000  0.005127 
591.000000  592.000000  0.005154 
592.000000  593.000000  0.005181 
593.000000  594.000000  0.005208 
594.000000  595.000000  0.005235 
595.000000  596.000000  0.005261 
596.000000  597.000000  0.005288 
597.000000  598.000000  0.005314 
598.000000  599.000000  0.005341 
599.000000  600.000000  0.005367 
600.000000  601.000000  0.005393 
601.000000  602.000000  0.005419 
602.000000  603.000000  0.005446 
603.000000  604.000000  0.005471 
604.000000  605.000000  0.005497 
605.000000  606.000000  0.005523 
606.000000  607.000000  0.005549 
607.000000  608.000000  0.005574 
608.000000  609.000000  0.005600 
609.000000  610.000000  0.005625 
610.000000  611.000000  0.005651 
611.000000  612.000000  0.005676 
612.000000  613.000000  0.005701 
613.000000  614.000000  0.005726 
614.000000  615.000000  0.005751 
615.000000  616.000000  0.005776 
616.000000  617.000000  0.005801 
617.000000  618.000000  0.005825 
618.000000  619.000000  0.005850 
619.000000  620.000000  0.005875 
620.000000  621.000000  0.005899 
621.000000  622.000000  0.005923 
622.000000  623.000000  0.005948 
623.000000  624.000000  0.005972 
624.000000  625.000000  0.005996 
625.000000  626.000000  0.006020 
626.000000  627.000000  0.006044 
627.000000  628.000000  0.006067 
628.000000  629.000000  0.006091 
629.000000  630.000000  0.006114 
630.000000  631.000000  0.006138 
631.000000  632.000000  0.006161 
632.000000  633.000000  0.006185 
633.000000  634.000000  0.006208 
634.000000  635.000000  0.006231 
635.000000  636.000000  0.006254 
636.000000  637.000000  0.006277 
637.000000  638.000000  0.006300 
638.000000  639.000000  0.006322 
639.000000  640.000000  0.006345 
640.000000  641.000000  0.006367 
641.000000  642.000000  0.006390 
642.000000  643.000000  0.006412 
643.000000  644.000000  0.006434 
644.000000  645.000000  0.006457 
645.000000  646.000000  0.006479 
646.000000  647.000000  0.006501 
647.000000  648.000000  0.006522 
648.000000  649.000000  0.006544 
649.000000  650.000000  0.006566 
650.000000  651.000000  0.006587 
651.000000  652.000000  0.006609 
652.000000  653.000000  0.006630 
653.000000  654.000000  0.006652 
654.000000  655.000000  0.006673 
655.000000  656.000000  0.006694 
656.000000  657.000000  0.006715 
657.000000  658.000000  0.006736 
658.000000  659.000000  0.006757 
659.000000  660.000000  0.006777 
660.000000  661.000000  0.006798 
661.000000  662.000000  0.006819 
662.000000  663.000000  0.006839 
663.000000  664.000000  0.006859 
664.000000  665.000000  0.006880 
665.000000  666.000000  0.006900 
666.000000  667.000000  0.006920 
667.000000  668.000000  0.006940 
668.000000  669.000000  0.006960 
669.000000  670.000000  0.006980 
670.000000  671.000000  0.006999 
671.000000  672.000000  0.007019 
672.000000  673.000000  0.007038 
673.000000  674.000000  0.007058 
674.000000  675.000000  0.007077 
675.000000  676.000000  0.007096 
676.000000  677.000000  0.007116 
677.000000  678.000000  0.007135 
678.000000  679.000000  0.007154 
679.000000  680.000000  0.007172 
680.000000  681.000000  0.007191 
681.000000  682.000000  0.007210 
682.000000  683.000000  0.007229 
683.000000  684.000000  0.007247 
684.000000  685.000000  0.007266 
685.000000  686.000000  0.007284 
686.000000  687.000000  0.007302 
687.000000  688.000000  0.007320 
688.000000  689.000000  0.007338 
689.000000  690.000000  0.007356 
690.000000  691.000000  0.007374 
691.000000  692.000000  0.007392 
692.000000  693.000000  0.007410 
693.000000  694.000000  0.007428 
694.000000  695.000000  0.007445 
695.000000  696.000000  0.007463 
696.000000  697.000000  0.007480 
697.000000  698.000000  0.007497 
698.000000  699.000000  0.007515 
699.000000  700.000000  0.007532 
700.000000  701.000000  0.007549 
701.000000  702.000000  0.007566 
702.000000  703.000000  0.007583 
703.000000  704.000000  0.007599 
704.000000  705.000000  0.007616 
705.000000  706.000000  0.007633 
706.000000  707.000000  0.007649 
707.000000  708.000000  0.007666 
708.000000  709.000000  0.007682 
709.000000  710.000000  0.007698 
710.000000  711.000000  0.007715 
711.000000  712.000000  0.007731 
712.000000  713.000000  0.007747 
713.000000  714.000000  0.007763 
714.000000  715.000000  0.007779 
715.000000  716.000000  0.007795 
716.000000  717.000000  0.007810 
717.000000  718.000000  0.007826 
718.000000  719.000000  0.007842 
719.000000  720.000000  0.007857 
720.000000  721.000000  0.007872 
721.000000  722.000000  0.007888 
722.000000  723.000000  0.007903 
723.000000  724.000000  0.007918 
724.000000  725.000000  0.007933 
725.000000  726.000000  0.007948 
726.000000  727.000000  0.007963 
727.000000  728.000000  0.007978 
728.000000  729.000000  0.007993 
729.000000  730.000000  0.008008 
730.000000  731.000000  0.008022 
731.000000  732.000000  0.008037 
732.000000  733.000000  0.008051 
733.000000  734.000000  0.008066 
734.000000  735.000000  0.008080 
735.000000  736.000000  0.008095 
736.000000  737.000000  0.008109 
737.000000  738.000000  0.008123 
738.000000  739.000000  0.008137 
739.000000  740.000000  0.008151 
740.000000  741.000000  0.008165 
741.000000  742.000000  0.008179 
742.000000  743.000000  0.008192 
743.000000  744.000000  0.008206 
744.000000  745.000000  0.008220 
745.000000  746.000000  0.008233 
746.000000  747.000000  0.008247 
747.000000  748.000000  0.008260 
748.000000  749.000000  0.008273 
749.000000  750.000000  0.008287 
750.000000  751.000000  0.008300 
751.000000  752.000000  0.008313 
752.000000  753.000000  0.008326 
753.000000  754.000000  0.008339 
754.000000  755.000000  0.008352 
755.000000  756.000000  0.008365 
756.000000  757.000000  0.008378 
757.000000  758.000000  0.008390 
758.000000  759.000000  0.008403 
759.000000  760.000000  0.008416 
760.000000  761.000000  0.008428 
761.000000  762.000000  0.008441 
762.000000  763.000000  0.008453 
763.000000  764.000000  0.008465 
764.000000  765.000000  0.008478 
765.000000  766.000000  0.008490 
766.000000  767.000000  0.008502 
767.000000  768.000000  0.008514 
768.000000  769.000000  0.008526 
769.000000  770.000000  0.008538 
770.000000  771.000000  0.008550 
771.000000  772.000000  0.008561 
772.000000  773.000000  0.008573 
773.000000  774.000000  0.008585 
774.000000  775.000000  0.008596 
775.000000  776.000000  0.008608 
776.000000  777.000000  0.008619 
777.000000  778.000000  0.008631 
778.000000  779.000000  0.008642 
779.000000  780.000000  0.008654 
780.000000  781.000000  0.008665 
781.000000  782.000000  0.008676 
782.000000  783.000000  0.008687 
783.000000  784.000000  0.008698 
784.000000  785.000000  0.008709 
785.000000  786.000000  0.008720 
786.000000  787.000000  0.008731 
787.000000  788.000000  0.008742 
788.000000  789.000000  0.008753 
789.000000  790.000000  0.008763 
790.000000  791.000000  0.008774 
791.000000  792.000000  0.008784 
792.000000  793.000000  0.008795 
793.000000  794.000000  0.008805 
794.000000  795.000000  0.008816 
795.000000  796.000000  0.008826 
796.000000  797.000000  0.008837 
797.000000  798.000000  0.008847 
798.000000  799.000000  0.008857 
799.000000  800.000000  0.008867 
