17.000000  18.000000  -0.000000 
18.000000  19.000000  -0.000000 
19.000000  20.000000  -0.000000 
20.000000  21.000000  -0.000000 
21.000000  22.000000  -0.000000 
22.000000  23.000000  -0.000000 
23.000000  24.000000  -0.000000 
24.000000  25.000000  -0.000000 
25.000000  26.000000  -0.000000 
26.000000  27.000000  -0.000000 
27.000000  28.000000  -0.000000 
28.000000  29.000000  -0.000000 
29.000000  30.000000  -0.000000 
30.000000  31.000000  -0.000000 
31.000000  32.000000  -0.000000 
32.000000  33.000000  -0.000000 
33.000000  34.000000  -0.000000 
34.000000  35.000000  -0.000000 
35.000000  36.000000  -0.000000 
36.000000  37.000000  -0.000000 
37.000000  38.000000  -0.000000 
38.000000  39.000000  -0.000000 
39.000000  40.000000  -0.000000 
40.000000  41.000000  -0.000000 
41.000000  42.000000  -0.000000 
42.000000  43.000000  -0.000000 
43.000000  44.000000  -0.000000 
44.000000  45.000000  -0.000000 
45.000000  46.000000  -0.000000 
46.000000  47.000000  -0.000000 
47.000000  48.000000  -0.000000 
48.000000  49.000000  -0.000000 
49.000000  50.000000  -0.000000 
50.000000  51.000000  -0.000000 
51.000000  52.000000  -0.000000 
52.000000  53.000000  -0.000000 
53.000000  54.000000  -0.000000 
54.000000  55.000000  -0.000000 
55.000000  56.000000  -0.000000 
56.000000  57.000000  -0.000000 
57.000000  58.000000  -0.000000 
58.000000  59.000000  -0.000000 
59.000000  60.000000  -0.000000 
60.000000  61.000000  -0.000000 
61.000000  62.000000  -0.000000 
62.000000  63.000000  -0.000000 
63.000000  64.000000  -0.000000 
64.000000  65.000000  -0.000000 
65.000000  66.000000  -0.000000 
66.000000  67.000000  -0.000000 
67.000000  68.000000  -0.000000 
68.000000  69.000000  -0.000000 
69.000000  70.000000  -0.000000 
70.000000  71.000000  -0.000000 
71.000000  72.000000  -0.000000 
72.000000  73.000000  -0.000000 
73.000000  74.000000  -0.000000 
74.000000  75.000000  -0.000000 
75.000000  76.000000  -0.000000 
76.000000  77.000000  -0.000000 
77.000000  78.000000  -0.000000 
78.000000  79.000000  -0.000000 
79.000000  80.000000  -0.000000 
80.000000  81.000000  -0.000000 
81.000000  82.000000  -0.000000 
82.000000  83.000000  -0.000000 
83.000000  84.000000  -0.000000 
84.000000  85.000000  -0.000000 
85.000000  86.000000  -0.000000 
86.000000  87.000000  -0.000000 
87.000000  88.000000  -0.000000 
88.000000  89.000000  -0.000000 
89.000000  90.000000  -0.000000 
90.000000  91.000000  -0.000000 
91.000000  92.000000  -0.000000 
92.000000  93.000000  -0.000000 
93.000000  94.000000  -0.000000 
94.000000  95.000000  -0.000000 
95.000000  96.000000  -0.000000 
96.000000  97.000000  -0.000000 
97.000000  98.000000  -0.000000 
98.000000  99.000000  -0.000000 
99.000000  100.000000  -0.000000 
100.000000  101.000000  -0.000000 
101.000000  102.000000  -0.000000 
102.000000  103.000000  -0.000000 
103.000000  104.000000  -0.000000 
104.000000  105.000000  -0.000000 
105.000000  106.000000  -0.000000 
106.000000  107.000000  -0.000000 
107.000000  108.000000  -0.000000 
108.000000  109.000000  -0.000000 
109.000000  110.000000  -0.000000 
110.000000  111.000000  -0.000000 
111.000000  112.000000  -0.000000 
112.000000  113.000000  -0.000000 
113.000000  114.000000  -0.000000 
114.000000  115.000000  -0.000000 
115.000000  116.000000  -0.000000 
116.000000  117.000000  -0.000000 
117.000000  118.000000  -0.000000 
118.000000  119.000000  -0.000000 
119.000000  120.000000  -0.000000 
120.000000  121.000000  -0.000000 
121.000000  122.000000  -0.000000 
122.000000  123.000000  -0.000000 
123.000000  124.000000  -0.000000 
124.000000  125.000000  -0.000000 
125.000000  126.000000  -0.000000 
126.000000  127.000000  -0.000000 
127.000000  128.000000  -0.000000 
128.000000  129.000000  -0.000000 
129.000000  130.000000  -0.000000 
130.000000  131.000000  -0.000000 
131.000000  132.000000  -0.000000 
132.000000  133.000000  -0.000000 
133.000000  134.000000  -0.000000 
134.000000  135.000000  -0.000000 
135.000000  136.000000  -0.000000 
136.000000  137.000000  -0.000000 
137.000000  138.000000  -0.000000 
138.000000  139.000000  -0.000000 
139.000000  140.000000  -0.000000 
140.000000  141.000000  -0.000000 
141.000000  142.000000  -0.000000 
142.000000  143.000000  -0.000000 
143.000000  144.000000  -0.000000 
144.000000  145.000000  -0.000000 
145.000000  146.000000  -0.000000 
146.000000  147.000000  -0.000000 
147.000000  148.000000  -0.000000 
148.000000  149.000000  -0.000000 
149.000000  150.000000  -0.000000 
150.000000  151.000000  -0.000000 
151.000000  152.000000  -0.000000 
152.000000  153.000000  -0.000000 
153.000000  154.000000  -0.000000 
154.000000  155.000000  -0.000000 
155.000000  156.000000  -0.000000 
156.000000  157.000000  -0.000000 
157.000000  158.000000  -0.000000 
158.000000  159.000000  -0.000000 
159.000000  160.000000  -0.000001 
160.000000  161.000000  -0.000001 
161.000000  162.000000  -0.000001 
162.000000  163.000000  -0.000001 
163.000000  164.000000  -0.000001 
164.000000  165.000000  -0.000001 
165.000000  166.000000  -0.000001 
166.000000  167.000000  -0.000001 
167.000000  168.000000  -0.000001 
168.000000  169.000000  -0.000001 
169.000000  170.000000  -0.000001 
170.000000  171.000000  -0.000001 
171.000000  172.000000  -0.000001 
172.000000  173.000000  -0.000001 
173.000000  174.000000  -0.000001 
174.000000  175.000000  -0.000001 
175.000000  176.000000  -0.000001 
176.000000  177.000000  -0.000001 
177.000000  178.000000  -0.000001 
178.000000  179.000000  -0.000001 
179.000000  180.000000  -0.000001 
180.000000  181.000000  -0.000001 
181.000000  182.000000  -0.000001 
182.000000  183.000000  -0.000001 
183.000000  184.000000  -0.000001 
184.000000  185.000000  -0.000001 
185.000000  186.000000  -0.000001 
186.000000  187.000000  -0.000001 
187.000000  188.000000  -0.000000 
188.000000  189.000000  -0.000000 
189.000000  190.000000  -0.000000 
190.000000  191.000000  0.000000 
191.000000  192.000000  0.000000 
192.000000  193.000000  0.000001 
193.000000  194.000000  0.000001 
194.000000  195.000000  0.000001 
195.000000  196.000000  0.000002 
196.000000  197.000000  0.000002 
197.000000  198.000000  0.000002 
198.000000  199.000000  0.000003 
199.000000  200.000000  0.000003 
200.000000  201.000000  0.000004 
201.000000  202.000000  0.000004 
202.000000  203.000000  0.000005 
203.000000  204.000000  0.000006 
204.000000  205.000000  0.000007 
205.000000  206.000000  0.000007 
206.000000  207.000000  0.000008 
207.000000  208.000000  0.000009 
208.000000  209.000000  0.000010 
209.000000  210.000000  0.000011 
210.000000  211.000000  0.000012 
211.000000  212.000000  0.000013 
212.000000  213.000000  0.000015 
213.000000  214.000000  0.000016 
214.000000  215.000000  0.000018 
215.000000  216.000000  0.000019 
216.000000  217.000000  0.000021 
217.000000  218.000000  0.000022 
218.000000  219.000000  0.000024 
219.000000  220.000000  0.000026 
220.000000  221.000000  0.000028 
221.000000  222.000000  0.000030 
222.000000  223.000000  0.000032 
223.000000  224.000000  0.000034 
224.000000  225.000000  0.000036 
225.000000  226.000000  0.000039 
226.000000  227.000000  0.000041 
227.000000  228.000000  0.000044 
228.000000  229.000000  0.000046 
229.000000  230.000000  0.000049 
230.000000  231.000000  0.000052 
231.000000  232.000000  0.000055 
232.000000  233.000000  0.000058 
233.000000  234.000000  0.000061 
234.000000  235.000000  0.000065 
235.000000  236.000000  0.000068 
236.000000  237.000000  0.000072 
237.000000  238.000000  0.000075 
238.000000  239.000000  0.000079 
239.000000  240.000000  0.000083 
240.000000  241.000000  0.000087 
241.000000  242.000000  0.000091 
242.000000  243.000000  0.000096 
243.000000  244.000000  0.000100 
244.000000  245.000000  0.000104 
245.000000  246.000000  0.000109 
246.000000  247.000000  0.000114 
247.000000  248.000000  0.000119 
248.000000  249.000000  0.000124 
249.000000  250.000000  0.000129 
250.000000  251.000000  0.000134 
251.000000  252.000000  0.000139 
252.000000  253.000000  0.000144 
253.000000  254.000000  0.000150 
254.000000  255.000000  0.000156 
255.000000  256.000000  0.000161 
256.000000  257.000000  0.000167 
257.000000  258.000000  0.000173 
258.000000  259.000000  0.000179 
259.000000  260.000000  0.000185 
260.000000  261.000000  0.000192 
261.000000  262.000000  0.000198 
262.000000  263.000000  0.000205 
263.000000  264.000000  0.000211 
264.000000  265.000000  0.000218 
265.000000  266.000000  0.000225 
266.000000  267.000000  0.000232 
267.000000  268.000000  0.000238 
268.000000  269.000000  0.000246 
269.000000  270.000000  0.000253 
270.000000  271.000000  0.000260 
271.000000  272.000000  0.000267 
272.000000  273.000000  0.000275 
273.000000  274.000000  0.000282 
274.000000  275.000000  0.000290 
275.000000  276.000000  0.000297 
276.000000  277.000000  0.000305 
277.000000  278.000000  0.000313 
278.000000  279.000000  0.000321 
279.000000  280.000000  0.000328 
280.000000  281.000000  0.000336 
281.000000  282.000000  0.000344 
282.000000  283.000000  0.000352 
283.000000  284.000000  0.000361 
284.000000  285.000000  0.000369 
285.000000  286.000000  0.000377 
286.000000  287.000000  0.000385 
287.000000  288.000000  0.000393 
288.000000  289.000000  0.000402 
289.000000  290.000000  0.000410 
290.000000  291.000000  0.000418 
291.000000  292.000000  0.000427 
292.000000  293.000000  0.000435 
293.000000  294.000000  0.000444 
294.000000  295.000000  0.000452 
295.000000  296.000000  0.000461 
296.000000  297.000000  0.000469 
297.000000  298.000000  0.000478 
298.000000  299.000000  0.000486 
299.000000  300.000000  0.000495 
300.000000  301.000000  0.000503 
301.000000  302.000000  0.000512 
302.000000  303.000000  0.000520 
303.000000  304.000000  0.000529 
304.000000  305.000000  0.000537 
305.000000  306.000000  0.000546 
306.000000  307.000000  0.000554 
307.000000  308.000000  0.000562 
308.000000  309.000000  0.000571 
309.000000  310.000000  0.000579 
310.000000  311.000000  0.000588 
311.000000  312.000000  0.000596 
312.000000  313.000000  0.000604 
313.000000  314.000000  0.000612 
314.000000  315.000000  0.000620 
315.000000  316.000000  0.000629 
316.000000  317.000000  0.000637 
317.000000  318.000000  0.000645 
318.000000  319.000000  0.000653 
319.000000  320.000000  0.000661 
320.000000  321.000000  0.000669 
321.000000  322.000000  0.000676 
322.000000  323.000000  0.000684 
323.000000  324.000000  0.000692 
324.000000  325.000000  0.000699 
325.000000  326.000000  0.000707 
326.000000  327.000000  0.000714 
327.000000  328.000000  0.000722 
328.000000  329.000000  0.000729 
329.000000  330.000000  0.000736 
330.000000  331.000000  0.000744 
331.000000  332.000000  0.000751 
332.000000  333.000000  0.000758 
333.000000  334.000000  0.000765 
334.000000  335.000000  0.000772 
335.000000  336.000000  0.000778 
336.000000  337.000000  0.000785 
337.000000  338.000000  0.000792 
338.000000  339.000000  0.000798 
339.000000  340.000000  0.000805 
340.000000  341.000000  0.000811 
341.000000  342.000000  0.000817 
342.000000  343.000000  0.000823 
343.000000  344.000000  0.000829 
344.000000  345.000000  0.000835 
345.000000  346.000000  0.000841 
346.000000  347.000000  0.000847 
347.000000  348.000000  0.000853 
348.000000  349.000000  0.000858 
349.000000  350.000000  0.000864 
350.000000  351.000000  0.000869 
351.000000  352.000000  0.000874 
352.000000  353.000000  0.000880 
353.000000  354.000000  0.000885 
354.000000  355.000000  0.000890 
355.000000  356.000000  0.000895 
356.000000  357.000000  0.000899 
357.000000  358.000000  0.000904 
358.000000  359.000000  0.000908 
359.000000  360.000000  0.000913 
360.000000  361.000000  0.000917 
361.000000  362.000000  0.000922 
362.000000  363.000000  0.000926 
363.000000  364.000000  0.000930 
364.000000  365.000000  0.000934 
365.000000  366.000000  0.000938 
366.000000  367.000000  0.000941 
367.000000  368.000000  0.000945 
368.000000  369.000000  0.000948 
369.000000  370.000000  0.000952 
370.000000  371.000000  0.000955 
371.000000  372.000000  0.000958 
372.000000  373.000000  0.000962 
373.000000  374.000000  0.000965 
374.000000  375.000000  0.000967 
375.000000  376.000000  0.000970 
376.000000  377.000000  0.000973 
377.000000  378.000000  0.000976 
378.000000  379.000000  0.000978 
379.000000  380.000000  0.000981 
380.000000  381.000000  0.000983 
381.000000  382.000000  0.000985 
382.000000  383.000000  0.000988 
383.000000  384.000000  0.000990 
384.000000  385.000000  0.000992 
385.000000  386.000000  0.000993 
386.000000  387.000000  0.000995 
387.000000  388.000000  0.000997 
388.000000  389.000000  0.000999 
389.000000  390.000000  0.001000 
390.000000  391.000000  0.001002 
391.000000  392.000000  0.001003 
392.000000  393.000000  0.001004 
393.000000  394.000000  0.001006 
394.000000  395.000000  0.001007 
395.000000  396.000000  0.001008 
396.000000  397.000000  0.001009 
397.000000  398.000000  0.001010 
398.000000  399.000000  0.001011 
399.000000  400.000000  0.001011 
400.000000  401.000000  0.001012 
401.000000  402.000000  0.001013 
402.000000  403.000000  0.001013 
403.000000  404.000000  0.001014 
404.000000  405.000000  0.001014 
405.000000  406.000000  0.001015 
406.000000  407.000000  0.001015 
407.000000  408.000000  0.001015 
408.000000  409.000000  0.001015 
409.000000  410.000000  0.001015 
410.000000  411.000000  0.001015 
411.000000  412.000000  0.001015 
412.000000  413.000000  0.001015 
413.000000  414.000000  0.001015 
414.000000  415.000000  0.001015 
415.000000  416.000000  0.001015 
416.000000  417.000000  0.001015 
417.000000  418.000000  0.001014 
418.000000  419.000000  0.001014 
419.000000  420.000000  0.001014 
420.000000  421.000000  0.001013 
421.000000  422.000000  0.001013 
422.000000  423.000000  0.001012 
423.000000  424.000000  0.001011 
424.000000  425.000000  0.001011 
425.000000  426.000000  0.001010 
426.000000  427.000000  0.001009 
427.000000  428.000000  0.001009 
428.000000  429.000000  0.001008 
429.000000  430.000000  0.001007 
430.000000  431.000000  0.001006 
431.000000  432.000000  0.001006 
432.000000  433.000000  0.001005 
433.000000  434.000000  0.001004 
434.000000  435.000000  0.001003 
435.000000  436.000000  0.001002 
436.000000  437.000000  0.001001 
437.000000  438.000000  0.001000 
438.000000  439.000000  0.000999 
439.000000  440.000000  0.000998 
440.000000  441.000000  0.000997 
441.000000  442.000000  0.000996 
442.000000  443.000000  0.000994 
443.000000  444.000000  0.000993 
444.000000  445.000000  0.000992 
445.000000  446.000000  0.000991 
446.000000  447.000000  0.000990 
447.000000  448.000000  0.000989 
448.000000  449.000000  0.000987 
449.000000  450.000000  0.000986 
450.000000  451.000000  0.000985 
451.000000  452.000000  0.000984 
452.000000  453.000000  0.000983 
453.000000  454.000000  0.000981 
454.000000  455.000000  0.000980 
455.000000  456.000000  0.000979 
456.000000  457.000000  0.000978 
457.000000  458.000000  0.000976 
458.000000  459.000000  0.000975 
459.000000  460.000000  0.000974 
460.000000  461.000000  0.000973 
461.000000  462.000000  0.000972 
462.000000  463.000000  0.000970 
463.000000  464.000000  0.000969 
464.000000  465.000000  0.000968 
465.000000  466.000000  0.000967 
466.000000  467.000000  0.000965 
467.000000  468.000000  0.000964 
468.000000  469.000000  0.000963 
469.000000  470.000000  0.000962 
470.000000  471.000000  0.000961 
471.000000  472.000000  0.000959 
472.000000  473.000000  0.000958 
473.000000  474.000000  0.000957 
474.000000  475.000000  0.000956 
475.000000  476.000000  0.000955 
476.000000  477.000000  0.000954 
477.000000  478.000000  0.000953 
478.000000  479.000000  0.000951 
479.000000  480.000000  0.000950 
480.000000  481.000000  0.000949 
481.000000  482.000000  0.000948 
482.000000  483.000000  0.000947 
483.000000  484.000000  0.000946 
484.000000  485.000000  0.000945 
485.000000  486.000000  0.000944 
486.000000  487.000000  0.000943 
487.000000  488.000000  0.000942 
488.000000  489.000000  0.000941 
489.000000  490.000000  0.000940 
490.000000  491.000000  0.000939 
491.000000  492.000000  0.000938 
492.000000  493.000000  0.000937 
493.000000  494.000000  0.000937 
494.000000  495.000000  0.000936 
495.000000  496.000000  0.000935 
496.000000  497.000000  0.000934 
497.000000  498.000000  0.000933 
498.000000  499.000000  0.000933 
499.000000  500.000000  0.000932 
500.000000  501.000000  0.000931 
501.000000  502.000000  0.000930 
502.000000  503.000000  0.000930 
503.000000  504.000000  0.000929 
504.000000  505.000000  0.000928 
505.000000  506.000000  0.000928 
506.000000  507.000000  0.000927 
507.000000  508.000000  0.000927 
508.000000  509.000000  0.000926 
509.000000  510.000000  0.000925 
510.000000  511.000000  0.000925 
511.000000  512.000000  0.000924 
512.000000  513.000000  0.000924 
513.000000  514.000000  0.000923 
514.000000  515.000000  0.000923 
515.000000  516.000000  0.000923 
516.000000  517.000000  0.000922 
517.000000  518.000000  0.000922 
518.000000  519.000000  0.000921 
519.000000  520.000000  0.000921 
520.000000  521.000000  0.000921 
521.000000  522.000000  0.000920 
522.000000  523.000000  0.000920 
523.000000  524.000000  0.000920 
524.000000  525.000000  0.000920 
525.000000  526.000000  0.000920 
526.000000  527.000000  0.000919 
527.000000  528.000000  0.000919 
528.000000  529.000000  0.000919 
529.000000  530.000000  0.000919 
530.000000  531.000000  0.000919 
531.000000  532.000000  0.000919 
532.000000  533.000000  0.000919 
533.000000  534.000000  0.000919 
534.000000  535.000000  0.000919 
535.000000  536.000000  0.000919 
536.000000  537.000000  0.000919 
537.000000  538.000000  0.000919 
538.000000  539.000000  0.000919 
539.000000  540.000000  0.000919 
540.000000  541.000000  0.000919 
541.000000  542.000000  0.000919 
542.000000  543.000000  0.000919 
543.000000  544.000000  0.000919 
544.000000  545.000000  0.000920 
545.000000  546.000000  0.000920 
546.000000  547.000000  0.000920 
547.000000  548.000000  0.000920 
548.000000  549.000000  0.000920 
549.000000  550.000000  0.000921 
550.000000  551.000000  0.000921 
551.000000  552.000000  0.000921 
552.000000  553.000000  0.000922 
553.000000  554.000000  0.000922 
554.000000  555.000000  0.000922 
555.000000  556.000000  0.000923 
556.000000  557.000000  0.000923 
557.000000  558.000000  0.000924 
558.000000  559.000000  0.000924 
559.000000  560.000000  0.000924 
560.000000  561.000000  0.000925 
561.000000  562.000000  0.000925 
562.000000  563.000000  0.000926 
563.000000  564.000000  0.000926 
564.000000  565.000000  0.000927 
565.000000  566.000000  0.000927 
566.000000  567.000000  0.000928 
567.000000  568.000000  0.000929 
568.000000  569.000000  0.000929 
569.000000  570.000000  0.000930 
570.000000  571.000000  0.000930 
571.000000  572.000000  0.000931 
572.000000  573.000000  0.000932 
573.000000  574.000000  0.000932 
574.000000  575.000000  0.000933 
575.000000  576.000000  0.000934 
576.000000  577.000000  0.000934 
577.000000  578.000000  0.000935 
578.000000  579.000000  0.000936 
579.000000  580.000000  0.000937 
580.000000  581.000000  0.000937 
581.000000  582.000000  0.000938 
582.000000  583.000000  0.000939 
583.000000  584.000000  0.000940 
584.000000  585.000000  0.000941 
585.000000  586.000000  0.000941 
586.000000  587.000000  0.000942 
587.000000  588.000000  0.000943 
588.000000  589.000000  0.000944 
589.000000  590.000000  0.000945 
590.000000  591.000000  0.000946 
591.000000  592.000000  0.000947 
592.000000  593.000000  0.000947 
593.000000  594.000000  0.000948 
594.000000  595.000000  0.000949 
595.000000  596.000000  0.000950 
596.000000  597.000000  0.000951 
597.000000  598.000000  0.000952 
598.000000  599.000000  0.000953 
599.000000  600.000000  0.000954 
600.000000  601.000000  0.000955 
601.000000  602.000000  0.000956 
602.000000  603.000000  0.000957 
603.000000  604.000000  0.000958 
604.000000  605.000000  0.000959 
605.000000  606.000000  0.000960 
606.000000  607.000000  0.000961 
607.000000  608.000000  0.000962 
608.000000  609.000000  0.000963 
609.000000  610.000000  0.000964 
610.000000  611.000000  0.000965 
611.000000  612.000000  0.000966 
612.000000  613.000000  0.000967 
613.000000  614.000000  0.000968 
614.000000  615.000000  0.000969 
615.000000  616.000000  0.000970 
616.000000  617.000000  0.000972 
617.000000  618.000000  0.000973 
618.000000  619.000000  0.000974 
619.000000  620.000000  0.000975 
620.000000  621.000000  0.000976 
621.000000  622.000000  0.000977 
622.000000  623.000000  0.000978 
623.000000  624.000000  0.000979 
624.000000  625.000000  0.000981 
625.000000  626.000000  0.000982 
626.000000  627.000000  0.000983 
627.000000  628.000000  0.000984 
628.000000  629.000000  0.000985 
629.000000  630.000000  0.000986 
630.000000  631.000000  0.000987 
631.000000  632.000000  0.000989 
632.000000  633.000000  0.000990 
633.000000  634.000000  0.000991 
634.000000  635.000000  0.000992 
635.000000  636.000000  0.000993 
636.000000  637.000000  0.000995 
637.000000  638.000000  0.000996 
638.000000  639.000000  0.000997 
639.000000  640.000000  0.000998 
640.000000  641.000000  0.000999 
641.000000  642.000000  0.001001 
642.000000  643.000000  0.001002 
643.000000  644.000000  0.001003 
644.000000  645.000000  0.001004 
645.000000  646.000000  0.001005 
646.000000  647.000000  0.001007 
647.000000  648.000000  0.001008 
648.000000  649.000000  0.001009 
649.000000  650.000000  0.001010 
650.000000  651.000000  0.001012 
651.000000  652.000000  0.001013 
652.000000  653.000000  0.001014 
653.000000  654.000000  0.001015 
654.000000  655.000000  0.001017 
655.000000  656.000000  0.001018 
656.000000  657.000000  0.001019 
657.000000  658.000000  0.001020 
658.000000  659.000000  0.001021 
659.000000  660.000000  0.001023 
660.000000  661.000000  0.001024 
661.000000  662.000000  0.001025 
662.000000  663.000000  0.001026 
663.000000  664.000000  0.001028 
664.000000  665.000000  0.001029 
665.000000  666.000000  0.001030 
666.000000  667.000000  0.001031 
667.000000  668.000000  0.001033 
668.000000  669.000000  0.001034 
669.000000  670.000000  0.001035 
670.000000  671.000000  0.001036 
671.000000  672.000000  0.001038 
672.000000  673.000000  0.001039 
673.000000  674.000000  0.001040 
674.000000  675.000000  0.001041 
675.000000  676.000000  0.001043 
676.000000  677.000000  0.001044 
677.000000  678.000000  0.001045 
678.000000  679.000000  0.001046 
679.000000  680.000000  0.001048 
680.000000  681.000000  0.001049 
681.000000  682.000000  0.001050 
682.000000  683.000000  0.001051 
683.000000  684.000000  0.001053 
684.000000  685.000000  0.001054 
685.000000  686.000000  0.001055 
686.000000  687.000000  0.001056 
687.000000  688.000000  0.001058 
688.000000  689.000000  0.001059 
689.000000  690.000000  0.001060 
690.000000  691.000000  0.001061 
691.000000  692.000000  0.001063 
692.000000  693.000000  0.001064 
693.000000  694.000000  0.001065 
694.000000  695.000000  0.001066 
695.000000  696.000000  0.001068 
696.000000  697.000000  0.001069 
697.000000  698.000000  0.001070 
698.000000  699.000000  0.001071 
699.000000  700.000000  0.001073 
700.000000  701.000000  0.001074 
701.000000  702.000000  0.001075 
702.000000  703.000000  0.001076 
703.000000  704.000000  0.001077 
704.000000  705.000000  0.001079 
705.000000  706.000000  0.001080 
706.000000  707.000000  0.001081 
707.000000  708.000000  0.001082 
708.000000  709.000000  0.001083 
709.000000  710.000000  0.001085 
710.000000  711.000000  0.001086 
711.000000  712.000000  0.001087 
712.000000  713.000000  0.001088 
713.000000  714.000000  0.001089 
714.000000  715.000000  0.001091 
715.000000  716.000000  0.001092 
716.000000  717.000000  0.001093 
717.000000  718.000000  0.001094 
718.000000  719.000000  0.001095 
719.000000  720.000000  0.001097 
720.000000  721.000000  0.001098 
721.000000  722.000000  0.001099 
722.000000  723.000000  0.001100 
723.000000  724.000000  0.001101 
724.000000  725.000000  0.001103 
725.000000  726.000000  0.001104 
726.000000  727.000000  0.001105 
727.000000  728.000000  0.001106 
728.000000  729.000000  0.001107 
729.000000  730.000000  0.001108 
730.000000  731.000000  0.001110 
731.000000  732.000000  0.001111 
732.000000  733.000000  0.001112 
733.000000  734.000000  0.001113 
734.000000  735.000000  0.001114 
735.000000  736.000000  0.001115 
736.000000  737.000000  0.001116 
737.000000  738.000000  0.001118 
738.000000  739.000000  0.001119 
739.000000  740.000000  0.001120 
740.000000  741.000000  0.001121 
741.000000  742.000000  0.001122 
742.000000  743.000000  0.001123 
743.000000  744.000000  0.001124 
744.000000  745.000000  0.001125 
745.000000  746.000000  0.001127 
746.000000  747.000000  0.001128 
747.000000  748.000000  0.001129 
748.000000  749.000000  0.001130 
749.000000  750.000000  0.001131 
750.000000  751.000000  0.001132 
751.000000  752.000000  0.001133 
752.000000  753.000000  0.001134 
753.000000  754.000000  0.001135 
754.000000  755.000000  0.001136 
755.000000  756.000000  0.001138 
756.000000  757.000000  0.001139 
757.000000  758.000000  0.001140 
758.000000  759.000000  0.001141 
759.000000  760.000000  0.001142 
760.000000  761.000000  0.001143 
761.000000  762.000000  0.001144 
762.000000  763.000000  0.001145 
763.000000  764.000000  0.001146 
764.000000  765.000000  0.001147 
765.000000  766.000000  0.001148 
766.000000  767.000000  0.001149 
767.000000  768.000000  0.001150 
768.000000  769.000000  0.001151 
769.000000  770.000000  0.001152 
770.000000  771.000000  0.001153 
771.000000  772.000000  0.001154 
772.000000  773.000000  0.001155 
773.000000  774.000000  0.001157 
774.000000  775.000000  0.001158 
775.000000  776.000000  0.001159 
776.000000  777.000000  0.001160 
777.000000  778.000000  0.001161 
778.000000  779.000000  0.001162 
779.000000  780.000000  0.001163 
780.000000  781.000000  0.001164 
781.000000  782.000000  0.001165 
782.000000  783.000000  0.001166 
783.000000  784.000000  0.001167 
784.000000  785.000000  0.001168 
785.000000  786.000000  0.001169 
786.000000  787.000000  0.001170 
787.000000  788.000000  0.001170 
788.000000  789.000000  0.001171 
789.000000  790.000000  0.001172 
790.000000  791.000000  0.001173 
791.000000  792.000000  0.001174 
792.000000  793.000000  0.001175 
793.000000  794.000000  0.001176 
794.000000  795.000000  0.001177 
795.000000  796.000000  0.001178 
796.000000  797.000000  0.001179 
797.000000  798.000000  0.001180 
798.000000  799.000000  0.001181 
799.000000  800.000000  0.001182 
