17.000000  18.000000  0.995154 
18.000000  19.000000  0.995905 
19.000000  20.000000  0.996516 
20.000000  21.000000  0.997012 
21.000000  22.000000  0.997410 
22.000000  23.000000  0.997718 
23.000000  24.000000  0.997917 
24.000000  25.000000  0.998086 
25.000000  26.000000  0.998237 
26.000000  27.000000  0.998371 
27.000000  28.000000  0.998501 
28.000000  29.000000  0.998672 
29.000000  30.000000  0.998842 
30.000000  31.000000  0.999003 
31.000000  32.000000  0.999154 
32.000000  33.000000  0.999294 
33.000000  34.000000  0.999417 
34.000000  35.000000  0.999527 
35.000000  36.000000  0.999626 
36.000000  37.000000  0.999716 
37.000000  38.000000  0.999797 
38.000000  39.000000  0.999869 
39.000000  40.000000  0.999935 
40.000000  41.000000  0.999989 
41.000000  42.000000  1.000035 
42.000000  43.000000  1.000075 
43.000000  44.000000  1.000112 
44.000000  45.000000  1.000145 
45.000000  46.000000  1.000173 
46.000000  47.000000  1.000197 
47.000000  48.000000  1.000218 
48.000000  49.000000  1.000234 
49.000000  50.000000  1.000246 
50.000000  51.000000  1.000254 
51.000000  52.000000  1.000258 
52.000000  53.000000  1.000258 
53.000000  54.000000  1.000258 
54.000000  55.000000  1.000254 
55.000000  56.000000  1.000247 
56.000000  57.000000  1.000235 
57.000000  58.000000  1.000218 
58.000000  59.000000  1.000198 
59.000000  60.000000  1.000174 
60.000000  61.000000  1.000147 
61.000000  62.000000  1.000116 
62.000000  63.000000  1.000081 
63.000000  64.000000  1.000044 
64.000000  65.000000  1.000003 
65.000000  66.000000  0.999959 
66.000000  67.000000  0.999913 
67.000000  68.000000  0.999865 
68.000000  69.000000  0.999814 
69.000000  70.000000  0.999761 
70.000000  71.000000  0.999705 
71.000000  72.000000  0.999647 
72.000000  73.000000  0.999587 
73.000000  74.000000  0.999526 
74.000000  75.000000  0.999463 
75.000000  76.000000  0.999399 
76.000000  77.000000  0.999334 
77.000000  78.000000  0.999268 
78.000000  79.000000  0.999201 
79.000000  80.000000  0.999133 
80.000000  81.000000  0.999065 
81.000000  82.000000  0.998996 
82.000000  83.000000  0.998926 
83.000000  84.000000  0.998856 
84.000000  85.000000  0.998785 
85.000000  86.000000  0.998710 
86.000000  87.000000  0.998638 
87.000000  88.000000  0.998567 
88.000000  89.000000  0.998495 
89.000000  90.000000  0.998423 
90.000000  91.000000  0.998351 
91.000000  92.000000  0.998279 
92.000000  93.000000  0.998206 
93.000000  94.000000  0.998134 
94.000000  95.000000  0.998062 
95.000000  96.000000  0.997989 
96.000000  97.000000  0.997917 
97.000000  98.000000  0.997845 
98.000000  99.000000  0.997773 
99.000000  100.000000  0.997701 
100.000000  101.000000  0.997629 
101.000000  102.000000  0.997558 
102.000000  103.000000  0.997487 
103.000000  104.000000  0.997416 
104.000000  105.000000  0.997346 
105.000000  106.000000  0.997276 
106.000000  107.000000  0.997206 
107.000000  108.000000  0.997137 
108.000000  109.000000  0.997068 
109.000000  110.000000  0.997000 
110.000000  111.000000  0.996933 
111.000000  112.000000  0.996866 
112.000000  113.000000  0.996800 
113.000000  114.000000  0.996735 
114.000000  115.000000  0.996671 
115.000000  116.000000  0.996607 
116.000000  117.000000  0.996544 
117.000000  118.000000  0.996482 
118.000000  119.000000  0.996421 
119.000000  120.000000  0.996361 
120.000000  121.000000  0.996302 
121.000000  122.000000  0.996244 
122.000000  123.000000  0.996187 
123.000000  124.000000  0.996131 
124.000000  125.000000  0.996077 
125.000000  126.000000  0.996023 
126.000000  127.000000  0.995970 
127.000000  128.000000  0.995919 
128.000000  129.000000  0.995869 
129.000000  130.000000  0.995820 
130.000000  131.000000  0.995772 
131.000000  132.000000  0.995725 
132.000000  133.000000  0.995680 
133.000000  134.000000  0.995636 
134.000000  135.000000  0.995593 
135.000000  136.000000  0.995551 
136.000000  137.000000  0.995510 
137.000000  138.000000  0.995471 
138.000000  139.000000  0.995433 
139.000000  140.000000  0.995396 
140.000000  141.000000  0.995360 
141.000000  142.000000  0.995325 
142.000000  143.000000  0.995291 
143.000000  144.000000  0.995259 
144.000000  145.000000  0.995227 
145.000000  146.000000  0.995197 
146.000000  147.000000  0.995167 
147.000000  148.000000  0.995139 
148.000000  149.000000  0.995111 
149.000000  150.000000  0.995085 
150.000000  151.000000  0.995059 
151.000000  152.000000  0.995035 
152.000000  153.000000  0.995011 
153.000000  154.000000  0.994988 
154.000000  155.000000  0.994966 
155.000000  156.000000  0.994944 
156.000000  157.000000  0.994924 
157.000000  158.000000  0.994904 
158.000000  159.000000  0.994884 
159.000000  160.000000  0.994866 
160.000000  161.000000  0.994848 
161.000000  162.000000  0.994830 
162.000000  163.000000  0.994813 
163.000000  164.000000  0.994797 
164.000000  165.000000  0.994781 
165.000000  166.000000  0.994766 
166.000000  167.000000  0.994751 
167.000000  168.000000  0.994736 
168.000000  169.000000  0.994722 
169.000000  170.000000  0.994708 
170.000000  171.000000  0.994694 
171.000000  172.000000  0.994681 
172.000000  173.000000  0.994668 
173.000000  174.000000  0.994655 
174.000000  175.000000  0.994643 
175.000000  176.000000  0.994630 
176.000000  177.000000  0.994618 
177.000000  178.000000  0.994606 
178.000000  179.000000  0.994594 
179.000000  180.000000  0.994582 
180.000000  181.000000  0.994571 
181.000000  182.000000  0.994559 
182.000000  183.000000  0.994547 
183.000000  184.000000  0.994536 
184.000000  185.000000  0.994524 
185.000000  186.000000  0.994513 
186.000000  187.000000  0.994502 
187.000000  188.000000  0.994490 
188.000000  189.000000  0.994479 
189.000000  190.000000  0.994467 
190.000000  191.000000  0.994455 
191.000000  192.000000  0.994444 
192.000000  193.000000  0.994432 
193.000000  194.000000  0.994420 
194.000000  195.000000  0.994409 
195.000000  196.000000  0.994397 
196.000000  197.000000  0.994385 
197.000000  198.000000  0.994373 
198.000000  199.000000  0.994361 
199.000000  200.000000  0.994348 
200.000000  201.000000  0.994336 
201.000000  202.000000  0.994323 
202.000000  203.000000  0.994311 
203.000000  204.000000  0.994298 
204.000000  205.000000  0.994285 
205.000000  206.000000  0.994273 
206.000000  207.000000  0.994260 
207.000000  208.000000  0.994246 
208.000000  209.000000  0.994233 
209.000000  210.000000  0.994220 
210.000000  211.000000  0.994207 
211.000000  212.000000  0.994193 
212.000000  213.000000  0.994180 
213.000000  214.000000  0.994166 
214.000000  215.000000  0.994152 
215.000000  216.000000  0.994138 
216.000000  217.000000  0.994124 
217.000000  218.000000  0.994110 
218.000000  219.000000  0.994096 
219.000000  220.000000  0.994082 
220.000000  221.000000  0.994067 
221.000000  222.000000  0.994053 
222.000000  223.000000  0.994039 
223.000000  224.000000  0.994024 
224.000000  225.000000  0.994009 
225.000000  226.000000  0.993995 
226.000000  227.000000  0.993980 
227.000000  228.000000  0.993965 
228.000000  229.000000  0.993951 
229.000000  230.000000  0.993936 
230.000000  231.000000  0.993921 
231.000000  232.000000  0.993906 
232.000000  233.000000  0.993892 
233.000000  234.000000  0.993877 
234.000000  235.000000  0.993862 
235.000000  236.000000  0.993847 
236.000000  237.000000  0.993832 
237.000000  238.000000  0.993818 
238.000000  239.000000  0.993803 
239.000000  240.000000  0.993788 
240.000000  241.000000  0.993774 
241.000000  242.000000  0.993759 
242.000000  243.000000  0.993745 
243.000000  244.000000  0.993730 
244.000000  245.000000  0.993716 
245.000000  246.000000  0.993701 
246.000000  247.000000  0.993687 
247.000000  248.000000  0.993673 
248.000000  249.000000  0.993659 
249.000000  250.000000  0.993645 
250.000000  251.000000  0.993631 
251.000000  252.000000  0.993618 
252.000000  253.000000  0.993604 
253.000000  254.000000  0.993590 
254.000000  255.000000  0.993577 
255.000000  256.000000  0.993564 
256.000000  257.000000  0.993551 
257.000000  258.000000  0.993538 
258.000000  259.000000  0.993526 
259.000000  260.000000  0.993513 
260.000000  261.000000  0.993501 
261.000000  262.000000  0.993489 
262.000000  263.000000  0.993477 
263.000000  264.000000  0.993465 
264.000000  265.000000  0.993454 
265.000000  266.000000  0.993442 
266.000000  267.000000  0.993431 
267.000000  268.000000  0.993420 
268.000000  269.000000  0.993410 
269.000000  270.000000  0.993399 
270.000000  271.000000  0.993389 
271.000000  272.000000  0.993379 
272.000000  273.000000  0.993370 
273.000000  274.000000  0.993361 
274.000000  275.000000  0.993351 
275.000000  276.000000  0.993343 
276.000000  277.000000  0.993334 
277.000000  278.000000  0.993326 
278.000000  279.000000  0.993318 
279.000000  280.000000  0.993310 
280.000000  281.000000  0.993303 
281.000000  282.000000  0.993296 
282.000000  283.000000  0.993289 
283.000000  284.000000  0.993283 
284.000000  285.000000  0.993277 
285.000000  286.000000  0.993271 
286.000000  287.000000  0.993266 
287.000000  288.000000  0.993261 
288.000000  289.000000  0.993256 
289.000000  290.000000  0.993252 
290.000000  291.000000  0.993248 
291.000000  292.000000  0.993244 
292.000000  293.000000  0.993240 
293.000000  294.000000  0.993237 
294.000000  295.000000  0.993235 
295.000000  296.000000  0.993232 
296.000000  297.000000  0.993230 
297.000000  298.000000  0.993229 
298.000000  299.000000  0.993228 
299.000000  300.000000  0.993227 
300.000000  301.000000  0.993226 
301.000000  302.000000  0.993226 
302.000000  303.000000  0.993226 
303.000000  304.000000  0.993227 
304.000000  305.000000  0.993228 
305.000000  306.000000  0.993229 
306.000000  307.000000  0.993231 
307.000000  308.000000  0.993233 
308.000000  309.000000  0.993235 
309.000000  310.000000  0.993238 
310.000000  311.000000  0.993241 
311.000000  312.000000  0.993244 
312.000000  313.000000  0.993248 
313.000000  314.000000  0.993252 
314.000000  315.000000  0.993257 
315.000000  316.000000  0.993261 
316.000000  317.000000  0.993267 
317.000000  318.000000  0.993272 
318.000000  319.000000  0.993278 
319.000000  320.000000  0.993284 
320.000000  321.000000  0.993291 
321.000000  322.000000  0.993298 
322.000000  323.000000  0.993305 
323.000000  324.000000  0.993312 
324.000000  325.000000  0.993320 
325.000000  326.000000  0.993328 
326.000000  327.000000  0.993337 
327.000000  328.000000  0.993345 
328.000000  329.000000  0.993354 
329.000000  330.000000  0.993364 
330.000000  331.000000  0.993373 
331.000000  332.000000  0.993383 
332.000000  333.000000  0.993393 
333.000000  334.000000  0.993404 
334.000000  335.000000  0.993414 
335.000000  336.000000  0.993425 
336.000000  337.000000  0.993436 
337.000000  338.000000  0.993448 
338.000000  339.000000  0.993459 
339.000000  340.000000  0.993471 
340.000000  341.000000  0.993483 
341.000000  342.000000  0.993495 
342.000000  343.000000  0.993507 
343.000000  344.000000  0.993520 
344.000000  345.000000  0.993533 
345.000000  346.000000  0.993546 
346.000000  347.000000  0.993559 
347.000000  348.000000  0.993572 
348.000000  349.000000  0.993585 
349.000000  350.000000  0.993599 
350.000000  351.000000  0.993612 
351.000000  352.000000  0.993626 
352.000000  353.000000  0.993640 
353.000000  354.000000  0.993654 
354.000000  355.000000  0.993668 
355.000000  356.000000  0.993682 
356.000000  357.000000  0.993696 
357.000000  358.000000  0.993710 
358.000000  359.000000  0.993724 
359.000000  360.000000  0.993738 
360.000000  361.000000  0.993752 
361.000000  362.000000  0.993767 
362.000000  363.000000  0.993781 
363.000000  364.000000  0.993795 
364.000000  365.000000  0.993809 
365.000000  366.000000  0.993823 
366.000000  367.000000  0.993837 
367.000000  368.000000  0.993851 
368.000000  369.000000  0.993865 
369.000000  370.000000  0.993879 
370.000000  371.000000  0.993892 
371.000000  372.000000  0.993906 
372.000000  373.000000  0.993919 
373.000000  374.000000  0.993933 
374.000000  375.000000  0.993946 
375.000000  376.000000  0.993959 
376.000000  377.000000  0.993972 
377.000000  378.000000  0.993984 
378.000000  379.000000  0.993997 
379.000000  380.000000  0.994009 
380.000000  381.000000  0.994021 
381.000000  382.000000  0.994033 
382.000000  383.000000  0.994044 
383.000000  384.000000  0.994056 
384.000000  385.000000  0.994067 
385.000000  386.000000  0.994078 
386.000000  387.000000  0.994088 
387.000000  388.000000  0.994098 
388.000000  389.000000  0.994108 
389.000000  390.000000  0.994118 
390.000000  391.000000  0.994127 
391.000000  392.000000  0.994136 
392.000000  393.000000  0.994144 
393.000000  394.000000  0.994153 
394.000000  395.000000  0.994160 
395.000000  396.000000  0.994168 
396.000000  397.000000  0.994175 
397.000000  398.000000  0.994182 
398.000000  399.000000  0.994188 
399.000000  400.000000  0.994194 
400.000000  401.000000  0.994199 
401.000000  402.000000  0.994204 
402.000000  403.000000  0.994209 
403.000000  404.000000  0.994213 
404.000000  405.000000  0.994216 
405.000000  406.000000  0.994219 
406.000000  407.000000  0.994222 
407.000000  408.000000  0.994224 
408.000000  409.000000  0.994226 
409.000000  410.000000  0.994227 
410.000000  411.000000  0.994228 
411.000000  412.000000  0.994228 
412.000000  413.000000  0.994228 
413.000000  414.000000  0.994227 
414.000000  415.000000  0.994225 
415.000000  416.000000  0.994223 
416.000000  417.000000  0.994221 
417.000000  418.000000  0.994217 
418.000000  419.000000  0.994214 
419.000000  420.000000  0.994209 
420.000000  421.000000  0.994205 
421.000000  422.000000  0.994199 
422.000000  423.000000  0.994193 
423.000000  424.000000  0.994186 
424.000000  425.000000  0.994179 
425.000000  426.000000  0.994171 
426.000000  427.000000  0.994163 
427.000000  428.000000  0.994154 
428.000000  429.000000  0.994144 
429.000000  430.000000  0.994134 
430.000000  431.000000  0.994123 
431.000000  432.000000  0.994112 
432.000000  433.000000  0.994100 
433.000000  434.000000  0.994087 
434.000000  435.000000  0.994073 
435.000000  436.000000  0.994059 
436.000000  437.000000  0.994045 
437.000000  438.000000  0.994029 
438.000000  439.000000  0.994013 
439.000000  440.000000  0.993997 
440.000000  441.000000  0.993980 
441.000000  442.000000  0.993962 
442.000000  443.000000  0.993943 
443.000000  444.000000  0.993924 
444.000000  445.000000  0.993904 
445.000000  446.000000  0.993884 
446.000000  447.000000  0.993863 
447.000000  448.000000  0.993841 
448.000000  449.000000  0.993818 
449.000000  450.000000  0.993795 
450.000000  451.000000  0.993772 
451.000000  452.000000  0.993747 
452.000000  453.000000  0.993722 
453.000000  454.000000  0.993697 
454.000000  455.000000  0.993671 
455.000000  456.000000  0.993644 
456.000000  457.000000  0.993616 
457.000000  458.000000  0.993588 
458.000000  459.000000  0.993559 
459.000000  460.000000  0.993530 
460.000000  461.000000  0.993500 
461.000000  462.000000  0.993469 
462.000000  463.000000  0.993438 
463.000000  464.000000  0.993406 
464.000000  465.000000  0.993374 
465.000000  466.000000  0.993341 
466.000000  467.000000  0.993307 
467.000000  468.000000  0.993273 
468.000000  469.000000  0.993238 
469.000000  470.000000  0.993202 
470.000000  471.000000  0.993166 
471.000000  472.000000  0.993130 
472.000000  473.000000  0.993093 
473.000000  474.000000  0.993055 
474.000000  475.000000  0.993017 
475.000000  476.000000  0.992978 
476.000000  477.000000  0.992938 
477.000000  478.000000  0.992898 
478.000000  479.000000  0.992858 
479.000000  480.000000  0.992817 
480.000000  481.000000  0.992775 
481.000000  482.000000  0.992733 
482.000000  483.000000  0.992690 
483.000000  484.000000  0.992647 
484.000000  485.000000  0.992604 
485.000000  486.000000  0.992559 
486.000000  487.000000  0.992515 
487.000000  488.000000  0.992470 
488.000000  489.000000  0.992424 
489.000000  490.000000  0.992378 
490.000000  491.000000  0.992331 
491.000000  492.000000  0.992284 
492.000000  493.000000  0.992237 
493.000000  494.000000  0.992189 
494.000000  495.000000  0.992140 
495.000000  496.000000  0.992091 
496.000000  497.000000  0.992042 
497.000000  498.000000  0.991992 
498.000000  499.000000  0.991942 
499.000000  500.000000  0.991892 
500.000000  501.000000  0.991841 
501.000000  502.000000  0.991789 
502.000000  503.000000  0.991738 
503.000000  504.000000  0.991685 
504.000000  505.000000  0.991633 
505.000000  506.000000  0.991580 
506.000000  507.000000  0.991527 
507.000000  508.000000  0.991473 
508.000000  509.000000  0.991419 
509.000000  510.000000  0.991365 
510.000000  511.000000  0.991310 
511.000000  512.000000  0.991255 
512.000000  513.000000  0.991200 
513.000000  514.000000  0.991144 
514.000000  515.000000  0.991088 
515.000000  516.000000  0.991032 
516.000000  517.000000  0.990976 
517.000000  518.000000  0.990919 
518.000000  519.000000  0.990862 
519.000000  520.000000  0.990804 
520.000000  521.000000  0.990747 
521.000000  522.000000  0.990689 
522.000000  523.000000  0.990631 
523.000000  524.000000  0.990572 
524.000000  525.000000  0.990514 
525.000000  526.000000  0.990455 
526.000000  527.000000  0.990396 
527.000000  528.000000  0.990336 
528.000000  529.000000  0.990277 
529.000000  530.000000  0.990217 
530.000000  531.000000  0.990157 
531.000000  532.000000  0.990097 
532.000000  533.000000  0.990037 
533.000000  534.000000  0.989976 
534.000000  535.000000  0.989915 
535.000000  536.000000  0.989855 
536.000000  537.000000  0.989794 
537.000000  538.000000  0.989732 
538.000000  539.000000  0.989671 
539.000000  540.000000  0.989610 
540.000000  541.000000  0.989548 
541.000000  542.000000  0.989486 
542.000000  543.000000  0.989424 
543.000000  544.000000  0.989362 
544.000000  545.000000  0.989300 
545.000000  546.000000  0.989238 
546.000000  547.000000  0.989176 
547.000000  548.000000  0.989113 
548.000000  549.000000  0.989051 
549.000000  550.000000  0.988988 
550.000000  551.000000  0.988925 
551.000000  552.000000  0.988863 
552.000000  553.000000  0.988800 
553.000000  554.000000  0.988737 
554.000000  555.000000  0.988674 
555.000000  556.000000  0.988611 
556.000000  557.000000  0.988548 
557.000000  558.000000  0.988485 
558.000000  559.000000  0.988422 
559.000000  560.000000  0.988358 
560.000000  561.000000  0.988295 
561.000000  562.000000  0.988232 
562.000000  563.000000  0.988169 
563.000000  564.000000  0.988105 
564.000000  565.000000  0.988042 
565.000000  566.000000  0.987979 
566.000000  567.000000  0.987916 
567.000000  568.000000  0.987852 
568.000000  569.000000  0.987789 
569.000000  570.000000  0.987726 
570.000000  571.000000  0.987662 
571.000000  572.000000  0.987599 
572.000000  573.000000  0.987536 
573.000000  574.000000  0.987473 
574.000000  575.000000  0.987410 
575.000000  576.000000  0.987346 
576.000000  577.000000  0.987283 
577.000000  578.000000  0.987220 
578.000000  579.000000  0.987157 
579.000000  580.000000  0.987094 
580.000000  581.000000  0.987032 
581.000000  582.000000  0.986969 
582.000000  583.000000  0.986906 
583.000000  584.000000  0.986843 
584.000000  585.000000  0.986781 
585.000000  586.000000  0.986718 
586.000000  587.000000  0.986655 
587.000000  588.000000  0.986593 
588.000000  589.000000  0.986531 
589.000000  590.000000  0.986468 
590.000000  591.000000  0.986406 
591.000000  592.000000  0.986344 
592.000000  593.000000  0.986282 
593.000000  594.000000  0.986220 
594.000000  595.000000  0.986159 
595.000000  596.000000  0.986097 
596.000000  597.000000  0.986035 
597.000000  598.000000  0.985974 
598.000000  599.000000  0.985912 
599.000000  600.000000  0.985851 
600.000000  601.000000  0.985790 
601.000000  602.000000  0.985729 
602.000000  603.000000  0.985668 
603.000000  604.000000  0.985607 
604.000000  605.000000  0.985547 
605.000000  606.000000  0.985486 
606.000000  607.000000  0.985426 
607.000000  608.000000  0.985365 
608.000000  609.000000  0.985305 
609.000000  610.000000  0.985245 
610.000000  611.000000  0.985185 
611.000000  612.000000  0.985126 
612.000000  613.000000  0.985066 
613.000000  614.000000  0.985007 
614.000000  615.000000  0.984947 
615.000000  616.000000  0.984888 
616.000000  617.000000  0.984829 
617.000000  618.000000  0.984770 
618.000000  619.000000  0.984712 
619.000000  620.000000  0.984653 
620.000000  621.000000  0.984595 
621.000000  622.000000  0.984536 
622.000000  623.000000  0.984478 
623.000000  624.000000  0.984420 
624.000000  625.000000  0.984363 
625.000000  626.000000  0.984305 
626.000000  627.000000  0.984248 
627.000000  628.000000  0.984190 
628.000000  629.000000  0.984133 
629.000000  630.000000  0.984076 
630.000000  631.000000  0.984020 
631.000000  632.000000  0.983963 
632.000000  633.000000  0.983906 
633.000000  634.000000  0.983850 
634.000000  635.000000  0.983794 
635.000000  636.000000  0.983738 
636.000000  637.000000  0.983682 
637.000000  638.000000  0.983627 
638.000000  639.000000  0.983572 
639.000000  640.000000  0.983516 
640.000000  641.000000  0.983461 
641.000000  642.000000  0.983406 
642.000000  643.000000  0.983352 
643.000000  644.000000  0.983297 
644.000000  645.000000  0.983243 
645.000000  646.000000  0.983189 
646.000000  647.000000  0.983135 
647.000000  648.000000  0.983081 
648.000000  649.000000  0.983028 
649.000000  650.000000  0.982974 
650.000000  651.000000  0.982921 
651.000000  652.000000  0.982868 
652.000000  653.000000  0.982815 
653.000000  654.000000  0.982763 
654.000000  655.000000  0.982710 
655.000000  656.000000  0.982658 
656.000000  657.000000  0.982606 
657.000000  658.000000  0.982554 
658.000000  659.000000  0.982502 
659.000000  660.000000  0.982451 
660.000000  661.000000  0.982399 
661.000000  662.000000  0.982348 
662.000000  663.000000  0.982297 
663.000000  664.000000  0.982247 
664.000000  665.000000  0.982196 
665.000000  666.000000  0.982146 
666.000000  667.000000  0.982095 
667.000000  668.000000  0.982045 
668.000000  669.000000  0.981996 
669.000000  670.000000  0.981946 
670.000000  671.000000  0.981897 
671.000000  672.000000  0.981847 
672.000000  673.000000  0.981798 
673.000000  674.000000  0.981750 
674.000000  675.000000  0.981701 
675.000000  676.000000  0.981653 
676.000000  677.000000  0.981604 
677.000000  678.000000  0.981556 
678.000000  679.000000  0.981508 
679.000000  680.000000  0.981461 
680.000000  681.000000  0.981413 
681.000000  682.000000  0.981366 
682.000000  683.000000  0.981319 
683.000000  684.000000  0.981272 
684.000000  685.000000  0.981225 
685.000000  686.000000  0.981179 
686.000000  687.000000  0.981132 
687.000000  688.000000  0.981086 
688.000000  689.000000  0.981040 
689.000000  690.000000  0.980995 
690.000000  691.000000  0.980949 
691.000000  692.000000  0.980904 
692.000000  693.000000  0.980859 
693.000000  694.000000  0.980814 
694.000000  695.000000  0.980769 
695.000000  696.000000  0.980724 
696.000000  697.000000  0.980680 
697.000000  698.000000  0.980636 
698.000000  699.000000  0.980592 
699.000000  700.000000  0.980548 
700.000000  701.000000  0.980504 
701.000000  702.000000  0.980461 
702.000000  703.000000  0.980417 
703.000000  704.000000  0.980374 
704.000000  705.000000  0.980331 
705.000000  706.000000  0.980289 
706.000000  707.000000  0.980246 
707.000000  708.000000  0.980204 
708.000000  709.000000  0.980162 
709.000000  710.000000  0.980120 
710.000000  711.000000  0.980078 
711.000000  712.000000  0.980036 
712.000000  713.000000  0.979995 
713.000000  714.000000  0.979954 
714.000000  715.000000  0.979913 
715.000000  716.000000  0.979872 
716.000000  717.000000  0.979831 
717.000000  718.000000  0.979791 
718.000000  719.000000  0.979751 
719.000000  720.000000  0.979710 
720.000000  721.000000  0.979671 
721.000000  722.000000  0.979631 
722.000000  723.000000  0.979591 
723.000000  724.000000  0.979552 
724.000000  725.000000  0.979513 
725.000000  726.000000  0.979474 
726.000000  727.000000  0.979435 
727.000000  728.000000  0.979396 
728.000000  729.000000  0.979358 
729.000000  730.000000  0.979319 
730.000000  731.000000  0.979281 
731.000000  732.000000  0.979243 
732.000000  733.000000  0.979205 
733.000000  734.000000  0.979168 
734.000000  735.000000  0.979130 
735.000000  736.000000  0.979093 
736.000000  737.000000  0.979056 
737.000000  738.000000  0.979019 
738.000000  739.000000  0.978982 
739.000000  740.000000  0.978946 
740.000000  741.000000  0.978910 
741.000000  742.000000  0.978873 
742.000000  743.000000  0.978837 
743.000000  744.000000  0.978801 
744.000000  745.000000  0.978766 
745.000000  746.000000  0.978730 
746.000000  747.000000  0.978695 
747.000000  748.000000  0.978660 
748.000000  749.000000  0.978625 
749.000000  750.000000  0.978590 
750.000000  751.000000  0.978555 
751.000000  752.000000  0.978521 
752.000000  753.000000  0.978486 
753.000000  754.000000  0.978452 
754.000000  755.000000  0.978418 
755.000000  756.000000  0.978384 
756.000000  757.000000  0.978350 
757.000000  758.000000  0.978317 
758.000000  759.000000  0.978283 
759.000000  760.000000  0.978250 
760.000000  761.000000  0.978217 
761.000000  762.000000  0.978184 
762.000000  763.000000  0.978152 
763.000000  764.000000  0.978119 
764.000000  765.000000  0.978087 
765.000000  766.000000  0.978054 
766.000000  767.000000  0.978022 
767.000000  768.000000  0.977990 
768.000000  769.000000  0.977959 
769.000000  770.000000  0.977927 
770.000000  771.000000  0.977895 
771.000000  772.000000  0.977864 
772.000000  773.000000  0.977833 
773.000000  774.000000  0.977802 
774.000000  775.000000  0.977771 
775.000000  776.000000  0.977740 
776.000000  777.000000  0.977710 
777.000000  778.000000  0.977679 
778.000000  779.000000  0.977649 
779.000000  780.000000  0.977619 
780.000000  781.000000  0.977589 
781.000000  782.000000  0.977559 
782.000000  783.000000  0.977530 
783.000000  784.000000  0.977500 
784.000000  785.000000  0.977471 
785.000000  786.000000  0.977442 
786.000000  787.000000  0.977413 
787.000000  788.000000  0.977384 
788.000000  789.000000  0.977355 
789.000000  790.000000  0.977326 
790.000000  791.000000  0.977298 
791.000000  792.000000  0.977270 
792.000000  793.000000  0.977241 
793.000000  794.000000  0.977213 
794.000000  795.000000  0.977185 
795.000000  796.000000  0.977158 
796.000000  797.000000  0.977130 
797.000000  798.000000  0.977103 
798.000000  799.000000  0.977075 
799.000000  800.000000  0.977048 
