17.000000  18.000000  0.000000 
18.000000  19.000000  0.000000 
19.000000  20.000000  0.000000 
20.000000  21.000000  0.000000 
21.000000  22.000000  0.000000 
22.000000  23.000000  0.000000 
23.000000  24.000000  0.000000 
24.000000  25.000000  0.000000 
25.000000  26.000000  0.000000 
26.000000  27.000000  0.000000 
27.000000  28.000000  0.000000 
28.000000  29.000000  0.000000 
29.000000  30.000000  0.000000 
30.000000  31.000000  0.000000 
31.000000  32.000000  0.000000 
32.000000  33.000000  0.000000 
33.000000  34.000000  0.000000 
34.000000  35.000000  0.000000 
35.000000  36.000000  0.000000 
36.000000  37.000000  0.000000 
37.000000  38.000000  0.000001 
38.000000  39.000000  0.000001 
39.000000  40.000000  0.000001 
40.000000  41.000000  0.000001 
41.000000  42.000000  0.000002 
42.000000  43.000000  0.000002 
43.000000  44.000000  0.000003 
44.000000  45.000000  0.000003 
45.000000  46.000000  0.000004 
46.000000  47.000000  0.000005 
47.000000  48.000000  0.000006 
48.000000  49.000000  0.000007 
49.000000  50.000000  0.000008 
50.000000  51.000000  0.000009 
51.000000  52.000000  0.000010 
52.000000  53.000000  0.000012 
53.000000  54.000000  0.000013 
54.000000  55.000000  0.000015 
55.000000  56.000000  0.000017 
56.000000  57.000000  0.000019 
57.000000  58.000000  0.000020 
58.000000  59.000000  0.000022 
59.000000  60.000000  0.000025 
60.000000  61.000000  0.000027 
61.000000  62.000000  0.000029 
62.000000  63.000000  0.000031 
63.000000  64.000000  0.000034 
64.000000  65.000000  0.000036 
65.000000  66.000000  0.000038 
66.000000  67.000000  0.000041 
67.000000  68.000000  0.000043 
68.000000  69.000000  0.000046 
69.000000  70.000000  0.000049 
70.000000  71.000000  0.000051 
71.000000  72.000000  0.000054 
72.000000  73.000000  0.000056 
73.000000  74.000000  0.000059 
74.000000  75.000000  0.000062 
75.000000  76.000000  0.000064 
76.000000  77.000000  0.000067 
77.000000  78.000000  0.000070 
78.000000  79.000000  0.000072 
79.000000  80.000000  0.000075 
80.000000  81.000000  0.000077 
81.000000  82.000000  0.000080 
82.000000  83.000000  0.000082 
83.000000  84.000000  0.000085 
84.000000  85.000000  0.000087 
85.000000  86.000000  0.000090 
86.000000  87.000000  0.000092 
87.000000  88.000000  0.000095 
88.000000  89.000000  0.000097 
89.000000  90.000000  0.000099 
90.000000  91.000000  0.000102 
91.000000  92.000000  0.000104 
92.000000  93.000000  0.000106 
93.000000  94.000000  0.000108 
94.000000  95.000000  0.000110 
95.000000  96.000000  0.000112 
96.000000  97.000000  0.000114 
97.000000  98.000000  0.000116 
98.000000  99.000000  0.000118 
99.000000  100.000000  0.000120 
100.000000  101.000000  0.000122 
101.000000  102.000000  0.000124 
102.000000  103.000000  0.000126 
103.000000  104.000000  0.000128 
104.000000  105.000000  0.000130 
105.000000  106.000000  0.000131 
106.000000  107.000000  0.000133 
107.000000  108.000000  0.000135 
108.000000  109.000000  0.000137 
109.000000  110.000000  0.000138 
110.000000  111.000000  0.000140 
111.000000  112.000000  0.000141 
112.000000  113.000000  0.000143 
113.000000  114.000000  0.000145 
114.000000  115.000000  0.000146 
115.000000  116.000000  0.000148 
116.000000  117.000000  0.000149 
117.000000  118.000000  0.000151 
118.000000  119.000000  0.000152 
119.000000  120.000000  0.000154 
120.000000  121.000000  0.000155 
121.000000  122.000000  0.000157 
122.000000  123.000000  0.000158 
123.000000  124.000000  0.000160 
124.000000  125.000000  0.000161 
125.000000  126.000000  0.000162 
126.000000  127.000000  0.000164 
127.000000  128.000000  0.000165 
128.000000  129.000000  0.000166 
129.000000  130.000000  0.000168 
130.000000  131.000000  0.000169 
131.000000  132.000000  0.000170 
132.000000  133.000000  0.000172 
133.000000  134.000000  0.000173 
134.000000  135.000000  0.000174 
135.000000  136.000000  0.000176 
136.000000  137.000000  0.000177 
137.000000  138.000000  0.000178 
138.000000  139.000000  0.000179 
139.000000  140.000000  0.000181 
140.000000  141.000000  0.000182 
141.000000  142.000000  0.000183 
142.000000  143.000000  0.000184 
143.000000  144.000000  0.000186 
144.000000  145.000000  0.000187 
145.000000  146.000000  0.000188 
146.000000  147.000000  0.000189 
147.000000  148.000000  0.000190 
148.000000  149.000000  0.000191 
149.000000  150.000000  0.000193 
150.000000  151.000000  0.000194 
151.000000  152.000000  0.000195 
152.000000  153.000000  0.000196 
153.000000  154.000000  0.000197 
154.000000  155.000000  0.000198 
155.000000  156.000000  0.000199 
156.000000  157.000000  0.000200 
157.000000  158.000000  0.000201 
158.000000  159.000000  0.000202 
159.000000  160.000000  0.000204 
160.000000  161.000000  0.000205 
161.000000  162.000000  0.000206 
162.000000  163.000000  0.000207 
163.000000  164.000000  0.000208 
164.000000  165.000000  0.000209 
165.000000  166.000000  0.000210 
166.000000  167.000000  0.000210 
167.000000  168.000000  0.000211 
168.000000  169.000000  0.000212 
169.000000  170.000000  0.000213 
170.000000  171.000000  0.000214 
171.000000  172.000000  0.000215 
172.000000  173.000000  0.000216 
173.000000  174.000000  0.000217 
174.000000  175.000000  0.000218 
175.000000  176.000000  0.000219 
176.000000  177.000000  0.000220 
177.000000  178.000000  0.000220 
178.000000  179.000000  0.000221 
179.000000  180.000000  0.000222 
180.000000  181.000000  0.000223 
181.000000  182.000000  0.000224 
182.000000  183.000000  0.000224 
183.000000  184.000000  0.000225 
184.000000  185.000000  0.000226 
185.000000  186.000000  0.000227 
186.000000  187.000000  0.000227 
187.000000  188.000000  0.000228 
188.000000  189.000000  0.000229 
189.000000  190.000000  0.000230 
190.000000  191.000000  0.000230 
191.000000  192.000000  0.000231 
192.000000  193.000000  0.000232 
193.000000  194.000000  0.000232 
194.000000  195.000000  0.000233 
195.000000  196.000000  0.000234 
196.000000  197.000000  0.000234 
197.000000  198.000000  0.000235 
198.000000  199.000000  0.000236 
199.000000  200.000000  0.000236 
200.000000  201.000000  0.000237 
201.000000  202.000000  0.000237 
202.000000  203.000000  0.000238 
203.000000  204.000000  0.000239 
204.000000  205.000000  0.000239 
205.000000  206.000000  0.000240 
206.000000  207.000000  0.000240 
207.000000  208.000000  0.000241 
208.000000  209.000000  0.000241 
209.000000  210.000000  0.000242 
210.000000  211.000000  0.000242 
211.000000  212.000000  0.000243 
212.000000  213.000000  0.000243 
213.000000  214.000000  0.000244 
214.000000  215.000000  0.000244 
215.000000  216.000000  0.000245 
216.000000  217.000000  0.000245 
217.000000  218.000000  0.000246 
218.000000  219.000000  0.000246 
219.000000  220.000000  0.000247 
220.000000  221.000000  0.000247 
221.000000  222.000000  0.000248 
222.000000  223.000000  0.000248 
223.000000  224.000000  0.000248 
224.000000  225.000000  0.000249 
225.000000  226.000000  0.000249 
226.000000  227.000000  0.000250 
227.000000  228.000000  0.000250 
228.000000  229.000000  0.000250 
229.000000  230.000000  0.000251 
230.000000  231.000000  0.000251 
231.000000  232.000000  0.000252 
232.000000  233.000000  0.000252 
233.000000  234.000000  0.000252 
234.000000  235.000000  0.000253 
235.000000  236.000000  0.000253 
236.000000  237.000000  0.000253 
237.000000  238.000000  0.000254 
238.000000  239.000000  0.000254 
239.000000  240.000000  0.000254 
240.000000  241.000000  0.000255 
241.000000  242.000000  0.000255 
242.000000  243.000000  0.000255 
243.000000  244.000000  0.000256 
244.000000  245.000000  0.000256 
245.000000  246.000000  0.000256 
246.000000  247.000000  0.000256 
247.000000  248.000000  0.000257 
248.000000  249.000000  0.000257 
249.000000  250.000000  0.000257 
250.000000  251.000000  0.000258 
251.000000  252.000000  0.000258 
252.000000  253.000000  0.000258 
253.000000  254.000000  0.000258 
254.000000  255.000000  0.000259 
255.000000  256.000000  0.000259 
256.000000  257.000000  0.000259 
257.000000  258.000000  0.000259 
258.000000  259.000000  0.000260 
259.000000  260.000000  0.000260 
260.000000  261.000000  0.000260 
261.000000  262.000000  0.000260 
262.000000  263.000000  0.000260 
263.000000  264.000000  0.000261 
264.000000  265.000000  0.000261 
265.000000  266.000000  0.000261 
266.000000  267.000000  0.000261 
267.000000  268.000000  0.000262 
268.000000  269.000000  0.000262 
269.000000  270.000000  0.000262 
270.000000  271.000000  0.000262 
271.000000  272.000000  0.000262 
272.000000  273.000000  0.000263 
273.000000  274.000000  0.000263 
274.000000  275.000000  0.000263 
275.000000  276.000000  0.000263 
276.000000  277.000000  0.000263 
277.000000  278.000000  0.000263 
278.000000  279.000000  0.000264 
279.000000  280.000000  0.000264 
280.000000  281.000000  0.000264 
281.000000  282.000000  0.000264 
282.000000  283.000000  0.000264 
283.000000  284.000000  0.000264 
284.000000  285.000000  0.000265 
285.000000  286.000000  0.000265 
286.000000  287.000000  0.000265 
287.000000  288.000000  0.000265 
288.000000  289.000000  0.000265 
289.000000  290.000000  0.000265 
290.000000  291.000000  0.000265 
291.000000  292.000000  0.000266 
292.000000  293.000000  0.000266 
293.000000  294.000000  0.000266 
294.000000  295.000000  0.000266 
295.000000  296.000000  0.000266 
296.000000  297.000000  0.000266 
297.000000  298.000000  0.000266 
298.000000  299.000000  0.000267 
299.000000  300.000000  0.000267 
300.000000  301.000000  0.000267 
301.000000  302.000000  0.000267 
302.000000  303.000000  0.000267 
303.000000  304.000000  0.000267 
304.000000  305.000000  0.000267 
305.000000  306.000000  0.000267 
306.000000  307.000000  0.000267 
307.000000  308.000000  0.000268 
308.000000  309.000000  0.000268 
309.000000  310.000000  0.000268 
310.000000  311.000000  0.000268 
311.000000  312.000000  0.000268 
312.000000  313.000000  0.000268 
313.000000  314.000000  0.000268 
314.000000  315.000000  0.000268 
315.000000  316.000000  0.000268 
316.000000  317.000000  0.000269 
317.000000  318.000000  0.000269 
318.000000  319.000000  0.000269 
319.000000  320.000000  0.000269 
320.000000  321.000000  0.000269 
321.000000  322.000000  0.000269 
322.000000  323.000000  0.000269 
323.000000  324.000000  0.000269 
324.000000  325.000000  0.000269 
325.000000  326.000000  0.000269 
326.000000  327.000000  0.000269 
327.000000  328.000000  0.000269 
328.000000  329.000000  0.000270 
329.000000  330.000000  0.000270 
330.000000  331.000000  0.000270 
331.000000  332.000000  0.000270 
332.000000  333.000000  0.000270 
333.000000  334.000000  0.000270 
334.000000  335.000000  0.000270 
335.000000  336.000000  0.000270 
336.000000  337.000000  0.000270 
337.000000  338.000000  0.000270 
338.000000  339.000000  0.000270 
339.000000  340.000000  0.000270 
340.000000  341.000000  0.000270 
341.000000  342.000000  0.000271 
342.000000  343.000000  0.000271 
343.000000  344.000000  0.000271 
344.000000  345.000000  0.000271 
345.000000  346.000000  0.000271 
346.000000  347.000000  0.000271 
347.000000  348.000000  0.000271 
348.000000  349.000000  0.000271 
349.000000  350.000000  0.000271 
350.000000  351.000000  0.000271 
351.000000  352.000000  0.000271 
352.000000  353.000000  0.000271 
353.000000  354.000000  0.000271 
354.000000  355.000000  0.000271 
355.000000  356.000000  0.000271 
356.000000  357.000000  0.000271 
357.000000  358.000000  0.000271 
358.000000  359.000000  0.000272 
359.000000  360.000000  0.000272 
360.000000  361.000000  0.000272 
361.000000  362.000000  0.000272 
362.000000  363.000000  0.000272 
363.000000  364.000000  0.000272 
364.000000  365.000000  0.000272 
365.000000  366.000000  0.000272 
366.000000  367.000000  0.000272 
367.000000  368.000000  0.000272 
368.000000  369.000000  0.000272 
369.000000  370.000000  0.000272 
370.000000  371.000000  0.000272 
371.000000  372.000000  0.000272 
372.000000  373.000000  0.000272 
373.000000  374.000000  0.000272 
374.000000  375.000000  0.000272 
375.000000  376.000000  0.000272 
376.000000  377.000000  0.000272 
377.000000  378.000000  0.000272 
378.000000  379.000000  0.000272 
379.000000  380.000000  0.000273 
380.000000  381.000000  0.000273 
381.000000  382.000000  0.000273 
382.000000  383.000000  0.000273 
383.000000  384.000000  0.000273 
384.000000  385.000000  0.000273 
385.000000  386.000000  0.000273 
386.000000  387.000000  0.000273 
387.000000  388.000000  0.000273 
388.000000  389.000000  0.000273 
389.000000  390.000000  0.000273 
390.000000  391.000000  0.000273 
391.000000  392.000000  0.000273 
392.000000  393.000000  0.000273 
393.000000  394.000000  0.000273 
394.000000  395.000000  0.000273 
395.000000  396.000000  0.000273 
396.000000  397.000000  0.000273 
397.000000  398.000000  0.000273 
398.000000  399.000000  0.000273 
399.000000  400.000000  0.000273 
400.000000  401.000000  0.000273 
401.000000  402.000000  0.000273 
402.000000  403.000000  0.000273 
403.000000  404.000000  0.000273 
404.000000  405.000000  0.000273 
405.000000  406.000000  0.000273 
406.000000  407.000000  0.000273 
407.000000  408.000000  0.000273 
408.000000  409.000000  0.000274 
409.000000  410.000000  0.000274 
410.000000  411.000000  0.000274 
411.000000  412.000000  0.000274 
412.000000  413.000000  0.000274 
413.000000  414.000000  0.000274 
414.000000  415.000000  0.000274 
415.000000  416.000000  0.000274 
416.000000  417.000000  0.000274 
417.000000  418.000000  0.000274 
418.000000  419.000000  0.000274 
419.000000  420.000000  0.000274 
420.000000  421.000000  0.000274 
421.000000  422.000000  0.000274 
422.000000  423.000000  0.000274 
423.000000  424.000000  0.000274 
424.000000  425.000000  0.000274 
425.000000  426.000000  0.000274 
426.000000  427.000000  0.000274 
427.000000  428.000000  0.000274 
428.000000  429.000000  0.000274 
429.000000  430.000000  0.000274 
430.000000  431.000000  0.000274 
431.000000  432.000000  0.000274 
432.000000  433.000000  0.000274 
433.000000  434.000000  0.000274 
434.000000  435.000000  0.000274 
435.000000  436.000000  0.000274 
436.000000  437.000000  0.000274 
437.000000  438.000000  0.000274 
438.000000  439.000000  0.000274 
439.000000  440.000000  0.000274 
440.000000  441.000000  0.000274 
441.000000  442.000000  0.000274 
442.000000  443.000000  0.000274 
443.000000  444.000000  0.000274 
444.000000  445.000000  0.000274 
445.000000  446.000000  0.000274 
446.000000  447.000000  0.000274 
447.000000  448.000000  0.000274 
448.000000  449.000000  0.000274 
449.000000  450.000000  0.000274 
450.000000  451.000000  0.000274 
451.000000  452.000000  0.000274 
452.000000  453.000000  0.000274 
453.000000  454.000000  0.000275 
454.000000  455.000000  0.000275 
455.000000  456.000000  0.000275 
456.000000  457.000000  0.000275 
457.000000  458.000000  0.000275 
458.000000  459.000000  0.000275 
459.000000  460.000000  0.000275 
460.000000  461.000000  0.000275 
461.000000  462.000000  0.000275 
462.000000  463.000000  0.000275 
463.000000  464.000000  0.000275 
464.000000  465.000000  0.000275 
465.000000  466.000000  0.000275 
466.000000  467.000000  0.000275 
467.000000  468.000000  0.000275 
468.000000  469.000000  0.000275 
469.000000  470.000000  0.000275 
470.000000  471.000000  0.000275 
471.000000  472.000000  0.000275 
472.000000  473.000000  0.000275 
473.000000  474.000000  0.000275 
474.000000  475.000000  0.000275 
475.000000  476.000000  0.000275 
476.000000  477.000000  0.000275 
477.000000  478.000000  0.000275 
478.000000  479.000000  0.000275 
479.000000  480.000000  0.000275 
480.000000  481.000000  0.000275 
481.000000  482.000000  0.000275 
482.000000  483.000000  0.000275 
483.000000  484.000000  0.000275 
484.000000  485.000000  0.000275 
485.000000  486.000000  0.000275 
486.000000  487.000000  0.000275 
487.000000  488.000000  0.000275 
488.000000  489.000000  0.000275 
489.000000  490.000000  0.000275 
490.000000  491.000000  0.000275 
491.000000  492.000000  0.000275 
492.000000  493.000000  0.000275 
493.000000  494.000000  0.000275 
494.000000  495.000000  0.000275 
495.000000  496.000000  0.000275 
496.000000  497.000000  0.000275 
497.000000  498.000000  0.000275 
498.000000  499.000000  0.000275 
499.000000  500.000000  0.000275 
500.000000  501.000000  0.000275 
501.000000  502.000000  0.000275 
502.000000  503.000000  0.000275 
503.000000  504.000000  0.000275 
504.000000  505.000000  0.000275 
505.000000  506.000000  0.000275 
506.000000  507.000000  0.000275 
507.000000  508.000000  0.000275 
508.000000  509.000000  0.000275 
509.000000  510.000000  0.000275 
510.000000  511.000000  0.000275 
511.000000  512.000000  0.000275 
512.000000  513.000000  0.000275 
513.000000  514.000000  0.000275 
514.000000  515.000000  0.000275 
515.000000  516.000000  0.000275 
516.000000  517.000000  0.000275 
517.000000  518.000000  0.000275 
518.000000  519.000000  0.000275 
519.000000  520.000000  0.000275 
520.000000  521.000000  0.000275 
521.000000  522.000000  0.000275 
522.000000  523.000000  0.000275 
523.000000  524.000000  0.000275 
524.000000  525.000000  0.000275 
525.000000  526.000000  0.000275 
526.000000  527.000000  0.000275 
527.000000  528.000000  0.000275 
528.000000  529.000000  0.000275 
529.000000  530.000000  0.000275 
530.000000  531.000000  0.000275 
531.000000  532.000000  0.000275 
532.000000  533.000000  0.000275 
533.000000  534.000000  0.000275 
534.000000  535.000000  0.000275 
535.000000  536.000000  0.000275 
536.000000  537.000000  0.000275 
537.000000  538.000000  0.000275 
538.000000  539.000000  0.000275 
539.000000  540.000000  0.000275 
540.000000  541.000000  0.000275 
541.000000  542.000000  0.000275 
542.000000  543.000000  0.000275 
543.000000  544.000000  0.000276 
544.000000  545.000000  0.000276 
545.000000  546.000000  0.000276 
546.000000  547.000000  0.000276 
547.000000  548.000000  0.000276 
548.000000  549.000000  0.000276 
549.000000  550.000000  0.000276 
550.000000  551.000000  0.000276 
551.000000  552.000000  0.000276 
552.000000  553.000000  0.000276 
553.000000  554.000000  0.000276 
554.000000  555.000000  0.000276 
555.000000  556.000000  0.000276 
556.000000  557.000000  0.000276 
557.000000  558.000000  0.000276 
558.000000  559.000000  0.000276 
559.000000  560.000000  0.000276 
560.000000  561.000000  0.000276 
561.000000  562.000000  0.000276 
562.000000  563.000000  0.000276 
563.000000  564.000000  0.000276 
564.000000  565.000000  0.000276 
565.000000  566.000000  0.000276 
566.000000  567.000000  0.000276 
567.000000  568.000000  0.000276 
568.000000  569.000000  0.000276 
569.000000  570.000000  0.000276 
570.000000  571.000000  0.000276 
571.000000  572.000000  0.000276 
572.000000  573.000000  0.000276 
573.000000  574.000000  0.000276 
574.000000  575.000000  0.000276 
575.000000  576.000000  0.000276 
576.000000  577.000000  0.000276 
577.000000  578.000000  0.000276 
578.000000  579.000000  0.000276 
579.000000  580.000000  0.000276 
580.000000  581.000000  0.000276 
581.000000  582.000000  0.000276 
582.000000  583.000000  0.000276 
583.000000  584.000000  0.000276 
584.000000  585.000000  0.000276 
585.000000  586.000000  0.000276 
586.000000  587.000000  0.000276 
587.000000  588.000000  0.000276 
588.000000  589.000000  0.000276 
589.000000  590.000000  0.000276 
590.000000  591.000000  0.000276 
591.000000  592.000000  0.000276 
592.000000  593.000000  0.000276 
593.000000  594.000000  0.000276 
594.000000  595.000000  0.000276 
595.000000  596.000000  0.000276 
596.000000  597.000000  0.000276 
597.000000  598.000000  0.000276 
598.000000  599.000000  0.000276 
599.000000  600.000000  0.000276 
600.000000  601.000000  0.000276 
601.000000  602.000000  0.000276 
602.000000  603.000000  0.000276 
603.000000  604.000000  0.000276 
604.000000  605.000000  0.000276 
605.000000  606.000000  0.000276 
606.000000  607.000000  0.000276 
607.000000  608.000000  0.000276 
608.000000  609.000000  0.000276 
609.000000  610.000000  0.000276 
610.000000  611.000000  0.000276 
611.000000  612.000000  0.000276 
612.000000  613.000000  0.000276 
613.000000  614.000000  0.000276 
614.000000  615.000000  0.000276 
615.000000  616.000000  0.000276 
616.000000  617.000000  0.000276 
617.000000  618.000000  0.000276 
618.000000  619.000000  0.000276 
619.000000  620.000000  0.000276 
620.000000  621.000000  0.000276 
621.000000  622.000000  0.000276 
622.000000  623.000000  0.000276 
623.000000  624.000000  0.000276 
624.000000  625.000000  0.000276 
625.000000  626.000000  0.000276 
626.000000  627.000000  0.000276 
627.000000  628.000000  0.000276 
628.000000  629.000000  0.000276 
629.000000  630.000000  0.000276 
630.000000  631.000000  0.000276 
631.000000  632.000000  0.000276 
632.000000  633.000000  0.000276 
633.000000  634.000000  0.000276 
634.000000  635.000000  0.000276 
635.000000  636.000000  0.000276 
636.000000  637.000000  0.000276 
637.000000  638.000000  0.000276 
638.000000  639.000000  0.000276 
639.000000  640.000000  0.000276 
640.000000  641.000000  0.000276 
641.000000  642.000000  0.000276 
642.000000  643.000000  0.000276 
643.000000  644.000000  0.000276 
644.000000  645.000000  0.000276 
645.000000  646.000000  0.000276 
646.000000  647.000000  0.000276 
647.000000  648.000000  0.000276 
648.000000  649.000000  0.000276 
649.000000  650.000000  0.000276 
650.000000  651.000000  0.000276 
651.000000  652.000000  0.000276 
652.000000  653.000000  0.000276 
653.000000  654.000000  0.000276 
654.000000  655.000000  0.000276 
655.000000  656.000000  0.000276 
656.000000  657.000000  0.000276 
657.000000  658.000000  0.000276 
658.000000  659.000000  0.000276 
659.000000  660.000000  0.000276 
660.000000  661.000000  0.000276 
661.000000  662.000000  0.000276 
662.000000  663.000000  0.000276 
663.000000  664.000000  0.000276 
664.000000  665.000000  0.000276 
665.000000  666.000000  0.000276 
666.000000  667.000000  0.000276 
667.000000  668.000000  0.000276 
668.000000  669.000000  0.000276 
669.000000  670.000000  0.000276 
670.000000  671.000000  0.000276 
671.000000  672.000000  0.000276 
672.000000  673.000000  0.000276 
673.000000  674.000000  0.000276 
674.000000  675.000000  0.000276 
675.000000  676.000000  0.000276 
676.000000  677.000000  0.000276 
677.000000  678.000000  0.000276 
678.000000  679.000000  0.000276 
679.000000  680.000000  0.000276 
680.000000  681.000000  0.000276 
681.000000  682.000000  0.000276 
682.000000  683.000000  0.000276 
683.000000  684.000000  0.000276 
684.000000  685.000000  0.000276 
685.000000  686.000000  0.000276 
686.000000  687.000000  0.000276 
687.000000  688.000000  0.000276 
688.000000  689.000000  0.000276 
689.000000  690.000000  0.000276 
690.000000  691.000000  0.000276 
691.000000  692.000000  0.000276 
692.000000  693.000000  0.000276 
693.000000  694.000000  0.000276 
694.000000  695.000000  0.000276 
695.000000  696.000000  0.000276 
696.000000  697.000000  0.000276 
697.000000  698.000000  0.000276 
698.000000  699.000000  0.000276 
699.000000  700.000000  0.000276 
700.000000  701.000000  0.000276 
701.000000  702.000000  0.000276 
702.000000  703.000000  0.000276 
703.000000  704.000000  0.000276 
704.000000  705.000000  0.000276 
705.000000  706.000000  0.000276 
706.000000  707.000000  0.000276 
707.000000  708.000000  0.000276 
708.000000  709.000000  0.000276 
709.000000  710.000000  0.000276 
710.000000  711.000000  0.000276 
711.000000  712.000000  0.000276 
712.000000  713.000000  0.000276 
713.000000  714.000000  0.000276 
714.000000  715.000000  0.000276 
715.000000  716.000000  0.000276 
716.000000  717.000000  0.000276 
717.000000  718.000000  0.000276 
718.000000  719.000000  0.000276 
719.000000  720.000000  0.000276 
720.000000  721.000000  0.000276 
721.000000  722.000000  0.000276 
722.000000  723.000000  0.000276 
723.000000  724.000000  0.000276 
724.000000  725.000000  0.000276 
725.000000  726.000000  0.000276 
726.000000  727.000000  0.000276 
727.000000  728.000000  0.000276 
728.000000  729.000000  0.000276 
729.000000  730.000000  0.000276 
730.000000  731.000000  0.000276 
731.000000  732.000000  0.000276 
732.000000  733.000000  0.000276 
733.000000  734.000000  0.000276 
734.000000  735.000000  0.000276 
735.000000  736.000000  0.000276 
736.000000  737.000000  0.000276 
737.000000  738.000000  0.000276 
738.000000  739.000000  0.000276 
739.000000  740.000000  0.000276 
740.000000  741.000000  0.000276 
741.000000  742.000000  0.000276 
742.000000  743.000000  0.000276 
743.000000  744.000000  0.000276 
744.000000  745.000000  0.000276 
745.000000  746.000000  0.000276 
746.000000  747.000000  0.000276 
747.000000  748.000000  0.000276 
748.000000  749.000000  0.000276 
749.000000  750.000000  0.000276 
750.000000  751.000000  0.000276 
751.000000  752.000000  0.000276 
752.000000  753.000000  0.000276 
753.000000  754.000000  0.000276 
754.000000  755.000000  0.000276 
755.000000  756.000000  0.000276 
756.000000  757.000000  0.000276 
757.000000  758.000000  0.000276 
758.000000  759.000000  0.000276 
759.000000  760.000000  0.000276 
760.000000  761.000000  0.000276 
761.000000  762.000000  0.000276 
762.000000  763.000000  0.000276 
763.000000  764.000000  0.000276 
764.000000  765.000000  0.000276 
765.000000  766.000000  0.000276 
766.000000  767.000000  0.000276 
767.000000  768.000000  0.000276 
768.000000  769.000000  0.000276 
769.000000  770.000000  0.000276 
770.000000  771.000000  0.000276 
771.000000  772.000000  0.000276 
772.000000  773.000000  0.000276 
773.000000  774.000000  0.000276 
774.000000  775.000000  0.000276 
775.000000  776.000000  0.000276 
776.000000  777.000000  0.000276 
777.000000  778.000000  0.000276 
778.000000  779.000000  0.000276 
779.000000  780.000000  0.000276 
780.000000  781.000000  0.000276 
781.000000  782.000000  0.000276 
782.000000  783.000000  0.000276 
783.000000  784.000000  0.000276 
784.000000  785.000000  0.000276 
785.000000  786.000000  0.000276 
786.000000  787.000000  0.000276 
787.000000  788.000000  0.000276 
788.000000  789.000000  0.000276 
789.000000  790.000000  0.000276 
790.000000  791.000000  0.000276 
791.000000  792.000000  0.000276 
792.000000  793.000000  0.000276 
793.000000  794.000000  0.000276 
794.000000  795.000000  0.000276 
795.000000  796.000000  0.000276 
796.000000  797.000000  0.000276 
797.000000  798.000000  0.000276 
798.000000  799.000000  0.000276 
799.000000  800.000000  0.000276 
