17.000000  18.000000  0.000000 
18.000000  19.000000  0.000000 
19.000000  20.000000  0.000000 
20.000000  21.000000  0.000000 
21.000000  22.000000  0.000000 
22.000000  23.000000  0.000000 
23.000000  24.000000  0.000000 
24.000000  25.000000  0.000000 
25.000000  26.000000  0.000000 
26.000000  27.000000  0.000000 
27.000000  28.000000  0.000000 
28.000000  29.000000  0.000001 
29.000000  30.000000  0.000001 
30.000000  31.000000  0.000001 
31.000000  32.000000  0.000002 
32.000000  33.000000  0.000003 
33.000000  34.000000  0.000005 
34.000000  35.000000  0.000007 
35.000000  36.000000  0.000010 
36.000000  37.000000  0.000013 
37.000000  38.000000  0.000018 
38.000000  39.000000  0.000023 
39.000000  40.000000  0.000030 
40.000000  41.000000  0.000038 
41.000000  42.000000  0.000048 
42.000000  43.000000  0.000060 
43.000000  44.000000  0.000073 
44.000000  45.000000  0.000088 
45.000000  46.000000  0.000105 
46.000000  47.000000  0.000124 
47.000000  48.000000  0.000145 
48.000000  49.000000  0.000168 
49.000000  50.000000  0.000194 
50.000000  51.000000  0.000221 
51.000000  52.000000  0.000249 
52.000000  53.000000  0.000280 
53.000000  54.000000  0.000312 
54.000000  55.000000  0.000346 
55.000000  56.000000  0.000381 
56.000000  57.000000  0.000417 
57.000000  58.000000  0.000454 
58.000000  59.000000  0.000492 
59.000000  60.000000  0.000530 
60.000000  61.000000  0.000569 
61.000000  62.000000  0.000608 
62.000000  63.000000  0.000647 
63.000000  64.000000  0.000686 
64.000000  65.000000  0.000724 
65.000000  66.000000  0.000762 
66.000000  67.000000  0.000799 
67.000000  68.000000  0.000835 
68.000000  69.000000  0.000870 
69.000000  70.000000  0.000904 
70.000000  71.000000  0.000936 
71.000000  72.000000  0.000968 
72.000000  73.000000  0.000998 
73.000000  74.000000  0.001026 
74.000000  75.000000  0.001053 
75.000000  76.000000  0.001078 
76.000000  77.000000  0.001102 
77.000000  78.000000  0.001124 
78.000000  79.000000  0.001144 
79.000000  80.000000  0.001162 
80.000000  81.000000  0.001179 
81.000000  82.000000  0.001195 
82.000000  83.000000  0.001208 
83.000000  84.000000  0.001220 
84.000000  85.000000  0.001230 
85.000000  86.000000  0.001245 
86.000000  87.000000  0.001252 
87.000000  88.000000  0.001257 
88.000000  89.000000  0.001261 
89.000000  90.000000  0.001264 
90.000000  91.000000  0.001266 
91.000000  92.000000  0.001266 
92.000000  93.000000  0.001265 
93.000000  94.000000  0.001263 
94.000000  95.000000  0.001260 
95.000000  96.000000  0.001256 
96.000000  97.000000  0.001251 
97.000000  98.000000  0.001245 
98.000000  99.000000  0.001239 
99.000000  100.000000  0.001231 
100.000000  101.000000  0.001223 
101.000000  102.000000  0.001215 
102.000000  103.000000  0.001206 
103.000000  104.000000  0.001196 
104.000000  105.000000  0.001186 
105.000000  106.000000  0.001175 
106.000000  107.000000  0.001164 
107.000000  108.000000  0.001153 
108.000000  109.000000  0.001141 
109.000000  110.000000  0.001130 
110.000000  111.000000  0.001118 
111.000000  112.000000  0.001106 
112.000000  113.000000  0.001093 
113.000000  114.000000  0.001081 
114.000000  115.000000  0.001069 
115.000000  116.000000  0.001056 
116.000000  117.000000  0.001044 
117.000000  118.000000  0.001032 
118.000000  119.000000  0.001019 
119.000000  120.000000  0.001007 
120.000000  121.000000  0.000995 
121.000000  122.000000  0.000983 
122.000000  123.000000  0.000971 
123.000000  124.000000  0.000959 
124.000000  125.000000  0.000948 
125.000000  126.000000  0.000936 
126.000000  127.000000  0.000925 
127.000000  128.000000  0.000914 
128.000000  129.000000  0.000903 
129.000000  130.000000  0.000892 
130.000000  131.000000  0.000882 
131.000000  132.000000  0.000872 
132.000000  133.000000  0.000862 
133.000000  134.000000  0.000852 
134.000000  135.000000  0.000842 
135.000000  136.000000  0.000833 
136.000000  137.000000  0.000824 
137.000000  138.000000  0.000815 
138.000000  139.000000  0.000806 
139.000000  140.000000  0.000798 
140.000000  141.000000  0.000790 
141.000000  142.000000  0.000782 
142.000000  143.000000  0.000774 
143.000000  144.000000  0.000767 
144.000000  145.000000  0.000759 
145.000000  146.000000  0.000752 
146.000000  147.000000  0.000745 
147.000000  148.000000  0.000739 
148.000000  149.000000  0.000732 
149.000000  150.000000  0.000726 
150.000000  151.000000  0.000720 
151.000000  152.000000  0.000714 
152.000000  153.000000  0.000709 
153.000000  154.000000  0.000703 
154.000000  155.000000  0.000698 
155.000000  156.000000  0.000693 
156.000000  157.000000  0.000688 
157.000000  158.000000  0.000683 
158.000000  159.000000  0.000679 
159.000000  160.000000  0.000674 
160.000000  161.000000  0.000670 
161.000000  162.000000  0.000666 
162.000000  163.000000  0.000662 
163.000000  164.000000  0.000658 
164.000000  165.000000  0.000655 
165.000000  166.000000  0.000651 
166.000000  167.000000  0.000648 
167.000000  168.000000  0.000645 
168.000000  169.000000  0.000641 
169.000000  170.000000  0.000638 
170.000000  171.000000  0.000636 
171.000000  172.000000  0.000633 
172.000000  173.000000  0.000630 
173.000000  174.000000  0.000628 
174.000000  175.000000  0.000625 
175.000000  176.000000  0.000623 
176.000000  177.000000  0.000620 
177.000000  178.000000  0.000618 
178.000000  179.000000  0.000616 
179.000000  180.000000  0.000614 
180.000000  181.000000  0.000612 
181.000000  182.000000  0.000610 
182.000000  183.000000  0.000608 
183.000000  184.000000  0.000607 
184.000000  185.000000  0.000605 
185.000000  186.000000  0.000603 
186.000000  187.000000  0.000602 
187.000000  188.000000  0.000600 
188.000000  189.000000  0.000599 
189.000000  190.000000  0.000598 
190.000000  191.000000  0.000596 
191.000000  192.000000  0.000595 
192.000000  193.000000  0.000594 
193.000000  194.000000  0.000593 
194.000000  195.000000  0.000591 
195.000000  196.000000  0.000590 
196.000000  197.000000  0.000589 
197.000000  198.000000  0.000588 
198.000000  199.000000  0.000587 
199.000000  200.000000  0.000586 
200.000000  201.000000  0.000585 
201.000000  202.000000  0.000585 
202.000000  203.000000  0.000584 
203.000000  204.000000  0.000583 
204.000000  205.000000  0.000582 
205.000000  206.000000  0.000581 
206.000000  207.000000  0.000580 
207.000000  208.000000  0.000580 
208.000000  209.000000  0.000579 
209.000000  210.000000  0.000578 
210.000000  211.000000  0.000578 
211.000000  212.000000  0.000577 
212.000000  213.000000  0.000576 
213.000000  214.000000  0.000576 
214.000000  215.000000  0.000575 
215.000000  216.000000  0.000575 
216.000000  217.000000  0.000574 
217.000000  218.000000  0.000573 
218.000000  219.000000  0.000573 
219.000000  220.000000  0.000572 
220.000000  221.000000  0.000572 
221.000000  222.000000  0.000571 
222.000000  223.000000  0.000571 
223.000000  224.000000  0.000570 
224.000000  225.000000  0.000570 
225.000000  226.000000  0.000569 
226.000000  227.000000  0.000569 
227.000000  228.000000  0.000568 
228.000000  229.000000  0.000568 
229.000000  230.000000  0.000567 
230.000000  231.000000  0.000567 
231.000000  232.000000  0.000566 
232.000000  233.000000  0.000566 
233.000000  234.000000  0.000565 
234.000000  235.000000  0.000565 
235.000000  236.000000  0.000564 
236.000000  237.000000  0.000564 
237.000000  238.000000  0.000563 
238.000000  239.000000  0.000563 
239.000000  240.000000  0.000563 
240.000000  241.000000  0.000562 
241.000000  242.000000  0.000562 
242.000000  243.000000  0.000561 
243.000000  244.000000  0.000561 
244.000000  245.000000  0.000560 
245.000000  246.000000  0.000560 
246.000000  247.000000  0.000560 
247.000000  248.000000  0.000559 
248.000000  249.000000  0.000559 
249.000000  250.000000  0.000558 
250.000000  251.000000  0.000558 
251.000000  252.000000  0.000557 
252.000000  253.000000  0.000557 
253.000000  254.000000  0.000557 
254.000000  255.000000  0.000556 
255.000000  256.000000  0.000556 
256.000000  257.000000  0.000555 
257.000000  258.000000  0.000555 
258.000000  259.000000  0.000554 
259.000000  260.000000  0.000554 
260.000000  261.000000  0.000554 
261.000000  262.000000  0.000553 
262.000000  263.000000  0.000553 
263.000000  264.000000  0.000552 
264.000000  265.000000  0.000552 
265.000000  266.000000  0.000552 
266.000000  267.000000  0.000551 
267.000000  268.000000  0.000551 
268.000000  269.000000  0.000550 
269.000000  270.000000  0.000550 
270.000000  271.000000  0.000549 
271.000000  272.000000  0.000549 
272.000000  273.000000  0.000549 
273.000000  274.000000  0.000548 
274.000000  275.000000  0.000548 
275.000000  276.000000  0.000547 
276.000000  277.000000  0.000547 
277.000000  278.000000  0.000547 
278.000000  279.000000  0.000546 
279.000000  280.000000  0.000546 
280.000000  281.000000  0.000545 
281.000000  282.000000  0.000545 
282.000000  283.000000  0.000545 
283.000000  284.000000  0.000544 
284.000000  285.000000  0.000544 
285.000000  286.000000  0.000543 
286.000000  287.000000  0.000543 
287.000000  288.000000  0.000543 
288.000000  289.000000  0.000542 
289.000000  290.000000  0.000542 
290.000000  291.000000  0.000541 
291.000000  292.000000  0.000541 
292.000000  293.000000  0.000541 
293.000000  294.000000  0.000540 
294.000000  295.000000  0.000540 
295.000000  296.000000  0.000539 
296.000000  297.000000  0.000539 
297.000000  298.000000  0.000539 
298.000000  299.000000  0.000538 
299.000000  300.000000  0.000538 
300.000000  301.000000  0.000537 
301.000000  302.000000  0.000537 
302.000000  303.000000  0.000537 
303.000000  304.000000  0.000536 
304.000000  305.000000  0.000536 
305.000000  306.000000  0.000536 
306.000000  307.000000  0.000535 
307.000000  308.000000  0.000535 
308.000000  309.000000  0.000534 
309.000000  310.000000  0.000534 
310.000000  311.000000  0.000534 
311.000000  312.000000  0.000533 
312.000000  313.000000  0.000533 
313.000000  314.000000  0.000533 
314.000000  315.000000  0.000532 
315.000000  316.000000  0.000532 
316.000000  317.000000  0.000532 
317.000000  318.000000  0.000531 
318.000000  319.000000  0.000531 
319.000000  320.000000  0.000531 
320.000000  321.000000  0.000530 
321.000000  322.000000  0.000530 
322.000000  323.000000  0.000530 
323.000000  324.000000  0.000529 
324.000000  325.000000  0.000529 
325.000000  326.000000  0.000529 
326.000000  327.000000  0.000528 
327.000000  328.000000  0.000528 
328.000000  329.000000  0.000528 
329.000000  330.000000  0.000527 
330.000000  331.000000  0.000527 
331.000000  332.000000  0.000527 
332.000000  333.000000  0.000526 
333.000000  334.000000  0.000526 
334.000000  335.000000  0.000526 
335.000000  336.000000  0.000525 
336.000000  337.000000  0.000525 
337.000000  338.000000  0.000525 
338.000000  339.000000  0.000524 
339.000000  340.000000  0.000524 
340.000000  341.000000  0.000524 
341.000000  342.000000  0.000524 
342.000000  343.000000  0.000523 
343.000000  344.000000  0.000523 
344.000000  345.000000  0.000523 
345.000000  346.000000  0.000522 
346.000000  347.000000  0.000522 
347.000000  348.000000  0.000522 
348.000000  349.000000  0.000522 
349.000000  350.000000  0.000521 
350.000000  351.000000  0.000521 
351.000000  352.000000  0.000521 
352.000000  353.000000  0.000521 
353.000000  354.000000  0.000520 
354.000000  355.000000  0.000520 
355.000000  356.000000  0.000520 
356.000000  357.000000  0.000519 
357.000000  358.000000  0.000519 
358.000000  359.000000  0.000519 
359.000000  360.000000  0.000519 
360.000000  361.000000  0.000518 
361.000000  362.000000  0.000518 
362.000000  363.000000  0.000518 
363.000000  364.000000  0.000518 
364.000000  365.000000  0.000517 
365.000000  366.000000  0.000517 
366.000000  367.000000  0.000517 
367.000000  368.000000  0.000517 
368.000000  369.000000  0.000517 
369.000000  370.000000  0.000516 
370.000000  371.000000  0.000516 
371.000000  372.000000  0.000516 
372.000000  373.000000  0.000516 
373.000000  374.000000  0.000515 
374.000000  375.000000  0.000515 
375.000000  376.000000  0.000515 
376.000000  377.000000  0.000515 
377.000000  378.000000  0.000515 
378.000000  379.000000  0.000514 
379.000000  380.000000  0.000514 
380.000000  381.000000  0.000514 
381.000000  382.000000  0.000514 
382.000000  383.000000  0.000513 
383.000000  384.000000  0.000513 
384.000000  385.000000  0.000513 
385.000000  386.000000  0.000513 
386.000000  387.000000  0.000513 
387.000000  388.000000  0.000512 
388.000000  389.000000  0.000512 
389.000000  390.000000  0.000512 
390.000000  391.000000  0.000512 
391.000000  392.000000  0.000512 
392.000000  393.000000  0.000512 
393.000000  394.000000  0.000511 
394.000000  395.000000  0.000511 
395.000000  396.000000  0.000511 
396.000000  397.000000  0.000511 
397.000000  398.000000  0.000511 
398.000000  399.000000  0.000510 
399.000000  400.000000  0.000510 
400.000000  401.000000  0.000510 
401.000000  402.000000  0.000510 
402.000000  403.000000  0.000510 
403.000000  404.000000  0.000510 
404.000000  405.000000  0.000509 
405.000000  406.000000  0.000509 
406.000000  407.000000  0.000509 
407.000000  408.000000  0.000509 
408.000000  409.000000  0.000509 
409.000000  410.000000  0.000509 
410.000000  411.000000  0.000508 
411.000000  412.000000  0.000508 
412.000000  413.000000  0.000508 
413.000000  414.000000  0.000508 
414.000000  415.000000  0.000508 
415.000000  416.000000  0.000508 
416.000000  417.000000  0.000508 
417.000000  418.000000  0.000507 
418.000000  419.000000  0.000507 
419.000000  420.000000  0.000507 
420.000000  421.000000  0.000507 
421.000000  422.000000  0.000507 
422.000000  423.000000  0.000507 
423.000000  424.000000  0.000507 
424.000000  425.000000  0.000506 
425.000000  426.000000  0.000506 
426.000000  427.000000  0.000506 
427.000000  428.000000  0.000506 
428.000000  429.000000  0.000506 
429.000000  430.000000  0.000506 
430.000000  431.000000  0.000506 
431.000000  432.000000  0.000506 
432.000000  433.000000  0.000505 
433.000000  434.000000  0.000505 
434.000000  435.000000  0.000505 
435.000000  436.000000  0.000505 
436.000000  437.000000  0.000505 
437.000000  438.000000  0.000505 
438.000000  439.000000  0.000505 
439.000000  440.000000  0.000505 
440.000000  441.000000  0.000504 
441.000000  442.000000  0.000504 
442.000000  443.000000  0.000504 
443.000000  444.000000  0.000504 
444.000000  445.000000  0.000504 
445.000000  446.000000  0.000504 
446.000000  447.000000  0.000504 
447.000000  448.000000  0.000504 
448.000000  449.000000  0.000504 
449.000000  450.000000  0.000503 
450.000000  451.000000  0.000503 
451.000000  452.000000  0.000503 
452.000000  453.000000  0.000503 
453.000000  454.000000  0.000503 
454.000000  455.000000  0.000503 
455.000000  456.000000  0.000503 
456.000000  457.000000  0.000503 
457.000000  458.000000  0.000503 
458.000000  459.000000  0.000503 
459.000000  460.000000  0.000503 
460.000000  461.000000  0.000502 
461.000000  462.000000  0.000502 
462.000000  463.000000  0.000502 
463.000000  464.000000  0.000502 
464.000000  465.000000  0.000502 
465.000000  466.000000  0.000502 
466.000000  467.000000  0.000502 
467.000000  468.000000  0.000502 
468.000000  469.000000  0.000502 
469.000000  470.000000  0.000502 
470.000000  471.000000  0.000502 
471.000000  472.000000  0.000501 
472.000000  473.000000  0.000501 
473.000000  474.000000  0.000501 
474.000000  475.000000  0.000501 
475.000000  476.000000  0.000501 
476.000000  477.000000  0.000501 
477.000000  478.000000  0.000501 
478.000000  479.000000  0.000501 
479.000000  480.000000  0.000501 
480.000000  481.000000  0.000501 
481.000000  482.000000  0.000501 
482.000000  483.000000  0.000501 
483.000000  484.000000  0.000501 
484.000000  485.000000  0.000500 
485.000000  486.000000  0.000500 
486.000000  487.000000  0.000500 
487.000000  488.000000  0.000500 
488.000000  489.000000  0.000500 
489.000000  490.000000  0.000500 
490.000000  491.000000  0.000500 
491.000000  492.000000  0.000500 
492.000000  493.000000  0.000500 
493.000000  494.000000  0.000500 
494.000000  495.000000  0.000500 
495.000000  496.000000  0.000500 
496.000000  497.000000  0.000500 
497.000000  498.000000  0.000500 
498.000000  499.000000  0.000500 
499.000000  500.000000  0.000499 
500.000000  501.000000  0.000499 
501.000000  502.000000  0.000499 
502.000000  503.000000  0.000499 
503.000000  504.000000  0.000499 
504.000000  505.000000  0.000499 
505.000000  506.000000  0.000499 
506.000000  507.000000  0.000499 
507.000000  508.000000  0.000499 
508.000000  509.000000  0.000499 
509.000000  510.000000  0.000499 
510.000000  511.000000  0.000499 
511.000000  512.000000  0.000499 
512.000000  513.000000  0.000499 
513.000000  514.000000  0.000499 
514.000000  515.000000  0.000499 
515.000000  516.000000  0.000499 
516.000000  517.000000  0.000499 
517.000000  518.000000  0.000498 
518.000000  519.000000  0.000498 
519.000000  520.000000  0.000498 
520.000000  521.000000  0.000498 
521.000000  522.000000  0.000498 
522.000000  523.000000  0.000498 
523.000000  524.000000  0.000498 
524.000000  525.000000  0.000498 
525.000000  526.000000  0.000498 
526.000000  527.000000  0.000498 
527.000000  528.000000  0.000498 
528.000000  529.000000  0.000498 
529.000000  530.000000  0.000498 
530.000000  531.000000  0.000498 
531.000000  532.000000  0.000498 
532.000000  533.000000  0.000498 
533.000000  534.000000  0.000498 
534.000000  535.000000  0.000498 
535.000000  536.000000  0.000498 
536.000000  537.000000  0.000498 
537.000000  538.000000  0.000498 
538.000000  539.000000  0.000498 
539.000000  540.000000  0.000497 
540.000000  541.000000  0.000497 
541.000000  542.000000  0.000497 
542.000000  543.000000  0.000497 
543.000000  544.000000  0.000497 
544.000000  545.000000  0.000497 
545.000000  546.000000  0.000497 
546.000000  547.000000  0.000497 
547.000000  548.000000  0.000497 
548.000000  549.000000  0.000497 
549.000000  550.000000  0.000497 
550.000000  551.000000  0.000497 
551.000000  552.000000  0.000497 
552.000000  553.000000  0.000497 
553.000000  554.000000  0.000497 
554.000000  555.000000  0.000497 
555.000000  556.000000  0.000497 
556.000000  557.000000  0.000497 
557.000000  558.000000  0.000497 
558.000000  559.000000  0.000497 
559.000000  560.000000  0.000497 
560.000000  561.000000  0.000497 
561.000000  562.000000  0.000497 
562.000000  563.000000  0.000497 
563.000000  564.000000  0.000497 
564.000000  565.000000  0.000497 
565.000000  566.000000  0.000497 
566.000000  567.000000  0.000497 
567.000000  568.000000  0.000497 
568.000000  569.000000  0.000496 
569.000000  570.000000  0.000496 
570.000000  571.000000  0.000496 
571.000000  572.000000  0.000496 
572.000000  573.000000  0.000496 
573.000000  574.000000  0.000496 
574.000000  575.000000  0.000496 
575.000000  576.000000  0.000496 
576.000000  577.000000  0.000496 
577.000000  578.000000  0.000496 
578.000000  579.000000  0.000496 
579.000000  580.000000  0.000496 
580.000000  581.000000  0.000496 
581.000000  582.000000  0.000496 
582.000000  583.000000  0.000496 
583.000000  584.000000  0.000496 
584.000000  585.000000  0.000496 
585.000000  586.000000  0.000496 
586.000000  587.000000  0.000496 
587.000000  588.000000  0.000496 
588.000000  589.000000  0.000496 
589.000000  590.000000  0.000496 
590.000000  591.000000  0.000496 
591.000000  592.000000  0.000496 
592.000000  593.000000  0.000496 
593.000000  594.000000  0.000496 
594.000000  595.000000  0.000496 
595.000000  596.000000  0.000496 
596.000000  597.000000  0.000496 
597.000000  598.000000  0.000496 
598.000000  599.000000  0.000496 
599.000000  600.000000  0.000496 
600.000000  601.000000  0.000496 
601.000000  602.000000  0.000496 
602.000000  603.000000  0.000496 
603.000000  604.000000  0.000496 
604.000000  605.000000  0.000496 
605.000000  606.000000  0.000496 
606.000000  607.000000  0.000496 
607.000000  608.000000  0.000496 
608.000000  609.000000  0.000496 
609.000000  610.000000  0.000496 
610.000000  611.000000  0.000495 
611.000000  612.000000  0.000495 
612.000000  613.000000  0.000495 
613.000000  614.000000  0.000495 
614.000000  615.000000  0.000495 
615.000000  616.000000  0.000495 
616.000000  617.000000  0.000495 
617.000000  618.000000  0.000495 
618.000000  619.000000  0.000495 
619.000000  620.000000  0.000495 
620.000000  621.000000  0.000495 
621.000000  622.000000  0.000495 
622.000000  623.000000  0.000495 
623.000000  624.000000  0.000495 
624.000000  625.000000  0.000495 
625.000000  626.000000  0.000495 
626.000000  627.000000  0.000495 
627.000000  628.000000  0.000495 
628.000000  629.000000  0.000495 
629.000000  630.000000  0.000495 
630.000000  631.000000  0.000495 
631.000000  632.000000  0.000495 
632.000000  633.000000  0.000495 
633.000000  634.000000  0.000495 
634.000000  635.000000  0.000495 
635.000000  636.000000  0.000495 
636.000000  637.000000  0.000495 
637.000000  638.000000  0.000495 
638.000000  639.000000  0.000495 
639.000000  640.000000  0.000495 
640.000000  641.000000  0.000495 
641.000000  642.000000  0.000495 
642.000000  643.000000  0.000495 
643.000000  644.000000  0.000495 
644.000000  645.000000  0.000495 
645.000000  646.000000  0.000495 
646.000000  647.000000  0.000495 
647.000000  648.000000  0.000495 
648.000000  649.000000  0.000495 
649.000000  650.000000  0.000495 
650.000000  651.000000  0.000495 
651.000000  652.000000  0.000495 
652.000000  653.000000  0.000495 
653.000000  654.000000  0.000495 
654.000000  655.000000  0.000495 
655.000000  656.000000  0.000495 
656.000000  657.000000  0.000495 
657.000000  658.000000  0.000495 
658.000000  659.000000  0.000495 
659.000000  660.000000  0.000495 
660.000000  661.000000  0.000495 
661.000000  662.000000  0.000495 
662.000000  663.000000  0.000495 
663.000000  664.000000  0.000495 
664.000000  665.000000  0.000495 
665.000000  666.000000  0.000495 
666.000000  667.000000  0.000495 
667.000000  668.000000  0.000495 
668.000000  669.000000  0.000495 
669.000000  670.000000  0.000495 
670.000000  671.000000  0.000495 
671.000000  672.000000  0.000495 
672.000000  673.000000  0.000495 
673.000000  674.000000  0.000495 
674.000000  675.000000  0.000495 
675.000000  676.000000  0.000495 
676.000000  677.000000  0.000495 
677.000000  678.000000  0.000495 
678.000000  679.000000  0.000495 
679.000000  680.000000  0.000495 
680.000000  681.000000  0.000495 
681.000000  682.000000  0.000495 
682.000000  683.000000  0.000495 
683.000000  684.000000  0.000495 
684.000000  685.000000  0.000495 
685.000000  686.000000  0.000494 
686.000000  687.000000  0.000494 
687.000000  688.000000  0.000494 
688.000000  689.000000  0.000494 
689.000000  690.000000  0.000494 
690.000000  691.000000  0.000494 
691.000000  692.000000  0.000494 
692.000000  693.000000  0.000494 
693.000000  694.000000  0.000494 
694.000000  695.000000  0.000494 
695.000000  696.000000  0.000494 
696.000000  697.000000  0.000494 
697.000000  698.000000  0.000494 
698.000000  699.000000  0.000494 
699.000000  700.000000  0.000494 
700.000000  701.000000  0.000494 
701.000000  702.000000  0.000494 
702.000000  703.000000  0.000494 
703.000000  704.000000  0.000494 
704.000000  705.000000  0.000494 
705.000000  706.000000  0.000494 
706.000000  707.000000  0.000494 
707.000000  708.000000  0.000494 
708.000000  709.000000  0.000494 
709.000000  710.000000  0.000494 
710.000000  711.000000  0.000494 
711.000000  712.000000  0.000494 
712.000000  713.000000  0.000494 
713.000000  714.000000  0.000494 
714.000000  715.000000  0.000494 
715.000000  716.000000  0.000494 
716.000000  717.000000  0.000494 
717.000000  718.000000  0.000494 
718.000000  719.000000  0.000494 
719.000000  720.000000  0.000494 
720.000000  721.000000  0.000494 
721.000000  722.000000  0.000494 
722.000000  723.000000  0.000494 
723.000000  724.000000  0.000494 
724.000000  725.000000  0.000494 
725.000000  726.000000  0.000494 
726.000000  727.000000  0.000494 
727.000000  728.000000  0.000494 
728.000000  729.000000  0.000494 
729.000000  730.000000  0.000494 
730.000000  731.000000  0.000494 
731.000000  732.000000  0.000494 
732.000000  733.000000  0.000494 
733.000000  734.000000  0.000494 
734.000000  735.000000  0.000494 
735.000000  736.000000  0.000494 
736.000000  737.000000  0.000494 
737.000000  738.000000  0.000494 
738.000000  739.000000  0.000494 
739.000000  740.000000  0.000494 
740.000000  741.000000  0.000494 
741.000000  742.000000  0.000494 
742.000000  743.000000  0.000494 
743.000000  744.000000  0.000494 
744.000000  745.000000  0.000494 
745.000000  746.000000  0.000494 
746.000000  747.000000  0.000494 
747.000000  748.000000  0.000494 
748.000000  749.000000  0.000494 
749.000000  750.000000  0.000494 
750.000000  751.000000  0.000494 
751.000000  752.000000  0.000494 
752.000000  753.000000  0.000494 
753.000000  754.000000  0.000494 
754.000000  755.000000  0.000494 
755.000000  756.000000  0.000494 
756.000000  757.000000  0.000494 
757.000000  758.000000  0.000494 
758.000000  759.000000  0.000494 
759.000000  760.000000  0.000494 
760.000000  761.000000  0.000494 
761.000000  762.000000  0.000494 
762.000000  763.000000  0.000494 
763.000000  764.000000  0.000494 
764.000000  765.000000  0.000494 
765.000000  766.000000  0.000494 
766.000000  767.000000  0.000494 
767.000000  768.000000  0.000494 
768.000000  769.000000  0.000494 
769.000000  770.000000  0.000494 
770.000000  771.000000  0.000494 
771.000000  772.000000  0.000494 
772.000000  773.000000  0.000494 
773.000000  774.000000  0.000494 
774.000000  775.000000  0.000494 
775.000000  776.000000  0.000494 
776.000000  777.000000  0.000494 
777.000000  778.000000  0.000494 
778.000000  779.000000  0.000494 
779.000000  780.000000  0.000494 
780.000000  781.000000  0.000494 
781.000000  782.000000  0.000494 
782.000000  783.000000  0.000494 
783.000000  784.000000  0.000494 
784.000000  785.000000  0.000494 
785.000000  786.000000  0.000494 
786.000000  787.000000  0.000494 
787.000000  788.000000  0.000494 
788.000000  789.000000  0.000494 
789.000000  790.000000  0.000494 
790.000000  791.000000  0.000494 
791.000000  792.000000  0.000494 
792.000000  793.000000  0.000494 
793.000000  794.000000  0.000494 
794.000000  795.000000  0.000494 
795.000000  796.000000  0.000494 
796.000000  797.000000  0.000494 
797.000000  798.000000  0.000494 
798.000000  799.000000  0.000494 
799.000000  800.000000  0.000494 
