17.000000  18.000000  0.008024 
18.000000  19.000000  0.008024 
19.000000  20.000000  0.008024 
20.000000  21.000000  0.008024 
21.000000  22.000000  0.008024 
22.000000  23.000000  0.008024 
23.000000  24.000000  0.008024 
24.000000  25.000000  0.008024 
25.000000  26.000000  0.008024 
26.000000  27.000000  0.008024 
27.000000  28.000000  0.008024 
28.000000  29.000000  0.008024 
29.000000  30.000000  0.008023 
30.000000  31.000000  0.008023 
31.000000  32.000000  0.008022 
32.000000  33.000000  0.008021 
33.000000  34.000000  0.008019 
34.000000  35.000000  0.008017 
35.000000  36.000000  0.008014 
36.000000  37.000000  0.008011 
37.000000  38.000000  0.008006 
38.000000  39.000000  0.008000 
39.000000  40.000000  0.007992 
40.000000  41.000000  0.007983 
41.000000  42.000000  0.007972 
42.000000  43.000000  0.007959 
43.000000  44.000000  0.007943 
44.000000  45.000000  0.007926 
45.000000  46.000000  0.007905 
46.000000  47.000000  0.007882 
47.000000  48.000000  0.007856 
48.000000  49.000000  0.007827 
49.000000  50.000000  0.007796 
50.000000  51.000000  0.007761 
51.000000  52.000000  0.007723 
52.000000  53.000000  0.007682 
53.000000  54.000000  0.007638 
54.000000  55.000000  0.007591 
55.000000  56.000000  0.007541 
56.000000  57.000000  0.007488 
57.000000  58.000000  0.007432 
58.000000  59.000000  0.007375 
59.000000  60.000000  0.007314 
60.000000  61.000000  0.007252 
61.000000  62.000000  0.007187 
62.000000  63.000000  0.007120 
63.000000  64.000000  0.007052 
64.000000  65.000000  0.006982 
65.000000  66.000000  0.006911 
66.000000  67.000000  0.006838 
67.000000  68.000000  0.006765 
68.000000  69.000000  0.006691 
69.000000  70.000000  0.006615 
70.000000  71.000000  0.006540 
71.000000  72.000000  0.006464 
72.000000  73.000000  0.006387 
73.000000  74.000000  0.006311 
74.000000  75.000000  0.006235 
75.000000  76.000000  0.006158 
76.000000  77.000000  0.006082 
77.000000  78.000000  0.006007 
78.000000  79.000000  0.005931 
79.000000  80.000000  0.005857 
80.000000  81.000000  0.005783 
81.000000  82.000000  0.005709 
82.000000  83.000000  0.005637 
83.000000  84.000000  0.005565 
84.000000  85.000000  0.005494 
85.000000  86.000000  0.005418 
86.000000  87.000000  0.005349 
87.000000  88.000000  0.005281 
88.000000  89.000000  0.005214 
89.000000  90.000000  0.005148 
90.000000  91.000000  0.005083 
91.000000  92.000000  0.005019 
92.000000  93.000000  0.004956 
93.000000  94.000000  0.004894 
94.000000  95.000000  0.004833 
95.000000  96.000000  0.004773 
96.000000  97.000000  0.004714 
97.000000  98.000000  0.004656 
98.000000  99.000000  0.004599 
99.000000  100.000000  0.004543 
100.000000  101.000000  0.004489 
101.000000  102.000000  0.004435 
102.000000  103.000000  0.004382 
103.000000  104.000000  0.004330 
104.000000  105.000000  0.004278 
105.000000  106.000000  0.004228 
106.000000  107.000000  0.004178 
107.000000  108.000000  0.004130 
108.000000  109.000000  0.004082 
109.000000  110.000000  0.004035 
110.000000  111.000000  0.003989 
111.000000  112.000000  0.003943 
112.000000  113.000000  0.003898 
113.000000  114.000000  0.003854 
114.000000  115.000000  0.003810 
115.000000  116.000000  0.003767 
116.000000  117.000000  0.003725 
117.000000  118.000000  0.003683 
118.000000  119.000000  0.003642 
119.000000  120.000000  0.003601 
120.000000  121.000000  0.003561 
121.000000  122.000000  0.003522 
122.000000  123.000000  0.003482 
123.000000  124.000000  0.003444 
124.000000  125.000000  0.003406 
125.000000  126.000000  0.003368 
126.000000  127.000000  0.003330 
127.000000  128.000000  0.003293 
128.000000  129.000000  0.003257 
129.000000  130.000000  0.003221 
130.000000  131.000000  0.003185 
131.000000  132.000000  0.003149 
132.000000  133.000000  0.003114 
133.000000  134.000000  0.003079 
134.000000  135.000000  0.003045 
135.000000  136.000000  0.003011 
136.000000  137.000000  0.002977 
137.000000  138.000000  0.002943 
138.000000  139.000000  0.002910 
139.000000  140.000000  0.002877 
140.000000  141.000000  0.002844 
141.000000  142.000000  0.002812 
142.000000  143.000000  0.002779 
143.000000  144.000000  0.002747 
144.000000  145.000000  0.002716 
145.000000  146.000000  0.002684 
146.000000  147.000000  0.002653 
147.000000  148.000000  0.002622 
148.000000  149.000000  0.002591 
149.000000  150.000000  0.002561 
150.000000  151.000000  0.002530 
151.000000  152.000000  0.002500 
152.000000  153.000000  0.002471 
153.000000  154.000000  0.002441 
154.000000  155.000000  0.002412 
155.000000  156.000000  0.002383 
156.000000  157.000000  0.002354 
157.000000  158.000000  0.002325 
158.000000  159.000000  0.002297 
159.000000  160.000000  0.002269 
160.000000  161.000000  0.002241 
161.000000  162.000000  0.002213 
162.000000  163.000000  0.002186 
163.000000  164.000000  0.002159 
164.000000  165.000000  0.002132 
165.000000  166.000000  0.002105 
166.000000  167.000000  0.002078 
167.000000  168.000000  0.002052 
168.000000  169.000000  0.002026 
169.000000  170.000000  0.002000 
170.000000  171.000000  0.001975 
171.000000  172.000000  0.001950 
172.000000  173.000000  0.001925 
173.000000  174.000000  0.001900 
174.000000  175.000000  0.001875 
175.000000  176.000000  0.001851 
176.000000  177.000000  0.001827 
177.000000  178.000000  0.001803 
178.000000  179.000000  0.001780 
179.000000  180.000000  0.001756 
180.000000  181.000000  0.001733 
181.000000  182.000000  0.001711 
182.000000  183.000000  0.001688 
183.000000  184.000000  0.001666 
184.000000  185.000000  0.001644 
185.000000  186.000000  0.001622 
186.000000  187.000000  0.001600 
187.000000  188.000000  0.001579 
188.000000  189.000000  0.001558 
189.000000  190.000000  0.001537 
190.000000  191.000000  0.001517 
191.000000  192.000000  0.001496 
192.000000  193.000000  0.001476 
193.000000  194.000000  0.001456 
194.000000  195.000000  0.001437 
195.000000  196.000000  0.001417 
196.000000  197.000000  0.001398 
197.000000  198.000000  0.001379 
198.000000  199.000000  0.001361 
199.000000  200.000000  0.001342 
200.000000  201.000000  0.001324 
201.000000  202.000000  0.001306 
202.000000  203.000000  0.001288 
203.000000  204.000000  0.001271 
204.000000  205.000000  0.001253 
205.000000  206.000000  0.001236 
206.000000  207.000000  0.001220 
207.000000  208.000000  0.001203 
208.000000  209.000000  0.001187 
209.000000  210.000000  0.001170 
210.000000  211.000000  0.001154 
211.000000  212.000000  0.001139 
212.000000  213.000000  0.001123 
213.000000  214.000000  0.001108 
214.000000  215.000000  0.001093 
215.000000  216.000000  0.001078 
216.000000  217.000000  0.001063 
217.000000  218.000000  0.001049 
218.000000  219.000000  0.001034 
219.000000  220.000000  0.001020 
220.000000  221.000000  0.001006 
221.000000  222.000000  0.000993 
222.000000  223.000000  0.000979 
223.000000  224.000000  0.000966 
224.000000  225.000000  0.000953 
225.000000  226.000000  0.000940 
226.000000  227.000000  0.000927 
227.000000  228.000000  0.000915 
228.000000  229.000000  0.000902 
229.000000  230.000000  0.000890 
230.000000  231.000000  0.000878 
231.000000  232.000000  0.000866 
232.000000  233.000000  0.000854 
233.000000  234.000000  0.000843 
234.000000  235.000000  0.000832 
235.000000  236.000000  0.000820 
236.000000  237.000000  0.000809 
237.000000  238.000000  0.000798 
238.000000  239.000000  0.000788 
239.000000  240.000000  0.000777 
240.000000  241.000000  0.000767 
241.000000  242.000000  0.000757 
242.000000  243.000000  0.000746 
243.000000  244.000000  0.000737 
244.000000  245.000000  0.000727 
245.000000  246.000000  0.000717 
246.000000  247.000000  0.000708 
247.000000  248.000000  0.000698 
248.000000  249.000000  0.000689 
249.000000  250.000000  0.000680 
250.000000  251.000000  0.000671 
251.000000  252.000000  0.000662 
252.000000  253.000000  0.000653 
253.000000  254.000000  0.000645 
254.000000  255.000000  0.000636 
255.000000  256.000000  0.000628 
256.000000  257.000000  0.000620 
257.000000  258.000000  0.000612 
258.000000  259.000000  0.000604 
259.000000  260.000000  0.000596 
260.000000  261.000000  0.000588 
261.000000  262.000000  0.000581 
262.000000  263.000000  0.000573 
263.000000  264.000000  0.000566 
264.000000  265.000000  0.000559 
265.000000  266.000000  0.000552 
266.000000  267.000000  0.000544 
267.000000  268.000000  0.000538 
268.000000  269.000000  0.000531 
269.000000  270.000000  0.000524 
270.000000  271.000000  0.000517 
271.000000  272.000000  0.000511 
272.000000  273.000000  0.000504 
273.000000  274.000000  0.000498 
274.000000  275.000000  0.000492 
275.000000  276.000000  0.000486 
276.000000  277.000000  0.000479 
277.000000  278.000000  0.000474 
278.000000  279.000000  0.000468 
279.000000  280.000000  0.000462 
280.000000  281.000000  0.000456 
281.000000  282.000000  0.000450 
282.000000  283.000000  0.000445 
283.000000  284.000000  0.000439 
284.000000  285.000000  0.000434 
285.000000  286.000000  0.000429 
286.000000  287.000000  0.000423 
287.000000  288.000000  0.000418 
288.000000  289.000000  0.000413 
289.000000  290.000000  0.000408 
290.000000  291.000000  0.000403 
291.000000  292.000000  0.000398 
292.000000  293.000000  0.000394 
293.000000  294.000000  0.000389 
294.000000  295.000000  0.000384 
295.000000  296.000000  0.000380 
296.000000  297.000000  0.000375 
297.000000  298.000000  0.000371 
298.000000  299.000000  0.000366 
299.000000  300.000000  0.000362 
300.000000  301.000000  0.000358 
301.000000  302.000000  0.000354 
302.000000  303.000000  0.000349 
303.000000  304.000000  0.000345 
304.000000  305.000000  0.000341 
305.000000  306.000000  0.000337 
306.000000  307.000000  0.000333 
307.000000  308.000000  0.000330 
308.000000  309.000000  0.000326 
309.000000  310.000000  0.000322 
310.000000  311.000000  0.000318 
311.000000  312.000000  0.000315 
312.000000  313.000000  0.000311 
313.000000  314.000000  0.000308 
314.000000  315.000000  0.000304 
315.000000  316.000000  0.000301 
316.000000  317.000000  0.000297 
317.000000  318.000000  0.000294 
318.000000  319.000000  0.000291 
319.000000  320.000000  0.000287 
320.000000  321.000000  0.000284 
321.000000  322.000000  0.000281 
322.000000  323.000000  0.000278 
323.000000  324.000000  0.000275 
324.000000  325.000000  0.000272 
325.000000  326.000000  0.000269 
326.000000  327.000000  0.000266 
327.000000  328.000000  0.000263 
328.000000  329.000000  0.000260 
329.000000  330.000000  0.000257 
330.000000  331.000000  0.000254 
331.000000  332.000000  0.000252 
332.000000  333.000000  0.000249 
333.000000  334.000000  0.000246 
334.000000  335.000000  0.000244 
335.000000  336.000000  0.000241 
336.000000  337.000000  0.000239 
337.000000  338.000000  0.000236 
338.000000  339.000000  0.000234 
339.000000  340.000000  0.000231 
340.000000  341.000000  0.000229 
341.000000  342.000000  0.000226 
342.000000  343.000000  0.000224 
343.000000  344.000000  0.000222 
344.000000  345.000000  0.000219 
345.000000  346.000000  0.000217 
346.000000  347.000000  0.000215 
347.000000  348.000000  0.000212 
348.000000  349.000000  0.000210 
349.000000  350.000000  0.000208 
350.000000  351.000000  0.000206 
351.000000  352.000000  0.000204 
352.000000  353.000000  0.000202 
353.000000  354.000000  0.000200 
354.000000  355.000000  0.000198 
355.000000  356.000000  0.000196 
356.000000  357.000000  0.000194 
357.000000  358.000000  0.000192 
358.000000  359.000000  0.000190 
359.000000  360.000000  0.000188 
360.000000  361.000000  0.000186 
361.000000  362.000000  0.000184 
362.000000  363.000000  0.000183 
363.000000  364.000000  0.000181 
364.000000  365.000000  0.000179 
365.000000  366.000000  0.000177 
366.000000  367.000000  0.000176 
367.000000  368.000000  0.000174 
368.000000  369.000000  0.000172 
369.000000  370.000000  0.000170 
370.000000  371.000000  0.000169 
371.000000  372.000000  0.000167 
372.000000  373.000000  0.000166 
373.000000  374.000000  0.000164 
374.000000  375.000000  0.000162 
375.000000  376.000000  0.000161 
376.000000  377.000000  0.000159 
377.000000  378.000000  0.000158 
378.000000  379.000000  0.000156 
379.000000  380.000000  0.000155 
380.000000  381.000000  0.000154 
381.000000  382.000000  0.000152 
382.000000  383.000000  0.000151 
383.000000  384.000000  0.000149 
384.000000  385.000000  0.000148 
385.000000  386.000000  0.000147 
386.000000  387.000000  0.000145 
387.000000  388.000000  0.000144 
388.000000  389.000000  0.000143 
389.000000  390.000000  0.000141 
390.000000  391.000000  0.000140 
391.000000  392.000000  0.000139 
392.000000  393.000000  0.000137 
393.000000  394.000000  0.000136 
394.000000  395.000000  0.000135 
395.000000  396.000000  0.000134 
396.000000  397.000000  0.000133 
397.000000  398.000000  0.000131 
398.000000  399.000000  0.000130 
399.000000  400.000000  0.000129 
400.000000  401.000000  0.000128 
401.000000  402.000000  0.000127 
402.000000  403.000000  0.000126 
403.000000  404.000000  0.000125 
404.000000  405.000000  0.000124 
405.000000  406.000000  0.000123 
406.000000  407.000000  0.000122 
407.000000  408.000000  0.000120 
408.000000  409.000000  0.000119 
409.000000  410.000000  0.000118 
410.000000  411.000000  0.000117 
411.000000  412.000000  0.000116 
412.000000  413.000000  0.000115 
413.000000  414.000000  0.000114 
414.000000  415.000000  0.000113 
415.000000  416.000000  0.000113 
416.000000  417.000000  0.000112 
417.000000  418.000000  0.000111 
418.000000  419.000000  0.000110 
419.000000  420.000000  0.000109 
420.000000  421.000000  0.000108 
421.000000  422.000000  0.000107 
422.000000  423.000000  0.000106 
423.000000  424.000000  0.000105 
424.000000  425.000000  0.000104 
425.000000  426.000000  0.000104 
426.000000  427.000000  0.000103 
427.000000  428.000000  0.000102 
428.000000  429.000000  0.000101 
429.000000  430.000000  0.000100 
430.000000  431.000000  0.000100 
431.000000  432.000000  0.000099 
432.000000  433.000000  0.000098 
433.000000  434.000000  0.000097 
434.000000  435.000000  0.000096 
435.000000  436.000000  0.000096 
436.000000  437.000000  0.000095 
437.000000  438.000000  0.000094 
438.000000  439.000000  0.000093 
439.000000  440.000000  0.000093 
440.000000  441.000000  0.000092 
441.000000  442.000000  0.000091 
442.000000  443.000000  0.000091 
443.000000  444.000000  0.000090 
444.000000  445.000000  0.000089 
445.000000  446.000000  0.000089 
446.000000  447.000000  0.000088 
447.000000  448.000000  0.000087 
448.000000  449.000000  0.000087 
449.000000  450.000000  0.000086 
450.000000  451.000000  0.000085 
451.000000  452.000000  0.000085 
452.000000  453.000000  0.000084 
453.000000  454.000000  0.000083 
454.000000  455.000000  0.000083 
455.000000  456.000000  0.000082 
456.000000  457.000000  0.000082 
457.000000  458.000000  0.000081 
458.000000  459.000000  0.000080 
459.000000  460.000000  0.000080 
460.000000  461.000000  0.000079 
461.000000  462.000000  0.000079 
462.000000  463.000000  0.000078 
463.000000  464.000000  0.000078 
464.000000  465.000000  0.000077 
465.000000  466.000000  0.000077 
466.000000  467.000000  0.000076 
467.000000  468.000000  0.000076 
468.000000  469.000000  0.000075 
469.000000  470.000000  0.000074 
470.000000  471.000000  0.000074 
471.000000  472.000000  0.000073 
472.000000  473.000000  0.000073 
473.000000  474.000000  0.000072 
474.000000  475.000000  0.000072 
475.000000  476.000000  0.000071 
476.000000  477.000000  0.000071 
477.000000  478.000000  0.000071 
478.000000  479.000000  0.000070 
479.000000  480.000000  0.000070 
480.000000  481.000000  0.000069 
481.000000  482.000000  0.000069 
482.000000  483.000000  0.000068 
483.000000  484.000000  0.000068 
484.000000  485.000000  0.000067 
485.000000  486.000000  0.000067 
486.000000  487.000000  0.000066 
487.000000  488.000000  0.000066 
488.000000  489.000000  0.000066 
489.000000  490.000000  0.000065 
490.000000  491.000000  0.000065 
491.000000  492.000000  0.000064 
492.000000  493.000000  0.000064 
493.000000  494.000000  0.000064 
494.000000  495.000000  0.000063 
495.000000  496.000000  0.000063 
496.000000  497.000000  0.000062 
497.000000  498.000000  0.000062 
498.000000  499.000000  0.000062 
499.000000  500.000000  0.000061 
500.000000  501.000000  0.000061 
501.000000  502.000000  0.000061 
502.000000  503.000000  0.000060 
503.000000  504.000000  0.000060 
504.000000  505.000000  0.000059 
505.000000  506.000000  0.000059 
506.000000  507.000000  0.000059 
507.000000  508.000000  0.000058 
508.000000  509.000000  0.000058 
509.000000  510.000000  0.000058 
510.000000  511.000000  0.000057 
511.000000  512.000000  0.000057 
512.000000  513.000000  0.000057 
513.000000  514.000000  0.000056 
514.000000  515.000000  0.000056 
515.000000  516.000000  0.000056 
516.000000  517.000000  0.000056 
517.000000  518.000000  0.000055 
518.000000  519.000000  0.000055 
519.000000  520.000000  0.000055 
520.000000  521.000000  0.000054 
521.000000  522.000000  0.000054 
522.000000  523.000000  0.000054 
523.000000  524.000000  0.000053 
524.000000  525.000000  0.000053 
525.000000  526.000000  0.000053 
526.000000  527.000000  0.000053 
527.000000  528.000000  0.000052 
528.000000  529.000000  0.000052 
529.000000  530.000000  0.000052 
530.000000  531.000000  0.000051 
531.000000  532.000000  0.000051 
532.000000  533.000000  0.000051 
533.000000  534.000000  0.000051 
534.000000  535.000000  0.000050 
535.000000  536.000000  0.000050 
536.000000  537.000000  0.000050 
537.000000  538.000000  0.000050 
538.000000  539.000000  0.000049 
539.000000  540.000000  0.000049 
540.000000  541.000000  0.000049 
541.000000  542.000000  0.000049 
542.000000  543.000000  0.000048 
543.000000  544.000000  0.000048 
544.000000  545.000000  0.000048 
545.000000  546.000000  0.000048 
546.000000  547.000000  0.000048 
547.000000  548.000000  0.000047 
548.000000  549.000000  0.000047 
549.000000  550.000000  0.000047 
550.000000  551.000000  0.000047 
551.000000  552.000000  0.000046 
552.000000  553.000000  0.000046 
553.000000  554.000000  0.000046 
554.000000  555.000000  0.000046 
555.000000  556.000000  0.000046 
556.000000  557.000000  0.000045 
557.000000  558.000000  0.000045 
558.000000  559.000000  0.000045 
559.000000  560.000000  0.000045 
560.000000  561.000000  0.000045 
561.000000  562.000000  0.000044 
562.000000  563.000000  0.000044 
563.000000  564.000000  0.000044 
564.000000  565.000000  0.000044 
565.000000  566.000000  0.000044 
566.000000  567.000000  0.000044 
567.000000  568.000000  0.000043 
568.000000  569.000000  0.000043 
569.000000  570.000000  0.000043 
570.000000  571.000000  0.000043 
571.000000  572.000000  0.000043 
572.000000  573.000000  0.000042 
573.000000  574.000000  0.000042 
574.000000  575.000000  0.000042 
575.000000  576.000000  0.000042 
576.000000  577.000000  0.000042 
577.000000  578.000000  0.000042 
578.000000  579.000000  0.000041 
579.000000  580.000000  0.000041 
580.000000  581.000000  0.000041 
581.000000  582.000000  0.000041 
582.000000  583.000000  0.000041 
583.000000  584.000000  0.000041 
584.000000  585.000000  0.000041 
585.000000  586.000000  0.000040 
586.000000  587.000000  0.000040 
587.000000  588.000000  0.000040 
588.000000  589.000000  0.000040 
589.000000  590.000000  0.000040 
590.000000  591.000000  0.000040 
591.000000  592.000000  0.000040 
592.000000  593.000000  0.000039 
593.000000  594.000000  0.000039 
594.000000  595.000000  0.000039 
595.000000  596.000000  0.000039 
596.000000  597.000000  0.000039 
597.000000  598.000000  0.000039 
598.000000  599.000000  0.000039 
599.000000  600.000000  0.000038 
600.000000  601.000000  0.000038 
601.000000  602.000000  0.000038 
602.000000  603.000000  0.000038 
603.000000  604.000000  0.000038 
604.000000  605.000000  0.000038 
605.000000  606.000000  0.000038 
606.000000  607.000000  0.000038 
607.000000  608.000000  0.000038 
608.000000  609.000000  0.000037 
609.000000  610.000000  0.000037 
610.000000  611.000000  0.000037 
611.000000  612.000000  0.000037 
612.000000  613.000000  0.000037 
613.000000  614.000000  0.000037 
614.000000  615.000000  0.000037 
615.000000  616.000000  0.000037 
616.000000  617.000000  0.000037 
617.000000  618.000000  0.000036 
618.000000  619.000000  0.000036 
619.000000  620.000000  0.000036 
620.000000  621.000000  0.000036 
621.000000  622.000000  0.000036 
622.000000  623.000000  0.000036 
623.000000  624.000000  0.000036 
624.000000  625.000000  0.000036 
625.000000  626.000000  0.000036 
626.000000  627.000000  0.000036 
627.000000  628.000000  0.000035 
628.000000  629.000000  0.000035 
629.000000  630.000000  0.000035 
630.000000  631.000000  0.000035 
631.000000  632.000000  0.000035 
632.000000  633.000000  0.000035 
633.000000  634.000000  0.000035 
634.000000  635.000000  0.000035 
635.000000  636.000000  0.000035 
636.000000  637.000000  0.000035 
637.000000  638.000000  0.000035 
638.000000  639.000000  0.000034 
639.000000  640.000000  0.000034 
640.000000  641.000000  0.000034 
641.000000  642.000000  0.000034 
642.000000  643.000000  0.000034 
643.000000  644.000000  0.000034 
644.000000  645.000000  0.000034 
645.000000  646.000000  0.000034 
646.000000  647.000000  0.000034 
647.000000  648.000000  0.000034 
648.000000  649.000000  0.000034 
649.000000  650.000000  0.000034 
650.000000  651.000000  0.000034 
651.000000  652.000000  0.000034 
652.000000  653.000000  0.000033 
653.000000  654.000000  0.000033 
654.000000  655.000000  0.000033 
655.000000  656.000000  0.000033 
656.000000  657.000000  0.000033 
657.000000  658.000000  0.000033 
658.000000  659.000000  0.000033 
659.000000  660.000000  0.000033 
660.000000  661.000000  0.000033 
661.000000  662.000000  0.000033 
662.000000  663.000000  0.000033 
663.000000  664.000000  0.000033 
664.000000  665.000000  0.000033 
665.000000  666.000000  0.000033 
666.000000  667.000000  0.000033 
667.000000  668.000000  0.000032 
668.000000  669.000000  0.000032 
669.000000  670.000000  0.000032 
670.000000  671.000000  0.000032 
671.000000  672.000000  0.000032 
672.000000  673.000000  0.000032 
673.000000  674.000000  0.000032 
674.000000  675.000000  0.000032 
675.000000  676.000000  0.000032 
676.000000  677.000000  0.000032 
677.000000  678.000000  0.000032 
678.000000  679.000000  0.000032 
679.000000  680.000000  0.000032 
680.000000  681.000000  0.000032 
681.000000  682.000000  0.000032 
682.000000  683.000000  0.000032 
683.000000  684.000000  0.000032 
684.000000  685.000000  0.000032 
685.000000  686.000000  0.000032 
686.000000  687.000000  0.000032 
687.000000  688.000000  0.000031 
688.000000  689.000000  0.000031 
689.000000  690.000000  0.000031 
690.000000  691.000000  0.000031 
691.000000  692.000000  0.000031 
692.000000  693.000000  0.000031 
693.000000  694.000000  0.000031 
694.000000  695.000000  0.000031 
695.000000  696.000000  0.000031 
696.000000  697.000000  0.000031 
697.000000  698.000000  0.000031 
698.000000  699.000000  0.000031 
699.000000  700.000000  0.000031 
700.000000  701.000000  0.000031 
701.000000  702.000000  0.000031 
702.000000  703.000000  0.000031 
703.000000  704.000000  0.000031 
704.000000  705.000000  0.000031 
705.000000  706.000000  0.000031 
706.000000  707.000000  0.000031 
707.000000  708.000000  0.000031 
708.000000  709.000000  0.000031 
709.000000  710.000000  0.000031 
710.000000  711.000000  0.000031 
711.000000  712.000000  0.000031 
712.000000  713.000000  0.000031 
713.000000  714.000000  0.000031 
714.000000  715.000000  0.000031 
715.000000  716.000000  0.000030 
716.000000  717.000000  0.000030 
717.000000  718.000000  0.000030 
718.000000  719.000000  0.000030 
719.000000  720.000000  0.000030 
720.000000  721.000000  0.000030 
721.000000  722.000000  0.000030 
722.000000  723.000000  0.000030 
723.000000  724.000000  0.000030 
724.000000  725.000000  0.000030 
725.000000  726.000000  0.000030 
726.000000  727.000000  0.000030 
727.000000  728.000000  0.000030 
728.000000  729.000000  0.000030 
729.000000  730.000000  0.000030 
730.000000  731.000000  0.000030 
731.000000  732.000000  0.000030 
732.000000  733.000000  0.000030 
733.000000  734.000000  0.000030 
734.000000  735.000000  0.000030 
735.000000  736.000000  0.000030 
736.000000  737.000000  0.000030 
737.000000  738.000000  0.000030 
738.000000  739.000000  0.000030 
739.000000  740.000000  0.000030 
740.000000  741.000000  0.000030 
741.000000  742.000000  0.000030 
742.000000  743.000000  0.000030 
743.000000  744.000000  0.000030 
744.000000  745.000000  0.000030 
745.000000  746.000000  0.000030 
746.000000  747.000000  0.000030 
747.000000  748.000000  0.000030 
748.000000  749.000000  0.000030 
749.000000  750.000000  0.000030 
750.000000  751.000000  0.000030 
751.000000  752.000000  0.000030 
752.000000  753.000000  0.000030 
753.000000  754.000000  0.000030 
754.000000  755.000000  0.000030 
755.000000  756.000000  0.000030 
756.000000  757.000000  0.000030 
757.000000  758.000000  0.000030 
758.000000  759.000000  0.000030 
759.000000  760.000000  0.000030 
760.000000  761.000000  0.000030 
761.000000  762.000000  0.000030 
762.000000  763.000000  0.000030 
763.000000  764.000000  0.000030 
764.000000  765.000000  0.000030 
765.000000  766.000000  0.000030 
766.000000  767.000000  0.000030 
767.000000  768.000000  0.000030 
768.000000  769.000000  0.000030 
769.000000  770.000000  0.000030 
770.000000  771.000000  0.000030 
771.000000  772.000000  0.000030 
772.000000  773.000000  0.000030 
773.000000  774.000000  0.000030 
774.000000  775.000000  0.000030 
775.000000  776.000000  0.000030 
776.000000  777.000000  0.000030 
777.000000  778.000000  0.000030 
778.000000  779.000000  0.000030 
779.000000  780.000000  0.000030 
780.000000  781.000000  0.000030 
781.000000  782.000000  0.000030 
782.000000  783.000000  0.000030 
783.000000  784.000000  0.000030 
784.000000  785.000000  0.000030 
785.000000  786.000000  0.000030 
786.000000  787.000000  0.000030 
787.000000  788.000000  0.000030 
788.000000  789.000000  0.000030 
789.000000  790.000000  0.000030 
790.000000  791.000000  0.000030 
791.000000  792.000000  0.000030 
792.000000  793.000000  0.000030 
793.000000  794.000000  0.000030 
794.000000  795.000000  0.000030 
795.000000  796.000000  0.000030 
796.000000  797.000000  0.000030 
797.000000  798.000000  0.000030 
798.000000  799.000000  0.000030 
799.000000  800.000000  0.000030 
