17.000000  18.000000  0.000000 
18.000000  19.000000  0.000000 
19.000000  20.000000  0.000000 
20.000000  21.000000  0.000000 
21.000000  22.000000  0.000000 
22.000000  23.000000  0.000000 
23.000000  24.000000  0.000000 
24.000000  25.000000  0.000000 
25.000000  26.000000  0.000000 
26.000000  27.000000  0.000000 
27.000000  28.000000  0.000000 
28.000000  29.000000  0.000000 
29.000000  30.000000  0.000000 
30.000000  31.000000  0.000001 
31.000000  32.000000  0.000001 
32.000000  33.000000  0.000001 
33.000000  34.000000  0.000002 
34.000000  35.000000  0.000003 
35.000000  36.000000  0.000004 
36.000000  37.000000  0.000006 
37.000000  38.000000  0.000008 
38.000000  39.000000  0.000010 
39.000000  40.000000  0.000014 
40.000000  41.000000  0.000017 
41.000000  42.000000  0.000022 
42.000000  43.000000  0.000028 
43.000000  44.000000  0.000034 
44.000000  45.000000  0.000042 
45.000000  46.000000  0.000050 
46.000000  47.000000  0.000060 
47.000000  48.000000  0.000071 
48.000000  49.000000  0.000083 
49.000000  50.000000  0.000097 
50.000000  51.000000  0.000112 
51.000000  52.000000  0.000128 
52.000000  53.000000  0.000145 
53.000000  54.000000  0.000164 
54.000000  55.000000  0.000185 
55.000000  56.000000  0.000206 
56.000000  57.000000  0.000229 
57.000000  58.000000  0.000253 
58.000000  59.000000  0.000278 
59.000000  60.000000  0.000304 
60.000000  61.000000  0.000331 
61.000000  62.000000  0.000359 
62.000000  63.000000  0.000388 
63.000000  64.000000  0.000418 
64.000000  65.000000  0.000448 
65.000000  66.000000  0.000479 
66.000000  67.000000  0.000511 
67.000000  68.000000  0.000543 
68.000000  69.000000  0.000576 
69.000000  70.000000  0.000609 
70.000000  71.000000  0.000643 
71.000000  72.000000  0.000676 
72.000000  73.000000  0.000710 
73.000000  74.000000  0.000744 
74.000000  75.000000  0.000778 
75.000000  76.000000  0.000812 
76.000000  77.000000  0.000846 
77.000000  78.000000  0.000879 
78.000000  79.000000  0.000913 
79.000000  80.000000  0.000947 
80.000000  81.000000  0.000980 
81.000000  82.000000  0.001013 
82.000000  83.000000  0.001046 
83.000000  84.000000  0.001078 
84.000000  85.000000  0.001110 
85.000000  86.000000  0.001144 
86.000000  87.000000  0.001175 
87.000000  88.000000  0.001206 
88.000000  89.000000  0.001236 
89.000000  90.000000  0.001266 
90.000000  91.000000  0.001296 
91.000000  92.000000  0.001325 
92.000000  93.000000  0.001354 
93.000000  94.000000  0.001382 
94.000000  95.000000  0.001410 
95.000000  96.000000  0.001437 
96.000000  97.000000  0.001464 
97.000000  98.000000  0.001491 
98.000000  99.000000  0.001517 
99.000000  100.000000  0.001542 
100.000000  101.000000  0.001567 
101.000000  102.000000  0.001592 
102.000000  103.000000  0.001616 
103.000000  104.000000  0.001640 
104.000000  105.000000  0.001664 
105.000000  106.000000  0.001687 
106.000000  107.000000  0.001709 
107.000000  108.000000  0.001732 
108.000000  109.000000  0.001753 
109.000000  110.000000  0.001775 
110.000000  111.000000  0.001796 
111.000000  112.000000  0.001817 
112.000000  113.000000  0.001838 
113.000000  114.000000  0.001858 
114.000000  115.000000  0.001878 
115.000000  116.000000  0.001897 
116.000000  117.000000  0.001916 
117.000000  118.000000  0.001935 
118.000000  119.000000  0.001954 
119.000000  120.000000  0.001972 
120.000000  121.000000  0.001991 
121.000000  122.000000  0.002009 
122.000000  123.000000  0.002026 
123.000000  124.000000  0.002044 
124.000000  125.000000  0.002061 
125.000000  126.000000  0.002078 
126.000000  127.000000  0.002094 
127.000000  128.000000  0.002111 
128.000000  129.000000  0.002127 
129.000000  130.000000  0.002143 
130.000000  131.000000  0.002159 
131.000000  132.000000  0.002175 
132.000000  133.000000  0.002190 
133.000000  134.000000  0.002206 
134.000000  135.000000  0.002221 
135.000000  136.000000  0.002236 
136.000000  137.000000  0.002251 
137.000000  138.000000  0.002266 
138.000000  139.000000  0.002280 
139.000000  140.000000  0.002294 
140.000000  141.000000  0.002309 
141.000000  142.000000  0.002323 
142.000000  143.000000  0.002336 
143.000000  144.000000  0.002350 
144.000000  145.000000  0.002364 
145.000000  146.000000  0.002377 
146.000000  147.000000  0.002391 
147.000000  148.000000  0.002404 
148.000000  149.000000  0.002417 
149.000000  150.000000  0.002430 
150.000000  151.000000  0.002443 
151.000000  152.000000  0.002455 
152.000000  153.000000  0.002468 
153.000000  154.000000  0.002480 
154.000000  155.000000  0.002493 
155.000000  156.000000  0.002505 
156.000000  157.000000  0.002517 
157.000000  158.000000  0.002529 
158.000000  159.000000  0.002540 
159.000000  160.000000  0.002552 
160.000000  161.000000  0.002564 
161.000000  162.000000  0.002575 
162.000000  163.000000  0.002587 
163.000000  164.000000  0.002598 
164.000000  165.000000  0.002609 
165.000000  166.000000  0.002620 
166.000000  167.000000  0.002631 
167.000000  168.000000  0.002642 
168.000000  169.000000  0.002652 
169.000000  170.000000  0.002663 
170.000000  171.000000  0.002673 
171.000000  172.000000  0.002683 
172.000000  173.000000  0.002694 
173.000000  174.000000  0.002704 
174.000000  175.000000  0.002714 
175.000000  176.000000  0.002724 
176.000000  177.000000  0.002733 
177.000000  178.000000  0.002743 
178.000000  179.000000  0.002752 
179.000000  180.000000  0.002762 
180.000000  181.000000  0.002771 
181.000000  182.000000  0.002780 
182.000000  183.000000  0.002789 
183.000000  184.000000  0.002798 
184.000000  185.000000  0.002807 
185.000000  186.000000  0.002816 
186.000000  187.000000  0.002825 
187.000000  188.000000  0.002833 
188.000000  189.000000  0.002841 
189.000000  190.000000  0.002850 
190.000000  191.000000  0.002858 
191.000000  192.000000  0.002866 
192.000000  193.000000  0.002874 
193.000000  194.000000  0.002882 
194.000000  195.000000  0.002889 
195.000000  196.000000  0.002897 
196.000000  197.000000  0.002904 
197.000000  198.000000  0.002912 
198.000000  199.000000  0.002919 
199.000000  200.000000  0.002926 
200.000000  201.000000  0.002933 
201.000000  202.000000  0.002940 
202.000000  203.000000  0.002947 
203.000000  204.000000  0.002954 
204.000000  205.000000  0.002960 
205.000000  206.000000  0.002967 
206.000000  207.000000  0.002973 
207.000000  208.000000  0.002979 
208.000000  209.000000  0.002985 
209.000000  210.000000  0.002991 
210.000000  211.000000  0.002997 
211.000000  212.000000  0.003003 
212.000000  213.000000  0.003009 
213.000000  214.000000  0.003014 
214.000000  215.000000  0.003020 
215.000000  216.000000  0.003025 
216.000000  217.000000  0.003031 
217.000000  218.000000  0.003036 
218.000000  219.000000  0.003041 
219.000000  220.000000  0.003046 
220.000000  221.000000  0.003051 
221.000000  222.000000  0.003055 
222.000000  223.000000  0.003060 
223.000000  224.000000  0.003065 
224.000000  225.000000  0.003069 
225.000000  226.000000  0.003074 
226.000000  227.000000  0.003078 
227.000000  228.000000  0.003082 
228.000000  229.000000  0.003086 
229.000000  230.000000  0.003090 
230.000000  231.000000  0.003094 
231.000000  232.000000  0.003098 
232.000000  233.000000  0.003102 
233.000000  234.000000  0.003106 
234.000000  235.000000  0.003109 
235.000000  236.000000  0.003113 
236.000000  237.000000  0.003117 
237.000000  238.000000  0.003120 
238.000000  239.000000  0.003123 
239.000000  240.000000  0.003127 
240.000000  241.000000  0.003130 
241.000000  242.000000  0.003133 
242.000000  243.000000  0.003136 
243.000000  244.000000  0.003139 
244.000000  245.000000  0.003142 
245.000000  246.000000  0.003145 
246.000000  247.000000  0.003147 
247.000000  248.000000  0.003150 
248.000000  249.000000  0.003153 
249.000000  250.000000  0.003156 
250.000000  251.000000  0.003158 
251.000000  252.000000  0.003161 
252.000000  253.000000  0.003163 
253.000000  254.000000  0.003166 
254.000000  255.000000  0.003168 
255.000000  256.000000  0.003170 
256.000000  257.000000  0.003172 
257.000000  258.000000  0.003175 
258.000000  259.000000  0.003177 
259.000000  260.000000  0.003179 
260.000000  261.000000  0.003181 
261.000000  262.000000  0.003183 
262.000000  263.000000  0.003185 
263.000000  264.000000  0.003187 
264.000000  265.000000  0.003189 
265.000000  266.000000  0.003191 
266.000000  267.000000  0.003193 
267.000000  268.000000  0.003195 
268.000000  269.000000  0.003197 
269.000000  270.000000  0.003198 
270.000000  271.000000  0.003200 
271.000000  272.000000  0.003202 
272.000000  273.000000  0.003204 
273.000000  274.000000  0.003205 
274.000000  275.000000  0.003207 
275.000000  276.000000  0.003209 
276.000000  277.000000  0.003210 
277.000000  278.000000  0.003212 
278.000000  279.000000  0.003214 
279.000000  280.000000  0.003215 
280.000000  281.000000  0.003217 
281.000000  282.000000  0.003218 
282.000000  283.000000  0.003220 
283.000000  284.000000  0.003221 
284.000000  285.000000  0.003223 
285.000000  286.000000  0.003224 
286.000000  287.000000  0.003226 
287.000000  288.000000  0.003227 
288.000000  289.000000  0.003229 
289.000000  290.000000  0.003230 
290.000000  291.000000  0.003231 
291.000000  292.000000  0.003233 
292.000000  293.000000  0.003234 
293.000000  294.000000  0.003236 
294.000000  295.000000  0.003237 
295.000000  296.000000  0.003239 
296.000000  297.000000  0.003240 
297.000000  298.000000  0.003241 
298.000000  299.000000  0.003243 
299.000000  300.000000  0.003244 
300.000000  301.000000  0.003246 
301.000000  302.000000  0.003247 
302.000000  303.000000  0.003248 
303.000000  304.000000  0.003250 
304.000000  305.000000  0.003251 
305.000000  306.000000  0.003252 
306.000000  307.000000  0.003254 
307.000000  308.000000  0.003255 
308.000000  309.000000  0.003257 
309.000000  310.000000  0.003258 
310.000000  311.000000  0.003259 
311.000000  312.000000  0.003261 
312.000000  313.000000  0.003262 
313.000000  314.000000  0.003264 
314.000000  315.000000  0.003265 
315.000000  316.000000  0.003266 
316.000000  317.000000  0.003268 
317.000000  318.000000  0.003269 
318.000000  319.000000  0.003271 
319.000000  320.000000  0.003272 
320.000000  321.000000  0.003274 
321.000000  322.000000  0.003275 
322.000000  323.000000  0.003276 
323.000000  324.000000  0.003278 
324.000000  325.000000  0.003279 
325.000000  326.000000  0.003281 
326.000000  327.000000  0.003282 
327.000000  328.000000  0.003284 
328.000000  329.000000  0.003285 
329.000000  330.000000  0.003286 
330.000000  331.000000  0.003288 
331.000000  332.000000  0.003289 
332.000000  333.000000  0.003291 
333.000000  334.000000  0.003292 
334.000000  335.000000  0.003294 
335.000000  336.000000  0.003295 
336.000000  337.000000  0.003297 
337.000000  338.000000  0.003298 
338.000000  339.000000  0.003300 
339.000000  340.000000  0.003301 
340.000000  341.000000  0.003303 
341.000000  342.000000  0.003304 
342.000000  343.000000  0.003306 
343.000000  344.000000  0.003307 
344.000000  345.000000  0.003309 
345.000000  346.000000  0.003310 
346.000000  347.000000  0.003312 
347.000000  348.000000  0.003313 
348.000000  349.000000  0.003315 
349.000000  350.000000  0.003316 
350.000000  351.000000  0.003318 
351.000000  352.000000  0.003320 
352.000000  353.000000  0.003321 
353.000000  354.000000  0.003323 
354.000000  355.000000  0.003324 
355.000000  356.000000  0.003326 
356.000000  357.000000  0.003327 
357.000000  358.000000  0.003329 
358.000000  359.000000  0.003330 
359.000000  360.000000  0.003332 
360.000000  361.000000  0.003333 
361.000000  362.000000  0.003335 
362.000000  363.000000  0.003337 
363.000000  364.000000  0.003338 
364.000000  365.000000  0.003340 
365.000000  366.000000  0.003341 
366.000000  367.000000  0.003343 
367.000000  368.000000  0.003344 
368.000000  369.000000  0.003346 
369.000000  370.000000  0.003347 
370.000000  371.000000  0.003349 
371.000000  372.000000  0.003351 
372.000000  373.000000  0.003352 
373.000000  374.000000  0.003354 
374.000000  375.000000  0.003355 
375.000000  376.000000  0.003357 
376.000000  377.000000  0.003358 
377.000000  378.000000  0.003360 
378.000000  379.000000  0.003361 
379.000000  380.000000  0.003363 
380.000000  381.000000  0.003364 
381.000000  382.000000  0.003366 
382.000000  383.000000  0.003367 
383.000000  384.000000  0.003369 
384.000000  385.000000  0.003370 
385.000000  386.000000  0.003372 
386.000000  387.000000  0.003373 
387.000000  388.000000  0.003375 
388.000000  389.000000  0.003376 
389.000000  390.000000  0.003378 
390.000000  391.000000  0.003379 
391.000000  392.000000  0.003381 
392.000000  393.000000  0.003382 
393.000000  394.000000  0.003384 
394.000000  395.000000  0.003385 
395.000000  396.000000  0.003387 
396.000000  397.000000  0.003388 
397.000000  398.000000  0.003389 
398.000000  399.000000  0.003391 
399.000000  400.000000  0.003392 
400.000000  401.000000  0.003394 
401.000000  402.000000  0.003395 
402.000000  403.000000  0.003397 
403.000000  404.000000  0.003398 
404.000000  405.000000  0.003399 
405.000000  406.000000  0.003401 
406.000000  407.000000  0.003402 
407.000000  408.000000  0.003403 
408.000000  409.000000  0.003405 
409.000000  410.000000  0.003406 
410.000000  411.000000  0.003407 
411.000000  412.000000  0.003409 
412.000000  413.000000  0.003410 
413.000000  414.000000  0.003411 
414.000000  415.000000  0.003413 
415.000000  416.000000  0.003414 
416.000000  417.000000  0.003415 
417.000000  418.000000  0.003416 
418.000000  419.000000  0.003418 
419.000000  420.000000  0.003419 
420.000000  421.000000  0.003420 
421.000000  422.000000  0.003421 
422.000000  423.000000  0.003423 
423.000000  424.000000  0.003424 
424.000000  425.000000  0.003425 
425.000000  426.000000  0.003426 
426.000000  427.000000  0.003427 
427.000000  428.000000  0.003429 
428.000000  429.000000  0.003430 
429.000000  430.000000  0.003431 
430.000000  431.000000  0.003432 
431.000000  432.000000  0.003433 
432.000000  433.000000  0.003434 
433.000000  434.000000  0.003435 
434.000000  435.000000  0.003436 
435.000000  436.000000  0.003437 
436.000000  437.000000  0.003439 
437.000000  438.000000  0.003440 
438.000000  439.000000  0.003441 
439.000000  440.000000  0.003442 
440.000000  441.000000  0.003443 
441.000000  442.000000  0.003444 
442.000000  443.000000  0.003445 
443.000000  444.000000  0.003446 
444.000000  445.000000  0.003447 
445.000000  446.000000  0.003448 
446.000000  447.000000  0.003448 
447.000000  448.000000  0.003449 
448.000000  449.000000  0.003450 
449.000000  450.000000  0.003451 
450.000000  451.000000  0.003452 
451.000000  452.000000  0.003453 
452.000000  453.000000  0.003454 
453.000000  454.000000  0.003455 
454.000000  455.000000  0.003456 
455.000000  456.000000  0.003456 
456.000000  457.000000  0.003457 
457.000000  458.000000  0.003458 
458.000000  459.000000  0.003459 
459.000000  460.000000  0.003460 
460.000000  461.000000  0.003460 
461.000000  462.000000  0.003461 
462.000000  463.000000  0.003462 
463.000000  464.000000  0.003463 
464.000000  465.000000  0.003463 
465.000000  466.000000  0.003464 
466.000000  467.000000  0.003465 
467.000000  468.000000  0.003466 
468.000000  469.000000  0.003466 
469.000000  470.000000  0.003467 
470.000000  471.000000  0.003468 
471.000000  472.000000  0.003468 
472.000000  473.000000  0.003469 
473.000000  474.000000  0.003469 
474.000000  475.000000  0.003470 
475.000000  476.000000  0.003471 
476.000000  477.000000  0.003471 
477.000000  478.000000  0.003472 
478.000000  479.000000  0.003472 
479.000000  480.000000  0.003473 
480.000000  481.000000  0.003473 
481.000000  482.000000  0.003474 
482.000000  483.000000  0.003475 
483.000000  484.000000  0.003475 
484.000000  485.000000  0.003476 
485.000000  486.000000  0.003476 
486.000000  487.000000  0.003476 
487.000000  488.000000  0.003477 
488.000000  489.000000  0.003477 
489.000000  490.000000  0.003478 
490.000000  491.000000  0.003478 
491.000000  492.000000  0.003479 
492.000000  493.000000  0.003479 
493.000000  494.000000  0.003480 
494.000000  495.000000  0.003480 
495.000000  496.000000  0.003480 
496.000000  497.000000  0.003481 
497.000000  498.000000  0.003481 
498.000000  499.000000  0.003481 
499.000000  500.000000  0.003482 
500.000000  501.000000  0.003482 
501.000000  502.000000  0.003482 
502.000000  503.000000  0.003483 
503.000000  504.000000  0.003483 
504.000000  505.000000  0.003483 
505.000000  506.000000  0.003484 
506.000000  507.000000  0.003484 
507.000000  508.000000  0.003484 
508.000000  509.000000  0.003484 
509.000000  510.000000  0.003485 
510.000000  511.000000  0.003485 
511.000000  512.000000  0.003485 
512.000000  513.000000  0.003485 
513.000000  514.000000  0.003486 
514.000000  515.000000  0.003486 
515.000000  516.000000  0.003486 
516.000000  517.000000  0.003486 
517.000000  518.000000  0.003486 
518.000000  519.000000  0.003487 
519.000000  520.000000  0.003487 
520.000000  521.000000  0.003487 
521.000000  522.000000  0.003487 
522.000000  523.000000  0.003487 
523.000000  524.000000  0.003487 
524.000000  525.000000  0.003487 
525.000000  526.000000  0.003488 
526.000000  527.000000  0.003488 
527.000000  528.000000  0.003488 
528.000000  529.000000  0.003488 
529.000000  530.000000  0.003488 
530.000000  531.000000  0.003488 
531.000000  532.000000  0.003488 
532.000000  533.000000  0.003488 
533.000000  534.000000  0.003488 
534.000000  535.000000  0.003488 
535.000000  536.000000  0.003488 
536.000000  537.000000  0.003488 
537.000000  538.000000  0.003488 
538.000000  539.000000  0.003489 
539.000000  540.000000  0.003489 
540.000000  541.000000  0.003489 
541.000000  542.000000  0.003489 
542.000000  543.000000  0.003489 
543.000000  544.000000  0.003489 
544.000000  545.000000  0.003489 
545.000000  546.000000  0.003489 
546.000000  547.000000  0.003489 
547.000000  548.000000  0.003489 
548.000000  549.000000  0.003489 
549.000000  550.000000  0.003488 
550.000000  551.000000  0.003488 
551.000000  552.000000  0.003488 
552.000000  553.000000  0.003488 
553.000000  554.000000  0.003488 
554.000000  555.000000  0.003488 
555.000000  556.000000  0.003488 
556.000000  557.000000  0.003488 
557.000000  558.000000  0.003488 
558.000000  559.000000  0.003488 
559.000000  560.000000  0.003488 
560.000000  561.000000  0.003488 
561.000000  562.000000  0.003488 
562.000000  563.000000  0.003488 
563.000000  564.000000  0.003488 
564.000000  565.000000  0.003487 
565.000000  566.000000  0.003487 
566.000000  567.000000  0.003487 
567.000000  568.000000  0.003487 
568.000000  569.000000  0.003487 
569.000000  570.000000  0.003487 
570.000000  571.000000  0.003487 
571.000000  572.000000  0.003487 
572.000000  573.000000  0.003486 
573.000000  574.000000  0.003486 
574.000000  575.000000  0.003486 
575.000000  576.000000  0.003486 
576.000000  577.000000  0.003486 
577.000000  578.000000  0.003486 
578.000000  579.000000  0.003486 
579.000000  580.000000  0.003485 
580.000000  581.000000  0.003485 
581.000000  582.000000  0.003485 
582.000000  583.000000  0.003485 
583.000000  584.000000  0.003485 
584.000000  585.000000  0.003485 
585.000000  586.000000  0.003484 
586.000000  587.000000  0.003484 
587.000000  588.000000  0.003484 
588.000000  589.000000  0.003484 
589.000000  590.000000  0.003484 
590.000000  591.000000  0.003484 
591.000000  592.000000  0.003483 
592.000000  593.000000  0.003483 
593.000000  594.000000  0.003483 
594.000000  595.000000  0.003483 
595.000000  596.000000  0.003483 
596.000000  597.000000  0.003482 
597.000000  598.000000  0.003482 
598.000000  599.000000  0.003482 
599.000000  600.000000  0.003482 
600.000000  601.000000  0.003482 
601.000000  602.000000  0.003481 
602.000000  603.000000  0.003481 
603.000000  604.000000  0.003481 
604.000000  605.000000  0.003481 
605.000000  606.000000  0.003480 
606.000000  607.000000  0.003480 
607.000000  608.000000  0.003480 
608.000000  609.000000  0.003480 
609.000000  610.000000  0.003480 
610.000000  611.000000  0.003479 
611.000000  612.000000  0.003479 
612.000000  613.000000  0.003479 
613.000000  614.000000  0.003479 
614.000000  615.000000  0.003478 
615.000000  616.000000  0.003478 
616.000000  617.000000  0.003478 
617.000000  618.000000  0.003478 
618.000000  619.000000  0.003477 
619.000000  620.000000  0.003477 
620.000000  621.000000  0.003477 
621.000000  622.000000  0.003477 
622.000000  623.000000  0.003476 
623.000000  624.000000  0.003476 
624.000000  625.000000  0.003476 
625.000000  626.000000  0.003476 
626.000000  627.000000  0.003476 
627.000000  628.000000  0.003475 
628.000000  629.000000  0.003475 
629.000000  630.000000  0.003475 
630.000000  631.000000  0.003475 
631.000000  632.000000  0.003474 
632.000000  633.000000  0.003474 
633.000000  634.000000  0.003474 
634.000000  635.000000  0.003473 
635.000000  636.000000  0.003473 
636.000000  637.000000  0.003473 
637.000000  638.000000  0.003473 
638.000000  639.000000  0.003472 
639.000000  640.000000  0.003472 
640.000000  641.000000  0.003472 
641.000000  642.000000  0.003472 
642.000000  643.000000  0.003471 
643.000000  644.000000  0.003471 
644.000000  645.000000  0.003471 
645.000000  646.000000  0.003471 
646.000000  647.000000  0.003470 
647.000000  648.000000  0.003470 
648.000000  649.000000  0.003470 
649.000000  650.000000  0.003470 
650.000000  651.000000  0.003469 
651.000000  652.000000  0.003469 
652.000000  653.000000  0.003469 
653.000000  654.000000  0.003469 
654.000000  655.000000  0.003468 
655.000000  656.000000  0.003468 
656.000000  657.000000  0.003468 
657.000000  658.000000  0.003467 
658.000000  659.000000  0.003467 
659.000000  660.000000  0.003467 
660.000000  661.000000  0.003467 
661.000000  662.000000  0.003466 
662.000000  663.000000  0.003466 
663.000000  664.000000  0.003466 
664.000000  665.000000  0.003466 
665.000000  666.000000  0.003465 
666.000000  667.000000  0.003465 
667.000000  668.000000  0.003465 
668.000000  669.000000  0.003465 
669.000000  670.000000  0.003464 
670.000000  671.000000  0.003464 
671.000000  672.000000  0.003464 
672.000000  673.000000  0.003464 
673.000000  674.000000  0.003463 
674.000000  675.000000  0.003463 
675.000000  676.000000  0.003463 
676.000000  677.000000  0.003462 
677.000000  678.000000  0.003462 
678.000000  679.000000  0.003462 
679.000000  680.000000  0.003462 
680.000000  681.000000  0.003461 
681.000000  682.000000  0.003461 
682.000000  683.000000  0.003461 
683.000000  684.000000  0.003461 
684.000000  685.000000  0.003460 
685.000000  686.000000  0.003460 
686.000000  687.000000  0.003460 
687.000000  688.000000  0.003460 
688.000000  689.000000  0.003459 
689.000000  690.000000  0.003459 
690.000000  691.000000  0.003459 
691.000000  692.000000  0.003459 
692.000000  693.000000  0.003458 
693.000000  694.000000  0.003458 
694.000000  695.000000  0.003458 
695.000000  696.000000  0.003458 
696.000000  697.000000  0.003457 
697.000000  698.000000  0.003457 
698.000000  699.000000  0.003457 
699.000000  700.000000  0.003456 
700.000000  701.000000  0.003456 
701.000000  702.000000  0.003456 
702.000000  703.000000  0.003456 
703.000000  704.000000  0.003455 
704.000000  705.000000  0.003455 
705.000000  706.000000  0.003455 
706.000000  707.000000  0.003455 
707.000000  708.000000  0.003454 
708.000000  709.000000  0.003454 
709.000000  710.000000  0.003454 
710.000000  711.000000  0.003454 
711.000000  712.000000  0.003453 
712.000000  713.000000  0.003453 
713.000000  714.000000  0.003453 
714.000000  715.000000  0.003453 
715.000000  716.000000  0.003452 
716.000000  717.000000  0.003452 
717.000000  718.000000  0.003452 
718.000000  719.000000  0.003452 
719.000000  720.000000  0.003451 
720.000000  721.000000  0.003451 
721.000000  722.000000  0.003451 
722.000000  723.000000  0.003451 
723.000000  724.000000  0.003450 
724.000000  725.000000  0.003450 
725.000000  726.000000  0.003450 
726.000000  727.000000  0.003450 
727.000000  728.000000  0.003450 
728.000000  729.000000  0.003449 
729.000000  730.000000  0.003449 
730.000000  731.000000  0.003449 
731.000000  732.000000  0.003449 
732.000000  733.000000  0.003448 
733.000000  734.000000  0.003448 
734.000000  735.000000  0.003448 
735.000000  736.000000  0.003448 
736.000000  737.000000  0.003447 
737.000000  738.000000  0.003447 
738.000000  739.000000  0.003447 
739.000000  740.000000  0.003447 
740.000000  741.000000  0.003446 
741.000000  742.000000  0.003446 
742.000000  743.000000  0.003446 
743.000000  744.000000  0.003446 
744.000000  745.000000  0.003445 
745.000000  746.000000  0.003445 
746.000000  747.000000  0.003445 
747.000000  748.000000  0.003445 
748.000000  749.000000  0.003445 
749.000000  750.000000  0.003444 
750.000000  751.000000  0.003444 
751.000000  752.000000  0.003444 
752.000000  753.000000  0.003444 
753.000000  754.000000  0.003443 
754.000000  755.000000  0.003443 
755.000000  756.000000  0.003443 
756.000000  757.000000  0.003443 
757.000000  758.000000  0.003443 
758.000000  759.000000  0.003442 
759.000000  760.000000  0.003442 
760.000000  761.000000  0.003442 
761.000000  762.000000  0.003442 
762.000000  763.000000  0.003441 
763.000000  764.000000  0.003441 
764.000000  765.000000  0.003441 
765.000000  766.000000  0.003441 
766.000000  767.000000  0.003441 
767.000000  768.000000  0.003440 
768.000000  769.000000  0.003440 
769.000000  770.000000  0.003440 
770.000000  771.000000  0.003440 
771.000000  772.000000  0.003439 
772.000000  773.000000  0.003439 
773.000000  774.000000  0.003439 
774.000000  775.000000  0.003439 
775.000000  776.000000  0.003439 
776.000000  777.000000  0.003438 
777.000000  778.000000  0.003438 
778.000000  779.000000  0.003438 
779.000000  780.000000  0.003438 
780.000000  781.000000  0.003438 
781.000000  782.000000  0.003437 
782.000000  783.000000  0.003437 
783.000000  784.000000  0.003437 
784.000000  785.000000  0.003437 
785.000000  786.000000  0.003437 
786.000000  787.000000  0.003436 
787.000000  788.000000  0.003436 
788.000000  789.000000  0.003436 
789.000000  790.000000  0.003436 
790.000000  791.000000  0.003436 
791.000000  792.000000  0.003435 
792.000000  793.000000  0.003435 
793.000000  794.000000  0.003435 
794.000000  795.000000  0.003435 
795.000000  796.000000  0.003435 
796.000000  797.000000  0.003434 
797.000000  798.000000  0.003434 
798.000000  799.000000  0.003434 
799.000000  800.000000  0.003434 
