17.000000  18.000000  0.000000 
18.000000  19.000000  0.000000 
19.000000  20.000000  0.000000 
20.000000  21.000000  0.000000 
21.000000  22.000000  0.000000 
22.000000  23.000000  0.000000 
23.000000  24.000000  0.000000 
24.000000  25.000000  0.000000 
25.000000  26.000000  0.000000 
26.000000  27.000000  0.000000 
27.000000  28.000000  0.000000 
28.000000  29.000000  0.000001 
29.000000  30.000000  0.000001 
30.000000  31.000000  0.000001 
31.000000  32.000000  0.000002 
32.000000  33.000000  0.000003 
33.000000  34.000000  0.000005 
34.000000  35.000000  0.000007 
35.000000  36.000000  0.000009 
36.000000  37.000000  0.000013 
37.000000  38.000000  0.000017 
38.000000  39.000000  0.000023 
39.000000  40.000000  0.000029 
40.000000  41.000000  0.000038 
41.000000  42.000000  0.000047 
42.000000  43.000000  0.000059 
43.000000  44.000000  0.000073 
44.000000  45.000000  0.000088 
45.000000  46.000000  0.000106 
46.000000  47.000000  0.000126 
47.000000  48.000000  0.000148 
48.000000  49.000000  0.000173 
49.000000  50.000000  0.000200 
50.000000  51.000000  0.000230 
51.000000  52.000000  0.000262 
52.000000  53.000000  0.000296 
53.000000  54.000000  0.000332 
54.000000  55.000000  0.000371 
55.000000  56.000000  0.000412 
56.000000  57.000000  0.000454 
57.000000  58.000000  0.000499 
58.000000  59.000000  0.000545 
59.000000  60.000000  0.000592 
60.000000  61.000000  0.000641 
61.000000  62.000000  0.000691 
62.000000  63.000000  0.000741 
63.000000  64.000000  0.000793 
64.000000  65.000000  0.000845 
65.000000  66.000000  0.000898 
66.000000  67.000000  0.000951 
67.000000  68.000000  0.001004 
68.000000  69.000000  0.001057 
69.000000  70.000000  0.001109 
70.000000  71.000000  0.001162 
71.000000  72.000000  0.001214 
72.000000  73.000000  0.001265 
73.000000  74.000000  0.001315 
74.000000  75.000000  0.001365 
75.000000  76.000000  0.001414 
76.000000  77.000000  0.001462 
77.000000  78.000000  0.001508 
78.000000  79.000000  0.001554 
79.000000  80.000000  0.001598 
80.000000  81.000000  0.001642 
81.000000  82.000000  0.001683 
82.000000  83.000000  0.001724 
83.000000  84.000000  0.001763 
84.000000  85.000000  0.001801 
85.000000  86.000000  0.001842 
86.000000  87.000000  0.001877 
87.000000  88.000000  0.001910 
88.000000  89.000000  0.001942 
89.000000  90.000000  0.001972 
90.000000  91.000000  0.002002 
91.000000  92.000000  0.002029 
92.000000  93.000000  0.002055 
93.000000  94.000000  0.002080 
94.000000  95.000000  0.002104 
95.000000  96.000000  0.002126 
96.000000  97.000000  0.002147 
97.000000  98.000000  0.002167 
98.000000  99.000000  0.002185 
99.000000  100.000000  0.002202 
100.000000  101.000000  0.002218 
101.000000  102.000000  0.002232 
102.000000  103.000000  0.002246 
103.000000  104.000000  0.002258 
104.000000  105.000000  0.002270 
105.000000  106.000000  0.002280 
106.000000  107.000000  0.002289 
107.000000  108.000000  0.002297 
108.000000  109.000000  0.002304 
109.000000  110.000000  0.002310 
110.000000  111.000000  0.002316 
111.000000  112.000000  0.002320 
112.000000  113.000000  0.002324 
113.000000  114.000000  0.002326 
114.000000  115.000000  0.002328 
115.000000  116.000000  0.002329 
116.000000  117.000000  0.002329 
117.000000  118.000000  0.002328 
118.000000  119.000000  0.002327 
119.000000  120.000000  0.002325 
120.000000  121.000000  0.002322 
121.000000  122.000000  0.002319 
122.000000  123.000000  0.002315 
123.000000  124.000000  0.002310 
124.000000  125.000000  0.002305 
125.000000  126.000000  0.002299 
126.000000  127.000000  0.002292 
127.000000  128.000000  0.002285 
128.000000  129.000000  0.002278 
129.000000  130.000000  0.002270 
130.000000  131.000000  0.002261 
131.000000  132.000000  0.002252 
132.000000  133.000000  0.002243 
133.000000  134.000000  0.002233 
134.000000  135.000000  0.002222 
135.000000  136.000000  0.002212 
136.000000  137.000000  0.002201 
137.000000  138.000000  0.002189 
138.000000  139.000000  0.002177 
139.000000  140.000000  0.002165 
140.000000  141.000000  0.002152 
141.000000  142.000000  0.002139 
142.000000  143.000000  0.002126 
143.000000  144.000000  0.002112 
144.000000  145.000000  0.002098 
145.000000  146.000000  0.002084 
146.000000  147.000000  0.002070 
147.000000  148.000000  0.002055 
148.000000  149.000000  0.002041 
149.000000  150.000000  0.002025 
150.000000  151.000000  0.002010 
151.000000  152.000000  0.001995 
152.000000  153.000000  0.001979 
153.000000  154.000000  0.001963 
154.000000  155.000000  0.001947 
155.000000  156.000000  0.001931 
156.000000  157.000000  0.001915 
157.000000  158.000000  0.001899 
158.000000  159.000000  0.001882 
159.000000  160.000000  0.001866 
160.000000  161.000000  0.001849 
161.000000  162.000000  0.001832 
162.000000  163.000000  0.001815 
163.000000  164.000000  0.001798 
164.000000  165.000000  0.001781 
165.000000  166.000000  0.001764 
166.000000  167.000000  0.001747 
167.000000  168.000000  0.001730 
168.000000  169.000000  0.001713 
169.000000  170.000000  0.001696 
170.000000  171.000000  0.001679 
171.000000  172.000000  0.001662 
172.000000  173.000000  0.001645 
173.000000  174.000000  0.001628 
174.000000  175.000000  0.001611 
175.000000  176.000000  0.001594 
176.000000  177.000000  0.001577 
177.000000  178.000000  0.001560 
178.000000  179.000000  0.001543 
179.000000  180.000000  0.001527 
180.000000  181.000000  0.001510 
181.000000  182.000000  0.001493 
182.000000  183.000000  0.001477 
183.000000  184.000000  0.001460 
184.000000  185.000000  0.001444 
185.000000  186.000000  0.001427 
186.000000  187.000000  0.001411 
187.000000  188.000000  0.001395 
188.000000  189.000000  0.001379 
189.000000  190.000000  0.001363 
190.000000  191.000000  0.001347 
191.000000  192.000000  0.001331 
192.000000  193.000000  0.001316 
193.000000  194.000000  0.001300 
194.000000  195.000000  0.001285 
195.000000  196.000000  0.001270 
196.000000  197.000000  0.001255 
197.000000  198.000000  0.001240 
198.000000  199.000000  0.001225 
199.000000  200.000000  0.001210 
200.000000  201.000000  0.001196 
201.000000  202.000000  0.001181 
202.000000  203.000000  0.001167 
203.000000  204.000000  0.001153 
204.000000  205.000000  0.001139 
205.000000  206.000000  0.001125 
206.000000  207.000000  0.001111 
207.000000  208.000000  0.001097 
208.000000  209.000000  0.001084 
209.000000  210.000000  0.001070 
210.000000  211.000000  0.001057 
211.000000  212.000000  0.001044 
212.000000  213.000000  0.001031 
213.000000  214.000000  0.001019 
214.000000  215.000000  0.001006 
215.000000  216.000000  0.000994 
216.000000  217.000000  0.000981 
217.000000  218.000000  0.000969 
218.000000  219.000000  0.000957 
219.000000  220.000000  0.000945 
220.000000  221.000000  0.000933 
221.000000  222.000000  0.000922 
222.000000  223.000000  0.000910 
223.000000  224.000000  0.000899 
224.000000  225.000000  0.000888 
225.000000  226.000000  0.000877 
226.000000  227.000000  0.000866 
227.000000  228.000000  0.000855 
228.000000  229.000000  0.000844 
229.000000  230.000000  0.000834 
230.000000  231.000000  0.000824 
231.000000  232.000000  0.000813 
232.000000  233.000000  0.000803 
233.000000  234.000000  0.000793 
234.000000  235.000000  0.000784 
235.000000  236.000000  0.000774 
236.000000  237.000000  0.000764 
237.000000  238.000000  0.000755 
238.000000  239.000000  0.000746 
239.000000  240.000000  0.000736 
240.000000  241.000000  0.000727 
241.000000  242.000000  0.000719 
242.000000  243.000000  0.000710 
243.000000  244.000000  0.000701 
244.000000  245.000000  0.000693 
245.000000  246.000000  0.000684 
246.000000  247.000000  0.000676 
247.000000  248.000000  0.000668 
248.000000  249.000000  0.000659 
249.000000  250.000000  0.000652 
250.000000  251.000000  0.000644 
251.000000  252.000000  0.000636 
252.000000  253.000000  0.000628 
253.000000  254.000000  0.000621 
254.000000  255.000000  0.000613 
255.000000  256.000000  0.000606 
256.000000  257.000000  0.000599 
257.000000  258.000000  0.000592 
258.000000  259.000000  0.000585 
259.000000  260.000000  0.000578 
260.000000  261.000000  0.000571 
261.000000  262.000000  0.000564 
262.000000  263.000000  0.000558 
263.000000  264.000000  0.000551 
264.000000  265.000000  0.000545 
265.000000  266.000000  0.000538 
266.000000  267.000000  0.000532 
267.000000  268.000000  0.000526 
268.000000  269.000000  0.000520 
269.000000  270.000000  0.000514 
270.000000  271.000000  0.000508 
271.000000  272.000000  0.000502 
272.000000  273.000000  0.000497 
273.000000  274.000000  0.000491 
274.000000  275.000000  0.000486 
275.000000  276.000000  0.000480 
276.000000  277.000000  0.000475 
277.000000  278.000000  0.000469 
278.000000  279.000000  0.000464 
279.000000  280.000000  0.000459 
280.000000  281.000000  0.000454 
281.000000  282.000000  0.000449 
282.000000  283.000000  0.000444 
283.000000  284.000000  0.000439 
284.000000  285.000000  0.000434 
285.000000  286.000000  0.000430 
286.000000  287.000000  0.000425 
287.000000  288.000000  0.000421 
288.000000  289.000000  0.000416 
289.000000  290.000000  0.000412 
290.000000  291.000000  0.000407 
291.000000  292.000000  0.000403 
292.000000  293.000000  0.000399 
293.000000  294.000000  0.000394 
294.000000  295.000000  0.000390 
295.000000  296.000000  0.000386 
296.000000  297.000000  0.000382 
297.000000  298.000000  0.000378 
298.000000  299.000000  0.000374 
299.000000  300.000000  0.000371 
300.000000  301.000000  0.000367 
301.000000  302.000000  0.000363 
302.000000  303.000000  0.000359 
303.000000  304.000000  0.000356 
304.000000  305.000000  0.000352 
305.000000  306.000000  0.000349 
306.000000  307.000000  0.000345 
307.000000  308.000000  0.000342 
308.000000  309.000000  0.000338 
309.000000  310.000000  0.000335 
310.000000  311.000000  0.000332 
311.000000  312.000000  0.000329 
312.000000  313.000000  0.000326 
313.000000  314.000000  0.000322 
314.000000  315.000000  0.000319 
315.000000  316.000000  0.000316 
316.000000  317.000000  0.000313 
317.000000  318.000000  0.000310 
318.000000  319.000000  0.000307 
319.000000  320.000000  0.000305 
320.000000  321.000000  0.000302 
321.000000  322.000000  0.000299 
322.000000  323.000000  0.000296 
323.000000  324.000000  0.000293 
324.000000  325.000000  0.000291 
325.000000  326.000000  0.000288 
326.000000  327.000000  0.000286 
327.000000  328.000000  0.000283 
328.000000  329.000000  0.000280 
329.000000  330.000000  0.000278 
330.000000  331.000000  0.000276 
331.000000  332.000000  0.000273 
332.000000  333.000000  0.000271 
333.000000  334.000000  0.000268 
334.000000  335.000000  0.000266 
335.000000  336.000000  0.000264 
336.000000  337.000000  0.000261 
337.000000  338.000000  0.000259 
338.000000  339.000000  0.000257 
339.000000  340.000000  0.000255 
340.000000  341.000000  0.000253 
341.000000  342.000000  0.000251 
342.000000  343.000000  0.000249 
343.000000  344.000000  0.000247 
344.000000  345.000000  0.000244 
345.000000  346.000000  0.000243 
346.000000  347.000000  0.000241 
347.000000  348.000000  0.000239 
348.000000  349.000000  0.000237 
349.000000  350.000000  0.000235 
350.000000  351.000000  0.000233 
351.000000  352.000000  0.000231 
352.000000  353.000000  0.000229 
353.000000  354.000000  0.000227 
354.000000  355.000000  0.000226 
355.000000  356.000000  0.000224 
356.000000  357.000000  0.000222 
357.000000  358.000000  0.000221 
358.000000  359.000000  0.000219 
359.000000  360.000000  0.000217 
360.000000  361.000000  0.000216 
361.000000  362.000000  0.000214 
362.000000  363.000000  0.000212 
363.000000  364.000000  0.000211 
364.000000  365.000000  0.000209 
365.000000  366.000000  0.000208 
366.000000  367.000000  0.000206 
367.000000  368.000000  0.000205 
368.000000  369.000000  0.000203 
369.000000  370.000000  0.000202 
370.000000  371.000000  0.000200 
371.000000  372.000000  0.000199 
372.000000  373.000000  0.000198 
373.000000  374.000000  0.000196 
374.000000  375.000000  0.000195 
375.000000  376.000000  0.000194 
376.000000  377.000000  0.000192 
377.000000  378.000000  0.000191 
378.000000  379.000000  0.000190 
379.000000  380.000000  0.000188 
380.000000  381.000000  0.000187 
381.000000  382.000000  0.000186 
382.000000  383.000000  0.000185 
383.000000  384.000000  0.000184 
384.000000  385.000000  0.000182 
385.000000  386.000000  0.000181 
386.000000  387.000000  0.000180 
387.000000  388.000000  0.000179 
388.000000  389.000000  0.000178 
389.000000  390.000000  0.000177 
390.000000  391.000000  0.000175 
391.000000  392.000000  0.000174 
392.000000  393.000000  0.000173 
393.000000  394.000000  0.000172 
394.000000  395.000000  0.000171 
395.000000  396.000000  0.000170 
396.000000  397.000000  0.000169 
397.000000  398.000000  0.000168 
398.000000  399.000000  0.000167 
399.000000  400.000000  0.000166 
400.000000  401.000000  0.000165 
401.000000  402.000000  0.000164 
402.000000  403.000000  0.000163 
403.000000  404.000000  0.000162 
404.000000  405.000000  0.000161 
405.000000  406.000000  0.000160 
406.000000  407.000000  0.000160 
407.000000  408.000000  0.000159 
408.000000  409.000000  0.000158 
409.000000  410.000000  0.000157 
410.000000  411.000000  0.000156 
411.000000  412.000000  0.000155 
412.000000  413.000000  0.000154 
413.000000  414.000000  0.000154 
414.000000  415.000000  0.000153 
415.000000  416.000000  0.000152 
416.000000  417.000000  0.000151 
417.000000  418.000000  0.000150 
418.000000  419.000000  0.000150 
419.000000  420.000000  0.000149 
420.000000  421.000000  0.000148 
421.000000  422.000000  0.000147 
422.000000  423.000000  0.000146 
423.000000  424.000000  0.000146 
424.000000  425.000000  0.000145 
425.000000  426.000000  0.000144 
426.000000  427.000000  0.000144 
427.000000  428.000000  0.000143 
428.000000  429.000000  0.000142 
429.000000  430.000000  0.000141 
430.000000  431.000000  0.000141 
431.000000  432.000000  0.000140 
432.000000  433.000000  0.000139 
433.000000  434.000000  0.000139 
434.000000  435.000000  0.000138 
435.000000  436.000000  0.000138 
436.000000  437.000000  0.000137 
437.000000  438.000000  0.000136 
438.000000  439.000000  0.000136 
439.000000  440.000000  0.000135 
440.000000  441.000000  0.000134 
441.000000  442.000000  0.000134 
442.000000  443.000000  0.000133 
443.000000  444.000000  0.000133 
444.000000  445.000000  0.000132 
445.000000  446.000000  0.000132 
446.000000  447.000000  0.000131 
447.000000  448.000000  0.000130 
448.000000  449.000000  0.000130 
449.000000  450.000000  0.000129 
450.000000  451.000000  0.000129 
451.000000  452.000000  0.000128 
452.000000  453.000000  0.000128 
453.000000  454.000000  0.000127 
454.000000  455.000000  0.000127 
455.000000  456.000000  0.000126 
456.000000  457.000000  0.000126 
457.000000  458.000000  0.000125 
458.000000  459.000000  0.000125 
459.000000  460.000000  0.000124 
460.000000  461.000000  0.000124 
461.000000  462.000000  0.000123 
462.000000  463.000000  0.000123 
463.000000  464.000000  0.000122 
464.000000  465.000000  0.000122 
465.000000  466.000000  0.000121 
466.000000  467.000000  0.000121 
467.000000  468.000000  0.000120 
468.000000  469.000000  0.000120 
469.000000  470.000000  0.000120 
470.000000  471.000000  0.000119 
471.000000  472.000000  0.000119 
472.000000  473.000000  0.000118 
473.000000  474.000000  0.000118 
474.000000  475.000000  0.000117 
475.000000  476.000000  0.000117 
476.000000  477.000000  0.000117 
477.000000  478.000000  0.000116 
478.000000  479.000000  0.000116 
479.000000  480.000000  0.000116 
480.000000  481.000000  0.000115 
481.000000  482.000000  0.000115 
482.000000  483.000000  0.000114 
483.000000  484.000000  0.000114 
484.000000  485.000000  0.000114 
485.000000  486.000000  0.000113 
486.000000  487.000000  0.000113 
487.000000  488.000000  0.000113 
488.000000  489.000000  0.000112 
489.000000  490.000000  0.000112 
490.000000  491.000000  0.000112 
491.000000  492.000000  0.000111 
492.000000  493.000000  0.000111 
493.000000  494.000000  0.000110 
494.000000  495.000000  0.000110 
495.000000  496.000000  0.000110 
496.000000  497.000000  0.000110 
497.000000  498.000000  0.000109 
498.000000  499.000000  0.000109 
499.000000  500.000000  0.000109 
500.000000  501.000000  0.000108 
501.000000  502.000000  0.000108 
502.000000  503.000000  0.000108 
503.000000  504.000000  0.000107 
504.000000  505.000000  0.000107 
505.000000  506.000000  0.000107 
506.000000  507.000000  0.000106 
507.000000  508.000000  0.000106 
508.000000  509.000000  0.000106 
509.000000  510.000000  0.000106 
510.000000  511.000000  0.000105 
511.000000  512.000000  0.000105 
512.000000  513.000000  0.000105 
513.000000  514.000000  0.000105 
514.000000  515.000000  0.000104 
515.000000  516.000000  0.000104 
516.000000  517.000000  0.000104 
517.000000  518.000000  0.000104 
518.000000  519.000000  0.000103 
519.000000  520.000000  0.000103 
520.000000  521.000000  0.000103 
521.000000  522.000000  0.000103 
522.000000  523.000000  0.000102 
523.000000  524.000000  0.000102 
524.000000  525.000000  0.000102 
525.000000  526.000000  0.000102 
526.000000  527.000000  0.000101 
527.000000  528.000000  0.000101 
528.000000  529.000000  0.000101 
529.000000  530.000000  0.000101 
530.000000  531.000000  0.000100 
531.000000  532.000000  0.000100 
532.000000  533.000000  0.000100 
533.000000  534.000000  0.000100 
534.000000  535.000000  0.000100 
535.000000  536.000000  0.000099 
536.000000  537.000000  0.000099 
537.000000  538.000000  0.000099 
538.000000  539.000000  0.000099 
539.000000  540.000000  0.000099 
540.000000  541.000000  0.000098 
541.000000  542.000000  0.000098 
542.000000  543.000000  0.000098 
543.000000  544.000000  0.000098 
544.000000  545.000000  0.000098 
545.000000  546.000000  0.000097 
546.000000  547.000000  0.000097 
547.000000  548.000000  0.000097 
548.000000  549.000000  0.000097 
549.000000  550.000000  0.000097 
550.000000  551.000000  0.000096 
551.000000  552.000000  0.000096 
552.000000  553.000000  0.000096 
553.000000  554.000000  0.000096 
554.000000  555.000000  0.000096 
555.000000  556.000000  0.000096 
556.000000  557.000000  0.000095 
557.000000  558.000000  0.000095 
558.000000  559.000000  0.000095 
559.000000  560.000000  0.000095 
560.000000  561.000000  0.000095 
561.000000  562.000000  0.000095 
562.000000  563.000000  0.000094 
563.000000  564.000000  0.000094 
564.000000  565.000000  0.000094 
565.000000  566.000000  0.000094 
566.000000  567.000000  0.000094 
567.000000  568.000000  0.000094 
568.000000  569.000000  0.000094 
569.000000  570.000000  0.000093 
570.000000  571.000000  0.000093 
571.000000  572.000000  0.000093 
572.000000  573.000000  0.000093 
573.000000  574.000000  0.000093 
574.000000  575.000000  0.000093 
575.000000  576.000000  0.000093 
576.000000  577.000000  0.000092 
577.000000  578.000000  0.000092 
578.000000  579.000000  0.000092 
579.000000  580.000000  0.000092 
580.000000  581.000000  0.000092 
581.000000  582.000000  0.000092 
582.000000  583.000000  0.000092 
583.000000  584.000000  0.000091 
584.000000  585.000000  0.000091 
585.000000  586.000000  0.000091 
586.000000  587.000000  0.000091 
587.000000  588.000000  0.000091 
588.000000  589.000000  0.000091 
589.000000  590.000000  0.000091 
590.000000  591.000000  0.000091 
591.000000  592.000000  0.000091 
592.000000  593.000000  0.000090 
593.000000  594.000000  0.000090 
594.000000  595.000000  0.000090 
595.000000  596.000000  0.000090 
596.000000  597.000000  0.000090 
597.000000  598.000000  0.000090 
598.000000  599.000000  0.000090 
599.000000  600.000000  0.000090 
600.000000  601.000000  0.000090 
601.000000  602.000000  0.000089 
602.000000  603.000000  0.000089 
603.000000  604.000000  0.000089 
604.000000  605.000000  0.000089 
605.000000  606.000000  0.000089 
606.000000  607.000000  0.000089 
607.000000  608.000000  0.000089 
608.000000  609.000000  0.000089 
609.000000  610.000000  0.000089 
610.000000  611.000000  0.000089 
611.000000  612.000000  0.000088 
612.000000  613.000000  0.000088 
613.000000  614.000000  0.000088 
614.000000  615.000000  0.000088 
615.000000  616.000000  0.000088 
616.000000  617.000000  0.000088 
617.000000  618.000000  0.000088 
618.000000  619.000000  0.000088 
619.000000  620.000000  0.000088 
620.000000  621.000000  0.000088 
621.000000  622.000000  0.000088 
622.000000  623.000000  0.000087 
623.000000  624.000000  0.000087 
624.000000  625.000000  0.000087 
625.000000  626.000000  0.000087 
626.000000  627.000000  0.000087 
627.000000  628.000000  0.000087 
628.000000  629.000000  0.000087 
629.000000  630.000000  0.000087 
630.000000  631.000000  0.000087 
631.000000  632.000000  0.000087 
632.000000  633.000000  0.000087 
633.000000  634.000000  0.000087 
634.000000  635.000000  0.000087 
635.000000  636.000000  0.000086 
636.000000  637.000000  0.000086 
637.000000  638.000000  0.000086 
638.000000  639.000000  0.000086 
639.000000  640.000000  0.000086 
640.000000  641.000000  0.000086 
641.000000  642.000000  0.000086 
642.000000  643.000000  0.000086 
643.000000  644.000000  0.000086 
644.000000  645.000000  0.000086 
645.000000  646.000000  0.000086 
646.000000  647.000000  0.000086 
647.000000  648.000000  0.000086 
648.000000  649.000000  0.000086 
649.000000  650.000000  0.000086 
650.000000  651.000000  0.000085 
651.000000  652.000000  0.000085 
652.000000  653.000000  0.000085 
653.000000  654.000000  0.000085 
654.000000  655.000000  0.000085 
655.000000  656.000000  0.000085 
656.000000  657.000000  0.000085 
657.000000  658.000000  0.000085 
658.000000  659.000000  0.000085 
659.000000  660.000000  0.000085 
660.000000  661.000000  0.000085 
661.000000  662.000000  0.000085 
662.000000  663.000000  0.000085 
663.000000  664.000000  0.000085 
664.000000  665.000000  0.000085 
665.000000  666.000000  0.000085 
666.000000  667.000000  0.000085 
667.000000  668.000000  0.000085 
668.000000  669.000000  0.000084 
669.000000  670.000000  0.000084 
670.000000  671.000000  0.000084 
671.000000  672.000000  0.000084 
672.000000  673.000000  0.000084 
673.000000  674.000000  0.000084 
674.000000  675.000000  0.000084 
675.000000  676.000000  0.000084 
676.000000  677.000000  0.000084 
677.000000  678.000000  0.000084 
678.000000  679.000000  0.000084 
679.000000  680.000000  0.000084 
680.000000  681.000000  0.000084 
681.000000  682.000000  0.000084 
682.000000  683.000000  0.000084 
683.000000  684.000000  0.000084 
684.000000  685.000000  0.000084 
685.000000  686.000000  0.000084 
686.000000  687.000000  0.000084 
687.000000  688.000000  0.000084 
688.000000  689.000000  0.000084 
689.000000  690.000000  0.000084 
690.000000  691.000000  0.000083 
691.000000  692.000000  0.000083 
692.000000  693.000000  0.000083 
693.000000  694.000000  0.000083 
694.000000  695.000000  0.000083 
695.000000  696.000000  0.000083 
696.000000  697.000000  0.000083 
697.000000  698.000000  0.000083 
698.000000  699.000000  0.000083 
699.000000  700.000000  0.000083 
700.000000  701.000000  0.000083 
701.000000  702.000000  0.000083 
702.000000  703.000000  0.000083 
703.000000  704.000000  0.000083 
704.000000  705.000000  0.000083 
705.000000  706.000000  0.000083 
706.000000  707.000000  0.000083 
707.000000  708.000000  0.000083 
708.000000  709.000000  0.000083 
709.000000  710.000000  0.000083 
710.000000  711.000000  0.000083 
711.000000  712.000000  0.000083 
712.000000  713.000000  0.000083 
713.000000  714.000000  0.000083 
714.000000  715.000000  0.000083 
715.000000  716.000000  0.000083 
716.000000  717.000000  0.000083 
717.000000  718.000000  0.000083 
718.000000  719.000000  0.000083 
719.000000  720.000000  0.000083 
720.000000  721.000000  0.000082 
721.000000  722.000000  0.000082 
722.000000  723.000000  0.000082 
723.000000  724.000000  0.000082 
724.000000  725.000000  0.000082 
725.000000  726.000000  0.000082 
726.000000  727.000000  0.000082 
727.000000  728.000000  0.000082 
728.000000  729.000000  0.000082 
729.000000  730.000000  0.000082 
730.000000  731.000000  0.000082 
731.000000  732.000000  0.000082 
732.000000  733.000000  0.000082 
733.000000  734.000000  0.000082 
734.000000  735.000000  0.000082 
735.000000  736.000000  0.000082 
736.000000  737.000000  0.000082 
737.000000  738.000000  0.000082 
738.000000  739.000000  0.000082 
739.000000  740.000000  0.000082 
740.000000  741.000000  0.000082 
741.000000  742.000000  0.000082 
742.000000  743.000000  0.000082 
743.000000  744.000000  0.000082 
744.000000  745.000000  0.000082 
745.000000  746.000000  0.000082 
746.000000  747.000000  0.000082 
747.000000  748.000000  0.000082 
748.000000  749.000000  0.000082 
749.000000  750.000000  0.000082 
750.000000  751.000000  0.000082 
751.000000  752.000000  0.000082 
752.000000  753.000000  0.000082 
753.000000  754.000000  0.000082 
754.000000  755.000000  0.000082 
755.000000  756.000000  0.000082 
756.000000  757.000000  0.000082 
757.000000  758.000000  0.000082 
758.000000  759.000000  0.000082 
759.000000  760.000000  0.000082 
760.000000  761.000000  0.000082 
761.000000  762.000000  0.000082 
762.000000  763.000000  0.000082 
763.000000  764.000000  0.000082 
764.000000  765.000000  0.000082 
765.000000  766.000000  0.000082 
766.000000  767.000000  0.000082 
767.000000  768.000000  0.000082 
768.000000  769.000000  0.000082 
769.000000  770.000000  0.000082 
770.000000  771.000000  0.000082 
771.000000  772.000000  0.000082 
772.000000  773.000000  0.000082 
773.000000  774.000000  0.000082 
774.000000  775.000000  0.000081 
775.000000  776.000000  0.000081 
776.000000  777.000000  0.000081 
777.000000  778.000000  0.000081 
778.000000  779.000000  0.000081 
779.000000  780.000000  0.000081 
780.000000  781.000000  0.000081 
781.000000  782.000000  0.000081 
782.000000  783.000000  0.000081 
783.000000  784.000000  0.000081 
784.000000  785.000000  0.000081 
785.000000  786.000000  0.000081 
786.000000  787.000000  0.000081 
787.000000  788.000000  0.000081 
788.000000  789.000000  0.000081 
789.000000  790.000000  0.000081 
790.000000  791.000000  0.000081 
791.000000  792.000000  0.000081 
792.000000  793.000000  0.000081 
793.000000  794.000000  0.000081 
794.000000  795.000000  0.000081 
795.000000  796.000000  0.000081 
796.000000  797.000000  0.000081 
797.000000  798.000000  0.000081 
798.000000  799.000000  0.000081 
799.000000  800.000000  0.000081 
