17.000000  18.000000  0.004000 
18.000000  19.000000  0.004000 
19.000000  20.000000  0.004000 
20.000000  21.000000  0.004000 
21.000000  22.000000  0.004000 
22.000000  23.000000  0.004000 
23.000000  24.000000  0.004000 
24.000000  25.000000  0.004000 
25.000000  26.000000  0.004000 
26.000000  27.000000  0.004000 
27.000000  28.000000  0.004000 
28.000000  29.000000  0.004000 
29.000000  30.000000  0.004000 
30.000000  31.000000  0.003999 
31.000000  32.000000  0.003999 
32.000000  33.000000  0.003998 
33.000000  34.000000  0.003998 
34.000000  35.000000  0.003996 
35.000000  36.000000  0.003995 
36.000000  37.000000  0.003993 
37.000000  38.000000  0.003991 
38.000000  39.000000  0.003988 
39.000000  40.000000  0.003984 
40.000000  41.000000  0.003979 
41.000000  42.000000  0.003974 
42.000000  43.000000  0.003967 
43.000000  44.000000  0.003960 
44.000000  45.000000  0.003951 
45.000000  46.000000  0.003941 
46.000000  47.000000  0.003929 
47.000000  48.000000  0.003916 
48.000000  49.000000  0.003902 
49.000000  50.000000  0.003886 
50.000000  51.000000  0.003869 
51.000000  52.000000  0.003850 
52.000000  53.000000  0.003829 
53.000000  54.000000  0.003807 
54.000000  55.000000  0.003784 
55.000000  56.000000  0.003759 
56.000000  57.000000  0.003733 
57.000000  58.000000  0.003705 
58.000000  59.000000  0.003676 
59.000000  60.000000  0.003646 
60.000000  61.000000  0.003615 
61.000000  62.000000  0.003583 
62.000000  63.000000  0.003549 
63.000000  64.000000  0.003515 
64.000000  65.000000  0.003480 
65.000000  66.000000  0.003445 
66.000000  67.000000  0.003409 
67.000000  68.000000  0.003372 
68.000000  69.000000  0.003335 
69.000000  70.000000  0.003298 
70.000000  71.000000  0.003260 
71.000000  72.000000  0.003222 
72.000000  73.000000  0.003184 
73.000000  74.000000  0.003146 
74.000000  75.000000  0.003108 
75.000000  76.000000  0.003070 
76.000000  77.000000  0.003032 
77.000000  78.000000  0.002994 
78.000000  79.000000  0.002957 
79.000000  80.000000  0.002919 
80.000000  81.000000  0.002883 
81.000000  82.000000  0.002846 
82.000000  83.000000  0.002810 
83.000000  84.000000  0.002774 
84.000000  85.000000  0.002739 
85.000000  86.000000  0.002701 
86.000000  87.000000  0.002667 
87.000000  88.000000  0.002633 
88.000000  89.000000  0.002599 
89.000000  90.000000  0.002566 
90.000000  91.000000  0.002534 
91.000000  92.000000  0.002502 
92.000000  93.000000  0.002470 
93.000000  94.000000  0.002439 
94.000000  95.000000  0.002409 
95.000000  96.000000  0.002379 
96.000000  97.000000  0.002350 
97.000000  98.000000  0.002321 
98.000000  99.000000  0.002293 
99.000000  100.000000  0.002265 
100.000000  101.000000  0.002237 
101.000000  102.000000  0.002211 
102.000000  103.000000  0.002184 
103.000000  104.000000  0.002158 
104.000000  105.000000  0.002133 
105.000000  106.000000  0.002108 
106.000000  107.000000  0.002083 
107.000000  108.000000  0.002059 
108.000000  109.000000  0.002035 
109.000000  110.000000  0.002011 
110.000000  111.000000  0.001988 
111.000000  112.000000  0.001965 
112.000000  113.000000  0.001943 
113.000000  114.000000  0.001921 
114.000000  115.000000  0.001899 
115.000000  116.000000  0.001878 
116.000000  117.000000  0.001857 
117.000000  118.000000  0.001836 
118.000000  119.000000  0.001815 
119.000000  120.000000  0.001795 
120.000000  121.000000  0.001775 
121.000000  122.000000  0.001755 
122.000000  123.000000  0.001736 
123.000000  124.000000  0.001717 
124.000000  125.000000  0.001698 
125.000000  126.000000  0.001679 
126.000000  127.000000  0.001660 
127.000000  128.000000  0.001642 
128.000000  129.000000  0.001623 
129.000000  130.000000  0.001605 
130.000000  131.000000  0.001588 
131.000000  132.000000  0.001570 
132.000000  133.000000  0.001552 
133.000000  134.000000  0.001535 
134.000000  135.000000  0.001518 
135.000000  136.000000  0.001501 
136.000000  137.000000  0.001484 
137.000000  138.000000  0.001467 
138.000000  139.000000  0.001450 
139.000000  140.000000  0.001434 
140.000000  141.000000  0.001418 
141.000000  142.000000  0.001401 
142.000000  143.000000  0.001385 
143.000000  144.000000  0.001369 
144.000000  145.000000  0.001354 
145.000000  146.000000  0.001338 
146.000000  147.000000  0.001322 
147.000000  148.000000  0.001307 
148.000000  149.000000  0.001292 
149.000000  150.000000  0.001276 
150.000000  151.000000  0.001261 
151.000000  152.000000  0.001246 
152.000000  153.000000  0.001232 
153.000000  154.000000  0.001217 
154.000000  155.000000  0.001202 
155.000000  156.000000  0.001188 
156.000000  157.000000  0.001173 
157.000000  158.000000  0.001159 
158.000000  159.000000  0.001145 
159.000000  160.000000  0.001131 
160.000000  161.000000  0.001117 
161.000000  162.000000  0.001103 
162.000000  163.000000  0.001090 
163.000000  164.000000  0.001076 
164.000000  165.000000  0.001063 
165.000000  166.000000  0.001049 
166.000000  167.000000  0.001036 
167.000000  168.000000  0.001023 
168.000000  169.000000  0.001010 
169.000000  170.000000  0.000997 
170.000000  171.000000  0.000984 
171.000000  172.000000  0.000972 
172.000000  173.000000  0.000959 
173.000000  174.000000  0.000947 
174.000000  175.000000  0.000935 
175.000000  176.000000  0.000923 
176.000000  177.000000  0.000911 
177.000000  178.000000  0.000899 
178.000000  179.000000  0.000887 
179.000000  180.000000  0.000876 
180.000000  181.000000  0.000864 
181.000000  182.000000  0.000853 
182.000000  183.000000  0.000841 
183.000000  184.000000  0.000830 
184.000000  185.000000  0.000819 
185.000000  186.000000  0.000809 
186.000000  187.000000  0.000798 
187.000000  188.000000  0.000787 
188.000000  189.000000  0.000777 
189.000000  190.000000  0.000766 
190.000000  191.000000  0.000756 
191.000000  192.000000  0.000746 
192.000000  193.000000  0.000736 
193.000000  194.000000  0.000726 
194.000000  195.000000  0.000716 
195.000000  196.000000  0.000707 
196.000000  197.000000  0.000697 
197.000000  198.000000  0.000688 
198.000000  199.000000  0.000678 
199.000000  200.000000  0.000669 
200.000000  201.000000  0.000660 
201.000000  202.000000  0.000651 
202.000000  203.000000  0.000642 
203.000000  204.000000  0.000633 
204.000000  205.000000  0.000625 
205.000000  206.000000  0.000616 
206.000000  207.000000  0.000608 
207.000000  208.000000  0.000600 
208.000000  209.000000  0.000592 
209.000000  210.000000  0.000583 
210.000000  211.000000  0.000575 
211.000000  212.000000  0.000568 
212.000000  213.000000  0.000560 
213.000000  214.000000  0.000552 
214.000000  215.000000  0.000545 
215.000000  216.000000  0.000537 
216.000000  217.000000  0.000530 
217.000000  218.000000  0.000523 
218.000000  219.000000  0.000516 
219.000000  220.000000  0.000509 
220.000000  221.000000  0.000502 
221.000000  222.000000  0.000495 
222.000000  223.000000  0.000488 
223.000000  224.000000  0.000481 
224.000000  225.000000  0.000475 
225.000000  226.000000  0.000469 
226.000000  227.000000  0.000462 
227.000000  228.000000  0.000456 
228.000000  229.000000  0.000450 
229.000000  230.000000  0.000444 
230.000000  231.000000  0.000438 
231.000000  232.000000  0.000432 
232.000000  233.000000  0.000426 
233.000000  234.000000  0.000420 
234.000000  235.000000  0.000414 
235.000000  236.000000  0.000409 
236.000000  237.000000  0.000403 
237.000000  238.000000  0.000398 
238.000000  239.000000  0.000393 
239.000000  240.000000  0.000387 
240.000000  241.000000  0.000382 
241.000000  242.000000  0.000377 
242.000000  243.000000  0.000372 
243.000000  244.000000  0.000367 
244.000000  245.000000  0.000362 
245.000000  246.000000  0.000357 
246.000000  247.000000  0.000353 
247.000000  248.000000  0.000348 
248.000000  249.000000  0.000343 
249.000000  250.000000  0.000339 
250.000000  251.000000  0.000334 
251.000000  252.000000  0.000330 
252.000000  253.000000  0.000326 
253.000000  254.000000  0.000321 
254.000000  255.000000  0.000317 
255.000000  256.000000  0.000313 
256.000000  257.000000  0.000309 
257.000000  258.000000  0.000305 
258.000000  259.000000  0.000301 
259.000000  260.000000  0.000297 
260.000000  261.000000  0.000293 
261.000000  262.000000  0.000290 
262.000000  263.000000  0.000286 
263.000000  264.000000  0.000282 
264.000000  265.000000  0.000278 
265.000000  266.000000  0.000275 
266.000000  267.000000  0.000271 
267.000000  268.000000  0.000268 
268.000000  269.000000  0.000265 
269.000000  270.000000  0.000261 
270.000000  271.000000  0.000258 
271.000000  272.000000  0.000255 
272.000000  273.000000  0.000251 
273.000000  274.000000  0.000248 
274.000000  275.000000  0.000245 
275.000000  276.000000  0.000242 
276.000000  277.000000  0.000239 
277.000000  278.000000  0.000236 
278.000000  279.000000  0.000233 
279.000000  280.000000  0.000230 
280.000000  281.000000  0.000227 
281.000000  282.000000  0.000225 
282.000000  283.000000  0.000222 
283.000000  284.000000  0.000219 
284.000000  285.000000  0.000216 
285.000000  286.000000  0.000214 
286.000000  287.000000  0.000211 
287.000000  288.000000  0.000209 
288.000000  289.000000  0.000206 
289.000000  290.000000  0.000204 
290.000000  291.000000  0.000201 
291.000000  292.000000  0.000199 
292.000000  293.000000  0.000196 
293.000000  294.000000  0.000194 
294.000000  295.000000  0.000192 
295.000000  296.000000  0.000189 
296.000000  297.000000  0.000187 
297.000000  298.000000  0.000185 
298.000000  299.000000  0.000183 
299.000000  300.000000  0.000180 
300.000000  301.000000  0.000178 
301.000000  302.000000  0.000176 
302.000000  303.000000  0.000174 
303.000000  304.000000  0.000172 
304.000000  305.000000  0.000170 
305.000000  306.000000  0.000168 
306.000000  307.000000  0.000166 
307.000000  308.000000  0.000164 
308.000000  309.000000  0.000162 
309.000000  310.000000  0.000161 
310.000000  311.000000  0.000159 
311.000000  312.000000  0.000157 
312.000000  313.000000  0.000155 
313.000000  314.000000  0.000153 
314.000000  315.000000  0.000152 
315.000000  316.000000  0.000150 
316.000000  317.000000  0.000148 
317.000000  318.000000  0.000147 
318.000000  319.000000  0.000145 
319.000000  320.000000  0.000143 
320.000000  321.000000  0.000142 
321.000000  322.000000  0.000140 
322.000000  323.000000  0.000139 
323.000000  324.000000  0.000137 
324.000000  325.000000  0.000135 
325.000000  326.000000  0.000134 
326.000000  327.000000  0.000133 
327.000000  328.000000  0.000131 
328.000000  329.000000  0.000130 
329.000000  330.000000  0.000128 
330.000000  331.000000  0.000127 
331.000000  332.000000  0.000125 
332.000000  333.000000  0.000124 
333.000000  334.000000  0.000123 
334.000000  335.000000  0.000121 
335.000000  336.000000  0.000120 
336.000000  337.000000  0.000119 
337.000000  338.000000  0.000118 
338.000000  339.000000  0.000116 
339.000000  340.000000  0.000115 
340.000000  341.000000  0.000114 
341.000000  342.000000  0.000113 
342.000000  343.000000  0.000112 
343.000000  344.000000  0.000110 
344.000000  345.000000  0.000109 
345.000000  346.000000  0.000108 
346.000000  347.000000  0.000107 
347.000000  348.000000  0.000106 
348.000000  349.000000  0.000105 
349.000000  350.000000  0.000104 
350.000000  351.000000  0.000103 
351.000000  352.000000  0.000102 
352.000000  353.000000  0.000101 
353.000000  354.000000  0.000100 
354.000000  355.000000  0.000099 
355.000000  356.000000  0.000098 
356.000000  357.000000  0.000097 
357.000000  358.000000  0.000096 
358.000000  359.000000  0.000095 
359.000000  360.000000  0.000094 
360.000000  361.000000  0.000093 
361.000000  362.000000  0.000092 
362.000000  363.000000  0.000091 
363.000000  364.000000  0.000090 
364.000000  365.000000  0.000089 
365.000000  366.000000  0.000088 
366.000000  367.000000  0.000087 
367.000000  368.000000  0.000087 
368.000000  369.000000  0.000086 
369.000000  370.000000  0.000085 
370.000000  371.000000  0.000084 
371.000000  372.000000  0.000083 
372.000000  373.000000  0.000083 
373.000000  374.000000  0.000082 
374.000000  375.000000  0.000081 
375.000000  376.000000  0.000080 
376.000000  377.000000  0.000079 
377.000000  378.000000  0.000079 
378.000000  379.000000  0.000078 
379.000000  380.000000  0.000077 
380.000000  381.000000  0.000077 
381.000000  382.000000  0.000076 
382.000000  383.000000  0.000075 
383.000000  384.000000  0.000074 
384.000000  385.000000  0.000074 
385.000000  386.000000  0.000073 
386.000000  387.000000  0.000072 
387.000000  388.000000  0.000072 
388.000000  389.000000  0.000071 
389.000000  390.000000  0.000070 
390.000000  391.000000  0.000070 
391.000000  392.000000  0.000069 
392.000000  393.000000  0.000069 
393.000000  394.000000  0.000068 
394.000000  395.000000  0.000067 
395.000000  396.000000  0.000067 
396.000000  397.000000  0.000066 
397.000000  398.000000  0.000066 
398.000000  399.000000  0.000065 
399.000000  400.000000  0.000064 
400.000000  401.000000  0.000064 
401.000000  402.000000  0.000063 
402.000000  403.000000  0.000063 
403.000000  404.000000  0.000062 
404.000000  405.000000  0.000062 
405.000000  406.000000  0.000061 
406.000000  407.000000  0.000061 
407.000000  408.000000  0.000060 
408.000000  409.000000  0.000060 
409.000000  410.000000  0.000059 
410.000000  411.000000  0.000059 
411.000000  412.000000  0.000058 
412.000000  413.000000  0.000058 
413.000000  414.000000  0.000057 
414.000000  415.000000  0.000057 
415.000000  416.000000  0.000056 
416.000000  417.000000  0.000056 
417.000000  418.000000  0.000055 
418.000000  419.000000  0.000055 
419.000000  420.000000  0.000054 
420.000000  421.000000  0.000054 
421.000000  422.000000  0.000053 
422.000000  423.000000  0.000053 
423.000000  424.000000  0.000053 
424.000000  425.000000  0.000052 
425.000000  426.000000  0.000052 
426.000000  427.000000  0.000051 
427.000000  428.000000  0.000051 
428.000000  429.000000  0.000050 
429.000000  430.000000  0.000050 
430.000000  431.000000  0.000050 
431.000000  432.000000  0.000049 
432.000000  433.000000  0.000049 
433.000000  434.000000  0.000048 
434.000000  435.000000  0.000048 
435.000000  436.000000  0.000048 
436.000000  437.000000  0.000047 
437.000000  438.000000  0.000047 
438.000000  439.000000  0.000047 
439.000000  440.000000  0.000046 
440.000000  441.000000  0.000046 
441.000000  442.000000  0.000046 
442.000000  443.000000  0.000045 
443.000000  444.000000  0.000045 
444.000000  445.000000  0.000044 
445.000000  446.000000  0.000044 
446.000000  447.000000  0.000044 
447.000000  448.000000  0.000044 
448.000000  449.000000  0.000043 
449.000000  450.000000  0.000043 
450.000000  451.000000  0.000043 
451.000000  452.000000  0.000042 
452.000000  453.000000  0.000042 
453.000000  454.000000  0.000042 
454.000000  455.000000  0.000041 
455.000000  456.000000  0.000041 
456.000000  457.000000  0.000041 
457.000000  458.000000  0.000040 
458.000000  459.000000  0.000040 
459.000000  460.000000  0.000040 
460.000000  461.000000  0.000040 
461.000000  462.000000  0.000039 
462.000000  463.000000  0.000039 
463.000000  464.000000  0.000039 
464.000000  465.000000  0.000038 
465.000000  466.000000  0.000038 
466.000000  467.000000  0.000038 
467.000000  468.000000  0.000038 
468.000000  469.000000  0.000037 
469.000000  470.000000  0.000037 
470.000000  471.000000  0.000037 
471.000000  472.000000  0.000037 
472.000000  473.000000  0.000036 
473.000000  474.000000  0.000036 
474.000000  475.000000  0.000036 
475.000000  476.000000  0.000036 
476.000000  477.000000  0.000035 
477.000000  478.000000  0.000035 
478.000000  479.000000  0.000035 
479.000000  480.000000  0.000035 
480.000000  481.000000  0.000034 
481.000000  482.000000  0.000034 
482.000000  483.000000  0.000034 
483.000000  484.000000  0.000034 
484.000000  485.000000  0.000034 
485.000000  486.000000  0.000033 
486.000000  487.000000  0.000033 
487.000000  488.000000  0.000033 
488.000000  489.000000  0.000033 
489.000000  490.000000  0.000033 
490.000000  491.000000  0.000032 
491.000000  492.000000  0.000032 
492.000000  493.000000  0.000032 
493.000000  494.000000  0.000032 
494.000000  495.000000  0.000032 
495.000000  496.000000  0.000031 
496.000000  497.000000  0.000031 
497.000000  498.000000  0.000031 
498.000000  499.000000  0.000031 
499.000000  500.000000  0.000031 
500.000000  501.000000  0.000030 
501.000000  502.000000  0.000030 
502.000000  503.000000  0.000030 
503.000000  504.000000  0.000030 
504.000000  505.000000  0.000030 
505.000000  506.000000  0.000029 
506.000000  507.000000  0.000029 
507.000000  508.000000  0.000029 
508.000000  509.000000  0.000029 
509.000000  510.000000  0.000029 
510.000000  511.000000  0.000029 
511.000000  512.000000  0.000028 
512.000000  513.000000  0.000028 
513.000000  514.000000  0.000028 
514.000000  515.000000  0.000028 
515.000000  516.000000  0.000028 
516.000000  517.000000  0.000028 
517.000000  518.000000  0.000028 
518.000000  519.000000  0.000027 
519.000000  520.000000  0.000027 
520.000000  521.000000  0.000027 
521.000000  522.000000  0.000027 
522.000000  523.000000  0.000027 
523.000000  524.000000  0.000027 
524.000000  525.000000  0.000026 
525.000000  526.000000  0.000026 
526.000000  527.000000  0.000026 
527.000000  528.000000  0.000026 
528.000000  529.000000  0.000026 
529.000000  530.000000  0.000026 
530.000000  531.000000  0.000026 
531.000000  532.000000  0.000026 
532.000000  533.000000  0.000025 
533.000000  534.000000  0.000025 
534.000000  535.000000  0.000025 
535.000000  536.000000  0.000025 
536.000000  537.000000  0.000025 
537.000000  538.000000  0.000025 
538.000000  539.000000  0.000025 
539.000000  540.000000  0.000025 
540.000000  541.000000  0.000024 
541.000000  542.000000  0.000024 
542.000000  543.000000  0.000024 
543.000000  544.000000  0.000024 
544.000000  545.000000  0.000024 
545.000000  546.000000  0.000024 
546.000000  547.000000  0.000024 
547.000000  548.000000  0.000024 
548.000000  549.000000  0.000023 
549.000000  550.000000  0.000023 
550.000000  551.000000  0.000023 
551.000000  552.000000  0.000023 
552.000000  553.000000  0.000023 
553.000000  554.000000  0.000023 
554.000000  555.000000  0.000023 
555.000000  556.000000  0.000023 
556.000000  557.000000  0.000023 
557.000000  558.000000  0.000023 
558.000000  559.000000  0.000022 
559.000000  560.000000  0.000022 
560.000000  561.000000  0.000022 
561.000000  562.000000  0.000022 
562.000000  563.000000  0.000022 
563.000000  564.000000  0.000022 
564.000000  565.000000  0.000022 
565.000000  566.000000  0.000022 
566.000000  567.000000  0.000022 
567.000000  568.000000  0.000022 
568.000000  569.000000  0.000022 
569.000000  570.000000  0.000021 
570.000000  571.000000  0.000021 
571.000000  572.000000  0.000021 
572.000000  573.000000  0.000021 
573.000000  574.000000  0.000021 
574.000000  575.000000  0.000021 
575.000000  576.000000  0.000021 
576.000000  577.000000  0.000021 
577.000000  578.000000  0.000021 
578.000000  579.000000  0.000021 
579.000000  580.000000  0.000021 
580.000000  581.000000  0.000021 
581.000000  582.000000  0.000020 
582.000000  583.000000  0.000020 
583.000000  584.000000  0.000020 
584.000000  585.000000  0.000020 
585.000000  586.000000  0.000020 
586.000000  587.000000  0.000020 
587.000000  588.000000  0.000020 
588.000000  589.000000  0.000020 
589.000000  590.000000  0.000020 
590.000000  591.000000  0.000020 
591.000000  592.000000  0.000020 
592.000000  593.000000  0.000020 
593.000000  594.000000  0.000020 
594.000000  595.000000  0.000020 
595.000000  596.000000  0.000019 
596.000000  597.000000  0.000019 
597.000000  598.000000  0.000019 
598.000000  599.000000  0.000019 
599.000000  600.000000  0.000019 
600.000000  601.000000  0.000019 
601.000000  602.000000  0.000019 
602.000000  603.000000  0.000019 
603.000000  604.000000  0.000019 
604.000000  605.000000  0.000019 
605.000000  606.000000  0.000019 
606.000000  607.000000  0.000019 
607.000000  608.000000  0.000019 
608.000000  609.000000  0.000019 
609.000000  610.000000  0.000019 
610.000000  611.000000  0.000019 
611.000000  612.000000  0.000018 
612.000000  613.000000  0.000018 
613.000000  614.000000  0.000018 
614.000000  615.000000  0.000018 
615.000000  616.000000  0.000018 
616.000000  617.000000  0.000018 
617.000000  618.000000  0.000018 
618.000000  619.000000  0.000018 
619.000000  620.000000  0.000018 
620.000000  621.000000  0.000018 
621.000000  622.000000  0.000018 
622.000000  623.000000  0.000018 
623.000000  624.000000  0.000018 
624.000000  625.000000  0.000018 
625.000000  626.000000  0.000018 
626.000000  627.000000  0.000018 
627.000000  628.000000  0.000018 
628.000000  629.000000  0.000018 
629.000000  630.000000  0.000018 
630.000000  631.000000  0.000018 
631.000000  632.000000  0.000017 
632.000000  633.000000  0.000017 
633.000000  634.000000  0.000017 
634.000000  635.000000  0.000017 
635.000000  636.000000  0.000017 
636.000000  637.000000  0.000017 
637.000000  638.000000  0.000017 
638.000000  639.000000  0.000017 
639.000000  640.000000  0.000017 
640.000000  641.000000  0.000017 
641.000000  642.000000  0.000017 
642.000000  643.000000  0.000017 
643.000000  644.000000  0.000017 
644.000000  645.000000  0.000017 
645.000000  646.000000  0.000017 
646.000000  647.000000  0.000017 
647.000000  648.000000  0.000017 
648.000000  649.000000  0.000017 
649.000000  650.000000  0.000017 
650.000000  651.000000  0.000017 
651.000000  652.000000  0.000017 
652.000000  653.000000  0.000017 
653.000000  654.000000  0.000017 
654.000000  655.000000  0.000017 
655.000000  656.000000  0.000017 
656.000000  657.000000  0.000017 
657.000000  658.000000  0.000016 
658.000000  659.000000  0.000016 
659.000000  660.000000  0.000016 
660.000000  661.000000  0.000016 
661.000000  662.000000  0.000016 
662.000000  663.000000  0.000016 
663.000000  664.000000  0.000016 
664.000000  665.000000  0.000016 
665.000000  666.000000  0.000016 
666.000000  667.000000  0.000016 
667.000000  668.000000  0.000016 
668.000000  669.000000  0.000016 
669.000000  670.000000  0.000016 
670.000000  671.000000  0.000016 
671.000000  672.000000  0.000016 
672.000000  673.000000  0.000016 
673.000000  674.000000  0.000016 
674.000000  675.000000  0.000016 
675.000000  676.000000  0.000016 
676.000000  677.000000  0.000016 
677.000000  678.000000  0.000016 
678.000000  679.000000  0.000016 
679.000000  680.000000  0.000016 
680.000000  681.000000  0.000016 
681.000000  682.000000  0.000016 
682.000000  683.000000  0.000016 
683.000000  684.000000  0.000016 
684.000000  685.000000  0.000016 
685.000000  686.000000  0.000016 
686.000000  687.000000  0.000016 
687.000000  688.000000  0.000016 
688.000000  689.000000  0.000016 
689.000000  690.000000  0.000016 
690.000000  691.000000  0.000016 
691.000000  692.000000  0.000016 
692.000000  693.000000  0.000016 
693.000000  694.000000  0.000016 
694.000000  695.000000  0.000016 
695.000000  696.000000  0.000016 
696.000000  697.000000  0.000016 
697.000000  698.000000  0.000015 
698.000000  699.000000  0.000015 
699.000000  700.000000  0.000015 
700.000000  701.000000  0.000015 
701.000000  702.000000  0.000015 
702.000000  703.000000  0.000015 
703.000000  704.000000  0.000015 
704.000000  705.000000  0.000015 
705.000000  706.000000  0.000015 
706.000000  707.000000  0.000015 
707.000000  708.000000  0.000015 
708.000000  709.000000  0.000015 
709.000000  710.000000  0.000015 
710.000000  711.000000  0.000015 
711.000000  712.000000  0.000015 
712.000000  713.000000  0.000015 
713.000000  714.000000  0.000015 
714.000000  715.000000  0.000015 
715.000000  716.000000  0.000015 
716.000000  717.000000  0.000015 
717.000000  718.000000  0.000015 
718.000000  719.000000  0.000015 
719.000000  720.000000  0.000015 
720.000000  721.000000  0.000015 
721.000000  722.000000  0.000015 
722.000000  723.000000  0.000015 
723.000000  724.000000  0.000015 
724.000000  725.000000  0.000015 
725.000000  726.000000  0.000015 
726.000000  727.000000  0.000015 
727.000000  728.000000  0.000015 
728.000000  729.000000  0.000015 
729.000000  730.000000  0.000015 
730.000000  731.000000  0.000015 
731.000000  732.000000  0.000015 
732.000000  733.000000  0.000015 
733.000000  734.000000  0.000015 
734.000000  735.000000  0.000015 
735.000000  736.000000  0.000015 
736.000000  737.000000  0.000015 
737.000000  738.000000  0.000015 
738.000000  739.000000  0.000015 
739.000000  740.000000  0.000015 
740.000000  741.000000  0.000015 
741.000000  742.000000  0.000015 
742.000000  743.000000  0.000015 
743.000000  744.000000  0.000015 
744.000000  745.000000  0.000015 
745.000000  746.000000  0.000015 
746.000000  747.000000  0.000015 
747.000000  748.000000  0.000015 
748.000000  749.000000  0.000015 
749.000000  750.000000  0.000015 
750.000000  751.000000  0.000015 
751.000000  752.000000  0.000015 
752.000000  753.000000  0.000015 
753.000000  754.000000  0.000015 
754.000000  755.000000  0.000015 
755.000000  756.000000  0.000015 
756.000000  757.000000  0.000015 
757.000000  758.000000  0.000015 
758.000000  759.000000  0.000015 
759.000000  760.000000  0.000015 
760.000000  761.000000  0.000015 
761.000000  762.000000  0.000015 
762.000000  763.000000  0.000015 
763.000000  764.000000  0.000015 
764.000000  765.000000  0.000015 
765.000000  766.000000  0.000015 
766.000000  767.000000  0.000015 
767.000000  768.000000  0.000015 
768.000000  769.000000  0.000015 
769.000000  770.000000  0.000015 
770.000000  771.000000  0.000015 
771.000000  772.000000  0.000015 
772.000000  773.000000  0.000015 
773.000000  774.000000  0.000015 
774.000000  775.000000  0.000015 
775.000000  776.000000  0.000015 
776.000000  777.000000  0.000015 
777.000000  778.000000  0.000015 
778.000000  779.000000  0.000015 
779.000000  780.000000  0.000015 
780.000000  781.000000  0.000015 
781.000000  782.000000  0.000015 
782.000000  783.000000  0.000015 
783.000000  784.000000  0.000015 
784.000000  785.000000  0.000015 
785.000000  786.000000  0.000015 
786.000000  787.000000  0.000015 
787.000000  788.000000  0.000015 
788.000000  789.000000  0.000015 
789.000000  790.000000  0.000015 
790.000000  791.000000  0.000015 
791.000000  792.000000  0.000015 
792.000000  793.000000  0.000015 
793.000000  794.000000  0.000015 
794.000000  795.000000  0.000015 
795.000000  796.000000  0.000015 
796.000000  797.000000  0.000015 
797.000000  798.000000  0.000015 
798.000000  799.000000  0.000015 
799.000000  800.000000  0.000015 
