17.000000  18.000000  0.000000 
18.000000  19.000000  0.000000 
19.000000  20.000000  0.000000 
20.000000  21.000000  0.000000 
21.000000  22.000000  0.000000 
22.000000  23.000000  0.000000 
23.000000  24.000000  0.000000 
24.000000  25.000000  0.000000 
25.000000  26.000000  0.000000 
26.000000  27.000000  0.000000 
27.000000  28.000000  0.000000 
28.000000  29.000000  0.000000 
29.000000  30.000000  0.000000 
30.000000  31.000000  0.000000 
31.000000  32.000000  0.000000 
32.000000  33.000000  0.000000 
33.000000  34.000000  0.000000 
34.000000  35.000000  0.000000 
35.000000  36.000000  0.000000 
36.000000  37.000000  0.000000 
37.000000  38.000000  0.000000 
38.000000  39.000000  0.000000 
39.000000  40.000000  0.000000 
40.000000  41.000000  0.000000 
41.000000  42.000000  0.000000 
42.000000  43.000000  0.000000 
43.000000  44.000000  0.000000 
44.000000  45.000000  0.000000 
45.000000  46.000000  0.000000 
46.000000  47.000000  0.000001 
47.000000  48.000000  0.000001 
48.000000  49.000000  0.000001 
49.000000  50.000000  0.000001 
50.000000  51.000000  0.000001 
51.000000  52.000000  0.000001 
52.000000  53.000000  0.000001 
53.000000  54.000000  0.000001 
54.000000  55.000000  0.000001 
55.000000  56.000000  0.000001 
56.000000  57.000000  0.000001 
57.000000  58.000000  0.000001 
58.000000  59.000000  0.000001 
59.000000  60.000000  0.000001 
60.000000  61.000000  0.000001 
61.000000  62.000000  0.000001 
62.000000  63.000000  0.000001 
63.000000  64.000000  0.000001 
64.000000  65.000000  0.000001 
65.000000  66.000000  0.000001 
66.000000  67.000000  0.000001 
67.000000  68.000000  0.000001 
68.000000  69.000000  0.000001 
69.000000  70.000000  0.000001 
70.000000  71.000000  0.000002 
71.000000  72.000000  0.000002 
72.000000  73.000000  0.000002 
73.000000  74.000000  0.000002 
74.000000  75.000000  0.000003 
75.000000  76.000000  0.000003 
76.000000  77.000000  0.000004 
77.000000  78.000000  0.000005 
78.000000  79.000000  0.000005 
79.000000  80.000000  0.000006 
80.000000  81.000000  0.000007 
81.000000  82.000000  0.000009 
82.000000  83.000000  0.000010 
83.000000  84.000000  0.000011 
84.000000  85.000000  0.000013 
85.000000  86.000000  0.000015 
86.000000  87.000000  0.000016 
87.000000  88.000000  0.000018 
88.000000  89.000000  0.000020 
89.000000  90.000000  0.000023 
90.000000  91.000000  0.000025 
91.000000  92.000000  0.000028 
92.000000  93.000000  0.000031 
93.000000  94.000000  0.000034 
94.000000  95.000000  0.000037 
95.000000  96.000000  0.000040 
96.000000  97.000000  0.000043 
97.000000  98.000000  0.000047 
98.000000  99.000000  0.000050 
99.000000  100.000000  0.000054 
100.000000  101.000000  0.000058 
101.000000  102.000000  0.000062 
102.000000  103.000000  0.000067 
103.000000  104.000000  0.000071 
104.000000  105.000000  0.000076 
105.000000  106.000000  0.000080 
106.000000  107.000000  0.000085 
107.000000  108.000000  0.000090 
108.000000  109.000000  0.000095 
109.000000  110.000000  0.000100 
110.000000  111.000000  0.000105 
111.000000  112.000000  0.000110 
112.000000  113.000000  0.000115 
113.000000  114.000000  0.000120 
114.000000  115.000000  0.000126 
115.000000  116.000000  0.000131 
116.000000  117.000000  0.000136 
117.000000  118.000000  0.000142 
118.000000  119.000000  0.000147 
119.000000  120.000000  0.000153 
120.000000  121.000000  0.000158 
121.000000  122.000000  0.000163 
122.000000  123.000000  0.000169 
123.000000  124.000000  0.000174 
124.000000  125.000000  0.000179 
125.000000  126.000000  0.000185 
126.000000  127.000000  0.000190 
127.000000  128.000000  0.000195 
128.000000  129.000000  0.000200 
129.000000  130.000000  0.000205 
130.000000  131.000000  0.000210 
131.000000  132.000000  0.000214 
132.000000  133.000000  0.000219 
133.000000  134.000000  0.000224 
134.000000  135.000000  0.000228 
135.000000  136.000000  0.000232 
136.000000  137.000000  0.000237 
137.000000  138.000000  0.000241 
138.000000  139.000000  0.000245 
139.000000  140.000000  0.000248 
140.000000  141.000000  0.000252 
141.000000  142.000000  0.000256 
142.000000  143.000000  0.000259 
143.000000  144.000000  0.000263 
144.000000  145.000000  0.000266 
145.000000  146.000000  0.000269 
146.000000  147.000000  0.000272 
147.000000  148.000000  0.000274 
148.000000  149.000000  0.000277 
149.000000  150.000000  0.000279 
150.000000  151.000000  0.000282 
151.000000  152.000000  0.000284 
152.000000  153.000000  0.000286 
153.000000  154.000000  0.000288 
154.000000  155.000000  0.000289 
155.000000  156.000000  0.000291 
156.000000  157.000000  0.000292 
157.000000  158.000000  0.000294 
158.000000  159.000000  0.000295 
159.000000  160.000000  0.000296 
160.000000  161.000000  0.000297 
161.000000  162.000000  0.000298 
162.000000  163.000000  0.000298 
163.000000  164.000000  0.000299 
164.000000  165.000000  0.000299 
165.000000  166.000000  0.000299 
166.000000  167.000000  0.000300 
167.000000  168.000000  0.000300 
168.000000  169.000000  0.000300 
169.000000  170.000000  0.000299 
170.000000  171.000000  0.000299 
171.000000  172.000000  0.000299 
172.000000  173.000000  0.000298 
173.000000  174.000000  0.000298 
174.000000  175.000000  0.000297 
175.000000  176.000000  0.000296 
176.000000  177.000000  0.000295 
177.000000  178.000000  0.000295 
178.000000  179.000000  0.000294 
179.000000  180.000000  0.000292 
180.000000  181.000000  0.000291 
181.000000  182.000000  0.000290 
182.000000  183.000000  0.000289 
183.000000  184.000000  0.000287 
184.000000  185.000000  0.000286 
185.000000  186.000000  0.000284 
186.000000  187.000000  0.000283 
187.000000  188.000000  0.000281 
188.000000  189.000000  0.000280 
189.000000  190.000000  0.000278 
190.000000  191.000000  0.000276 
191.000000  192.000000  0.000274 
192.000000  193.000000  0.000272 
193.000000  194.000000  0.000270 
194.000000  195.000000  0.000269 
195.000000  196.000000  0.000267 
196.000000  197.000000  0.000265 
197.000000  198.000000  0.000263 
198.000000  199.000000  0.000261 
199.000000  200.000000  0.000258 
200.000000  201.000000  0.000256 
201.000000  202.000000  0.000254 
202.000000  203.000000  0.000252 
203.000000  204.000000  0.000250 
204.000000  205.000000  0.000248 
205.000000  206.000000  0.000246 
206.000000  207.000000  0.000243 
207.000000  208.000000  0.000241 
208.000000  209.000000  0.000239 
209.000000  210.000000  0.000237 
210.000000  211.000000  0.000234 
211.000000  212.000000  0.000232 
212.000000  213.000000  0.000230 
213.000000  214.000000  0.000228 
214.000000  215.000000  0.000225 
215.000000  216.000000  0.000223 
216.000000  217.000000  0.000221 
217.000000  218.000000  0.000219 
218.000000  219.000000  0.000216 
219.000000  220.000000  0.000214 
220.000000  221.000000  0.000212 
221.000000  222.000000  0.000210 
222.000000  223.000000  0.000208 
223.000000  224.000000  0.000205 
224.000000  225.000000  0.000203 
225.000000  226.000000  0.000201 
226.000000  227.000000  0.000199 
227.000000  228.000000  0.000197 
228.000000  229.000000  0.000194 
229.000000  230.000000  0.000192 
230.000000  231.000000  0.000190 
231.000000  232.000000  0.000188 
232.000000  233.000000  0.000186 
233.000000  234.000000  0.000184 
234.000000  235.000000  0.000182 
235.000000  236.000000  0.000180 
236.000000  237.000000  0.000178 
237.000000  238.000000  0.000176 
238.000000  239.000000  0.000174 
239.000000  240.000000  0.000171 
240.000000  241.000000  0.000170 
241.000000  242.000000  0.000168 
242.000000  243.000000  0.000166 
243.000000  244.000000  0.000164 
244.000000  245.000000  0.000162 
245.000000  246.000000  0.000160 
246.000000  247.000000  0.000158 
247.000000  248.000000  0.000156 
248.000000  249.000000  0.000154 
249.000000  250.000000  0.000152 
250.000000  251.000000  0.000151 
251.000000  252.000000  0.000149 
252.000000  253.000000  0.000147 
253.000000  254.000000  0.000145 
254.000000  255.000000  0.000143 
255.000000  256.000000  0.000142 
256.000000  257.000000  0.000140 
257.000000  258.000000  0.000138 
258.000000  259.000000  0.000137 
259.000000  260.000000  0.000135 
260.000000  261.000000  0.000133 
261.000000  262.000000  0.000132 
262.000000  263.000000  0.000130 
263.000000  264.000000  0.000129 
264.000000  265.000000  0.000127 
265.000000  266.000000  0.000126 
266.000000  267.000000  0.000124 
267.000000  268.000000  0.000123 
268.000000  269.000000  0.000121 
269.000000  270.000000  0.000120 
270.000000  271.000000  0.000118 
271.000000  272.000000  0.000117 
272.000000  273.000000  0.000115 
273.000000  274.000000  0.000114 
274.000000  275.000000  0.000112 
275.000000  276.000000  0.000111 
276.000000  277.000000  0.000110 
277.000000  278.000000  0.000108 
278.000000  279.000000  0.000107 
279.000000  280.000000  0.000106 
280.000000  281.000000  0.000105 
281.000000  282.000000  0.000103 
282.000000  283.000000  0.000102 
283.000000  284.000000  0.000101 
284.000000  285.000000  0.000100 
285.000000  286.000000  0.000098 
286.000000  287.000000  0.000097 
287.000000  288.000000  0.000096 
288.000000  289.000000  0.000095 
289.000000  290.000000  0.000094 
290.000000  291.000000  0.000093 
291.000000  292.000000  0.000091 
292.000000  293.000000  0.000090 
293.000000  294.000000  0.000089 
294.000000  295.000000  0.000088 
295.000000  296.000000  0.000087 
296.000000  297.000000  0.000086 
297.000000  298.000000  0.000085 
298.000000  299.000000  0.000084 
299.000000  300.000000  0.000083 
300.000000  301.000000  0.000082 
301.000000  302.000000  0.000081 
302.000000  303.000000  0.000080 
303.000000  304.000000  0.000079 
304.000000  305.000000  0.000078 
305.000000  306.000000  0.000077 
306.000000  307.000000  0.000076 
307.000000  308.000000  0.000075 
308.000000  309.000000  0.000075 
309.000000  310.000000  0.000074 
310.000000  311.000000  0.000073 
311.000000  312.000000  0.000072 
312.000000  313.000000  0.000071 
313.000000  314.000000  0.000070 
314.000000  315.000000  0.000069 
315.000000  316.000000  0.000069 
316.000000  317.000000  0.000068 
317.000000  318.000000  0.000067 
318.000000  319.000000  0.000066 
319.000000  320.000000  0.000066 
320.000000  321.000000  0.000065 
321.000000  322.000000  0.000064 
322.000000  323.000000  0.000063 
323.000000  324.000000  0.000063 
324.000000  325.000000  0.000062 
325.000000  326.000000  0.000061 
326.000000  327.000000  0.000060 
327.000000  328.000000  0.000060 
328.000000  329.000000  0.000059 
329.000000  330.000000  0.000058 
330.000000  331.000000  0.000058 
331.000000  332.000000  0.000057 
332.000000  333.000000  0.000056 
333.000000  334.000000  0.000056 
334.000000  335.000000  0.000055 
335.000000  336.000000  0.000055 
336.000000  337.000000  0.000054 
337.000000  338.000000  0.000053 
338.000000  339.000000  0.000053 
339.000000  340.000000  0.000052 
340.000000  341.000000  0.000052 
341.000000  342.000000  0.000051 
342.000000  343.000000  0.000050 
343.000000  344.000000  0.000050 
344.000000  345.000000  0.000049 
345.000000  346.000000  0.000049 
346.000000  347.000000  0.000048 
347.000000  348.000000  0.000048 
348.000000  349.000000  0.000047 
349.000000  350.000000  0.000047 
350.000000  351.000000  0.000046 
351.000000  352.000000  0.000046 
352.000000  353.000000  0.000045 
353.000000  354.000000  0.000045 
354.000000  355.000000  0.000044 
355.000000  356.000000  0.000044 
356.000000  357.000000  0.000043 
357.000000  358.000000  0.000043 
358.000000  359.000000  0.000042 
359.000000  360.000000  0.000042 
360.000000  361.000000  0.000041 
361.000000  362.000000  0.000041 
362.000000  363.000000  0.000041 
363.000000  364.000000  0.000040 
364.000000  365.000000  0.000040 
365.000000  366.000000  0.000039 
366.000000  367.000000  0.000039 
367.000000  368.000000  0.000038 
368.000000  369.000000  0.000038 
369.000000  370.000000  0.000038 
370.000000  371.000000  0.000037 
371.000000  372.000000  0.000037 
372.000000  373.000000  0.000036 
373.000000  374.000000  0.000036 
374.000000  375.000000  0.000036 
375.000000  376.000000  0.000035 
376.000000  377.000000  0.000035 
377.000000  378.000000  0.000035 
378.000000  379.000000  0.000034 
379.000000  380.000000  0.000034 
380.000000  381.000000  0.000034 
381.000000  382.000000  0.000033 
382.000000  383.000000  0.000033 
383.000000  384.000000  0.000033 
384.000000  385.000000  0.000032 
385.000000  386.000000  0.000032 
386.000000  387.000000  0.000032 
387.000000  388.000000  0.000031 
388.000000  389.000000  0.000031 
389.000000  390.000000  0.000031 
390.000000  391.000000  0.000030 
391.000000  392.000000  0.000030 
392.000000  393.000000  0.000030 
393.000000  394.000000  0.000029 
394.000000  395.000000  0.000029 
395.000000  396.000000  0.000029 
396.000000  397.000000  0.000029 
397.000000  398.000000  0.000028 
398.000000  399.000000  0.000028 
399.000000  400.000000  0.000028 
400.000000  401.000000  0.000028 
401.000000  402.000000  0.000027 
402.000000  403.000000  0.000027 
403.000000  404.000000  0.000027 
404.000000  405.000000  0.000027 
405.000000  406.000000  0.000026 
406.000000  407.000000  0.000026 
407.000000  408.000000  0.000026 
408.000000  409.000000  0.000026 
409.000000  410.000000  0.000025 
410.000000  411.000000  0.000025 
411.000000  412.000000  0.000025 
412.000000  413.000000  0.000025 
413.000000  414.000000  0.000024 
414.000000  415.000000  0.000024 
415.000000  416.000000  0.000024 
416.000000  417.000000  0.000024 
417.000000  418.000000  0.000023 
418.000000  419.000000  0.000023 
419.000000  420.000000  0.000023 
420.000000  421.000000  0.000023 
421.000000  422.000000  0.000023 
422.000000  423.000000  0.000022 
423.000000  424.000000  0.000022 
424.000000  425.000000  0.000022 
425.000000  426.000000  0.000022 
426.000000  427.000000  0.000022 
427.000000  428.000000  0.000021 
428.000000  429.000000  0.000021 
429.000000  430.000000  0.000021 
430.000000  431.000000  0.000021 
431.000000  432.000000  0.000021 
432.000000  433.000000  0.000020 
433.000000  434.000000  0.000020 
434.000000  435.000000  0.000020 
435.000000  436.000000  0.000020 
436.000000  437.000000  0.000020 
437.000000  438.000000  0.000020 
438.000000  439.000000  0.000019 
439.000000  440.000000  0.000019 
440.000000  441.000000  0.000019 
441.000000  442.000000  0.000019 
442.000000  443.000000  0.000019 
443.000000  444.000000  0.000019 
444.000000  445.000000  0.000018 
445.000000  446.000000  0.000018 
446.000000  447.000000  0.000018 
447.000000  448.000000  0.000018 
448.000000  449.000000  0.000018 
449.000000  450.000000  0.000018 
450.000000  451.000000  0.000018 
451.000000  452.000000  0.000017 
452.000000  453.000000  0.000017 
453.000000  454.000000  0.000017 
454.000000  455.000000  0.000017 
455.000000  456.000000  0.000017 
456.000000  457.000000  0.000017 
457.000000  458.000000  0.000017 
458.000000  459.000000  0.000016 
459.000000  460.000000  0.000016 
460.000000  461.000000  0.000016 
461.000000  462.000000  0.000016 
462.000000  463.000000  0.000016 
463.000000  464.000000  0.000016 
464.000000  465.000000  0.000016 
465.000000  466.000000  0.000015 
466.000000  467.000000  0.000015 
467.000000  468.000000  0.000015 
468.000000  469.000000  0.000015 
469.000000  470.000000  0.000015 
470.000000  471.000000  0.000015 
471.000000  472.000000  0.000015 
472.000000  473.000000  0.000015 
473.000000  474.000000  0.000015 
474.000000  475.000000  0.000014 
475.000000  476.000000  0.000014 
476.000000  477.000000  0.000014 
477.000000  478.000000  0.000014 
478.000000  479.000000  0.000014 
479.000000  480.000000  0.000014 
480.000000  481.000000  0.000014 
481.000000  482.000000  0.000014 
482.000000  483.000000  0.000014 
483.000000  484.000000  0.000013 
484.000000  485.000000  0.000013 
485.000000  486.000000  0.000013 
486.000000  487.000000  0.000013 
487.000000  488.000000  0.000013 
488.000000  489.000000  0.000013 
489.000000  490.000000  0.000013 
490.000000  491.000000  0.000013 
491.000000  492.000000  0.000013 
492.000000  493.000000  0.000013 
493.000000  494.000000  0.000013 
494.000000  495.000000  0.000012 
495.000000  496.000000  0.000012 
496.000000  497.000000  0.000012 
497.000000  498.000000  0.000012 
498.000000  499.000000  0.000012 
499.000000  500.000000  0.000012 
500.000000  501.000000  0.000012 
501.000000  502.000000  0.000012 
502.000000  503.000000  0.000012 
503.000000  504.000000  0.000012 
504.000000  505.000000  0.000012 
505.000000  506.000000  0.000011 
506.000000  507.000000  0.000011 
507.000000  508.000000  0.000011 
508.000000  509.000000  0.000011 
509.000000  510.000000  0.000011 
510.000000  511.000000  0.000011 
511.000000  512.000000  0.000011 
512.000000  513.000000  0.000011 
513.000000  514.000000  0.000011 
514.000000  515.000000  0.000011 
515.000000  516.000000  0.000011 
516.000000  517.000000  0.000011 
517.000000  518.000000  0.000011 
518.000000  519.000000  0.000011 
519.000000  520.000000  0.000010 
520.000000  521.000000  0.000010 
521.000000  522.000000  0.000010 
522.000000  523.000000  0.000010 
523.000000  524.000000  0.000010 
524.000000  525.000000  0.000010 
525.000000  526.000000  0.000010 
526.000000  527.000000  0.000010 
527.000000  528.000000  0.000010 
528.000000  529.000000  0.000010 
529.000000  530.000000  0.000010 
530.000000  531.000000  0.000010 
531.000000  532.000000  0.000010 
532.000000  533.000000  0.000010 
533.000000  534.000000  0.000010 
534.000000  535.000000  0.000010 
535.000000  536.000000  0.000009 
536.000000  537.000000  0.000009 
537.000000  538.000000  0.000009 
538.000000  539.000000  0.000009 
539.000000  540.000000  0.000009 
540.000000  541.000000  0.000009 
541.000000  542.000000  0.000009 
542.000000  543.000000  0.000009 
543.000000  544.000000  0.000009 
544.000000  545.000000  0.000009 
545.000000  546.000000  0.000009 
546.000000  547.000000  0.000009 
547.000000  548.000000  0.000009 
548.000000  549.000000  0.000009 
549.000000  550.000000  0.000009 
550.000000  551.000000  0.000009 
551.000000  552.000000  0.000009 
552.000000  553.000000  0.000009 
553.000000  554.000000  0.000009 
554.000000  555.000000  0.000008 
555.000000  556.000000  0.000008 
556.000000  557.000000  0.000008 
557.000000  558.000000  0.000008 
558.000000  559.000000  0.000008 
559.000000  560.000000  0.000008 
560.000000  561.000000  0.000008 
561.000000  562.000000  0.000008 
562.000000  563.000000  0.000008 
563.000000  564.000000  0.000008 
564.000000  565.000000  0.000008 
565.000000  566.000000  0.000008 
566.000000  567.000000  0.000008 
567.000000  568.000000  0.000008 
568.000000  569.000000  0.000008 
569.000000  570.000000  0.000008 
570.000000  571.000000  0.000008 
571.000000  572.000000  0.000008 
572.000000  573.000000  0.000008 
573.000000  574.000000  0.000008 
574.000000  575.000000  0.000008 
575.000000  576.000000  0.000008 
576.000000  577.000000  0.000008 
577.000000  578.000000  0.000008 
578.000000  579.000000  0.000008 
579.000000  580.000000  0.000007 
580.000000  581.000000  0.000007 
581.000000  582.000000  0.000007 
582.000000  583.000000  0.000007 
583.000000  584.000000  0.000007 
584.000000  585.000000  0.000007 
585.000000  586.000000  0.000007 
586.000000  587.000000  0.000007 
587.000000  588.000000  0.000007 
588.000000  589.000000  0.000007 
589.000000  590.000000  0.000007 
590.000000  591.000000  0.000007 
591.000000  592.000000  0.000007 
592.000000  593.000000  0.000007 
593.000000  594.000000  0.000007 
594.000000  595.000000  0.000007 
595.000000  596.000000  0.000007 
596.000000  597.000000  0.000007 
597.000000  598.000000  0.000007 
598.000000  599.000000  0.000007 
599.000000  600.000000  0.000007 
600.000000  601.000000  0.000007 
601.000000  602.000000  0.000007 
602.000000  603.000000  0.000007 
603.000000  604.000000  0.000007 
604.000000  605.000000  0.000007 
605.000000  606.000000  0.000007 
606.000000  607.000000  0.000007 
607.000000  608.000000  0.000007 
608.000000  609.000000  0.000007 
609.000000  610.000000  0.000007 
610.000000  611.000000  0.000007 
611.000000  612.000000  0.000007 
612.000000  613.000000  0.000006 
613.000000  614.000000  0.000006 
614.000000  615.000000  0.000006 
615.000000  616.000000  0.000006 
616.000000  617.000000  0.000006 
617.000000  618.000000  0.000006 
618.000000  619.000000  0.000006 
619.000000  620.000000  0.000006 
620.000000  621.000000  0.000006 
621.000000  622.000000  0.000006 
622.000000  623.000000  0.000006 
623.000000  624.000000  0.000006 
624.000000  625.000000  0.000006 
625.000000  626.000000  0.000006 
626.000000  627.000000  0.000006 
627.000000  628.000000  0.000006 
628.000000  629.000000  0.000006 
629.000000  630.000000  0.000006 
630.000000  631.000000  0.000006 
631.000000  632.000000  0.000006 
632.000000  633.000000  0.000006 
633.000000  634.000000  0.000006 
634.000000  635.000000  0.000006 
635.000000  636.000000  0.000006 
636.000000  637.000000  0.000006 
637.000000  638.000000  0.000006 
638.000000  639.000000  0.000006 
639.000000  640.000000  0.000006 
640.000000  641.000000  0.000006 
641.000000  642.000000  0.000006 
642.000000  643.000000  0.000006 
643.000000  644.000000  0.000006 
644.000000  645.000000  0.000006 
645.000000  646.000000  0.000006 
646.000000  647.000000  0.000006 
647.000000  648.000000  0.000006 
648.000000  649.000000  0.000006 
649.000000  650.000000  0.000006 
650.000000  651.000000  0.000006 
651.000000  652.000000  0.000006 
652.000000  653.000000  0.000006 
653.000000  654.000000  0.000006 
654.000000  655.000000  0.000006 
655.000000  656.000000  0.000006 
656.000000  657.000000  0.000006 
657.000000  658.000000  0.000006 
658.000000  659.000000  0.000006 
659.000000  660.000000  0.000006 
660.000000  661.000000  0.000006 
661.000000  662.000000  0.000006 
662.000000  663.000000  0.000005 
663.000000  664.000000  0.000005 
664.000000  665.000000  0.000005 
665.000000  666.000000  0.000005 
666.000000  667.000000  0.000005 
667.000000  668.000000  0.000005 
668.000000  669.000000  0.000005 
669.000000  670.000000  0.000005 
670.000000  671.000000  0.000005 
671.000000  672.000000  0.000005 
672.000000  673.000000  0.000005 
673.000000  674.000000  0.000005 
674.000000  675.000000  0.000005 
675.000000  676.000000  0.000005 
676.000000  677.000000  0.000005 
677.000000  678.000000  0.000005 
678.000000  679.000000  0.000005 
679.000000  680.000000  0.000005 
680.000000  681.000000  0.000005 
681.000000  682.000000  0.000005 
682.000000  683.000000  0.000005 
683.000000  684.000000  0.000005 
684.000000  685.000000  0.000005 
685.000000  686.000000  0.000005 
686.000000  687.000000  0.000005 
687.000000  688.000000  0.000005 
688.000000  689.000000  0.000005 
689.000000  690.000000  0.000005 
690.000000  691.000000  0.000005 
691.000000  692.000000  0.000005 
692.000000  693.000000  0.000005 
693.000000  694.000000  0.000005 
694.000000  695.000000  0.000005 
695.000000  696.000000  0.000005 
696.000000  697.000000  0.000005 
697.000000  698.000000  0.000005 
698.000000  699.000000  0.000005 
699.000000  700.000000  0.000005 
700.000000  701.000000  0.000005 
701.000000  702.000000  0.000005 
702.000000  703.000000  0.000005 
703.000000  704.000000  0.000005 
704.000000  705.000000  0.000005 
705.000000  706.000000  0.000005 
706.000000  707.000000  0.000005 
707.000000  708.000000  0.000005 
708.000000  709.000000  0.000005 
709.000000  710.000000  0.000005 
710.000000  711.000000  0.000005 
711.000000  712.000000  0.000005 
712.000000  713.000000  0.000005 
713.000000  714.000000  0.000005 
714.000000  715.000000  0.000005 
715.000000  716.000000  0.000005 
716.000000  717.000000  0.000005 
717.000000  718.000000  0.000005 
718.000000  719.000000  0.000005 
719.000000  720.000000  0.000005 
720.000000  721.000000  0.000005 
721.000000  722.000000  0.000005 
722.000000  723.000000  0.000005 
723.000000  724.000000  0.000005 
724.000000  725.000000  0.000005 
725.000000  726.000000  0.000005 
726.000000  727.000000  0.000005 
727.000000  728.000000  0.000005 
728.000000  729.000000  0.000005 
729.000000  730.000000  0.000005 
730.000000  731.000000  0.000005 
731.000000  732.000000  0.000005 
732.000000  733.000000  0.000005 
733.000000  734.000000  0.000005 
734.000000  735.000000  0.000005 
735.000000  736.000000  0.000005 
736.000000  737.000000  0.000005 
737.000000  738.000000  0.000005 
738.000000  739.000000  0.000005 
739.000000  740.000000  0.000005 
740.000000  741.000000  0.000005 
741.000000  742.000000  0.000005 
742.000000  743.000000  0.000005 
743.000000  744.000000  0.000005 
744.000000  745.000000  0.000005 
745.000000  746.000000  0.000005 
746.000000  747.000000  0.000005 
747.000000  748.000000  0.000005 
748.000000  749.000000  0.000005 
749.000000  750.000000  0.000005 
750.000000  751.000000  0.000005 
751.000000  752.000000  0.000005 
752.000000  753.000000  0.000005 
753.000000  754.000000  0.000005 
754.000000  755.000000  0.000005 
755.000000  756.000000  0.000005 
756.000000  757.000000  0.000005 
757.000000  758.000000  0.000005 
758.000000  759.000000  0.000005 
759.000000  760.000000  0.000005 
760.000000  761.000000  0.000005 
761.000000  762.000000  0.000005 
762.000000  763.000000  0.000005 
763.000000  764.000000  0.000005 
764.000000  765.000000  0.000005 
765.000000  766.000000  0.000005 
766.000000  767.000000  0.000005 
767.000000  768.000000  0.000005 
768.000000  769.000000  0.000005 
769.000000  770.000000  0.000005 
770.000000  771.000000  0.000005 
771.000000  772.000000  0.000005 
772.000000  773.000000  0.000005 
773.000000  774.000000  0.000005 
774.000000  775.000000  0.000005 
775.000000  776.000000  0.000005 
776.000000  777.000000  0.000005 
777.000000  778.000000  0.000004 
778.000000  779.000000  0.000004 
779.000000  780.000000  0.000004 
780.000000  781.000000  0.000004 
781.000000  782.000000  0.000004 
782.000000  783.000000  0.000004 
783.000000  784.000000  0.000004 
784.000000  785.000000  0.000004 
785.000000  786.000000  0.000004 
786.000000  787.000000  0.000004 
787.000000  788.000000  0.000004 
788.000000  789.000000  0.000004 
789.000000  790.000000  0.000004 
790.000000  791.000000  0.000004 
791.000000  792.000000  0.000004 
792.000000  793.000000  0.000004 
793.000000  794.000000  0.000004 
794.000000  795.000000  0.000004 
795.000000  796.000000  0.000004 
796.000000  797.000000  0.000004 
797.000000  798.000000  0.000004 
798.000000  799.000000  0.000004 
799.000000  800.000000  0.000004 
