17.000000  18.000000  0.000000 
18.000000  19.000000  0.000000 
19.000000  20.000000  0.000000 
20.000000  21.000000  0.000000 
21.000000  22.000000  0.000000 
22.000000  23.000000  0.000000 
23.000000  24.000000  0.000000 
24.000000  25.000000  0.000000 
25.000000  26.000000  0.000000 
26.000000  27.000000  0.000000 
27.000000  28.000000  0.000000 
28.000000  29.000000  0.000000 
29.000000  30.000000  0.000000 
30.000000  31.000000  0.000000 
31.000000  32.000000  0.000000 
32.000000  33.000000  0.000001 
33.000000  34.000000  0.000001 
34.000000  35.000000  0.000002 
35.000000  36.000000  0.000002 
36.000000  37.000000  0.000003 
37.000000  38.000000  0.000004 
38.000000  39.000000  0.000005 
39.000000  40.000000  0.000007 
40.000000  41.000000  0.000009 
41.000000  42.000000  0.000012 
42.000000  43.000000  0.000015 
43.000000  44.000000  0.000018 
44.000000  45.000000  0.000022 
45.000000  46.000000  0.000026 
46.000000  47.000000  0.000032 
47.000000  48.000000  0.000037 
48.000000  49.000000  0.000044 
49.000000  50.000000  0.000051 
50.000000  51.000000  0.000059 
51.000000  52.000000  0.000067 
52.000000  53.000000  0.000076 
53.000000  54.000000  0.000086 
54.000000  55.000000  0.000097 
55.000000  56.000000  0.000108 
56.000000  57.000000  0.000120 
57.000000  58.000000  0.000132 
58.000000  59.000000  0.000145 
59.000000  60.000000  0.000159 
60.000000  61.000000  0.000173 
61.000000  62.000000  0.000188 
62.000000  63.000000  0.000203 
63.000000  64.000000  0.000218 
64.000000  65.000000  0.000234 
65.000000  66.000000  0.000250 
66.000000  67.000000  0.000266 
67.000000  68.000000  0.000283 
68.000000  69.000000  0.000300 
69.000000  70.000000  0.000317 
70.000000  71.000000  0.000334 
71.000000  72.000000  0.000352 
72.000000  73.000000  0.000369 
73.000000  74.000000  0.000387 
74.000000  75.000000  0.000405 
75.000000  76.000000  0.000422 
76.000000  77.000000  0.000440 
77.000000  78.000000  0.000457 
78.000000  79.000000  0.000475 
79.000000  80.000000  0.000492 
80.000000  81.000000  0.000509 
81.000000  82.000000  0.000527 
82.000000  83.000000  0.000544 
83.000000  84.000000  0.000561 
84.000000  85.000000  0.000577 
85.000000  86.000000  0.000595 
86.000000  87.000000  0.000612 
87.000000  88.000000  0.000628 
88.000000  89.000000  0.000644 
89.000000  90.000000  0.000660 
90.000000  91.000000  0.000676 
91.000000  92.000000  0.000692 
92.000000  93.000000  0.000707 
93.000000  94.000000  0.000722 
94.000000  95.000000  0.000737 
95.000000  96.000000  0.000752 
96.000000  97.000000  0.000767 
97.000000  98.000000  0.000781 
98.000000  99.000000  0.000796 
99.000000  100.000000  0.000810 
100.000000  101.000000  0.000824 
101.000000  102.000000  0.000838 
102.000000  103.000000  0.000852 
103.000000  104.000000  0.000865 
104.000000  105.000000  0.000879 
105.000000  106.000000  0.000892 
106.000000  107.000000  0.000905 
107.000000  108.000000  0.000918 
108.000000  109.000000  0.000931 
109.000000  110.000000  0.000944 
110.000000  111.000000  0.000957 
111.000000  112.000000  0.000969 
112.000000  113.000000  0.000982 
113.000000  114.000000  0.000994 
114.000000  115.000000  0.001007 
115.000000  116.000000  0.001019 
116.000000  117.000000  0.001031 
117.000000  118.000000  0.001043 
118.000000  119.000000  0.001055 
119.000000  120.000000  0.001067 
120.000000  121.000000  0.001079 
121.000000  122.000000  0.001091 
122.000000  123.000000  0.001102 
123.000000  124.000000  0.001114 
124.000000  125.000000  0.001126 
125.000000  126.000000  0.001137 
126.000000  127.000000  0.001149 
127.000000  128.000000  0.001160 
128.000000  129.000000  0.001171 
129.000000  130.000000  0.001183 
130.000000  131.000000  0.001194 
131.000000  132.000000  0.001205 
132.000000  133.000000  0.001217 
133.000000  134.000000  0.001228 
134.000000  135.000000  0.001239 
135.000000  136.000000  0.001250 
136.000000  137.000000  0.001261 
137.000000  138.000000  0.001272 
138.000000  139.000000  0.001283 
139.000000  140.000000  0.001293 
140.000000  141.000000  0.001304 
141.000000  142.000000  0.001315 
142.000000  143.000000  0.001326 
143.000000  144.000000  0.001336 
144.000000  145.000000  0.001347 
145.000000  146.000000  0.001358 
146.000000  147.000000  0.001368 
147.000000  148.000000  0.001379 
148.000000  149.000000  0.001389 
149.000000  150.000000  0.001400 
150.000000  151.000000  0.001410 
151.000000  152.000000  0.001420 
152.000000  153.000000  0.001430 
153.000000  154.000000  0.001441 
154.000000  155.000000  0.001451 
155.000000  156.000000  0.001461 
156.000000  157.000000  0.001471 
157.000000  158.000000  0.001481 
158.000000  159.000000  0.001491 
159.000000  160.000000  0.001500 
160.000000  161.000000  0.001510 
161.000000  162.000000  0.001520 
162.000000  163.000000  0.001529 
163.000000  164.000000  0.001539 
164.000000  165.000000  0.001549 
165.000000  166.000000  0.001558 
166.000000  167.000000  0.001567 
167.000000  168.000000  0.001577 
168.000000  169.000000  0.001586 
169.000000  170.000000  0.001595 
170.000000  171.000000  0.001604 
171.000000  172.000000  0.001613 
172.000000  173.000000  0.001622 
173.000000  174.000000  0.001631 
174.000000  175.000000  0.001640 
175.000000  176.000000  0.001649 
176.000000  177.000000  0.001657 
177.000000  178.000000  0.001666 
178.000000  179.000000  0.001674 
179.000000  180.000000  0.001683 
180.000000  181.000000  0.001691 
181.000000  182.000000  0.001699 
182.000000  183.000000  0.001707 
183.000000  184.000000  0.001716 
184.000000  185.000000  0.001724 
185.000000  186.000000  0.001732 
186.000000  187.000000  0.001739 
187.000000  188.000000  0.001747 
188.000000  189.000000  0.001755 
189.000000  190.000000  0.001762 
190.000000  191.000000  0.001770 
191.000000  192.000000  0.001777 
192.000000  193.000000  0.001785 
193.000000  194.000000  0.001792 
194.000000  195.000000  0.001799 
195.000000  196.000000  0.001806 
196.000000  197.000000  0.001813 
197.000000  198.000000  0.001820 
198.000000  199.000000  0.001827 
199.000000  200.000000  0.001834 
200.000000  201.000000  0.001840 
201.000000  202.000000  0.001847 
202.000000  203.000000  0.001853 
203.000000  204.000000  0.001860 
204.000000  205.000000  0.001866 
205.000000  206.000000  0.001872 
206.000000  207.000000  0.001879 
207.000000  208.000000  0.001885 
208.000000  209.000000  0.001891 
209.000000  210.000000  0.001896 
210.000000  211.000000  0.001902 
211.000000  212.000000  0.001908 
212.000000  213.000000  0.001914 
213.000000  214.000000  0.001919 
214.000000  215.000000  0.001925 
215.000000  216.000000  0.001930 
216.000000  217.000000  0.001935 
217.000000  218.000000  0.001941 
218.000000  219.000000  0.001946 
219.000000  220.000000  0.001951 
220.000000  221.000000  0.001956 
221.000000  222.000000  0.001961 
222.000000  223.000000  0.001965 
223.000000  224.000000  0.001970 
224.000000  225.000000  0.001975 
225.000000  226.000000  0.001979 
226.000000  227.000000  0.001984 
227.000000  228.000000  0.001988 
228.000000  229.000000  0.001993 
229.000000  230.000000  0.001997 
230.000000  231.000000  0.002001 
231.000000  232.000000  0.002005 
232.000000  233.000000  0.002010 
233.000000  234.000000  0.002014 
234.000000  235.000000  0.002018 
235.000000  236.000000  0.002021 
236.000000  237.000000  0.002025 
237.000000  238.000000  0.002029 
238.000000  239.000000  0.002033 
239.000000  240.000000  0.002036 
240.000000  241.000000  0.002040 
241.000000  242.000000  0.002043 
242.000000  243.000000  0.002047 
243.000000  244.000000  0.002050 
244.000000  245.000000  0.002054 
245.000000  246.000000  0.002057 
246.000000  247.000000  0.002060 
247.000000  248.000000  0.002063 
248.000000  249.000000  0.002066 
249.000000  250.000000  0.002070 
250.000000  251.000000  0.002073 
251.000000  252.000000  0.002076 
252.000000  253.000000  0.002078 
253.000000  254.000000  0.002081 
254.000000  255.000000  0.002084 
255.000000  256.000000  0.002087 
256.000000  257.000000  0.002090 
257.000000  258.000000  0.002092 
258.000000  259.000000  0.002095 
259.000000  260.000000  0.002098 
260.000000  261.000000  0.002100 
261.000000  262.000000  0.002103 
262.000000  263.000000  0.002105 
263.000000  264.000000  0.002108 
264.000000  265.000000  0.002110 
265.000000  266.000000  0.002112 
266.000000  267.000000  0.002115 
267.000000  268.000000  0.002117 
268.000000  269.000000  0.002119 
269.000000  270.000000  0.002122 
270.000000  271.000000  0.002124 
271.000000  272.000000  0.002126 
272.000000  273.000000  0.002128 
273.000000  274.000000  0.002130 
274.000000  275.000000  0.002132 
275.000000  276.000000  0.002134 
276.000000  277.000000  0.002137 
277.000000  278.000000  0.002139 
278.000000  279.000000  0.002141 
279.000000  280.000000  0.002143 
280.000000  281.000000  0.002144 
281.000000  282.000000  0.002146 
282.000000  283.000000  0.002148 
283.000000  284.000000  0.002150 
284.000000  285.000000  0.002152 
285.000000  286.000000  0.002154 
286.000000  287.000000  0.002156 
287.000000  288.000000  0.002158 
288.000000  289.000000  0.002159 
289.000000  290.000000  0.002161 
290.000000  291.000000  0.002163 
291.000000  292.000000  0.002165 
292.000000  293.000000  0.002166 
293.000000  294.000000  0.002168 
294.000000  295.000000  0.002170 
295.000000  296.000000  0.002171 
296.000000  297.000000  0.002173 
297.000000  298.000000  0.002175 
298.000000  299.000000  0.002176 
299.000000  300.000000  0.002178 
300.000000  301.000000  0.002180 
301.000000  302.000000  0.002181 
302.000000  303.000000  0.002183 
303.000000  304.000000  0.002184 
304.000000  305.000000  0.002186 
305.000000  306.000000  0.002188 
306.000000  307.000000  0.002189 
307.000000  308.000000  0.002191 
308.000000  309.000000  0.002192 
309.000000  310.000000  0.002194 
310.000000  311.000000  0.002195 
311.000000  312.000000  0.002197 
312.000000  313.000000  0.002198 
313.000000  314.000000  0.002200 
314.000000  315.000000  0.002201 
315.000000  316.000000  0.002203 
316.000000  317.000000  0.002205 
317.000000  318.000000  0.002206 
318.000000  319.000000  0.002208 
319.000000  320.000000  0.002209 
320.000000  321.000000  0.002211 
321.000000  322.000000  0.002212 
322.000000  323.000000  0.002213 
323.000000  324.000000  0.002215 
324.000000  325.000000  0.002216 
325.000000  326.000000  0.002218 
326.000000  327.000000  0.002219 
327.000000  328.000000  0.002221 
328.000000  329.000000  0.002222 
329.000000  330.000000  0.002224 
330.000000  331.000000  0.002225 
331.000000  332.000000  0.002227 
332.000000  333.000000  0.002228 
333.000000  334.000000  0.002230 
334.000000  335.000000  0.002231 
335.000000  336.000000  0.002233 
336.000000  337.000000  0.002234 
337.000000  338.000000  0.002235 
338.000000  339.000000  0.002237 
339.000000  340.000000  0.002238 
340.000000  341.000000  0.002240 
341.000000  342.000000  0.002241 
342.000000  343.000000  0.002243 
343.000000  344.000000  0.002244 
344.000000  345.000000  0.002246 
345.000000  346.000000  0.002247 
346.000000  347.000000  0.002249 
347.000000  348.000000  0.002250 
348.000000  349.000000  0.002251 
349.000000  350.000000  0.002253 
350.000000  351.000000  0.002254 
351.000000  352.000000  0.002256 
352.000000  353.000000  0.002257 
353.000000  354.000000  0.002259 
354.000000  355.000000  0.002260 
355.000000  356.000000  0.002262 
356.000000  357.000000  0.002263 
357.000000  358.000000  0.002264 
358.000000  359.000000  0.002266 
359.000000  360.000000  0.002267 
360.000000  361.000000  0.002269 
361.000000  362.000000  0.002270 
362.000000  363.000000  0.002272 
363.000000  364.000000  0.002273 
364.000000  365.000000  0.002275 
365.000000  366.000000  0.002276 
366.000000  367.000000  0.002277 
367.000000  368.000000  0.002279 
368.000000  369.000000  0.002280 
369.000000  370.000000  0.002282 
370.000000  371.000000  0.002283 
371.000000  372.000000  0.002285 
372.000000  373.000000  0.002286 
373.000000  374.000000  0.002288 
374.000000  375.000000  0.002289 
375.000000  376.000000  0.002290 
376.000000  377.000000  0.002292 
377.000000  378.000000  0.002293 
378.000000  379.000000  0.002295 
379.000000  380.000000  0.002296 
380.000000  381.000000  0.002297 
381.000000  382.000000  0.002299 
382.000000  383.000000  0.002300 
383.000000  384.000000  0.002302 
384.000000  385.000000  0.002303 
385.000000  386.000000  0.002305 
386.000000  387.000000  0.002306 
387.000000  388.000000  0.002307 
388.000000  389.000000  0.002309 
389.000000  390.000000  0.002310 
390.000000  391.000000  0.002312 
391.000000  392.000000  0.002313 
392.000000  393.000000  0.002314 
393.000000  394.000000  0.002316 
394.000000  395.000000  0.002317 
395.000000  396.000000  0.002319 
396.000000  397.000000  0.002320 
397.000000  398.000000  0.002321 
398.000000  399.000000  0.002323 
399.000000  400.000000  0.002324 
400.000000  401.000000  0.002325 
401.000000  402.000000  0.002327 
402.000000  403.000000  0.002328 
403.000000  404.000000  0.002329 
404.000000  405.000000  0.002331 
405.000000  406.000000  0.002332 
406.000000  407.000000  0.002334 
407.000000  408.000000  0.002335 
408.000000  409.000000  0.002336 
409.000000  410.000000  0.002338 
410.000000  411.000000  0.002339 
411.000000  412.000000  0.002340 
412.000000  413.000000  0.002342 
413.000000  414.000000  0.002343 
414.000000  415.000000  0.002344 
415.000000  416.000000  0.002345 
416.000000  417.000000  0.002347 
417.000000  418.000000  0.002348 
418.000000  419.000000  0.002349 
419.000000  420.000000  0.002351 
420.000000  421.000000  0.002352 
421.000000  422.000000  0.002353 
422.000000  423.000000  0.002354 
423.000000  424.000000  0.002356 
424.000000  425.000000  0.002357 
425.000000  426.000000  0.002358 
426.000000  427.000000  0.002359 
427.000000  428.000000  0.002361 
428.000000  429.000000  0.002362 
429.000000  430.000000  0.002363 
430.000000  431.000000  0.002364 
431.000000  432.000000  0.002366 
432.000000  433.000000  0.002367 
433.000000  434.000000  0.002368 
434.000000  435.000000  0.002369 
435.000000  436.000000  0.002370 
436.000000  437.000000  0.002372 
437.000000  438.000000  0.002373 
438.000000  439.000000  0.002374 
439.000000  440.000000  0.002375 
440.000000  441.000000  0.002376 
441.000000  442.000000  0.002377 
442.000000  443.000000  0.002379 
443.000000  444.000000  0.002380 
444.000000  445.000000  0.002381 
445.000000  446.000000  0.002382 
446.000000  447.000000  0.002383 
447.000000  448.000000  0.002384 
448.000000  449.000000  0.002385 
449.000000  450.000000  0.002386 
450.000000  451.000000  0.002388 
451.000000  452.000000  0.002389 
452.000000  453.000000  0.002390 
453.000000  454.000000  0.002391 
454.000000  455.000000  0.002392 
455.000000  456.000000  0.002393 
456.000000  457.000000  0.002394 
457.000000  458.000000  0.002395 
458.000000  459.000000  0.002396 
459.000000  460.000000  0.002397 
460.000000  461.000000  0.002398 
461.000000  462.000000  0.002399 
462.000000  463.000000  0.002400 
463.000000  464.000000  0.002401 
464.000000  465.000000  0.002402 
465.000000  466.000000  0.002403 
466.000000  467.000000  0.002404 
467.000000  468.000000  0.002405 
468.000000  469.000000  0.002406 
469.000000  470.000000  0.002407 
470.000000  471.000000  0.002408 
471.000000  472.000000  0.002409 
472.000000  473.000000  0.002410 
473.000000  474.000000  0.002411 
474.000000  475.000000  0.002412 
475.000000  476.000000  0.002413 
476.000000  477.000000  0.002413 
477.000000  478.000000  0.002414 
478.000000  479.000000  0.002415 
479.000000  480.000000  0.002416 
480.000000  481.000000  0.002417 
481.000000  482.000000  0.002418 
482.000000  483.000000  0.002419 
483.000000  484.000000  0.002420 
484.000000  485.000000  0.002420 
485.000000  486.000000  0.002421 
486.000000  487.000000  0.002422 
487.000000  488.000000  0.002423 
488.000000  489.000000  0.002424 
489.000000  490.000000  0.002425 
490.000000  491.000000  0.002425 
491.000000  492.000000  0.002426 
492.000000  493.000000  0.002427 
493.000000  494.000000  0.002428 
494.000000  495.000000  0.002429 
495.000000  496.000000  0.002429 
496.000000  497.000000  0.002430 
497.000000  498.000000  0.002431 
498.000000  499.000000  0.002432 
499.000000  500.000000  0.002432 
500.000000  501.000000  0.002433 
501.000000  502.000000  0.002434 
502.000000  503.000000  0.002434 
503.000000  504.000000  0.002435 
504.000000  505.000000  0.002436 
505.000000  506.000000  0.002437 
506.000000  507.000000  0.002437 
507.000000  508.000000  0.002438 
508.000000  509.000000  0.002439 
509.000000  510.000000  0.002439 
510.000000  511.000000  0.002440 
511.000000  512.000000  0.002441 
512.000000  513.000000  0.002441 
513.000000  514.000000  0.002442 
514.000000  515.000000  0.002443 
515.000000  516.000000  0.002443 
516.000000  517.000000  0.002444 
517.000000  518.000000  0.002444 
518.000000  519.000000  0.002445 
519.000000  520.000000  0.002446 
520.000000  521.000000  0.002446 
521.000000  522.000000  0.002447 
522.000000  523.000000  0.002447 
523.000000  524.000000  0.002448 
524.000000  525.000000  0.002449 
525.000000  526.000000  0.002449 
526.000000  527.000000  0.002450 
527.000000  528.000000  0.002450 
528.000000  529.000000  0.002451 
529.000000  530.000000  0.002451 
530.000000  531.000000  0.002452 
531.000000  532.000000  0.002452 
532.000000  533.000000  0.002453 
533.000000  534.000000  0.002454 
534.000000  535.000000  0.002454 
535.000000  536.000000  0.002455 
536.000000  537.000000  0.002455 
537.000000  538.000000  0.002456 
538.000000  539.000000  0.002456 
539.000000  540.000000  0.002457 
540.000000  541.000000  0.002457 
541.000000  542.000000  0.002457 
542.000000  543.000000  0.002458 
543.000000  544.000000  0.002458 
544.000000  545.000000  0.002459 
545.000000  546.000000  0.002459 
546.000000  547.000000  0.002460 
547.000000  548.000000  0.002460 
548.000000  549.000000  0.002461 
549.000000  550.000000  0.002461 
550.000000  551.000000  0.002462 
551.000000  552.000000  0.002462 
552.000000  553.000000  0.002462 
553.000000  554.000000  0.002463 
554.000000  555.000000  0.002463 
555.000000  556.000000  0.002464 
556.000000  557.000000  0.002464 
557.000000  558.000000  0.002464 
558.000000  559.000000  0.002465 
559.000000  560.000000  0.002465 
560.000000  561.000000  0.002466 
561.000000  562.000000  0.002466 
562.000000  563.000000  0.002466 
563.000000  564.000000  0.002467 
564.000000  565.000000  0.002467 
565.000000  566.000000  0.002467 
566.000000  567.000000  0.002468 
567.000000  568.000000  0.002468 
568.000000  569.000000  0.002468 
569.000000  570.000000  0.002469 
570.000000  571.000000  0.002469 
571.000000  572.000000  0.002469 
572.000000  573.000000  0.002470 
573.000000  574.000000  0.002470 
574.000000  575.000000  0.002470 
575.000000  576.000000  0.002471 
576.000000  577.000000  0.002471 
577.000000  578.000000  0.002471 
578.000000  579.000000  0.002472 
579.000000  580.000000  0.002472 
580.000000  581.000000  0.002472 
581.000000  582.000000  0.002473 
582.000000  583.000000  0.002473 
583.000000  584.000000  0.002473 
584.000000  585.000000  0.002473 
585.000000  586.000000  0.002474 
586.000000  587.000000  0.002474 
587.000000  588.000000  0.002474 
588.000000  589.000000  0.002474 
589.000000  590.000000  0.002475 
590.000000  591.000000  0.002475 
591.000000  592.000000  0.002475 
592.000000  593.000000  0.002475 
593.000000  594.000000  0.002476 
594.000000  595.000000  0.002476 
595.000000  596.000000  0.002476 
596.000000  597.000000  0.002476 
597.000000  598.000000  0.002477 
598.000000  599.000000  0.002477 
599.000000  600.000000  0.002477 
600.000000  601.000000  0.002477 
601.000000  602.000000  0.002478 
602.000000  603.000000  0.002478 
603.000000  604.000000  0.002478 
604.000000  605.000000  0.002478 
605.000000  606.000000  0.002478 
606.000000  607.000000  0.002479 
607.000000  608.000000  0.002479 
608.000000  609.000000  0.002479 
609.000000  610.000000  0.002479 
610.000000  611.000000  0.002479 
611.000000  612.000000  0.002480 
612.000000  613.000000  0.002480 
613.000000  614.000000  0.002480 
614.000000  615.000000  0.002480 
615.000000  616.000000  0.002480 
616.000000  617.000000  0.002481 
617.000000  618.000000  0.002481 
618.000000  619.000000  0.002481 
619.000000  620.000000  0.002481 
620.000000  621.000000  0.002481 
621.000000  622.000000  0.002481 
622.000000  623.000000  0.002482 
623.000000  624.000000  0.002482 
624.000000  625.000000  0.002482 
625.000000  626.000000  0.002482 
626.000000  627.000000  0.002482 
627.000000  628.000000  0.002482 
628.000000  629.000000  0.002483 
629.000000  630.000000  0.002483 
630.000000  631.000000  0.002483 
631.000000  632.000000  0.002483 
632.000000  633.000000  0.002483 
633.000000  634.000000  0.002483 
634.000000  635.000000  0.002483 
635.000000  636.000000  0.002484 
636.000000  637.000000  0.002484 
637.000000  638.000000  0.002484 
638.000000  639.000000  0.002484 
639.000000  640.000000  0.002484 
640.000000  641.000000  0.002484 
641.000000  642.000000  0.002484 
642.000000  643.000000  0.002484 
643.000000  644.000000  0.002485 
644.000000  645.000000  0.002485 
645.000000  646.000000  0.002485 
646.000000  647.000000  0.002485 
647.000000  648.000000  0.002485 
648.000000  649.000000  0.002485 
649.000000  650.000000  0.002485 
650.000000  651.000000  0.002485 
651.000000  652.000000  0.002485 
652.000000  653.000000  0.002486 
653.000000  654.000000  0.002486 
654.000000  655.000000  0.002486 
655.000000  656.000000  0.002486 
656.000000  657.000000  0.002486 
657.000000  658.000000  0.002486 
658.000000  659.000000  0.002486 
659.000000  660.000000  0.002486 
660.000000  661.000000  0.002486 
661.000000  662.000000  0.002486 
662.000000  663.000000  0.002487 
663.000000  664.000000  0.002487 
664.000000  665.000000  0.002487 
665.000000  666.000000  0.002487 
666.000000  667.000000  0.002487 
667.000000  668.000000  0.002487 
668.000000  669.000000  0.002487 
669.000000  670.000000  0.002487 
670.000000  671.000000  0.002487 
671.000000  672.000000  0.002487 
672.000000  673.000000  0.002487 
673.000000  674.000000  0.002487 
674.000000  675.000000  0.002488 
675.000000  676.000000  0.002488 
676.000000  677.000000  0.002488 
677.000000  678.000000  0.002488 
678.000000  679.000000  0.002488 
679.000000  680.000000  0.002488 
680.000000  681.000000  0.002488 
681.000000  682.000000  0.002488 
682.000000  683.000000  0.002488 
683.000000  684.000000  0.002488 
684.000000  685.000000  0.002488 
685.000000  686.000000  0.002488 
686.000000  687.000000  0.002488 
687.000000  688.000000  0.002488 
688.000000  689.000000  0.002488 
689.000000  690.000000  0.002488 
690.000000  691.000000  0.002488 
691.000000  692.000000  0.002489 
692.000000  693.000000  0.002489 
693.000000  694.000000  0.002489 
694.000000  695.000000  0.002489 
695.000000  696.000000  0.002489 
696.000000  697.000000  0.002489 
697.000000  698.000000  0.002489 
698.000000  699.000000  0.002489 
699.000000  700.000000  0.002489 
700.000000  701.000000  0.002489 
701.000000  702.000000  0.002489 
702.000000  703.000000  0.002489 
703.000000  704.000000  0.002489 
704.000000  705.000000  0.002489 
705.000000  706.000000  0.002489 
706.000000  707.000000  0.002489 
707.000000  708.000000  0.002489 
708.000000  709.000000  0.002489 
709.000000  710.000000  0.002489 
710.000000  711.000000  0.002489 
711.000000  712.000000  0.002489 
712.000000  713.000000  0.002489 
713.000000  714.000000  0.002489 
714.000000  715.000000  0.002489 
715.000000  716.000000  0.002489 
716.000000  717.000000  0.002490 
717.000000  718.000000  0.002490 
718.000000  719.000000  0.002490 
719.000000  720.000000  0.002490 
720.000000  721.000000  0.002490 
721.000000  722.000000  0.002490 
722.000000  723.000000  0.002490 
723.000000  724.000000  0.002490 
724.000000  725.000000  0.002490 
725.000000  726.000000  0.002490 
726.000000  727.000000  0.002490 
727.000000  728.000000  0.002490 
728.000000  729.000000  0.002490 
729.000000  730.000000  0.002490 
730.000000  731.000000  0.002490 
731.000000  732.000000  0.002490 
732.000000  733.000000  0.002490 
733.000000  734.000000  0.002490 
734.000000  735.000000  0.002490 
735.000000  736.000000  0.002490 
736.000000  737.000000  0.002490 
737.000000  738.000000  0.002490 
738.000000  739.000000  0.002490 
739.000000  740.000000  0.002490 
740.000000  741.000000  0.002490 
741.000000  742.000000  0.002490 
742.000000  743.000000  0.002490 
743.000000  744.000000  0.002490 
744.000000  745.000000  0.002490 
745.000000  746.000000  0.002490 
746.000000  747.000000  0.002490 
747.000000  748.000000  0.002490 
748.000000  749.000000  0.002490 
749.000000  750.000000  0.002490 
750.000000  751.000000  0.002490 
751.000000  752.000000  0.002490 
752.000000  753.000000  0.002490 
753.000000  754.000000  0.002490 
754.000000  755.000000  0.002490 
755.000000  756.000000  0.002490 
756.000000  757.000000  0.002490 
757.000000  758.000000  0.002490 
758.000000  759.000000  0.002490 
759.000000  760.000000  0.002490 
760.000000  761.000000  0.002490 
761.000000  762.000000  0.002490 
762.000000  763.000000  0.002490 
763.000000  764.000000  0.002490 
764.000000  765.000000  0.002490 
765.000000  766.000000  0.002490 
766.000000  767.000000  0.002490 
767.000000  768.000000  0.002490 
768.000000  769.000000  0.002490 
769.000000  770.000000  0.002490 
770.000000  771.000000  0.002490 
771.000000  772.000000  0.002490 
772.000000  773.000000  0.002490 
773.000000  774.000000  0.002490 
774.000000  775.000000  0.002490 
775.000000  776.000000  0.002490 
776.000000  777.000000  0.002490 
777.000000  778.000000  0.002490 
778.000000  779.000000  0.002490 
779.000000  780.000000  0.002490 
780.000000  781.000000  0.002490 
781.000000  782.000000  0.002490 
782.000000  783.000000  0.002490 
783.000000  784.000000  0.002490 
784.000000  785.000000  0.002490 
785.000000  786.000000  0.002490 
786.000000  787.000000  0.002490 
787.000000  788.000000  0.002490 
788.000000  789.000000  0.002490 
789.000000  790.000000  0.002490 
790.000000  791.000000  0.002490 
791.000000  792.000000  0.002490 
792.000000  793.000000  0.002490 
793.000000  794.000000  0.002490 
794.000000  795.000000  0.002490 
795.000000  796.000000  0.002490 
796.000000  797.000000  0.002490 
797.000000  798.000000  0.002490 
798.000000  799.000000  0.002490 
799.000000  800.000000  0.002490 
