17.000000  18.000000  0.002473 
18.000000  19.000000  0.002488 
19.000000  20.000000  0.002507 
20.000000  21.000000  0.002529 
21.000000  22.000000  0.002552 
22.000000  23.000000  0.002577 
23.000000  24.000000  0.002601 
24.000000  25.000000  0.002624 
25.000000  26.000000  0.002645 
26.000000  27.000000  0.002664 
27.000000  28.000000  0.002681 
28.000000  29.000000  0.002697 
29.000000  30.000000  0.002710 
30.000000  31.000000  0.002719 
31.000000  32.000000  0.002724 
32.000000  33.000000  0.002727 
33.000000  34.000000  0.002724 
34.000000  35.000000  0.002719 
35.000000  36.000000  0.002711 
36.000000  37.000000  0.002702 
37.000000  38.000000  0.002692 
38.000000  39.000000  0.002680 
39.000000  40.000000  0.002667 
40.000000  41.000000  0.002654 
41.000000  42.000000  0.002641 
42.000000  43.000000  0.002626 
43.000000  44.000000  0.002612 
44.000000  45.000000  0.002596 
45.000000  46.000000  0.002581 
46.000000  47.000000  0.002565 
47.000000  48.000000  0.002548 
48.000000  49.000000  0.002532 
49.000000  50.000000  0.002515 
50.000000  51.000000  0.002497 
51.000000  52.000000  0.002479 
52.000000  53.000000  0.002461 
53.000000  54.000000  0.002443 
54.000000  55.000000  0.002425 
55.000000  56.000000  0.002406 
56.000000  57.000000  0.002387 
57.000000  58.000000  0.002368 
58.000000  59.000000  0.002349 
59.000000  60.000000  0.002330 
60.000000  61.000000  0.002310 
61.000000  62.000000  0.002290 
62.000000  63.000000  0.002271 
63.000000  64.000000  0.002251 
64.000000  65.000000  0.002231 
65.000000  66.000000  0.002211 
66.000000  67.000000  0.002191 
67.000000  68.000000  0.002171 
68.000000  69.000000  0.002151 
69.000000  70.000000  0.002131 
70.000000  71.000000  0.002112 
71.000000  72.000000  0.002092 
72.000000  73.000000  0.002072 
73.000000  74.000000  0.002053 
74.000000  75.000000  0.002034 
75.000000  76.000000  0.002015 
76.000000  77.000000  0.001996 
77.000000  78.000000  0.001977 
78.000000  79.000000  0.001958 
79.000000  80.000000  0.001940 
80.000000  81.000000  0.001921 
81.000000  82.000000  0.001903 
82.000000  83.000000  0.001886 
83.000000  84.000000  0.001868 
84.000000  85.000000  0.001851 
85.000000  86.000000  0.001832 
86.000000  87.000000  0.001815 
87.000000  88.000000  0.001798 
88.000000  89.000000  0.001782 
89.000000  90.000000  0.001766 
90.000000  91.000000  0.001750 
91.000000  92.000000  0.001734 
92.000000  93.000000  0.001718 
93.000000  94.000000  0.001703 
94.000000  95.000000  0.001688 
95.000000  96.000000  0.001673 
96.000000  97.000000  0.001658 
97.000000  98.000000  0.001644 
98.000000  99.000000  0.001630 
99.000000  100.000000  0.001616 
100.000000  101.000000  0.001602 
101.000000  102.000000  0.001588 
102.000000  103.000000  0.001574 
103.000000  104.000000  0.001561 
104.000000  105.000000  0.001548 
105.000000  106.000000  0.001535 
106.000000  107.000000  0.001522 
107.000000  108.000000  0.001509 
108.000000  109.000000  0.001496 
109.000000  110.000000  0.001484 
110.000000  111.000000  0.001471 
111.000000  112.000000  0.001459 
112.000000  113.000000  0.001447 
113.000000  114.000000  0.001435 
114.000000  115.000000  0.001423 
115.000000  116.000000  0.001411 
116.000000  117.000000  0.001399 
117.000000  118.000000  0.001387 
118.000000  119.000000  0.001375 
119.000000  120.000000  0.001363 
120.000000  121.000000  0.001352 
121.000000  122.000000  0.001340 
122.000000  123.000000  0.001329 
123.000000  124.000000  0.001317 
124.000000  125.000000  0.001306 
125.000000  126.000000  0.001294 
126.000000  127.000000  0.001283 
127.000000  128.000000  0.001272 
128.000000  129.000000  0.001260 
129.000000  130.000000  0.001249 
130.000000  131.000000  0.001238 
131.000000  132.000000  0.001227 
132.000000  133.000000  0.001215 
133.000000  134.000000  0.001204 
134.000000  135.000000  0.001193 
135.000000  136.000000  0.001182 
136.000000  137.000000  0.001171 
137.000000  138.000000  0.001160 
138.000000  139.000000  0.001149 
139.000000  140.000000  0.001138 
140.000000  141.000000  0.001126 
141.000000  142.000000  0.001115 
142.000000  143.000000  0.001104 
143.000000  144.000000  0.001093 
144.000000  145.000000  0.001082 
145.000000  146.000000  0.001072 
146.000000  147.000000  0.001061 
147.000000  148.000000  0.001050 
148.000000  149.000000  0.001039 
149.000000  150.000000  0.001028 
150.000000  151.000000  0.001017 
151.000000  152.000000  0.001006 
152.000000  153.000000  0.000996 
153.000000  154.000000  0.000985 
154.000000  155.000000  0.000974 
155.000000  156.000000  0.000964 
156.000000  157.000000  0.000953 
157.000000  158.000000  0.000943 
158.000000  159.000000  0.000932 
159.000000  160.000000  0.000922 
160.000000  161.000000  0.000911 
161.000000  162.000000  0.000901 
162.000000  163.000000  0.000891 
163.000000  164.000000  0.000880 
164.000000  165.000000  0.000870 
165.000000  166.000000  0.000860 
166.000000  167.000000  0.000850 
167.000000  168.000000  0.000840 
168.000000  169.000000  0.000830 
169.000000  170.000000  0.000820 
170.000000  171.000000  0.000810 
171.000000  172.000000  0.000801 
172.000000  173.000000  0.000791 
173.000000  174.000000  0.000781 
174.000000  175.000000  0.000772 
175.000000  176.000000  0.000762 
176.000000  177.000000  0.000753 
177.000000  178.000000  0.000744 
178.000000  179.000000  0.000734 
179.000000  180.000000  0.000725 
180.000000  181.000000  0.000716 
181.000000  182.000000  0.000707 
182.000000  183.000000  0.000698 
183.000000  184.000000  0.000689 
184.000000  185.000000  0.000681 
185.000000  186.000000  0.000672 
186.000000  187.000000  0.000663 
187.000000  188.000000  0.000655 
188.000000  189.000000  0.000646 
189.000000  190.000000  0.000638 
190.000000  191.000000  0.000630 
191.000000  192.000000  0.000622 
192.000000  193.000000  0.000614 
193.000000  194.000000  0.000606 
194.000000  195.000000  0.000598 
195.000000  196.000000  0.000590 
196.000000  197.000000  0.000582 
197.000000  198.000000  0.000574 
198.000000  199.000000  0.000567 
199.000000  200.000000  0.000559 
200.000000  201.000000  0.000552 
201.000000  202.000000  0.000545 
202.000000  203.000000  0.000538 
203.000000  204.000000  0.000530 
204.000000  205.000000  0.000523 
205.000000  206.000000  0.000516 
206.000000  207.000000  0.000509 
207.000000  208.000000  0.000503 
208.000000  209.000000  0.000496 
209.000000  210.000000  0.000489 
210.000000  211.000000  0.000483 
211.000000  212.000000  0.000476 
212.000000  213.000000  0.000470 
213.000000  214.000000  0.000464 
214.000000  215.000000  0.000457 
215.000000  216.000000  0.000451 
216.000000  217.000000  0.000445 
217.000000  218.000000  0.000439 
218.000000  219.000000  0.000433 
219.000000  220.000000  0.000428 
220.000000  221.000000  0.000422 
221.000000  222.000000  0.000416 
222.000000  223.000000  0.000411 
223.000000  224.000000  0.000405 
224.000000  225.000000  0.000400 
225.000000  226.000000  0.000394 
226.000000  227.000000  0.000389 
227.000000  228.000000  0.000384 
228.000000  229.000000  0.000379 
229.000000  230.000000  0.000373 
230.000000  231.000000  0.000368 
231.000000  232.000000  0.000364 
232.000000  233.000000  0.000359 
233.000000  234.000000  0.000354 
234.000000  235.000000  0.000349 
235.000000  236.000000  0.000344 
236.000000  237.000000  0.000340 
237.000000  238.000000  0.000335 
238.000000  239.000000  0.000331 
239.000000  240.000000  0.000326 
240.000000  241.000000  0.000322 
241.000000  242.000000  0.000318 
242.000000  243.000000  0.000314 
243.000000  244.000000  0.000310 
244.000000  245.000000  0.000305 
245.000000  246.000000  0.000301 
246.000000  247.000000  0.000297 
247.000000  248.000000  0.000293 
248.000000  249.000000  0.000290 
249.000000  250.000000  0.000286 
250.000000  251.000000  0.000282 
251.000000  252.000000  0.000278 
252.000000  253.000000  0.000275 
253.000000  254.000000  0.000271 
254.000000  255.000000  0.000268 
255.000000  256.000000  0.000264 
256.000000  257.000000  0.000261 
257.000000  258.000000  0.000257 
258.000000  259.000000  0.000254 
259.000000  260.000000  0.000251 
260.000000  261.000000  0.000247 
261.000000  262.000000  0.000244 
262.000000  263.000000  0.000241 
263.000000  264.000000  0.000238 
264.000000  265.000000  0.000235 
265.000000  266.000000  0.000232 
266.000000  267.000000  0.000229 
267.000000  268.000000  0.000226 
268.000000  269.000000  0.000223 
269.000000  270.000000  0.000220 
270.000000  271.000000  0.000217 
271.000000  272.000000  0.000215 
272.000000  273.000000  0.000212 
273.000000  274.000000  0.000209 
274.000000  275.000000  0.000207 
275.000000  276.000000  0.000204 
276.000000  277.000000  0.000202 
277.000000  278.000000  0.000199 
278.000000  279.000000  0.000197 
279.000000  280.000000  0.000194 
280.000000  281.000000  0.000192 
281.000000  282.000000  0.000189 
282.000000  283.000000  0.000187 
283.000000  284.000000  0.000185 
284.000000  285.000000  0.000182 
285.000000  286.000000  0.000180 
286.000000  287.000000  0.000178 
287.000000  288.000000  0.000176 
288.000000  289.000000  0.000174 
289.000000  290.000000  0.000171 
290.000000  291.000000  0.000169 
291.000000  292.000000  0.000167 
292.000000  293.000000  0.000165 
293.000000  294.000000  0.000163 
294.000000  295.000000  0.000161 
295.000000  296.000000  0.000159 
296.000000  297.000000  0.000158 
297.000000  298.000000  0.000156 
298.000000  299.000000  0.000154 
299.000000  300.000000  0.000152 
300.000000  301.000000  0.000150 
301.000000  302.000000  0.000148 
302.000000  303.000000  0.000147 
303.000000  304.000000  0.000145 
304.000000  305.000000  0.000143 
305.000000  306.000000  0.000142 
306.000000  307.000000  0.000140 
307.000000  308.000000  0.000138 
308.000000  309.000000  0.000137 
309.000000  310.000000  0.000135 
310.000000  311.000000  0.000134 
311.000000  312.000000  0.000132 
312.000000  313.000000  0.000130 
313.000000  314.000000  0.000129 
314.000000  315.000000  0.000127 
315.000000  316.000000  0.000126 
316.000000  317.000000  0.000125 
317.000000  318.000000  0.000123 
318.000000  319.000000  0.000122 
319.000000  320.000000  0.000120 
320.000000  321.000000  0.000119 
321.000000  322.000000  0.000118 
322.000000  323.000000  0.000116 
323.000000  324.000000  0.000115 
324.000000  325.000000  0.000114 
325.000000  326.000000  0.000113 
326.000000  327.000000  0.000111 
327.000000  328.000000  0.000110 
328.000000  329.000000  0.000109 
329.000000  330.000000  0.000108 
330.000000  331.000000  0.000107 
331.000000  332.000000  0.000105 
332.000000  333.000000  0.000104 
333.000000  334.000000  0.000103 
334.000000  335.000000  0.000102 
335.000000  336.000000  0.000101 
336.000000  337.000000  0.000100 
337.000000  338.000000  0.000099 
338.000000  339.000000  0.000098 
339.000000  340.000000  0.000097 
340.000000  341.000000  0.000096 
341.000000  342.000000  0.000095 
342.000000  343.000000  0.000094 
343.000000  344.000000  0.000093 
344.000000  345.000000  0.000092 
345.000000  346.000000  0.000091 
346.000000  347.000000  0.000090 
347.000000  348.000000  0.000089 
348.000000  349.000000  0.000088 
349.000000  350.000000  0.000087 
350.000000  351.000000  0.000086 
351.000000  352.000000  0.000085 
352.000000  353.000000  0.000084 
353.000000  354.000000  0.000083 
354.000000  355.000000  0.000083 
355.000000  356.000000  0.000082 
356.000000  357.000000  0.000081 
357.000000  358.000000  0.000080 
358.000000  359.000000  0.000079 
359.000000  360.000000  0.000078 
360.000000  361.000000  0.000078 
361.000000  362.000000  0.000077 
362.000000  363.000000  0.000076 
363.000000  364.000000  0.000075 
364.000000  365.000000  0.000075 
365.000000  366.000000  0.000074 
366.000000  367.000000  0.000073 
367.000000  368.000000  0.000072 
368.000000  369.000000  0.000072 
369.000000  370.000000  0.000071 
370.000000  371.000000  0.000070 
371.000000  372.000000  0.000070 
372.000000  373.000000  0.000069 
373.000000  374.000000  0.000068 
374.000000  375.000000  0.000068 
375.000000  376.000000  0.000067 
376.000000  377.000000  0.000066 
377.000000  378.000000  0.000066 
378.000000  379.000000  0.000065 
379.000000  380.000000  0.000064 
380.000000  381.000000  0.000064 
381.000000  382.000000  0.000063 
382.000000  383.000000  0.000063 
383.000000  384.000000  0.000062 
384.000000  385.000000  0.000061 
385.000000  386.000000  0.000061 
386.000000  387.000000  0.000060 
387.000000  388.000000  0.000060 
388.000000  389.000000  0.000059 
389.000000  390.000000  0.000059 
390.000000  391.000000  0.000058 
391.000000  392.000000  0.000058 
392.000000  393.000000  0.000057 
393.000000  394.000000  0.000057 
394.000000  395.000000  0.000056 
395.000000  396.000000  0.000056 
396.000000  397.000000  0.000055 
397.000000  398.000000  0.000055 
398.000000  399.000000  0.000054 
399.000000  400.000000  0.000054 
400.000000  401.000000  0.000053 
401.000000  402.000000  0.000053 
402.000000  403.000000  0.000052 
403.000000  404.000000  0.000052 
404.000000  405.000000  0.000051 
405.000000  406.000000  0.000051 
406.000000  407.000000  0.000050 
407.000000  408.000000  0.000050 
408.000000  409.000000  0.000049 
409.000000  410.000000  0.000049 
410.000000  411.000000  0.000049 
411.000000  412.000000  0.000048 
412.000000  413.000000  0.000048 
413.000000  414.000000  0.000047 
414.000000  415.000000  0.000047 
415.000000  416.000000  0.000047 
416.000000  417.000000  0.000046 
417.000000  418.000000  0.000046 
418.000000  419.000000  0.000045 
419.000000  420.000000  0.000045 
420.000000  421.000000  0.000045 
421.000000  422.000000  0.000044 
422.000000  423.000000  0.000044 
423.000000  424.000000  0.000044 
424.000000  425.000000  0.000043 
425.000000  426.000000  0.000043 
426.000000  427.000000  0.000042 
427.000000  428.000000  0.000042 
428.000000  429.000000  0.000042 
429.000000  430.000000  0.000041 
430.000000  431.000000  0.000041 
431.000000  432.000000  0.000041 
432.000000  433.000000  0.000040 
433.000000  434.000000  0.000040 
434.000000  435.000000  0.000040 
435.000000  436.000000  0.000039 
436.000000  437.000000  0.000039 
437.000000  438.000000  0.000039 
438.000000  439.000000  0.000039 
439.000000  440.000000  0.000038 
440.000000  441.000000  0.000038 
441.000000  442.000000  0.000038 
442.000000  443.000000  0.000037 
443.000000  444.000000  0.000037 
444.000000  445.000000  0.000037 
445.000000  446.000000  0.000037 
446.000000  447.000000  0.000036 
447.000000  448.000000  0.000036 
448.000000  449.000000  0.000036 
449.000000  450.000000  0.000035 
450.000000  451.000000  0.000035 
451.000000  452.000000  0.000035 
452.000000  453.000000  0.000035 
453.000000  454.000000  0.000034 
454.000000  455.000000  0.000034 
455.000000  456.000000  0.000034 
456.000000  457.000000  0.000034 
457.000000  458.000000  0.000033 
458.000000  459.000000  0.000033 
459.000000  460.000000  0.000033 
460.000000  461.000000  0.000033 
461.000000  462.000000  0.000032 
462.000000  463.000000  0.000032 
463.000000  464.000000  0.000032 
464.000000  465.000000  0.000032 
465.000000  466.000000  0.000031 
466.000000  467.000000  0.000031 
467.000000  468.000000  0.000031 
468.000000  469.000000  0.000031 
469.000000  470.000000  0.000031 
470.000000  471.000000  0.000030 
471.000000  472.000000  0.000030 
472.000000  473.000000  0.000030 
473.000000  474.000000  0.000030 
474.000000  475.000000  0.000030 
475.000000  476.000000  0.000029 
476.000000  477.000000  0.000029 
477.000000  478.000000  0.000029 
478.000000  479.000000  0.000029 
479.000000  480.000000  0.000029 
480.000000  481.000000  0.000028 
481.000000  482.000000  0.000028 
482.000000  483.000000  0.000028 
483.000000  484.000000  0.000028 
484.000000  485.000000  0.000028 
485.000000  486.000000  0.000027 
486.000000  487.000000  0.000027 
487.000000  488.000000  0.000027 
488.000000  489.000000  0.000027 
489.000000  490.000000  0.000027 
490.000000  491.000000  0.000027 
491.000000  492.000000  0.000026 
492.000000  493.000000  0.000026 
493.000000  494.000000  0.000026 
494.000000  495.000000  0.000026 
495.000000  496.000000  0.000026 
496.000000  497.000000  0.000026 
497.000000  498.000000  0.000025 
498.000000  499.000000  0.000025 
499.000000  500.000000  0.000025 
500.000000  501.000000  0.000025 
501.000000  502.000000  0.000025 
502.000000  503.000000  0.000025 
503.000000  504.000000  0.000024 
504.000000  505.000000  0.000024 
505.000000  506.000000  0.000024 
506.000000  507.000000  0.000024 
507.000000  508.000000  0.000024 
508.000000  509.000000  0.000024 
509.000000  510.000000  0.000024 
510.000000  511.000000  0.000023 
511.000000  512.000000  0.000023 
512.000000  513.000000  0.000023 
513.000000  514.000000  0.000023 
514.000000  515.000000  0.000023 
515.000000  516.000000  0.000023 
516.000000  517.000000  0.000023 
517.000000  518.000000  0.000023 
518.000000  519.000000  0.000022 
519.000000  520.000000  0.000022 
520.000000  521.000000  0.000022 
521.000000  522.000000  0.000022 
522.000000  523.000000  0.000022 
523.000000  524.000000  0.000022 
524.000000  525.000000  0.000022 
525.000000  526.000000  0.000022 
526.000000  527.000000  0.000021 
527.000000  528.000000  0.000021 
528.000000  529.000000  0.000021 
529.000000  530.000000  0.000021 
530.000000  531.000000  0.000021 
531.000000  532.000000  0.000021 
532.000000  533.000000  0.000021 
533.000000  534.000000  0.000021 
534.000000  535.000000  0.000021 
535.000000  536.000000  0.000020 
536.000000  537.000000  0.000020 
537.000000  538.000000  0.000020 
538.000000  539.000000  0.000020 
539.000000  540.000000  0.000020 
540.000000  541.000000  0.000020 
541.000000  542.000000  0.000020 
542.000000  543.000000  0.000020 
543.000000  544.000000  0.000020 
544.000000  545.000000  0.000020 
545.000000  546.000000  0.000019 
546.000000  547.000000  0.000019 
547.000000  548.000000  0.000019 
548.000000  549.000000  0.000019 
549.000000  550.000000  0.000019 
550.000000  551.000000  0.000019 
551.000000  552.000000  0.000019 
552.000000  553.000000  0.000019 
553.000000  554.000000  0.000019 
554.000000  555.000000  0.000019 
555.000000  556.000000  0.000019 
556.000000  557.000000  0.000018 
557.000000  558.000000  0.000018 
558.000000  559.000000  0.000018 
559.000000  560.000000  0.000018 
560.000000  561.000000  0.000018 
561.000000  562.000000  0.000018 
562.000000  563.000000  0.000018 
563.000000  564.000000  0.000018 
564.000000  565.000000  0.000018 
565.000000  566.000000  0.000018 
566.000000  567.000000  0.000018 
567.000000  568.000000  0.000018 
568.000000  569.000000  0.000017 
569.000000  570.000000  0.000017 
570.000000  571.000000  0.000017 
571.000000  572.000000  0.000017 
572.000000  573.000000  0.000017 
573.000000  574.000000  0.000017 
574.000000  575.000000  0.000017 
575.000000  576.000000  0.000017 
576.000000  577.000000  0.000017 
577.000000  578.000000  0.000017 
578.000000  579.000000  0.000017 
579.000000  580.000000  0.000017 
580.000000  581.000000  0.000017 
581.000000  582.000000  0.000017 
582.000000  583.000000  0.000017 
583.000000  584.000000  0.000016 
584.000000  585.000000  0.000016 
585.000000  586.000000  0.000016 
586.000000  587.000000  0.000016 
587.000000  588.000000  0.000016 
588.000000  589.000000  0.000016 
589.000000  590.000000  0.000016 
590.000000  591.000000  0.000016 
591.000000  592.000000  0.000016 
592.000000  593.000000  0.000016 
593.000000  594.000000  0.000016 
594.000000  595.000000  0.000016 
595.000000  596.000000  0.000016 
596.000000  597.000000  0.000016 
597.000000  598.000000  0.000016 
598.000000  599.000000  0.000016 
599.000000  600.000000  0.000016 
600.000000  601.000000  0.000015 
601.000000  602.000000  0.000015 
602.000000  603.000000  0.000015 
603.000000  604.000000  0.000015 
604.000000  605.000000  0.000015 
605.000000  606.000000  0.000015 
606.000000  607.000000  0.000015 
607.000000  608.000000  0.000015 
608.000000  609.000000  0.000015 
609.000000  610.000000  0.000015 
610.000000  611.000000  0.000015 
611.000000  612.000000  0.000015 
612.000000  613.000000  0.000015 
613.000000  614.000000  0.000015 
614.000000  615.000000  0.000015 
615.000000  616.000000  0.000015 
616.000000  617.000000  0.000015 
617.000000  618.000000  0.000015 
618.000000  619.000000  0.000015 
619.000000  620.000000  0.000015 
620.000000  621.000000  0.000015 
621.000000  622.000000  0.000014 
622.000000  623.000000  0.000014 
623.000000  624.000000  0.000014 
624.000000  625.000000  0.000014 
625.000000  626.000000  0.000014 
626.000000  627.000000  0.000014 
627.000000  628.000000  0.000014 
628.000000  629.000000  0.000014 
629.000000  630.000000  0.000014 
630.000000  631.000000  0.000014 
631.000000  632.000000  0.000014 
632.000000  633.000000  0.000014 
633.000000  634.000000  0.000014 
634.000000  635.000000  0.000014 
635.000000  636.000000  0.000014 
636.000000  637.000000  0.000014 
637.000000  638.000000  0.000014 
638.000000  639.000000  0.000014 
639.000000  640.000000  0.000014 
640.000000  641.000000  0.000014 
641.000000  642.000000  0.000014 
642.000000  643.000000  0.000014 
643.000000  644.000000  0.000014 
644.000000  645.000000  0.000014 
645.000000  646.000000  0.000014 
646.000000  647.000000  0.000014 
647.000000  648.000000  0.000014 
648.000000  649.000000  0.000014 
649.000000  650.000000  0.000013 
650.000000  651.000000  0.000013 
651.000000  652.000000  0.000013 
652.000000  653.000000  0.000013 
653.000000  654.000000  0.000013 
654.000000  655.000000  0.000013 
655.000000  656.000000  0.000013 
656.000000  657.000000  0.000013 
657.000000  658.000000  0.000013 
658.000000  659.000000  0.000013 
659.000000  660.000000  0.000013 
660.000000  661.000000  0.000013 
661.000000  662.000000  0.000013 
662.000000  663.000000  0.000013 
663.000000  664.000000  0.000013 
664.000000  665.000000  0.000013 
665.000000  666.000000  0.000013 
666.000000  667.000000  0.000013 
667.000000  668.000000  0.000013 
668.000000  669.000000  0.000013 
669.000000  670.000000  0.000013 
670.000000  671.000000  0.000013 
671.000000  672.000000  0.000013 
672.000000  673.000000  0.000013 
673.000000  674.000000  0.000013 
674.000000  675.000000  0.000013 
675.000000  676.000000  0.000013 
676.000000  677.000000  0.000013 
677.000000  678.000000  0.000013 
678.000000  679.000000  0.000013 
679.000000  680.000000  0.000013 
680.000000  681.000000  0.000013 
681.000000  682.000000  0.000013 
682.000000  683.000000  0.000013 
683.000000  684.000000  0.000013 
684.000000  685.000000  0.000013 
685.000000  686.000000  0.000013 
686.000000  687.000000  0.000013 
687.000000  688.000000  0.000013 
688.000000  689.000000  0.000013 
689.000000  690.000000  0.000013 
690.000000  691.000000  0.000012 
691.000000  692.000000  0.000012 
692.000000  693.000000  0.000012 
693.000000  694.000000  0.000012 
694.000000  695.000000  0.000012 
695.000000  696.000000  0.000012 
696.000000  697.000000  0.000012 
697.000000  698.000000  0.000012 
698.000000  699.000000  0.000012 
699.000000  700.000000  0.000012 
700.000000  701.000000  0.000012 
701.000000  702.000000  0.000012 
702.000000  703.000000  0.000012 
703.000000  704.000000  0.000012 
704.000000  705.000000  0.000012 
705.000000  706.000000  0.000012 
706.000000  707.000000  0.000012 
707.000000  708.000000  0.000012 
708.000000  709.000000  0.000012 
709.000000  710.000000  0.000012 
710.000000  711.000000  0.000012 
711.000000  712.000000  0.000012 
712.000000  713.000000  0.000012 
713.000000  714.000000  0.000012 
714.000000  715.000000  0.000012 
715.000000  716.000000  0.000012 
716.000000  717.000000  0.000012 
717.000000  718.000000  0.000012 
718.000000  719.000000  0.000012 
719.000000  720.000000  0.000012 
720.000000  721.000000  0.000012 
721.000000  722.000000  0.000012 
722.000000  723.000000  0.000012 
723.000000  724.000000  0.000012 
724.000000  725.000000  0.000012 
725.000000  726.000000  0.000012 
726.000000  727.000000  0.000012 
727.000000  728.000000  0.000012 
728.000000  729.000000  0.000012 
729.000000  730.000000  0.000012 
730.000000  731.000000  0.000012 
731.000000  732.000000  0.000012 
732.000000  733.000000  0.000012 
733.000000  734.000000  0.000012 
734.000000  735.000000  0.000012 
735.000000  736.000000  0.000012 
736.000000  737.000000  0.000012 
737.000000  738.000000  0.000012 
738.000000  739.000000  0.000012 
739.000000  740.000000  0.000012 
740.000000  741.000000  0.000012 
741.000000  742.000000  0.000012 
742.000000  743.000000  0.000012 
743.000000  744.000000  0.000012 
744.000000  745.000000  0.000012 
745.000000  746.000000  0.000012 
746.000000  747.000000  0.000012 
747.000000  748.000000  0.000012 
748.000000  749.000000  0.000012 
749.000000  750.000000  0.000012 
750.000000  751.000000  0.000012 
751.000000  752.000000  0.000012 
752.000000  753.000000  0.000012 
753.000000  754.000000  0.000012 
754.000000  755.000000  0.000012 
755.000000  756.000000  0.000012 
756.000000  757.000000  0.000012 
757.000000  758.000000  0.000012 
758.000000  759.000000  0.000012 
759.000000  760.000000  0.000012 
760.000000  761.000000  0.000012 
761.000000  762.000000  0.000012 
762.000000  763.000000  0.000012 
763.000000  764.000000  0.000012 
764.000000  765.000000  0.000012 
765.000000  766.000000  0.000012 
766.000000  767.000000  0.000012 
767.000000  768.000000  0.000012 
768.000000  769.000000  0.000012 
769.000000  770.000000  0.000012 
770.000000  771.000000  0.000012 
771.000000  772.000000  0.000012 
772.000000  773.000000  0.000012 
773.000000  774.000000  0.000012 
774.000000  775.000000  0.000012 
775.000000  776.000000  0.000012 
776.000000  777.000000  0.000012 
777.000000  778.000000  0.000012 
778.000000  779.000000  0.000012 
779.000000  780.000000  0.000012 
780.000000  781.000000  0.000012 
781.000000  782.000000  0.000012 
782.000000  783.000000  0.000012 
783.000000  784.000000  0.000012 
784.000000  785.000000  0.000012 
785.000000  786.000000  0.000012 
786.000000  787.000000  0.000012 
787.000000  788.000000  0.000012 
788.000000  789.000000  0.000012 
789.000000  790.000000  0.000012 
790.000000  791.000000  0.000012 
791.000000  792.000000  0.000012 
792.000000  793.000000  0.000012 
793.000000  794.000000  0.000012 
794.000000  795.000000  0.000012 
795.000000  796.000000  0.000012 
796.000000  797.000000  0.000012 
797.000000  798.000000  0.000012 
798.000000  799.000000  0.000012 
799.000000  800.000000  0.000012 
