17.000000  18.000000  -0.000000 
18.000000  19.000000  -0.000000 
19.000000  20.000000  -0.000000 
20.000000  21.000000  -0.000000 
21.000000  22.000000  -0.000000 
22.000000  23.000000  -0.000000 
23.000000  24.000000  -0.000000 
24.000000  25.000000  -0.000000 
25.000000  26.000000  -0.000000 
26.000000  27.000000  -0.000000 
27.000000  28.000000  -0.000000 
28.000000  29.000000  -0.000000 
29.000000  30.000000  -0.000000 
30.000000  31.000000  -0.000000 
31.000000  32.000000  -0.000000 
32.000000  33.000000  -0.000000 
33.000000  34.000000  -0.000000 
34.000000  35.000000  -0.000000 
35.000000  36.000000  -0.000000 
36.000000  37.000000  -0.000000 
37.000000  38.000000  -0.000000 
38.000000  39.000000  -0.000000 
39.000000  40.000000  -0.000000 
40.000000  41.000000  -0.000000 
41.000000  42.000000  -0.000000 
42.000000  43.000000  -0.000000 
43.000000  44.000000  -0.000000 
44.000000  45.000000  -0.000000 
45.000000  46.000000  -0.000000 
46.000000  47.000000  -0.000000 
47.000000  48.000000  -0.000000 
48.000000  49.000000  -0.000000 
49.000000  50.000000  -0.000000 
50.000000  51.000000  -0.000000 
51.000000  52.000000  -0.000000 
52.000000  53.000000  -0.000000 
53.000000  54.000000  -0.000000 
54.000000  55.000000  -0.000000 
55.000000  56.000000  -0.000000 
56.000000  57.000000  -0.000000 
57.000000  58.000000  -0.000000 
58.000000  59.000000  -0.000000 
59.000000  60.000000  -0.000000 
60.000000  61.000000  -0.000000 
61.000000  62.000000  -0.000000 
62.000000  63.000000  -0.000000 
63.000000  64.000000  -0.000000 
64.000000  65.000000  -0.000000 
65.000000  66.000000  -0.000000 
66.000000  67.000000  -0.000000 
67.000000  68.000000  -0.000000 
68.000000  69.000000  -0.000000 
69.000000  70.000000  -0.000001 
70.000000  71.000000  -0.000001 
71.000000  72.000000  -0.000001 
72.000000  73.000000  -0.000001 
73.000000  74.000000  -0.000001 
74.000000  75.000000  -0.000001 
75.000000  76.000000  -0.000001 
76.000000  77.000000  -0.000001 
77.000000  78.000000  -0.000002 
78.000000  79.000000  -0.000002 
79.000000  80.000000  -0.000002 
80.000000  81.000000  -0.000002 
81.000000  82.000000  -0.000002 
82.000000  83.000000  -0.000003 
83.000000  84.000000  -0.000003 
84.000000  85.000000  -0.000003 
85.000000  86.000000  -0.000003 
86.000000  87.000000  -0.000004 
87.000000  88.000000  -0.000004 
88.000000  89.000000  -0.000004 
89.000000  90.000000  -0.000004 
90.000000  91.000000  -0.000004 
91.000000  92.000000  -0.000005 
92.000000  93.000000  -0.000005 
93.000000  94.000000  -0.000005 
94.000000  95.000000  -0.000005 
95.000000  96.000000  -0.000005 
96.000000  97.000000  -0.000005 
97.000000  98.000000  -0.000005 
98.000000  99.000000  -0.000005 
99.000000  100.000000  -0.000004 
100.000000  101.000000  -0.000004 
101.000000  102.000000  -0.000004 
102.000000  103.000000  -0.000003 
103.000000  104.000000  -0.000003 
104.000000  105.000000  -0.000002 
105.000000  106.000000  -0.000001 
106.000000  107.000000  -0.000000 
107.000000  108.000000  0.000001 
108.000000  109.000000  0.000002 
109.000000  110.000000  0.000003 
110.000000  111.000000  0.000005 
111.000000  112.000000  0.000007 
112.000000  113.000000  0.000008 
113.000000  114.000000  0.000010 
114.000000  115.000000  0.000013 
115.000000  116.000000  0.000015 
116.000000  117.000000  0.000017 
117.000000  118.000000  0.000020 
118.000000  119.000000  0.000023 
119.000000  120.000000  0.000026 
120.000000  121.000000  0.000030 
121.000000  122.000000  0.000033 
122.000000  123.000000  0.000037 
123.000000  124.000000  0.000041 
124.000000  125.000000  0.000045 
125.000000  126.000000  0.000049 
126.000000  127.000000  0.000054 
127.000000  128.000000  0.000058 
128.000000  129.000000  0.000063 
129.000000  130.000000  0.000068 
130.000000  131.000000  0.000074 
131.000000  132.000000  0.000079 
132.000000  133.000000  0.000085 
133.000000  134.000000  0.000091 
134.000000  135.000000  0.000097 
135.000000  136.000000  0.000103 
136.000000  137.000000  0.000109 
137.000000  138.000000  0.000116 
138.000000  139.000000  0.000122 
139.000000  140.000000  0.000129 
140.000000  141.000000  0.000136 
141.000000  142.000000  0.000143 
142.000000  143.000000  0.000150 
143.000000  144.000000  0.000157 
144.000000  145.000000  0.000164 
145.000000  146.000000  0.000172 
146.000000  147.000000  0.000179 
147.000000  148.000000  0.000187 
148.000000  149.000000  0.000194 
149.000000  150.000000  0.000202 
150.000000  151.000000  0.000210 
151.000000  152.000000  0.000217 
152.000000  153.000000  0.000225 
153.000000  154.000000  0.000233 
154.000000  155.000000  0.000240 
155.000000  156.000000  0.000248 
156.000000  157.000000  0.000256 
157.000000  158.000000  0.000264 
158.000000  159.000000  0.000271 
159.000000  160.000000  0.000279 
160.000000  161.000000  0.000286 
161.000000  162.000000  0.000294 
162.000000  163.000000  0.000301 
163.000000  164.000000  0.000308 
164.000000  165.000000  0.000316 
165.000000  166.000000  0.000323 
166.000000  167.000000  0.000330 
167.000000  168.000000  0.000337 
168.000000  169.000000  0.000343 
169.000000  170.000000  0.000350 
170.000000  171.000000  0.000357 
171.000000  172.000000  0.000363 
172.000000  173.000000  0.000369 
173.000000  174.000000  0.000375 
174.000000  175.000000  0.000381 
175.000000  176.000000  0.000387 
176.000000  177.000000  0.000393 
177.000000  178.000000  0.000399 
178.000000  179.000000  0.000404 
179.000000  180.000000  0.000409 
180.000000  181.000000  0.000414 
181.000000  182.000000  0.000419 
182.000000  183.000000  0.000424 
183.000000  184.000000  0.000428 
184.000000  185.000000  0.000433 
185.000000  186.000000  0.000437 
186.000000  187.000000  0.000441 
187.000000  188.000000  0.000445 
188.000000  189.000000  0.000449 
189.000000  190.000000  0.000452 
190.000000  191.000000  0.000456 
191.000000  192.000000  0.000459 
192.000000  193.000000  0.000462 
193.000000  194.000000  0.000465 
194.000000  195.000000  0.000467 
195.000000  196.000000  0.000470 
196.000000  197.000000  0.000472 
197.000000  198.000000  0.000474 
198.000000  199.000000  0.000476 
199.000000  200.000000  0.000478 
200.000000  201.000000  0.000480 
201.000000  202.000000  0.000481 
202.000000  203.000000  0.000483 
203.000000  204.000000  0.000484 
204.000000  205.000000  0.000485 
205.000000  206.000000  0.000486 
206.000000  207.000000  0.000487 
207.000000  208.000000  0.000487 
208.000000  209.000000  0.000488 
209.000000  210.000000  0.000488 
210.000000  211.000000  0.000488 
211.000000  212.000000  0.000488 
212.000000  213.000000  0.000488 
213.000000  214.000000  0.000488 
214.000000  215.000000  0.000488 
215.000000  216.000000  0.000487 
216.000000  217.000000  0.000487 
217.000000  218.000000  0.000486 
218.000000  219.000000  0.000485 
219.000000  220.000000  0.000484 
220.000000  221.000000  0.000483 
221.000000  222.000000  0.000482 
222.000000  223.000000  0.000481 
223.000000  224.000000  0.000480 
224.000000  225.000000  0.000478 
225.000000  226.000000  0.000477 
226.000000  227.000000  0.000475 
227.000000  228.000000  0.000474 
228.000000  229.000000  0.000472 
229.000000  230.000000  0.000470 
230.000000  231.000000  0.000468 
231.000000  232.000000  0.000466 
232.000000  233.000000  0.000464 
233.000000  234.000000  0.000462 
234.000000  235.000000  0.000460 
235.000000  236.000000  0.000458 
236.000000  237.000000  0.000455 
237.000000  238.000000  0.000453 
238.000000  239.000000  0.000451 
239.000000  240.000000  0.000448 
240.000000  241.000000  0.000446 
241.000000  242.000000  0.000443 
242.000000  243.000000  0.000441 
243.000000  244.000000  0.000438 
244.000000  245.000000  0.000435 
245.000000  246.000000  0.000432 
246.000000  247.000000  0.000430 
247.000000  248.000000  0.000427 
248.000000  249.000000  0.000424 
249.000000  250.000000  0.000421 
250.000000  251.000000  0.000418 
251.000000  252.000000  0.000416 
252.000000  253.000000  0.000413 
253.000000  254.000000  0.000410 
254.000000  255.000000  0.000407 
255.000000  256.000000  0.000404 
256.000000  257.000000  0.000401 
257.000000  258.000000  0.000398 
258.000000  259.000000  0.000395 
259.000000  260.000000  0.000392 
260.000000  261.000000  0.000389 
261.000000  262.000000  0.000386 
262.000000  263.000000  0.000382 
263.000000  264.000000  0.000379 
264.000000  265.000000  0.000376 
265.000000  266.000000  0.000373 
266.000000  267.000000  0.000370 
267.000000  268.000000  0.000367 
268.000000  269.000000  0.000364 
269.000000  270.000000  0.000361 
270.000000  271.000000  0.000358 
271.000000  272.000000  0.000355 
272.000000  273.000000  0.000352 
273.000000  274.000000  0.000349 
274.000000  275.000000  0.000346 
275.000000  276.000000  0.000343 
276.000000  277.000000  0.000340 
277.000000  278.000000  0.000337 
278.000000  279.000000  0.000334 
279.000000  280.000000  0.000331 
280.000000  281.000000  0.000328 
281.000000  282.000000  0.000325 
282.000000  283.000000  0.000322 
283.000000  284.000000  0.000319 
284.000000  285.000000  0.000316 
285.000000  286.000000  0.000313 
286.000000  287.000000  0.000310 
287.000000  288.000000  0.000307 
288.000000  289.000000  0.000304 
289.000000  290.000000  0.000301 
290.000000  291.000000  0.000298 
291.000000  292.000000  0.000296 
292.000000  293.000000  0.000293 
293.000000  294.000000  0.000290 
294.000000  295.000000  0.000287 
295.000000  296.000000  0.000284 
296.000000  297.000000  0.000282 
297.000000  298.000000  0.000279 
298.000000  299.000000  0.000276 
299.000000  300.000000  0.000273 
300.000000  301.000000  0.000271 
301.000000  302.000000  0.000268 
302.000000  303.000000  0.000266 
303.000000  304.000000  0.000263 
304.000000  305.000000  0.000260 
305.000000  306.000000  0.000258 
306.000000  307.000000  0.000255 
307.000000  308.000000  0.000253 
308.000000  309.000000  0.000250 
309.000000  310.000000  0.000248 
310.000000  311.000000  0.000245 
311.000000  312.000000  0.000243 
312.000000  313.000000  0.000240 
313.000000  314.000000  0.000238 
314.000000  315.000000  0.000236 
315.000000  316.000000  0.000233 
316.000000  317.000000  0.000231 
317.000000  318.000000  0.000229 
318.000000  319.000000  0.000226 
319.000000  320.000000  0.000224 
320.000000  321.000000  0.000222 
321.000000  322.000000  0.000219 
322.000000  323.000000  0.000217 
323.000000  324.000000  0.000215 
324.000000  325.000000  0.000213 
325.000000  326.000000  0.000211 
326.000000  327.000000  0.000209 
327.000000  328.000000  0.000206 
328.000000  329.000000  0.000204 
329.000000  330.000000  0.000202 
330.000000  331.000000  0.000200 
331.000000  332.000000  0.000198 
332.000000  333.000000  0.000196 
333.000000  334.000000  0.000194 
334.000000  335.000000  0.000192 
335.000000  336.000000  0.000190 
336.000000  337.000000  0.000188 
337.000000  338.000000  0.000186 
338.000000  339.000000  0.000185 
339.000000  340.000000  0.000183 
340.000000  341.000000  0.000181 
341.000000  342.000000  0.000179 
342.000000  343.000000  0.000177 
343.000000  344.000000  0.000175 
344.000000  345.000000  0.000174 
345.000000  346.000000  0.000172 
346.000000  347.000000  0.000170 
347.000000  348.000000  0.000168 
348.000000  349.000000  0.000167 
349.000000  350.000000  0.000165 
350.000000  351.000000  0.000163 
351.000000  352.000000  0.000162 
352.000000  353.000000  0.000160 
353.000000  354.000000  0.000158 
354.000000  355.000000  0.000157 
355.000000  356.000000  0.000155 
356.000000  357.000000  0.000154 
357.000000  358.000000  0.000152 
358.000000  359.000000  0.000151 
359.000000  360.000000  0.000149 
360.000000  361.000000  0.000148 
361.000000  362.000000  0.000146 
362.000000  363.000000  0.000145 
363.000000  364.000000  0.000143 
364.000000  365.000000  0.000142 
365.000000  366.000000  0.000140 
366.000000  367.000000  0.000139 
367.000000  368.000000  0.000138 
368.000000  369.000000  0.000136 
369.000000  370.000000  0.000135 
370.000000  371.000000  0.000134 
371.000000  372.000000  0.000132 
372.000000  373.000000  0.000131 
373.000000  374.000000  0.000130 
374.000000  375.000000  0.000128 
375.000000  376.000000  0.000127 
376.000000  377.000000  0.000126 
377.000000  378.000000  0.000125 
378.000000  379.000000  0.000123 
379.000000  380.000000  0.000122 
380.000000  381.000000  0.000121 
381.000000  382.000000  0.000120 
382.000000  383.000000  0.000119 
383.000000  384.000000  0.000117 
384.000000  385.000000  0.000116 
385.000000  386.000000  0.000115 
386.000000  387.000000  0.000114 
387.000000  388.000000  0.000113 
388.000000  389.000000  0.000112 
389.000000  390.000000  0.000111 
390.000000  391.000000  0.000110 
391.000000  392.000000  0.000109 
392.000000  393.000000  0.000108 
393.000000  394.000000  0.000107 
394.000000  395.000000  0.000106 
395.000000  396.000000  0.000105 
396.000000  397.000000  0.000104 
397.000000  398.000000  0.000103 
398.000000  399.000000  0.000102 
399.000000  400.000000  0.000101 
400.000000  401.000000  0.000100 
401.000000  402.000000  0.000099 
402.000000  403.000000  0.000098 
403.000000  404.000000  0.000097 
404.000000  405.000000  0.000096 
405.000000  406.000000  0.000095 
406.000000  407.000000  0.000094 
407.000000  408.000000  0.000093 
408.000000  409.000000  0.000092 
409.000000  410.000000  0.000091 
410.000000  411.000000  0.000091 
411.000000  412.000000  0.000090 
412.000000  413.000000  0.000089 
413.000000  414.000000  0.000088 
414.000000  415.000000  0.000087 
415.000000  416.000000  0.000086 
416.000000  417.000000  0.000086 
417.000000  418.000000  0.000085 
418.000000  419.000000  0.000084 
419.000000  420.000000  0.000083 
420.000000  421.000000  0.000083 
421.000000  422.000000  0.000082 
422.000000  423.000000  0.000081 
423.000000  424.000000  0.000080 
424.000000  425.000000  0.000080 
425.000000  426.000000  0.000079 
426.000000  427.000000  0.000078 
427.000000  428.000000  0.000077 
428.000000  429.000000  0.000077 
429.000000  430.000000  0.000076 
430.000000  431.000000  0.000075 
431.000000  432.000000  0.000075 
432.000000  433.000000  0.000074 
433.000000  434.000000  0.000073 
434.000000  435.000000  0.000073 
435.000000  436.000000  0.000072 
436.000000  437.000000  0.000071 
437.000000  438.000000  0.000071 
438.000000  439.000000  0.000070 
439.000000  440.000000  0.000070 
440.000000  441.000000  0.000069 
441.000000  442.000000  0.000068 
442.000000  443.000000  0.000068 
443.000000  444.000000  0.000067 
444.000000  445.000000  0.000067 
445.000000  446.000000  0.000066 
446.000000  447.000000  0.000065 
447.000000  448.000000  0.000065 
448.000000  449.000000  0.000064 
449.000000  450.000000  0.000064 
450.000000  451.000000  0.000063 
451.000000  452.000000  0.000063 
452.000000  453.000000  0.000062 
453.000000  454.000000  0.000062 
454.000000  455.000000  0.000061 
455.000000  456.000000  0.000061 
456.000000  457.000000  0.000060 
457.000000  458.000000  0.000060 
458.000000  459.000000  0.000059 
459.000000  460.000000  0.000059 
460.000000  461.000000  0.000058 
461.000000  462.000000  0.000058 
462.000000  463.000000  0.000057 
463.000000  464.000000  0.000057 
464.000000  465.000000  0.000056 
465.000000  466.000000  0.000056 
466.000000  467.000000  0.000055 
467.000000  468.000000  0.000055 
468.000000  469.000000  0.000054 
469.000000  470.000000  0.000054 
470.000000  471.000000  0.000054 
471.000000  472.000000  0.000053 
472.000000  473.000000  0.000053 
473.000000  474.000000  0.000052 
474.000000  475.000000  0.000052 
475.000000  476.000000  0.000051 
476.000000  477.000000  0.000051 
477.000000  478.000000  0.000051 
478.000000  479.000000  0.000050 
479.000000  480.000000  0.000050 
480.000000  481.000000  0.000049 
481.000000  482.000000  0.000049 
482.000000  483.000000  0.000049 
483.000000  484.000000  0.000048 
484.000000  485.000000  0.000048 
485.000000  486.000000  0.000048 
486.000000  487.000000  0.000047 
487.000000  488.000000  0.000047 
488.000000  489.000000  0.000046 
489.000000  490.000000  0.000046 
490.000000  491.000000  0.000046 
491.000000  492.000000  0.000045 
492.000000  493.000000  0.000045 
493.000000  494.000000  0.000045 
494.000000  495.000000  0.000044 
495.000000  496.000000  0.000044 
496.000000  497.000000  0.000044 
497.000000  498.000000  0.000043 
498.000000  499.000000  0.000043 
499.000000  500.000000  0.000043 
500.000000  501.000000  0.000042 
501.000000  502.000000  0.000042 
502.000000  503.000000  0.000042 
503.000000  504.000000  0.000042 
504.000000  505.000000  0.000041 
505.000000  506.000000  0.000041 
506.000000  507.000000  0.000041 
507.000000  508.000000  0.000040 
508.000000  509.000000  0.000040 
509.000000  510.000000  0.000040 
510.000000  511.000000  0.000039 
511.000000  512.000000  0.000039 
512.000000  513.000000  0.000039 
513.000000  514.000000  0.000039 
514.000000  515.000000  0.000038 
515.000000  516.000000  0.000038 
516.000000  517.000000  0.000038 
517.000000  518.000000  0.000038 
518.000000  519.000000  0.000037 
519.000000  520.000000  0.000037 
520.000000  521.000000  0.000037 
521.000000  522.000000  0.000037 
522.000000  523.000000  0.000036 
523.000000  524.000000  0.000036 
524.000000  525.000000  0.000036 
525.000000  526.000000  0.000036 
526.000000  527.000000  0.000035 
527.000000  528.000000  0.000035 
528.000000  529.000000  0.000035 
529.000000  530.000000  0.000035 
530.000000  531.000000  0.000034 
531.000000  532.000000  0.000034 
532.000000  533.000000  0.000034 
533.000000  534.000000  0.000034 
534.000000  535.000000  0.000034 
535.000000  536.000000  0.000033 
536.000000  537.000000  0.000033 
537.000000  538.000000  0.000033 
538.000000  539.000000  0.000033 
539.000000  540.000000  0.000033 
540.000000  541.000000  0.000032 
541.000000  542.000000  0.000032 
542.000000  543.000000  0.000032 
543.000000  544.000000  0.000032 
544.000000  545.000000  0.000032 
545.000000  546.000000  0.000031 
546.000000  547.000000  0.000031 
547.000000  548.000000  0.000031 
548.000000  549.000000  0.000031 
549.000000  550.000000  0.000031 
550.000000  551.000000  0.000030 
551.000000  552.000000  0.000030 
552.000000  553.000000  0.000030 
553.000000  554.000000  0.000030 
554.000000  555.000000  0.000030 
555.000000  556.000000  0.000030 
556.000000  557.000000  0.000029 
557.000000  558.000000  0.000029 
558.000000  559.000000  0.000029 
559.000000  560.000000  0.000029 
560.000000  561.000000  0.000029 
561.000000  562.000000  0.000029 
562.000000  563.000000  0.000028 
563.000000  564.000000  0.000028 
564.000000  565.000000  0.000028 
565.000000  566.000000  0.000028 
566.000000  567.000000  0.000028 
567.000000  568.000000  0.000028 
568.000000  569.000000  0.000027 
569.000000  570.000000  0.000027 
570.000000  571.000000  0.000027 
571.000000  572.000000  0.000027 
572.000000  573.000000  0.000027 
573.000000  574.000000  0.000027 
574.000000  575.000000  0.000027 
575.000000  576.000000  0.000026 
576.000000  577.000000  0.000026 
577.000000  578.000000  0.000026 
578.000000  579.000000  0.000026 
579.000000  580.000000  0.000026 
580.000000  581.000000  0.000026 
581.000000  582.000000  0.000026 
582.000000  583.000000  0.000026 
583.000000  584.000000  0.000025 
584.000000  585.000000  0.000025 
585.000000  586.000000  0.000025 
586.000000  587.000000  0.000025 
587.000000  588.000000  0.000025 
588.000000  589.000000  0.000025 
589.000000  590.000000  0.000025 
590.000000  591.000000  0.000025 
591.000000  592.000000  0.000024 
592.000000  593.000000  0.000024 
593.000000  594.000000  0.000024 
594.000000  595.000000  0.000024 
595.000000  596.000000  0.000024 
596.000000  597.000000  0.000024 
597.000000  598.000000  0.000024 
598.000000  599.000000  0.000024 
599.000000  600.000000  0.000023 
600.000000  601.000000  0.000023 
601.000000  602.000000  0.000023 
602.000000  603.000000  0.000023 
603.000000  604.000000  0.000023 
604.000000  605.000000  0.000023 
605.000000  606.000000  0.000023 
606.000000  607.000000  0.000023 
607.000000  608.000000  0.000023 
608.000000  609.000000  0.000023 
609.000000  610.000000  0.000022 
610.000000  611.000000  0.000022 
611.000000  612.000000  0.000022 
612.000000  613.000000  0.000022 
613.000000  614.000000  0.000022 
614.000000  615.000000  0.000022 
615.000000  616.000000  0.000022 
616.000000  617.000000  0.000022 
617.000000  618.000000  0.000022 
618.000000  619.000000  0.000022 
619.000000  620.000000  0.000022 
620.000000  621.000000  0.000021 
621.000000  622.000000  0.000021 
622.000000  623.000000  0.000021 
623.000000  624.000000  0.000021 
624.000000  625.000000  0.000021 
625.000000  626.000000  0.000021 
626.000000  627.000000  0.000021 
627.000000  628.000000  0.000021 
628.000000  629.000000  0.000021 
629.000000  630.000000  0.000021 
630.000000  631.000000  0.000021 
631.000000  632.000000  0.000021 
632.000000  633.000000  0.000020 
633.000000  634.000000  0.000020 
634.000000  635.000000  0.000020 
635.000000  636.000000  0.000020 
636.000000  637.000000  0.000020 
637.000000  638.000000  0.000020 
638.000000  639.000000  0.000020 
639.000000  640.000000  0.000020 
640.000000  641.000000  0.000020 
641.000000  642.000000  0.000020 
642.000000  643.000000  0.000020 
643.000000  644.000000  0.000020 
644.000000  645.000000  0.000020 
645.000000  646.000000  0.000019 
646.000000  647.000000  0.000019 
647.000000  648.000000  0.000019 
648.000000  649.000000  0.000019 
649.000000  650.000000  0.000019 
650.000000  651.000000  0.000019 
651.000000  652.000000  0.000019 
652.000000  653.000000  0.000019 
653.000000  654.000000  0.000019 
654.000000  655.000000  0.000019 
655.000000  656.000000  0.000019 
656.000000  657.000000  0.000019 
657.000000  658.000000  0.000019 
658.000000  659.000000  0.000019 
659.000000  660.000000  0.000019 
660.000000  661.000000  0.000019 
661.000000  662.000000  0.000018 
662.000000  663.000000  0.000018 
663.000000  664.000000  0.000018 
664.000000  665.000000  0.000018 
665.000000  666.000000  0.000018 
666.000000  667.000000  0.000018 
667.000000  668.000000  0.000018 
668.000000  669.000000  0.000018 
669.000000  670.000000  0.000018 
670.000000  671.000000  0.000018 
671.000000  672.000000  0.000018 
672.000000  673.000000  0.000018 
673.000000  674.000000  0.000018 
674.000000  675.000000  0.000018 
675.000000  676.000000  0.000018 
676.000000  677.000000  0.000018 
677.000000  678.000000  0.000018 
678.000000  679.000000  0.000018 
679.000000  680.000000  0.000017 
680.000000  681.000000  0.000017 
681.000000  682.000000  0.000017 
682.000000  683.000000  0.000017 
683.000000  684.000000  0.000017 
684.000000  685.000000  0.000017 
685.000000  686.000000  0.000017 
686.000000  687.000000  0.000017 
687.000000  688.000000  0.000017 
688.000000  689.000000  0.000017 
689.000000  690.000000  0.000017 
690.000000  691.000000  0.000017 
691.000000  692.000000  0.000017 
692.000000  693.000000  0.000017 
693.000000  694.000000  0.000017 
694.000000  695.000000  0.000017 
695.000000  696.000000  0.000017 
696.000000  697.000000  0.000017 
697.000000  698.000000  0.000017 
698.000000  699.000000  0.000017 
699.000000  700.000000  0.000017 
700.000000  701.000000  0.000017 
701.000000  702.000000  0.000017 
702.000000  703.000000  0.000016 
703.000000  704.000000  0.000016 
704.000000  705.000000  0.000016 
705.000000  706.000000  0.000016 
706.000000  707.000000  0.000016 
707.000000  708.000000  0.000016 
708.000000  709.000000  0.000016 
709.000000  710.000000  0.000016 
710.000000  711.000000  0.000016 
711.000000  712.000000  0.000016 
712.000000  713.000000  0.000016 
713.000000  714.000000  0.000016 
714.000000  715.000000  0.000016 
715.000000  716.000000  0.000016 
716.000000  717.000000  0.000016 
717.000000  718.000000  0.000016 
718.000000  719.000000  0.000016 
719.000000  720.000000  0.000016 
720.000000  721.000000  0.000016 
721.000000  722.000000  0.000016 
722.000000  723.000000  0.000016 
723.000000  724.000000  0.000016 
724.000000  725.000000  0.000016 
725.000000  726.000000  0.000016 
726.000000  727.000000  0.000016 
727.000000  728.000000  0.000016 
728.000000  729.000000  0.000016 
729.000000  730.000000  0.000016 
730.000000  731.000000  0.000016 
731.000000  732.000000  0.000015 
732.000000  733.000000  0.000015 
733.000000  734.000000  0.000015 
734.000000  735.000000  0.000015 
735.000000  736.000000  0.000015 
736.000000  737.000000  0.000015 
737.000000  738.000000  0.000015 
738.000000  739.000000  0.000015 
739.000000  740.000000  0.000015 
740.000000  741.000000  0.000015 
741.000000  742.000000  0.000015 
742.000000  743.000000  0.000015 
743.000000  744.000000  0.000015 
744.000000  745.000000  0.000015 
745.000000  746.000000  0.000015 
746.000000  747.000000  0.000015 
747.000000  748.000000  0.000015 
748.000000  749.000000  0.000015 
749.000000  750.000000  0.000015 
750.000000  751.000000  0.000015 
751.000000  752.000000  0.000015 
752.000000  753.000000  0.000015 
753.000000  754.000000  0.000015 
754.000000  755.000000  0.000015 
755.000000  756.000000  0.000015 
756.000000  757.000000  0.000015 
757.000000  758.000000  0.000015 
758.000000  759.000000  0.000015 
759.000000  760.000000  0.000015 
760.000000  761.000000  0.000015 
761.000000  762.000000  0.000015 
762.000000  763.000000  0.000015 
763.000000  764.000000  0.000015 
764.000000  765.000000  0.000015 
765.000000  766.000000  0.000015 
766.000000  767.000000  0.000015 
767.000000  768.000000  0.000015 
768.000000  769.000000  0.000015 
769.000000  770.000000  0.000015 
770.000000  771.000000  0.000015 
771.000000  772.000000  0.000015 
772.000000  773.000000  0.000015 
773.000000  774.000000  0.000014 
774.000000  775.000000  0.000014 
775.000000  776.000000  0.000014 
776.000000  777.000000  0.000014 
777.000000  778.000000  0.000014 
778.000000  779.000000  0.000014 
779.000000  780.000000  0.000014 
780.000000  781.000000  0.000014 
781.000000  782.000000  0.000014 
782.000000  783.000000  0.000014 
783.000000  784.000000  0.000014 
784.000000  785.000000  0.000014 
785.000000  786.000000  0.000014 
786.000000  787.000000  0.000014 
787.000000  788.000000  0.000014 
788.000000  789.000000  0.000014 
789.000000  790.000000  0.000014 
790.000000  791.000000  0.000014 
791.000000  792.000000  0.000014 
792.000000  793.000000  0.000014 
793.000000  794.000000  0.000014 
794.000000  795.000000  0.000014 
795.000000  796.000000  0.000014 
796.000000  797.000000  0.000014 
797.000000  798.000000  0.000014 
798.000000  799.000000  0.000014 
799.000000  800.000000  0.000014 
