17.000000  18.000000  0.000000 
18.000000  19.000000  0.000000 
19.000000  20.000000  0.000000 
20.000000  21.000000  0.000000 
21.000000  22.000000  0.000000 
22.000000  23.000000  0.000000 
23.000000  24.000000  0.000000 
24.000000  25.000000  0.000000 
25.000000  26.000000  0.000000 
26.000000  27.000000  0.000000 
27.000000  28.000000  0.000000 
28.000000  29.000000  0.000000 
29.000000  30.000000  0.000000 
30.000000  31.000000  0.000000 
31.000000  32.000000  0.000001 
32.000000  33.000000  0.000001 
33.000000  34.000000  0.000001 
34.000000  35.000000  0.000002 
35.000000  36.000000  0.000002 
36.000000  37.000000  0.000003 
37.000000  38.000000  0.000005 
38.000000  39.000000  0.000006 
39.000000  40.000000  0.000008 
40.000000  41.000000  0.000010 
41.000000  42.000000  0.000013 
42.000000  43.000000  0.000016 
43.000000  44.000000  0.000020 
44.000000  45.000000  0.000024 
45.000000  46.000000  0.000029 
46.000000  47.000000  0.000035 
47.000000  48.000000  0.000041 
48.000000  49.000000  0.000048 
49.000000  50.000000  0.000056 
50.000000  51.000000  0.000064 
51.000000  52.000000  0.000073 
52.000000  53.000000  0.000083 
53.000000  54.000000  0.000094 
54.000000  55.000000  0.000106 
55.000000  56.000000  0.000118 
56.000000  57.000000  0.000131 
57.000000  58.000000  0.000144 
58.000000  59.000000  0.000158 
59.000000  60.000000  0.000173 
60.000000  61.000000  0.000188 
61.000000  62.000000  0.000204 
62.000000  63.000000  0.000220 
63.000000  64.000000  0.000237 
64.000000  65.000000  0.000254 
65.000000  66.000000  0.000271 
66.000000  67.000000  0.000289 
67.000000  68.000000  0.000307 
68.000000  69.000000  0.000325 
69.000000  70.000000  0.000343 
70.000000  71.000000  0.000361 
71.000000  72.000000  0.000380 
72.000000  73.000000  0.000399 
73.000000  74.000000  0.000417 
74.000000  75.000000  0.000436 
75.000000  76.000000  0.000454 
76.000000  77.000000  0.000473 
77.000000  78.000000  0.000491 
78.000000  79.000000  0.000510 
79.000000  80.000000  0.000528 
80.000000  81.000000  0.000546 
81.000000  82.000000  0.000564 
82.000000  83.000000  0.000581 
83.000000  84.000000  0.000599 
84.000000  85.000000  0.000616 
85.000000  86.000000  0.000635 
86.000000  87.000000  0.000651 
87.000000  88.000000  0.000668 
88.000000  89.000000  0.000684 
89.000000  90.000000  0.000701 
90.000000  91.000000  0.000716 
91.000000  92.000000  0.000732 
92.000000  93.000000  0.000747 
93.000000  94.000000  0.000763 
94.000000  95.000000  0.000778 
95.000000  96.000000  0.000792 
96.000000  97.000000  0.000807 
97.000000  98.000000  0.000821 
98.000000  99.000000  0.000835 
99.000000  100.000000  0.000849 
100.000000  101.000000  0.000862 
101.000000  102.000000  0.000875 
102.000000  103.000000  0.000889 
103.000000  104.000000  0.000901 
104.000000  105.000000  0.000914 
105.000000  106.000000  0.000927 
106.000000  107.000000  0.000939 
107.000000  108.000000  0.000951 
108.000000  109.000000  0.000963 
109.000000  110.000000  0.000975 
110.000000  111.000000  0.000986 
111.000000  112.000000  0.000998 
112.000000  113.000000  0.001009 
113.000000  114.000000  0.001021 
114.000000  115.000000  0.001032 
115.000000  116.000000  0.001042 
116.000000  117.000000  0.001053 
117.000000  118.000000  0.001064 
118.000000  119.000000  0.001075 
119.000000  120.000000  0.001085 
120.000000  121.000000  0.001095 
121.000000  122.000000  0.001106 
122.000000  123.000000  0.001116 
123.000000  124.000000  0.001126 
124.000000  125.000000  0.001136 
125.000000  126.000000  0.001146 
126.000000  127.000000  0.001155 
127.000000  128.000000  0.001165 
128.000000  129.000000  0.001175 
129.000000  130.000000  0.001184 
130.000000  131.000000  0.001194 
131.000000  132.000000  0.001203 
132.000000  133.000000  0.001212 
133.000000  134.000000  0.001221 
134.000000  135.000000  0.001231 
135.000000  136.000000  0.001240 
136.000000  137.000000  0.001249 
137.000000  138.000000  0.001258 
138.000000  139.000000  0.001266 
139.000000  140.000000  0.001275 
140.000000  141.000000  0.001284 
141.000000  142.000000  0.001292 
142.000000  143.000000  0.001301 
143.000000  144.000000  0.001310 
144.000000  145.000000  0.001318 
145.000000  146.000000  0.001326 
146.000000  147.000000  0.001335 
147.000000  148.000000  0.001343 
148.000000  149.000000  0.001351 
149.000000  150.000000  0.001359 
150.000000  151.000000  0.001367 
151.000000  152.000000  0.001375 
152.000000  153.000000  0.001383 
153.000000  154.000000  0.001391 
154.000000  155.000000  0.001398 
155.000000  156.000000  0.001406 
156.000000  157.000000  0.001414 
157.000000  158.000000  0.001421 
158.000000  159.000000  0.001428 
159.000000  160.000000  0.001436 
160.000000  161.000000  0.001443 
161.000000  162.000000  0.001450 
162.000000  163.000000  0.001457 
163.000000  164.000000  0.001464 
164.000000  165.000000  0.001471 
165.000000  166.000000  0.001478 
166.000000  167.000000  0.001485 
167.000000  168.000000  0.001492 
168.000000  169.000000  0.001498 
169.000000  170.000000  0.001505 
170.000000  171.000000  0.001511 
171.000000  172.000000  0.001518 
172.000000  173.000000  0.001524 
173.000000  174.000000  0.001530 
174.000000  175.000000  0.001537 
175.000000  176.000000  0.001543 
176.000000  177.000000  0.001549 
177.000000  178.000000  0.001555 
178.000000  179.000000  0.001560 
179.000000  180.000000  0.001566 
180.000000  181.000000  0.001572 
181.000000  182.000000  0.001578 
182.000000  183.000000  0.001583 
183.000000  184.000000  0.001589 
184.000000  185.000000  0.001594 
185.000000  186.000000  0.001599 
186.000000  187.000000  0.001605 
187.000000  188.000000  0.001610 
188.000000  189.000000  0.001615 
189.000000  190.000000  0.001620 
190.000000  191.000000  0.001625 
191.000000  192.000000  0.001630 
192.000000  193.000000  0.001635 
193.000000  194.000000  0.001639 
194.000000  195.000000  0.001644 
195.000000  196.000000  0.001649 
196.000000  197.000000  0.001653 
197.000000  198.000000  0.001658 
198.000000  199.000000  0.001662 
199.000000  200.000000  0.001667 
200.000000  201.000000  0.001671 
201.000000  202.000000  0.001675 
202.000000  203.000000  0.001679 
203.000000  204.000000  0.001683 
204.000000  205.000000  0.001687 
205.000000  206.000000  0.001691 
206.000000  207.000000  0.001695 
207.000000  208.000000  0.001699 
208.000000  209.000000  0.001703 
209.000000  210.000000  0.001707 
210.000000  211.000000  0.001710 
211.000000  212.000000  0.001714 
212.000000  213.000000  0.001717 
213.000000  214.000000  0.001721 
214.000000  215.000000  0.001724 
215.000000  216.000000  0.001728 
216.000000  217.000000  0.001731 
217.000000  218.000000  0.001734 
218.000000  219.000000  0.001737 
219.000000  220.000000  0.001741 
220.000000  221.000000  0.001744 
221.000000  222.000000  0.001747 
222.000000  223.000000  0.001750 
223.000000  224.000000  0.001753 
224.000000  225.000000  0.001756 
225.000000  226.000000  0.001759 
226.000000  227.000000  0.001761 
227.000000  228.000000  0.001764 
228.000000  229.000000  0.001767 
229.000000  230.000000  0.001770 
230.000000  231.000000  0.001772 
231.000000  232.000000  0.001775 
232.000000  233.000000  0.001777 
233.000000  234.000000  0.001780 
234.000000  235.000000  0.001782 
235.000000  236.000000  0.001785 
236.000000  237.000000  0.001787 
237.000000  238.000000  0.001790 
238.000000  239.000000  0.001792 
239.000000  240.000000  0.001794 
240.000000  241.000000  0.001797 
241.000000  242.000000  0.001799 
242.000000  243.000000  0.001801 
243.000000  244.000000  0.001803 
244.000000  245.000000  0.001805 
245.000000  246.000000  0.001807 
246.000000  247.000000  0.001809 
247.000000  248.000000  0.001811 
248.000000  249.000000  0.001813 
249.000000  250.000000  0.001815 
250.000000  251.000000  0.001817 
251.000000  252.000000  0.001819 
252.000000  253.000000  0.001821 
253.000000  254.000000  0.001823 
254.000000  255.000000  0.001824 
255.000000  256.000000  0.001826 
256.000000  257.000000  0.001828 
257.000000  258.000000  0.001830 
258.000000  259.000000  0.001831 
259.000000  260.000000  0.001833 
260.000000  261.000000  0.001835 
261.000000  262.000000  0.001836 
262.000000  263.000000  0.001838 
263.000000  264.000000  0.001839 
264.000000  265.000000  0.001841 
265.000000  266.000000  0.001842 
266.000000  267.000000  0.001844 
267.000000  268.000000  0.001845 
268.000000  269.000000  0.001847 
269.000000  270.000000  0.001848 
270.000000  271.000000  0.001849 
271.000000  272.000000  0.001851 
272.000000  273.000000  0.001852 
273.000000  274.000000  0.001853 
274.000000  275.000000  0.001855 
275.000000  276.000000  0.001856 
276.000000  277.000000  0.001857 
277.000000  278.000000  0.001859 
278.000000  279.000000  0.001860 
279.000000  280.000000  0.001861 
280.000000  281.000000  0.001862 
281.000000  282.000000  0.001863 
282.000000  283.000000  0.001864 
283.000000  284.000000  0.001866 
284.000000  285.000000  0.001867 
285.000000  286.000000  0.001868 
286.000000  287.000000  0.001869 
287.000000  288.000000  0.001870 
288.000000  289.000000  0.001871 
289.000000  290.000000  0.001872 
290.000000  291.000000  0.001873 
291.000000  292.000000  0.001874 
292.000000  293.000000  0.001875 
293.000000  294.000000  0.001876 
294.000000  295.000000  0.001877 
295.000000  296.000000  0.001878 
296.000000  297.000000  0.001879 
297.000000  298.000000  0.001880 
298.000000  299.000000  0.001880 
299.000000  300.000000  0.001881 
300.000000  301.000000  0.001882 
301.000000  302.000000  0.001883 
302.000000  303.000000  0.001884 
303.000000  304.000000  0.001885 
304.000000  305.000000  0.001886 
305.000000  306.000000  0.001886 
306.000000  307.000000  0.001887 
307.000000  308.000000  0.001888 
308.000000  309.000000  0.001889 
309.000000  310.000000  0.001889 
310.000000  311.000000  0.001890 
311.000000  312.000000  0.001891 
312.000000  313.000000  0.001892 
313.000000  314.000000  0.001892 
314.000000  315.000000  0.001893 
315.000000  316.000000  0.001894 
316.000000  317.000000  0.001894 
317.000000  318.000000  0.001895 
318.000000  319.000000  0.001896 
319.000000  320.000000  0.001896 
320.000000  321.000000  0.001897 
321.000000  322.000000  0.001898 
322.000000  323.000000  0.001898 
323.000000  324.000000  0.001899 
324.000000  325.000000  0.001899 
325.000000  326.000000  0.001900 
326.000000  327.000000  0.001901 
327.000000  328.000000  0.001901 
328.000000  329.000000  0.001902 
329.000000  330.000000  0.001902 
330.000000  331.000000  0.001903 
331.000000  332.000000  0.001903 
332.000000  333.000000  0.001904 
333.000000  334.000000  0.001905 
334.000000  335.000000  0.001905 
335.000000  336.000000  0.001906 
336.000000  337.000000  0.001906 
337.000000  338.000000  0.001907 
338.000000  339.000000  0.001907 
339.000000  340.000000  0.001908 
340.000000  341.000000  0.001908 
341.000000  342.000000  0.001909 
342.000000  343.000000  0.001909 
343.000000  344.000000  0.001910 
344.000000  345.000000  0.001910 
345.000000  346.000000  0.001910 
346.000000  347.000000  0.001911 
347.000000  348.000000  0.001911 
348.000000  349.000000  0.001912 
349.000000  350.000000  0.001912 
350.000000  351.000000  0.001913 
351.000000  352.000000  0.001913 
352.000000  353.000000  0.001913 
353.000000  354.000000  0.001914 
354.000000  355.000000  0.001914 
355.000000  356.000000  0.001915 
356.000000  357.000000  0.001915 
357.000000  358.000000  0.001915 
358.000000  359.000000  0.001916 
359.000000  360.000000  0.001916 
360.000000  361.000000  0.001917 
361.000000  362.000000  0.001917 
362.000000  363.000000  0.001917 
363.000000  364.000000  0.001918 
364.000000  365.000000  0.001918 
365.000000  366.000000  0.001918 
366.000000  367.000000  0.001919 
367.000000  368.000000  0.001919 
368.000000  369.000000  0.001919 
369.000000  370.000000  0.001920 
370.000000  371.000000  0.001920 
371.000000  372.000000  0.001920 
372.000000  373.000000  0.001921 
373.000000  374.000000  0.001921 
374.000000  375.000000  0.001921 
375.000000  376.000000  0.001922 
376.000000  377.000000  0.001922 
377.000000  378.000000  0.001922 
378.000000  379.000000  0.001922 
379.000000  380.000000  0.001923 
380.000000  381.000000  0.001923 
381.000000  382.000000  0.001923 
382.000000  383.000000  0.001924 
383.000000  384.000000  0.001924 
384.000000  385.000000  0.001924 
385.000000  386.000000  0.001924 
386.000000  387.000000  0.001925 
387.000000  388.000000  0.001925 
388.000000  389.000000  0.001925 
389.000000  390.000000  0.001925 
390.000000  391.000000  0.001926 
391.000000  392.000000  0.001926 
392.000000  393.000000  0.001926 
393.000000  394.000000  0.001926 
394.000000  395.000000  0.001927 
395.000000  396.000000  0.001927 
396.000000  397.000000  0.001927 
397.000000  398.000000  0.001927 
398.000000  399.000000  0.001928 
399.000000  400.000000  0.001928 
400.000000  401.000000  0.001928 
401.000000  402.000000  0.001928 
402.000000  403.000000  0.001928 
403.000000  404.000000  0.001929 
404.000000  405.000000  0.001929 
405.000000  406.000000  0.001929 
406.000000  407.000000  0.001929 
407.000000  408.000000  0.001929 
408.000000  409.000000  0.001930 
409.000000  410.000000  0.001930 
410.000000  411.000000  0.001930 
411.000000  412.000000  0.001930 
412.000000  413.000000  0.001930 
413.000000  414.000000  0.001931 
414.000000  415.000000  0.001931 
415.000000  416.000000  0.001931 
416.000000  417.000000  0.001931 
417.000000  418.000000  0.001931 
418.000000  419.000000  0.001932 
419.000000  420.000000  0.001932 
420.000000  421.000000  0.001932 
421.000000  422.000000  0.001932 
422.000000  423.000000  0.001932 
423.000000  424.000000  0.001932 
424.000000  425.000000  0.001933 
425.000000  426.000000  0.001933 
426.000000  427.000000  0.001933 
427.000000  428.000000  0.001933 
428.000000  429.000000  0.001933 
429.000000  430.000000  0.001933 
430.000000  431.000000  0.001934 
431.000000  432.000000  0.001934 
432.000000  433.000000  0.001934 
433.000000  434.000000  0.001934 
434.000000  435.000000  0.001934 
435.000000  436.000000  0.001934 
436.000000  437.000000  0.001935 
437.000000  438.000000  0.001935 
438.000000  439.000000  0.001935 
439.000000  440.000000  0.001935 
440.000000  441.000000  0.001935 
441.000000  442.000000  0.001935 
442.000000  443.000000  0.001935 
443.000000  444.000000  0.001935 
444.000000  445.000000  0.001936 
445.000000  446.000000  0.001936 
446.000000  447.000000  0.001936 
447.000000  448.000000  0.001936 
448.000000  449.000000  0.001936 
449.000000  450.000000  0.001936 
450.000000  451.000000  0.001936 
451.000000  452.000000  0.001937 
452.000000  453.000000  0.001937 
453.000000  454.000000  0.001937 
454.000000  455.000000  0.001937 
455.000000  456.000000  0.001937 
456.000000  457.000000  0.001937 
457.000000  458.000000  0.001937 
458.000000  459.000000  0.001937 
459.000000  460.000000  0.001937 
460.000000  461.000000  0.001938 
461.000000  462.000000  0.001938 
462.000000  463.000000  0.001938 
463.000000  464.000000  0.001938 
464.000000  465.000000  0.001938 
465.000000  466.000000  0.001938 
466.000000  467.000000  0.001938 
467.000000  468.000000  0.001938 
468.000000  469.000000  0.001938 
469.000000  470.000000  0.001939 
470.000000  471.000000  0.001939 
471.000000  472.000000  0.001939 
472.000000  473.000000  0.001939 
473.000000  474.000000  0.001939 
474.000000  475.000000  0.001939 
475.000000  476.000000  0.001939 
476.000000  477.000000  0.001939 
477.000000  478.000000  0.001939 
478.000000  479.000000  0.001939 
479.000000  480.000000  0.001940 
480.000000  481.000000  0.001940 
481.000000  482.000000  0.001940 
482.000000  483.000000  0.001940 
483.000000  484.000000  0.001940 
484.000000  485.000000  0.001940 
485.000000  486.000000  0.001940 
486.000000  487.000000  0.001940 
487.000000  488.000000  0.001940 
488.000000  489.000000  0.001940 
489.000000  490.000000  0.001940 
490.000000  491.000000  0.001940 
491.000000  492.000000  0.001941 
492.000000  493.000000  0.001941 
493.000000  494.000000  0.001941 
494.000000  495.000000  0.001941 
495.000000  496.000000  0.001941 
496.000000  497.000000  0.001941 
497.000000  498.000000  0.001941 
498.000000  499.000000  0.001941 
499.000000  500.000000  0.001941 
500.000000  501.000000  0.001941 
501.000000  502.000000  0.001941 
502.000000  503.000000  0.001941 
503.000000  504.000000  0.001941 
504.000000  505.000000  0.001942 
505.000000  506.000000  0.001942 
506.000000  507.000000  0.001942 
507.000000  508.000000  0.001942 
508.000000  509.000000  0.001942 
509.000000  510.000000  0.001942 
510.000000  511.000000  0.001942 
511.000000  512.000000  0.001942 
512.000000  513.000000  0.001942 
513.000000  514.000000  0.001942 
514.000000  515.000000  0.001942 
515.000000  516.000000  0.001942 
516.000000  517.000000  0.001942 
517.000000  518.000000  0.001942 
518.000000  519.000000  0.001942 
519.000000  520.000000  0.001942 
520.000000  521.000000  0.001943 
521.000000  522.000000  0.001943 
522.000000  523.000000  0.001943 
523.000000  524.000000  0.001943 
524.000000  525.000000  0.001943 
525.000000  526.000000  0.001943 
526.000000  527.000000  0.001943 
527.000000  528.000000  0.001943 
528.000000  529.000000  0.001943 
529.000000  530.000000  0.001943 
530.000000  531.000000  0.001943 
531.000000  532.000000  0.001943 
532.000000  533.000000  0.001943 
533.000000  534.000000  0.001943 
534.000000  535.000000  0.001943 
535.000000  536.000000  0.001943 
536.000000  537.000000  0.001943 
537.000000  538.000000  0.001943 
538.000000  539.000000  0.001944 
539.000000  540.000000  0.001944 
540.000000  541.000000  0.001944 
541.000000  542.000000  0.001944 
542.000000  543.000000  0.001944 
543.000000  544.000000  0.001944 
544.000000  545.000000  0.001944 
545.000000  546.000000  0.001944 
546.000000  547.000000  0.001944 
547.000000  548.000000  0.001944 
548.000000  549.000000  0.001944 
549.000000  550.000000  0.001944 
550.000000  551.000000  0.001944 
551.000000  552.000000  0.001944 
552.000000  553.000000  0.001944 
553.000000  554.000000  0.001944 
554.000000  555.000000  0.001944 
555.000000  556.000000  0.001944 
556.000000  557.000000  0.001944 
557.000000  558.000000  0.001944 
558.000000  559.000000  0.001944 
559.000000  560.000000  0.001944 
560.000000  561.000000  0.001944 
561.000000  562.000000  0.001944 
562.000000  563.000000  0.001945 
563.000000  564.000000  0.001945 
564.000000  565.000000  0.001945 
565.000000  566.000000  0.001945 
566.000000  567.000000  0.001945 
567.000000  568.000000  0.001945 
568.000000  569.000000  0.001945 
569.000000  570.000000  0.001945 
570.000000  571.000000  0.001945 
571.000000  572.000000  0.001945 
572.000000  573.000000  0.001945 
573.000000  574.000000  0.001945 
574.000000  575.000000  0.001945 
575.000000  576.000000  0.001945 
576.000000  577.000000  0.001945 
577.000000  578.000000  0.001945 
578.000000  579.000000  0.001945 
579.000000  580.000000  0.001945 
580.000000  581.000000  0.001945 
581.000000  582.000000  0.001945 
582.000000  583.000000  0.001945 
583.000000  584.000000  0.001945 
584.000000  585.000000  0.001945 
585.000000  586.000000  0.001945 
586.000000  587.000000  0.001945 
587.000000  588.000000  0.001945 
588.000000  589.000000  0.001945 
589.000000  590.000000  0.001945 
590.000000  591.000000  0.001945 
591.000000  592.000000  0.001945 
592.000000  593.000000  0.001945 
593.000000  594.000000  0.001946 
594.000000  595.000000  0.001946 
595.000000  596.000000  0.001946 
596.000000  597.000000  0.001946 
597.000000  598.000000  0.001946 
598.000000  599.000000  0.001946 
599.000000  600.000000  0.001946 
600.000000  601.000000  0.001946 
601.000000  602.000000  0.001946 
602.000000  603.000000  0.001946 
603.000000  604.000000  0.001946 
604.000000  605.000000  0.001946 
605.000000  606.000000  0.001946 
606.000000  607.000000  0.001946 
607.000000  608.000000  0.001946 
608.000000  609.000000  0.001946 
609.000000  610.000000  0.001946 
610.000000  611.000000  0.001946 
611.000000  612.000000  0.001946 
612.000000  613.000000  0.001946 
613.000000  614.000000  0.001946 
614.000000  615.000000  0.001946 
615.000000  616.000000  0.001946 
616.000000  617.000000  0.001946 
617.000000  618.000000  0.001946 
618.000000  619.000000  0.001946 
619.000000  620.000000  0.001946 
620.000000  621.000000  0.001946 
621.000000  622.000000  0.001946 
622.000000  623.000000  0.001946 
623.000000  624.000000  0.001946 
624.000000  625.000000  0.001946 
625.000000  626.000000  0.001946 
626.000000  627.000000  0.001946 
627.000000  628.000000  0.001946 
628.000000  629.000000  0.001946 
629.000000  630.000000  0.001946 
630.000000  631.000000  0.001946 
631.000000  632.000000  0.001946 
632.000000  633.000000  0.001946 
633.000000  634.000000  0.001946 
634.000000  635.000000  0.001946 
635.000000  636.000000  0.001946 
636.000000  637.000000  0.001946 
637.000000  638.000000  0.001946 
638.000000  639.000000  0.001946 
639.000000  640.000000  0.001946 
640.000000  641.000000  0.001946 
641.000000  642.000000  0.001947 
642.000000  643.000000  0.001947 
643.000000  644.000000  0.001947 
644.000000  645.000000  0.001947 
645.000000  646.000000  0.001947 
646.000000  647.000000  0.001947 
647.000000  648.000000  0.001947 
648.000000  649.000000  0.001947 
649.000000  650.000000  0.001947 
650.000000  651.000000  0.001947 
651.000000  652.000000  0.001947 
652.000000  653.000000  0.001947 
653.000000  654.000000  0.001947 
654.000000  655.000000  0.001947 
655.000000  656.000000  0.001947 
656.000000  657.000000  0.001947 
657.000000  658.000000  0.001947 
658.000000  659.000000  0.001947 
659.000000  660.000000  0.001947 
660.000000  661.000000  0.001947 
661.000000  662.000000  0.001947 
662.000000  663.000000  0.001947 
663.000000  664.000000  0.001947 
664.000000  665.000000  0.001947 
665.000000  666.000000  0.001947 
666.000000  667.000000  0.001947 
667.000000  668.000000  0.001947 
668.000000  669.000000  0.001947 
669.000000  670.000000  0.001947 
670.000000  671.000000  0.001947 
671.000000  672.000000  0.001947 
672.000000  673.000000  0.001947 
673.000000  674.000000  0.001947 
674.000000  675.000000  0.001947 
675.000000  676.000000  0.001947 
676.000000  677.000000  0.001947 
677.000000  678.000000  0.001947 
678.000000  679.000000  0.001947 
679.000000  680.000000  0.001947 
680.000000  681.000000  0.001947 
681.000000  682.000000  0.001947 
682.000000  683.000000  0.001947 
683.000000  684.000000  0.001947 
684.000000  685.000000  0.001947 
685.000000  686.000000  0.001947 
686.000000  687.000000  0.001947 
687.000000  688.000000  0.001947 
688.000000  689.000000  0.001947 
689.000000  690.000000  0.001947 
690.000000  691.000000  0.001947 
691.000000  692.000000  0.001947 
692.000000  693.000000  0.001947 
693.000000  694.000000  0.001947 
694.000000  695.000000  0.001947 
695.000000  696.000000  0.001947 
696.000000  697.000000  0.001947 
697.000000  698.000000  0.001947 
698.000000  699.000000  0.001947 
699.000000  700.000000  0.001947 
700.000000  701.000000  0.001947 
701.000000  702.000000  0.001947 
702.000000  703.000000  0.001947 
703.000000  704.000000  0.001947 
704.000000  705.000000  0.001947 
705.000000  706.000000  0.001947 
706.000000  707.000000  0.001947 
707.000000  708.000000  0.001947 
708.000000  709.000000  0.001947 
709.000000  710.000000  0.001947 
710.000000  711.000000  0.001947 
711.000000  712.000000  0.001947 
712.000000  713.000000  0.001947 
713.000000  714.000000  0.001947 
714.000000  715.000000  0.001947 
715.000000  716.000000  0.001947 
716.000000  717.000000  0.001947 
717.000000  718.000000  0.001947 
718.000000  719.000000  0.001947 
719.000000  720.000000  0.001947 
720.000000  721.000000  0.001947 
721.000000  722.000000  0.001947 
722.000000  723.000000  0.001947 
723.000000  724.000000  0.001947 
724.000000  725.000000  0.001947 
725.000000  726.000000  0.001947 
726.000000  727.000000  0.001947 
727.000000  728.000000  0.001947 
728.000000  729.000000  0.001947 
729.000000  730.000000  0.001947 
730.000000  731.000000  0.001947 
731.000000  732.000000  0.001947 
732.000000  733.000000  0.001947 
733.000000  734.000000  0.001947 
734.000000  735.000000  0.001947 
735.000000  736.000000  0.001947 
736.000000  737.000000  0.001947 
737.000000  738.000000  0.001947 
738.000000  739.000000  0.001947 
739.000000  740.000000  0.001947 
740.000000  741.000000  0.001947 
741.000000  742.000000  0.001947 
742.000000  743.000000  0.001947 
743.000000  744.000000  0.001947 
744.000000  745.000000  0.001947 
745.000000  746.000000  0.001947 
746.000000  747.000000  0.001947 
747.000000  748.000000  0.001947 
748.000000  749.000000  0.001947 
749.000000  750.000000  0.001947 
750.000000  751.000000  0.001947 
751.000000  752.000000  0.001947 
752.000000  753.000000  0.001947 
753.000000  754.000000  0.001947 
754.000000  755.000000  0.001947 
755.000000  756.000000  0.001947 
756.000000  757.000000  0.001947 
757.000000  758.000000  0.001947 
758.000000  759.000000  0.001947 
759.000000  760.000000  0.001947 
760.000000  761.000000  0.001947 
761.000000  762.000000  0.001947 
762.000000  763.000000  0.001947 
763.000000  764.000000  0.001947 
764.000000  765.000000  0.001947 
765.000000  766.000000  0.001947 
766.000000  767.000000  0.001947 
767.000000  768.000000  0.001947 
768.000000  769.000000  0.001947 
769.000000  770.000000  0.001947 
770.000000  771.000000  0.001947 
771.000000  772.000000  0.001947 
772.000000  773.000000  0.001947 
773.000000  774.000000  0.001947 
774.000000  775.000000  0.001947 
775.000000  776.000000  0.001947 
776.000000  777.000000  0.001947 
777.000000  778.000000  0.001947 
778.000000  779.000000  0.001947 
779.000000  780.000000  0.001947 
780.000000  781.000000  0.001947 
781.000000  782.000000  0.001947 
782.000000  783.000000  0.001947 
783.000000  784.000000  0.001947 
784.000000  785.000000  0.001947 
785.000000  786.000000  0.001947 
786.000000  787.000000  0.001947 
787.000000  788.000000  0.001947 
788.000000  789.000000  0.001947 
789.000000  790.000000  0.001947 
790.000000  791.000000  0.001947 
791.000000  792.000000  0.001947 
792.000000  793.000000  0.001947 
793.000000  794.000000  0.001947 
794.000000  795.000000  0.001947 
795.000000  796.000000  0.001947 
796.000000  797.000000  0.001947 
797.000000  798.000000  0.001947 
798.000000  799.000000  0.001947 
799.000000  800.000000  0.001947 
