17.000000  18.000000  0.012841 
18.000000  19.000000  0.012710 
19.000000  20.000000  0.012569 
20.000000  21.000000  0.012421 
21.000000  22.000000  0.012266 
22.000000  23.000000  0.012105 
23.000000  24.000000  0.011941 
24.000000  25.000000  0.011774 
25.000000  26.000000  0.011605 
26.000000  27.000000  0.011436 
27.000000  28.000000  0.011269 
28.000000  29.000000  0.011106 
29.000000  30.000000  0.010944 
30.000000  31.000000  0.010783 
31.000000  32.000000  0.010625 
32.000000  33.000000  0.010468 
33.000000  34.000000  0.010308 
34.000000  35.000000  0.010153 
35.000000  36.000000  0.010003 
36.000000  37.000000  0.009859 
37.000000  38.000000  0.009721 
38.000000  39.000000  0.009587 
39.000000  40.000000  0.009458 
40.000000  41.000000  0.009337 
41.000000  42.000000  0.009224 
42.000000  43.000000  0.009114 
43.000000  44.000000  0.009006 
44.000000  45.000000  0.008902 
45.000000  46.000000  0.008799 
46.000000  47.000000  0.008698 
47.000000  48.000000  0.008598 
48.000000  49.000000  0.008499 
49.000000  50.000000  0.008401 
50.000000  51.000000  0.008304 
51.000000  52.000000  0.008207 
52.000000  53.000000  0.008110 
53.000000  54.000000  0.008012 
54.000000  55.000000  0.007913 
55.000000  56.000000  0.007815 
56.000000  57.000000  0.007716 
57.000000  58.000000  0.007617 
58.000000  59.000000  0.007518 
59.000000  60.000000  0.007419 
60.000000  61.000000  0.007319 
61.000000  62.000000  0.007219 
62.000000  63.000000  0.007120 
63.000000  64.000000  0.007020 
64.000000  65.000000  0.006920 
65.000000  66.000000  0.006821 
66.000000  67.000000  0.006722 
67.000000  68.000000  0.006623 
68.000000  69.000000  0.006525 
69.000000  70.000000  0.006428 
70.000000  71.000000  0.006331 
71.000000  72.000000  0.006235 
72.000000  73.000000  0.006140 
73.000000  74.000000  0.006045 
74.000000  75.000000  0.005952 
75.000000  76.000000  0.005860 
76.000000  77.000000  0.005769 
77.000000  78.000000  0.005679 
78.000000  79.000000  0.005591 
79.000000  80.000000  0.005503 
80.000000  81.000000  0.005417 
81.000000  82.000000  0.005333 
82.000000  83.000000  0.005250 
83.000000  84.000000  0.005168 
84.000000  85.000000  0.005088 
85.000000  86.000000  0.005005 
86.000000  87.000000  0.004928 
87.000000  88.000000  0.004852 
88.000000  89.000000  0.004778 
89.000000  90.000000  0.004705 
90.000000  91.000000  0.004634 
91.000000  92.000000  0.004564 
92.000000  93.000000  0.004496 
93.000000  94.000000  0.004429 
94.000000  95.000000  0.004363 
95.000000  96.000000  0.004299 
96.000000  97.000000  0.004236 
97.000000  98.000000  0.004175 
98.000000  99.000000  0.004115 
99.000000  100.000000  0.004056 
100.000000  101.000000  0.003998 
101.000000  102.000000  0.003942 
102.000000  103.000000  0.003887 
103.000000  104.000000  0.003833 
104.000000  105.000000  0.003780 
105.000000  106.000000  0.003728 
106.000000  107.000000  0.003677 
107.000000  108.000000  0.003628 
108.000000  109.000000  0.003579 
109.000000  110.000000  0.003531 
110.000000  111.000000  0.003485 
111.000000  112.000000  0.003439 
112.000000  113.000000  0.003394 
113.000000  114.000000  0.003350 
114.000000  115.000000  0.003307 
115.000000  116.000000  0.003264 
116.000000  117.000000  0.003222 
117.000000  118.000000  0.003181 
118.000000  119.000000  0.003141 
119.000000  120.000000  0.003102 
120.000000  121.000000  0.003063 
121.000000  122.000000  0.003024 
122.000000  123.000000  0.002987 
123.000000  124.000000  0.002950 
124.000000  125.000000  0.002913 
125.000000  126.000000  0.002877 
126.000000  127.000000  0.002842 
127.000000  128.000000  0.002807 
128.000000  129.000000  0.002772 
129.000000  130.000000  0.002739 
130.000000  131.000000  0.002705 
131.000000  132.000000  0.002672 
132.000000  133.000000  0.002639 
133.000000  134.000000  0.002607 
134.000000  135.000000  0.002575 
135.000000  136.000000  0.002544 
136.000000  137.000000  0.002513 
137.000000  138.000000  0.002482 
138.000000  139.000000  0.002452 
139.000000  140.000000  0.002422 
140.000000  141.000000  0.002392 
141.000000  142.000000  0.002363 
142.000000  143.000000  0.002334 
143.000000  144.000000  0.002305 
144.000000  145.000000  0.002277 
145.000000  146.000000  0.002249 
146.000000  147.000000  0.002221 
147.000000  148.000000  0.002194 
148.000000  149.000000  0.002166 
149.000000  150.000000  0.002139 
150.000000  151.000000  0.002113 
151.000000  152.000000  0.002086 
152.000000  153.000000  0.002060 
153.000000  154.000000  0.002034 
154.000000  155.000000  0.002009 
155.000000  156.000000  0.001984 
156.000000  157.000000  0.001958 
157.000000  158.000000  0.001934 
158.000000  159.000000  0.001909 
159.000000  160.000000  0.001885 
160.000000  161.000000  0.001861 
161.000000  162.000000  0.001837 
162.000000  163.000000  0.001813 
163.000000  164.000000  0.001790 
164.000000  165.000000  0.001767 
165.000000  166.000000  0.001744 
166.000000  167.000000  0.001721 
167.000000  168.000000  0.001699 
168.000000  169.000000  0.001677 
169.000000  170.000000  0.001655 
170.000000  171.000000  0.001633 
171.000000  172.000000  0.001612 
172.000000  173.000000  0.001591 
173.000000  174.000000  0.001570 
174.000000  175.000000  0.001549 
175.000000  176.000000  0.001528 
176.000000  177.000000  0.001508 
177.000000  178.000000  0.001488 
178.000000  179.000000  0.001468 
179.000000  180.000000  0.001449 
180.000000  181.000000  0.001429 
181.000000  182.000000  0.001410 
182.000000  183.000000  0.001391 
183.000000  184.000000  0.001372 
184.000000  185.000000  0.001354 
185.000000  186.000000  0.001336 
186.000000  187.000000  0.001318 
187.000000  188.000000  0.001300 
188.000000  189.000000  0.001282 
189.000000  190.000000  0.001265 
190.000000  191.000000  0.001248 
191.000000  192.000000  0.001231 
192.000000  193.000000  0.001214 
193.000000  194.000000  0.001198 
194.000000  195.000000  0.001181 
195.000000  196.000000  0.001165 
196.000000  197.000000  0.001149 
197.000000  198.000000  0.001134 
198.000000  199.000000  0.001118 
199.000000  200.000000  0.001103 
200.000000  201.000000  0.001088 
201.000000  202.000000  0.001073 
202.000000  203.000000  0.001058 
203.000000  204.000000  0.001044 
204.000000  205.000000  0.001029 
205.000000  206.000000  0.001015 
206.000000  207.000000  0.001001 
207.000000  208.000000  0.000988 
208.000000  209.000000  0.000974 
209.000000  210.000000  0.000961 
210.000000  211.000000  0.000948 
211.000000  212.000000  0.000935 
212.000000  213.000000  0.000922 
213.000000  214.000000  0.000909 
214.000000  215.000000  0.000897 
215.000000  216.000000  0.000884 
216.000000  217.000000  0.000872 
217.000000  218.000000  0.000860 
218.000000  219.000000  0.000849 
219.000000  220.000000  0.000837 
220.000000  221.000000  0.000826 
221.000000  222.000000  0.000814 
222.000000  223.000000  0.000803 
223.000000  224.000000  0.000792 
224.000000  225.000000  0.000782 
225.000000  226.000000  0.000771 
226.000000  227.000000  0.000761 
227.000000  228.000000  0.000750 
228.000000  229.000000  0.000740 
229.000000  230.000000  0.000730 
230.000000  231.000000  0.000720 
231.000000  232.000000  0.000710 
232.000000  233.000000  0.000701 
233.000000  234.000000  0.000691 
234.000000  235.000000  0.000682 
235.000000  236.000000  0.000673 
236.000000  237.000000  0.000664 
237.000000  238.000000  0.000655 
238.000000  239.000000  0.000646 
239.000000  240.000000  0.000638 
240.000000  241.000000  0.000629 
241.000000  242.000000  0.000621 
242.000000  243.000000  0.000612 
243.000000  244.000000  0.000604 
244.000000  245.000000  0.000596 
245.000000  246.000000  0.000588 
246.000000  247.000000  0.000581 
247.000000  248.000000  0.000573 
248.000000  249.000000  0.000565 
249.000000  250.000000  0.000558 
250.000000  251.000000  0.000551 
251.000000  252.000000  0.000543 
252.000000  253.000000  0.000536 
253.000000  254.000000  0.000529 
254.000000  255.000000  0.000522 
255.000000  256.000000  0.000516 
256.000000  257.000000  0.000509 
257.000000  258.000000  0.000502 
258.000000  259.000000  0.000496 
259.000000  260.000000  0.000489 
260.000000  261.000000  0.000483 
261.000000  262.000000  0.000477 
262.000000  263.000000  0.000471 
263.000000  264.000000  0.000465 
264.000000  265.000000  0.000459 
265.000000  266.000000  0.000453 
266.000000  267.000000  0.000447 
267.000000  268.000000  0.000442 
268.000000  269.000000  0.000436 
269.000000  270.000000  0.000431 
270.000000  271.000000  0.000425 
271.000000  272.000000  0.000420 
272.000000  273.000000  0.000415 
273.000000  274.000000  0.000409 
274.000000  275.000000  0.000404 
275.000000  276.000000  0.000399 
276.000000  277.000000  0.000394 
277.000000  278.000000  0.000389 
278.000000  279.000000  0.000385 
279.000000  280.000000  0.000380 
280.000000  281.000000  0.000375 
281.000000  282.000000  0.000371 
282.000000  283.000000  0.000366 
283.000000  284.000000  0.000362 
284.000000  285.000000  0.000357 
285.000000  286.000000  0.000353 
286.000000  287.000000  0.000349 
287.000000  288.000000  0.000344 
288.000000  289.000000  0.000340 
289.000000  290.000000  0.000336 
290.000000  291.000000  0.000332 
291.000000  292.000000  0.000328 
292.000000  293.000000  0.000324 
293.000000  294.000000  0.000320 
294.000000  295.000000  0.000317 
295.000000  296.000000  0.000313 
296.000000  297.000000  0.000309 
297.000000  298.000000  0.000305 
298.000000  299.000000  0.000302 
299.000000  300.000000  0.000298 
300.000000  301.000000  0.000295 
301.000000  302.000000  0.000291 
302.000000  303.000000  0.000288 
303.000000  304.000000  0.000285 
304.000000  305.000000  0.000281 
305.000000  306.000000  0.000278 
306.000000  307.000000  0.000275 
307.000000  308.000000  0.000272 
308.000000  309.000000  0.000269 
309.000000  310.000000  0.000266 
310.000000  311.000000  0.000263 
311.000000  312.000000  0.000260 
312.000000  313.000000  0.000257 
313.000000  314.000000  0.000254 
314.000000  315.000000  0.000251 
315.000000  316.000000  0.000248 
316.000000  317.000000  0.000246 
317.000000  318.000000  0.000243 
318.000000  319.000000  0.000240 
319.000000  320.000000  0.000237 
320.000000  321.000000  0.000235 
321.000000  322.000000  0.000232 
322.000000  323.000000  0.000230 
323.000000  324.000000  0.000227 
324.000000  325.000000  0.000225 
325.000000  326.000000  0.000222 
326.000000  327.000000  0.000220 
327.000000  328.000000  0.000217 
328.000000  329.000000  0.000215 
329.000000  330.000000  0.000213 
330.000000  331.000000  0.000211 
331.000000  332.000000  0.000208 
332.000000  333.000000  0.000206 
333.000000  334.000000  0.000204 
334.000000  335.000000  0.000202 
335.000000  336.000000  0.000200 
336.000000  337.000000  0.000198 
337.000000  338.000000  0.000195 
338.000000  339.000000  0.000193 
339.000000  340.000000  0.000191 
340.000000  341.000000  0.000189 
341.000000  342.000000  0.000187 
342.000000  343.000000  0.000186 
343.000000  344.000000  0.000184 
344.000000  345.000000  0.000182 
345.000000  346.000000  0.000180 
346.000000  347.000000  0.000178 
347.000000  348.000000  0.000176 
348.000000  349.000000  0.000174 
349.000000  350.000000  0.000173 
350.000000  351.000000  0.000171 
351.000000  352.000000  0.000169 
352.000000  353.000000  0.000168 
353.000000  354.000000  0.000166 
354.000000  355.000000  0.000164 
355.000000  356.000000  0.000163 
356.000000  357.000000  0.000161 
357.000000  358.000000  0.000159 
358.000000  359.000000  0.000158 
359.000000  360.000000  0.000156 
360.000000  361.000000  0.000155 
361.000000  362.000000  0.000153 
362.000000  363.000000  0.000152 
363.000000  364.000000  0.000150 
364.000000  365.000000  0.000149 
365.000000  366.000000  0.000147 
366.000000  367.000000  0.000146 
367.000000  368.000000  0.000145 
368.000000  369.000000  0.000143 
369.000000  370.000000  0.000142 
370.000000  371.000000  0.000141 
371.000000  372.000000  0.000139 
372.000000  373.000000  0.000138 
373.000000  374.000000  0.000137 
374.000000  375.000000  0.000135 
375.000000  376.000000  0.000134 
376.000000  377.000000  0.000133 
377.000000  378.000000  0.000132 
378.000000  379.000000  0.000130 
379.000000  380.000000  0.000129 
380.000000  381.000000  0.000128 
381.000000  382.000000  0.000127 
382.000000  383.000000  0.000126 
383.000000  384.000000  0.000124 
384.000000  385.000000  0.000123 
385.000000  386.000000  0.000122 
386.000000  387.000000  0.000121 
387.000000  388.000000  0.000120 
388.000000  389.000000  0.000119 
389.000000  390.000000  0.000118 
390.000000  391.000000  0.000117 
391.000000  392.000000  0.000116 
392.000000  393.000000  0.000115 
393.000000  394.000000  0.000114 
394.000000  395.000000  0.000113 
395.000000  396.000000  0.000112 
396.000000  397.000000  0.000111 
397.000000  398.000000  0.000110 
398.000000  399.000000  0.000109 
399.000000  400.000000  0.000108 
400.000000  401.000000  0.000107 
401.000000  402.000000  0.000106 
402.000000  403.000000  0.000105 
403.000000  404.000000  0.000104 
404.000000  405.000000  0.000103 
405.000000  406.000000  0.000103 
406.000000  407.000000  0.000102 
407.000000  408.000000  0.000101 
408.000000  409.000000  0.000100 
409.000000  410.000000  0.000099 
410.000000  411.000000  0.000098 
411.000000  412.000000  0.000098 
412.000000  413.000000  0.000097 
413.000000  414.000000  0.000096 
414.000000  415.000000  0.000095 
415.000000  416.000000  0.000094 
416.000000  417.000000  0.000094 
417.000000  418.000000  0.000093 
418.000000  419.000000  0.000092 
419.000000  420.000000  0.000091 
420.000000  421.000000  0.000091 
421.000000  422.000000  0.000090 
422.000000  423.000000  0.000089 
423.000000  424.000000  0.000088 
424.000000  425.000000  0.000088 
425.000000  426.000000  0.000087 
426.000000  427.000000  0.000086 
427.000000  428.000000  0.000086 
428.000000  429.000000  0.000085 
429.000000  430.000000  0.000084 
430.000000  431.000000  0.000084 
431.000000  432.000000  0.000083 
432.000000  433.000000  0.000082 
433.000000  434.000000  0.000082 
434.000000  435.000000  0.000081 
435.000000  436.000000  0.000080 
436.000000  437.000000  0.000080 
437.000000  438.000000  0.000079 
438.000000  439.000000  0.000079 
439.000000  440.000000  0.000078 
440.000000  441.000000  0.000077 
441.000000  442.000000  0.000077 
442.000000  443.000000  0.000076 
443.000000  444.000000  0.000076 
444.000000  445.000000  0.000075 
445.000000  446.000000  0.000075 
446.000000  447.000000  0.000074 
447.000000  448.000000  0.000074 
448.000000  449.000000  0.000073 
449.000000  450.000000  0.000072 
450.000000  451.000000  0.000072 
451.000000  452.000000  0.000071 
452.000000  453.000000  0.000071 
453.000000  454.000000  0.000070 
454.000000  455.000000  0.000070 
455.000000  456.000000  0.000069 
456.000000  457.000000  0.000069 
457.000000  458.000000  0.000068 
458.000000  459.000000  0.000068 
459.000000  460.000000  0.000067 
460.000000  461.000000  0.000067 
461.000000  462.000000  0.000067 
462.000000  463.000000  0.000066 
463.000000  464.000000  0.000066 
464.000000  465.000000  0.000065 
465.000000  466.000000  0.000065 
466.000000  467.000000  0.000064 
467.000000  468.000000  0.000064 
468.000000  469.000000  0.000063 
469.000000  470.000000  0.000063 
470.000000  471.000000  0.000063 
471.000000  472.000000  0.000062 
472.000000  473.000000  0.000062 
473.000000  474.000000  0.000061 
474.000000  475.000000  0.000061 
475.000000  476.000000  0.000060 
476.000000  477.000000  0.000060 
477.000000  478.000000  0.000060 
478.000000  479.000000  0.000059 
479.000000  480.000000  0.000059 
480.000000  481.000000  0.000059 
481.000000  482.000000  0.000058 
482.000000  483.000000  0.000058 
483.000000  484.000000  0.000057 
484.000000  485.000000  0.000057 
485.000000  486.000000  0.000057 
486.000000  487.000000  0.000056 
487.000000  488.000000  0.000056 
488.000000  489.000000  0.000056 
489.000000  490.000000  0.000055 
490.000000  491.000000  0.000055 
491.000000  492.000000  0.000055 
492.000000  493.000000  0.000054 
493.000000  494.000000  0.000054 
494.000000  495.000000  0.000054 
495.000000  496.000000  0.000053 
496.000000  497.000000  0.000053 
497.000000  498.000000  0.000053 
498.000000  499.000000  0.000052 
499.000000  500.000000  0.000052 
500.000000  501.000000  0.000052 
501.000000  502.000000  0.000051 
502.000000  503.000000  0.000051 
503.000000  504.000000  0.000051 
504.000000  505.000000  0.000051 
505.000000  506.000000  0.000050 
506.000000  507.000000  0.000050 
507.000000  508.000000  0.000050 
508.000000  509.000000  0.000049 
509.000000  510.000000  0.000049 
510.000000  511.000000  0.000049 
511.000000  512.000000  0.000049 
512.000000  513.000000  0.000048 
513.000000  514.000000  0.000048 
514.000000  515.000000  0.000048 
515.000000  516.000000  0.000048 
516.000000  517.000000  0.000047 
517.000000  518.000000  0.000047 
518.000000  519.000000  0.000047 
519.000000  520.000000  0.000047 
520.000000  521.000000  0.000046 
521.000000  522.000000  0.000046 
522.000000  523.000000  0.000046 
523.000000  524.000000  0.000046 
524.000000  525.000000  0.000045 
525.000000  526.000000  0.000045 
526.000000  527.000000  0.000045 
527.000000  528.000000  0.000045 
528.000000  529.000000  0.000044 
529.000000  530.000000  0.000044 
530.000000  531.000000  0.000044 
531.000000  532.000000  0.000044 
532.000000  533.000000  0.000044 
533.000000  534.000000  0.000043 
534.000000  535.000000  0.000043 
535.000000  536.000000  0.000043 
536.000000  537.000000  0.000043 
537.000000  538.000000  0.000042 
538.000000  539.000000  0.000042 
539.000000  540.000000  0.000042 
540.000000  541.000000  0.000042 
541.000000  542.000000  0.000042 
542.000000  543.000000  0.000041 
543.000000  544.000000  0.000041 
544.000000  545.000000  0.000041 
545.000000  546.000000  0.000041 
546.000000  547.000000  0.000041 
547.000000  548.000000  0.000041 
548.000000  549.000000  0.000040 
549.000000  550.000000  0.000040 
550.000000  551.000000  0.000040 
551.000000  552.000000  0.000040 
552.000000  553.000000  0.000040 
553.000000  554.000000  0.000039 
554.000000  555.000000  0.000039 
555.000000  556.000000  0.000039 
556.000000  557.000000  0.000039 
557.000000  558.000000  0.000039 
558.000000  559.000000  0.000039 
559.000000  560.000000  0.000038 
560.000000  561.000000  0.000038 
561.000000  562.000000  0.000038 
562.000000  563.000000  0.000038 
563.000000  564.000000  0.000038 
564.000000  565.000000  0.000038 
565.000000  566.000000  0.000038 
566.000000  567.000000  0.000037 
567.000000  568.000000  0.000037 
568.000000  569.000000  0.000037 
569.000000  570.000000  0.000037 
570.000000  571.000000  0.000037 
571.000000  572.000000  0.000037 
572.000000  573.000000  0.000036 
573.000000  574.000000  0.000036 
574.000000  575.000000  0.000036 
575.000000  576.000000  0.000036 
576.000000  577.000000  0.000036 
577.000000  578.000000  0.000036 
578.000000  579.000000  0.000036 
579.000000  580.000000  0.000036 
580.000000  581.000000  0.000035 
581.000000  582.000000  0.000035 
582.000000  583.000000  0.000035 
583.000000  584.000000  0.000035 
584.000000  585.000000  0.000035 
585.000000  586.000000  0.000035 
586.000000  587.000000  0.000035 
587.000000  588.000000  0.000035 
588.000000  589.000000  0.000034 
589.000000  590.000000  0.000034 
590.000000  591.000000  0.000034 
591.000000  592.000000  0.000034 
592.000000  593.000000  0.000034 
593.000000  594.000000  0.000034 
594.000000  595.000000  0.000034 
595.000000  596.000000  0.000034 
596.000000  597.000000  0.000034 
597.000000  598.000000  0.000033 
598.000000  599.000000  0.000033 
599.000000  600.000000  0.000033 
600.000000  601.000000  0.000033 
601.000000  602.000000  0.000033 
602.000000  603.000000  0.000033 
603.000000  604.000000  0.000033 
604.000000  605.000000  0.000033 
605.000000  606.000000  0.000033 
606.000000  607.000000  0.000033 
607.000000  608.000000  0.000032 
608.000000  609.000000  0.000032 
609.000000  610.000000  0.000032 
610.000000  611.000000  0.000032 
611.000000  612.000000  0.000032 
612.000000  613.000000  0.000032 
613.000000  614.000000  0.000032 
614.000000  615.000000  0.000032 
615.000000  616.000000  0.000032 
616.000000  617.000000  0.000032 
617.000000  618.000000  0.000032 
618.000000  619.000000  0.000031 
619.000000  620.000000  0.000031 
620.000000  621.000000  0.000031 
621.000000  622.000000  0.000031 
622.000000  623.000000  0.000031 
623.000000  624.000000  0.000031 
624.000000  625.000000  0.000031 
625.000000  626.000000  0.000031 
626.000000  627.000000  0.000031 
627.000000  628.000000  0.000031 
628.000000  629.000000  0.000031 
629.000000  630.000000  0.000031 
630.000000  631.000000  0.000030 
631.000000  632.000000  0.000030 
632.000000  633.000000  0.000030 
633.000000  634.000000  0.000030 
634.000000  635.000000  0.000030 
635.000000  636.000000  0.000030 
636.000000  637.000000  0.000030 
637.000000  638.000000  0.000030 
638.000000  639.000000  0.000030 
639.000000  640.000000  0.000030 
640.000000  641.000000  0.000030 
641.000000  642.000000  0.000030 
642.000000  643.000000  0.000030 
643.000000  644.000000  0.000030 
644.000000  645.000000  0.000030 
645.000000  646.000000  0.000029 
646.000000  647.000000  0.000029 
647.000000  648.000000  0.000029 
648.000000  649.000000  0.000029 
649.000000  650.000000  0.000029 
650.000000  651.000000  0.000029 
651.000000  652.000000  0.000029 
652.000000  653.000000  0.000029 
653.000000  654.000000  0.000029 
654.000000  655.000000  0.000029 
655.000000  656.000000  0.000029 
656.000000  657.000000  0.000029 
657.000000  658.000000  0.000029 
658.000000  659.000000  0.000029 
659.000000  660.000000  0.000029 
660.000000  661.000000  0.000029 
661.000000  662.000000  0.000029 
662.000000  663.000000  0.000029 
663.000000  664.000000  0.000028 
664.000000  665.000000  0.000028 
665.000000  666.000000  0.000028 
666.000000  667.000000  0.000028 
667.000000  668.000000  0.000028 
668.000000  669.000000  0.000028 
669.000000  670.000000  0.000028 
670.000000  671.000000  0.000028 
671.000000  672.000000  0.000028 
672.000000  673.000000  0.000028 
673.000000  674.000000  0.000028 
674.000000  675.000000  0.000028 
675.000000  676.000000  0.000028 
676.000000  677.000000  0.000028 
677.000000  678.000000  0.000028 
678.000000  679.000000  0.000028 
679.000000  680.000000  0.000028 
680.000000  681.000000  0.000028 
681.000000  682.000000  0.000028 
682.000000  683.000000  0.000028 
683.000000  684.000000  0.000028 
684.000000  685.000000  0.000028 
685.000000  686.000000  0.000028 
686.000000  687.000000  0.000028 
687.000000  688.000000  0.000027 
688.000000  689.000000  0.000027 
689.000000  690.000000  0.000027 
690.000000  691.000000  0.000027 
691.000000  692.000000  0.000027 
692.000000  693.000000  0.000027 
693.000000  694.000000  0.000027 
694.000000  695.000000  0.000027 
695.000000  696.000000  0.000027 
696.000000  697.000000  0.000027 
697.000000  698.000000  0.000027 
698.000000  699.000000  0.000027 
699.000000  700.000000  0.000027 
700.000000  701.000000  0.000027 
701.000000  702.000000  0.000027 
702.000000  703.000000  0.000027 
703.000000  704.000000  0.000027 
704.000000  705.000000  0.000027 
705.000000  706.000000  0.000027 
706.000000  707.000000  0.000027 
707.000000  708.000000  0.000027 
708.000000  709.000000  0.000027 
709.000000  710.000000  0.000027 
710.000000  711.000000  0.000027 
711.000000  712.000000  0.000027 
712.000000  713.000000  0.000027 
713.000000  714.000000  0.000027 
714.000000  715.000000  0.000027 
715.000000  716.000000  0.000027 
716.000000  717.000000  0.000027 
717.000000  718.000000  0.000027 
718.000000  719.000000  0.000027 
719.000000  720.000000  0.000027 
720.000000  721.000000  0.000027 
721.000000  722.000000  0.000027 
722.000000  723.000000  0.000027 
723.000000  724.000000  0.000027 
724.000000  725.000000  0.000027 
725.000000  726.000000  0.000027 
726.000000  727.000000  0.000027 
727.000000  728.000000  0.000026 
728.000000  729.000000  0.000026 
729.000000  730.000000  0.000026 
730.000000  731.000000  0.000026 
731.000000  732.000000  0.000026 
732.000000  733.000000  0.000026 
733.000000  734.000000  0.000026 
734.000000  735.000000  0.000026 
735.000000  736.000000  0.000026 
736.000000  737.000000  0.000026 
737.000000  738.000000  0.000026 
738.000000  739.000000  0.000026 
739.000000  740.000000  0.000026 
740.000000  741.000000  0.000026 
741.000000  742.000000  0.000026 
742.000000  743.000000  0.000026 
743.000000  744.000000  0.000026 
744.000000  745.000000  0.000026 
745.000000  746.000000  0.000026 
746.000000  747.000000  0.000026 
747.000000  748.000000  0.000026 
748.000000  749.000000  0.000026 
749.000000  750.000000  0.000026 
750.000000  751.000000  0.000026 
751.000000  752.000000  0.000026 
752.000000  753.000000  0.000026 
753.000000  754.000000  0.000026 
754.000000  755.000000  0.000026 
755.000000  756.000000  0.000026 
756.000000  757.000000  0.000026 
757.000000  758.000000  0.000026 
758.000000  759.000000  0.000026 
759.000000  760.000000  0.000026 
760.000000  761.000000  0.000026 
761.000000  762.000000  0.000026 
762.000000  763.000000  0.000026 
763.000000  764.000000  0.000026 
764.000000  765.000000  0.000026 
765.000000  766.000000  0.000026 
766.000000  767.000000  0.000026 
767.000000  768.000000  0.000026 
768.000000  769.000000  0.000026 
769.000000  770.000000  0.000026 
770.000000  771.000000  0.000026 
771.000000  772.000000  0.000026 
772.000000  773.000000  0.000026 
773.000000  774.000000  0.000026 
774.000000  775.000000  0.000026 
775.000000  776.000000  0.000026 
776.000000  777.000000  0.000026 
777.000000  778.000000  0.000026 
778.000000  779.000000  0.000026 
779.000000  780.000000  0.000026 
780.000000  781.000000  0.000026 
781.000000  782.000000  0.000026 
782.000000  783.000000  0.000026 
783.000000  784.000000  0.000026 
784.000000  785.000000  0.000026 
785.000000  786.000000  0.000026 
786.000000  787.000000  0.000026 
787.000000  788.000000  0.000026 
788.000000  789.000000  0.000026 
789.000000  790.000000  0.000026 
790.000000  791.000000  0.000026 
791.000000  792.000000  0.000026 
792.000000  793.000000  0.000026 
793.000000  794.000000  0.000026 
794.000000  795.000000  0.000026 
795.000000  796.000000  0.000026 
796.000000  797.000000  0.000026 
797.000000  798.000000  0.000026 
798.000000  799.000000  0.000026 
799.000000  800.000000  0.000026 
