17.000000  18.000000  -0.000000 
18.000000  19.000000  -0.000000 
19.000000  20.000000  -0.000000 
20.000000  21.000000  -0.000000 
21.000000  22.000000  -0.000000 
22.000000  23.000000  -0.000000 
23.000000  24.000000  -0.000000 
24.000000  25.000000  -0.000000 
25.000000  26.000000  -0.000000 
26.000000  27.000000  -0.000000 
27.000000  28.000000  -0.000000 
28.000000  29.000000  -0.000000 
29.000000  30.000000  -0.000000 
30.000000  31.000000  -0.000000 
31.000000  32.000000  -0.000000 
32.000000  33.000000  -0.000000 
33.000000  34.000000  -0.000000 
34.000000  35.000000  -0.000000 
35.000000  36.000000  -0.000000 
36.000000  37.000000  -0.000000 
37.000000  38.000000  -0.000000 
38.000000  39.000000  -0.000000 
39.000000  40.000000  -0.000000 
40.000000  41.000000  -0.000000 
41.000000  42.000000  -0.000000 
42.000000  43.000000  -0.000000 
43.000000  44.000000  -0.000000 
44.000000  45.000000  -0.000000 
45.000000  46.000000  -0.000001 
46.000000  47.000000  -0.000001 
47.000000  48.000000  -0.000001 
48.000000  49.000000  -0.000001 
49.000000  50.000000  -0.000001 
50.000000  51.000000  -0.000002 
51.000000  52.000000  -0.000002 
52.000000  53.000000  -0.000002 
53.000000  54.000000  -0.000003 
54.000000  55.000000  -0.000003 
55.000000  56.000000  -0.000004 
56.000000  57.000000  -0.000004 
57.000000  58.000000  -0.000005 
58.000000  59.000000  -0.000005 
59.000000  60.000000  -0.000006 
60.000000  61.000000  -0.000007 
61.000000  62.000000  -0.000008 
62.000000  63.000000  -0.000008 
63.000000  64.000000  -0.000009 
64.000000  65.000000  -0.000010 
65.000000  66.000000  -0.000011 
66.000000  67.000000  -0.000012 
67.000000  68.000000  -0.000013 
68.000000  69.000000  -0.000013 
69.000000  70.000000  -0.000014 
70.000000  71.000000  -0.000015 
71.000000  72.000000  -0.000015 
72.000000  73.000000  -0.000016 
73.000000  74.000000  -0.000016 
74.000000  75.000000  -0.000016 
75.000000  76.000000  -0.000016 
76.000000  77.000000  -0.000016 
77.000000  78.000000  -0.000016 
78.000000  79.000000  -0.000016 
79.000000  80.000000  -0.000015 
80.000000  81.000000  -0.000014 
81.000000  82.000000  -0.000013 
82.000000  83.000000  -0.000011 
83.000000  84.000000  -0.000010 
84.000000  85.000000  -0.000008 
85.000000  86.000000  -0.000005 
86.000000  87.000000  -0.000003 
87.000000  88.000000  0.000000 
88.000000  89.000000  0.000003 
89.000000  90.000000  0.000007 
90.000000  91.000000  0.000011 
91.000000  92.000000  0.000016 
92.000000  93.000000  0.000020 
93.000000  94.000000  0.000026 
94.000000  95.000000  0.000031 
95.000000  96.000000  0.000037 
96.000000  97.000000  0.000043 
97.000000  98.000000  0.000050 
98.000000  99.000000  0.000057 
99.000000  100.000000  0.000065 
100.000000  101.000000  0.000073 
101.000000  102.000000  0.000081 
102.000000  103.000000  0.000090 
103.000000  104.000000  0.000099 
104.000000  105.000000  0.000108 
105.000000  106.000000  0.000118 
106.000000  107.000000  0.000128 
107.000000  108.000000  0.000138 
108.000000  109.000000  0.000148 
109.000000  110.000000  0.000159 
110.000000  111.000000  0.000170 
111.000000  112.000000  0.000182 
112.000000  113.000000  0.000193 
113.000000  114.000000  0.000205 
114.000000  115.000000  0.000217 
115.000000  116.000000  0.000229 
116.000000  117.000000  0.000241 
117.000000  118.000000  0.000253 
118.000000  119.000000  0.000266 
119.000000  120.000000  0.000278 
120.000000  121.000000  0.000290 
121.000000  122.000000  0.000303 
122.000000  123.000000  0.000315 
123.000000  124.000000  0.000328 
124.000000  125.000000  0.000340 
125.000000  126.000000  0.000353 
126.000000  127.000000  0.000365 
127.000000  128.000000  0.000377 
128.000000  129.000000  0.000389 
129.000000  130.000000  0.000401 
130.000000  131.000000  0.000412 
131.000000  132.000000  0.000424 
132.000000  133.000000  0.000435 
133.000000  134.000000  0.000446 
134.000000  135.000000  0.000457 
135.000000  136.000000  0.000468 
136.000000  137.000000  0.000479 
137.000000  138.000000  0.000489 
138.000000  139.000000  0.000499 
139.000000  140.000000  0.000508 
140.000000  141.000000  0.000518 
141.000000  142.000000  0.000527 
142.000000  143.000000  0.000535 
143.000000  144.000000  0.000544 
144.000000  145.000000  0.000552 
145.000000  146.000000  0.000560 
146.000000  147.000000  0.000567 
147.000000  148.000000  0.000574 
148.000000  149.000000  0.000581 
149.000000  150.000000  0.000588 
150.000000  151.000000  0.000594 
151.000000  152.000000  0.000600 
152.000000  153.000000  0.000605 
153.000000  154.000000  0.000611 
154.000000  155.000000  0.000615 
155.000000  156.000000  0.000620 
156.000000  157.000000  0.000624 
157.000000  158.000000  0.000628 
158.000000  159.000000  0.000632 
159.000000  160.000000  0.000635 
160.000000  161.000000  0.000638 
161.000000  162.000000  0.000641 
162.000000  163.000000  0.000643 
163.000000  164.000000  0.000645 
164.000000  165.000000  0.000647 
165.000000  166.000000  0.000648 
166.000000  167.000000  0.000649 
167.000000  168.000000  0.000650 
168.000000  169.000000  0.000651 
169.000000  170.000000  0.000652 
170.000000  171.000000  0.000652 
171.000000  172.000000  0.000652 
172.000000  173.000000  0.000651 
173.000000  174.000000  0.000651 
174.000000  175.000000  0.000650 
175.000000  176.000000  0.000649 
176.000000  177.000000  0.000648 
177.000000  178.000000  0.000647 
178.000000  179.000000  0.000645 
179.000000  180.000000  0.000643 
180.000000  181.000000  0.000641 
181.000000  182.000000  0.000639 
182.000000  183.000000  0.000637 
183.000000  184.000000  0.000634 
184.000000  185.000000  0.000632 
185.000000  186.000000  0.000629 
186.000000  187.000000  0.000626 
187.000000  188.000000  0.000623 
188.000000  189.000000  0.000620 
189.000000  190.000000  0.000617 
190.000000  191.000000  0.000613 
191.000000  192.000000  0.000610 
192.000000  193.000000  0.000606 
193.000000  194.000000  0.000602 
194.000000  195.000000  0.000599 
195.000000  196.000000  0.000595 
196.000000  197.000000  0.000591 
197.000000  198.000000  0.000587 
198.000000  199.000000  0.000583 
199.000000  200.000000  0.000578 
200.000000  201.000000  0.000574 
201.000000  202.000000  0.000570 
202.000000  203.000000  0.000565 
203.000000  204.000000  0.000561 
204.000000  205.000000  0.000556 
205.000000  206.000000  0.000552 
206.000000  207.000000  0.000547 
207.000000  208.000000  0.000543 
208.000000  209.000000  0.000538 
209.000000  210.000000  0.000533 
210.000000  211.000000  0.000529 
211.000000  212.000000  0.000524 
212.000000  213.000000  0.000519 
213.000000  214.000000  0.000514 
214.000000  215.000000  0.000510 
215.000000  216.000000  0.000505 
216.000000  217.000000  0.000500 
217.000000  218.000000  0.000495 
218.000000  219.000000  0.000491 
219.000000  220.000000  0.000486 
220.000000  221.000000  0.000481 
221.000000  222.000000  0.000476 
222.000000  223.000000  0.000472 
223.000000  224.000000  0.000467 
224.000000  225.000000  0.000462 
225.000000  226.000000  0.000457 
226.000000  227.000000  0.000453 
227.000000  228.000000  0.000448 
228.000000  229.000000  0.000443 
229.000000  230.000000  0.000439 
230.000000  231.000000  0.000434 
231.000000  232.000000  0.000429 
232.000000  233.000000  0.000425 
233.000000  234.000000  0.000420 
234.000000  235.000000  0.000416 
235.000000  236.000000  0.000411 
236.000000  237.000000  0.000407 
237.000000  238.000000  0.000402 
238.000000  239.000000  0.000398 
239.000000  240.000000  0.000394 
240.000000  241.000000  0.000389 
241.000000  242.000000  0.000385 
242.000000  243.000000  0.000381 
243.000000  244.000000  0.000376 
244.000000  245.000000  0.000372 
245.000000  246.000000  0.000368 
246.000000  247.000000  0.000364 
247.000000  248.000000  0.000360 
248.000000  249.000000  0.000356 
249.000000  250.000000  0.000351 
250.000000  251.000000  0.000347 
251.000000  252.000000  0.000343 
252.000000  253.000000  0.000340 
253.000000  254.000000  0.000336 
254.000000  255.000000  0.000332 
255.000000  256.000000  0.000328 
256.000000  257.000000  0.000324 
257.000000  258.000000  0.000320 
258.000000  259.000000  0.000317 
259.000000  260.000000  0.000313 
260.000000  261.000000  0.000309 
261.000000  262.000000  0.000306 
262.000000  263.000000  0.000302 
263.000000  264.000000  0.000299 
264.000000  265.000000  0.000295 
265.000000  266.000000  0.000292 
266.000000  267.000000  0.000288 
267.000000  268.000000  0.000285 
268.000000  269.000000  0.000282 
269.000000  270.000000  0.000278 
270.000000  271.000000  0.000275 
271.000000  272.000000  0.000272 
272.000000  273.000000  0.000269 
273.000000  274.000000  0.000266 
274.000000  275.000000  0.000262 
275.000000  276.000000  0.000259 
276.000000  277.000000  0.000256 
277.000000  278.000000  0.000253 
278.000000  279.000000  0.000250 
279.000000  280.000000  0.000247 
280.000000  281.000000  0.000244 
281.000000  282.000000  0.000242 
282.000000  283.000000  0.000239 
283.000000  284.000000  0.000236 
284.000000  285.000000  0.000233 
285.000000  286.000000  0.000230 
286.000000  287.000000  0.000228 
287.000000  288.000000  0.000225 
288.000000  289.000000  0.000222 
289.000000  290.000000  0.000220 
290.000000  291.000000  0.000217 
291.000000  292.000000  0.000215 
292.000000  293.000000  0.000212 
293.000000  294.000000  0.000210 
294.000000  295.000000  0.000207 
295.000000  296.000000  0.000205 
296.000000  297.000000  0.000202 
297.000000  298.000000  0.000200 
298.000000  299.000000  0.000198 
299.000000  300.000000  0.000195 
300.000000  301.000000  0.000193 
301.000000  302.000000  0.000191 
302.000000  303.000000  0.000189 
303.000000  304.000000  0.000187 
304.000000  305.000000  0.000184 
305.000000  306.000000  0.000182 
306.000000  307.000000  0.000180 
307.000000  308.000000  0.000178 
308.000000  309.000000  0.000176 
309.000000  310.000000  0.000174 
310.000000  311.000000  0.000172 
311.000000  312.000000  0.000170 
312.000000  313.000000  0.000168 
313.000000  314.000000  0.000166 
314.000000  315.000000  0.000164 
315.000000  316.000000  0.000162 
316.000000  317.000000  0.000161 
317.000000  318.000000  0.000159 
318.000000  319.000000  0.000157 
319.000000  320.000000  0.000155 
320.000000  321.000000  0.000153 
321.000000  322.000000  0.000152 
322.000000  323.000000  0.000150 
323.000000  324.000000  0.000148 
324.000000  325.000000  0.000147 
325.000000  326.000000  0.000145 
326.000000  327.000000  0.000143 
327.000000  328.000000  0.000142 
328.000000  329.000000  0.000140 
329.000000  330.000000  0.000139 
330.000000  331.000000  0.000137 
331.000000  332.000000  0.000136 
332.000000  333.000000  0.000134 
333.000000  334.000000  0.000133 
334.000000  335.000000  0.000131 
335.000000  336.000000  0.000130 
336.000000  337.000000  0.000128 
337.000000  338.000000  0.000127 
338.000000  339.000000  0.000125 
339.000000  340.000000  0.000124 
340.000000  341.000000  0.000123 
341.000000  342.000000  0.000121 
342.000000  343.000000  0.000120 
343.000000  344.000000  0.000119 
344.000000  345.000000  0.000117 
345.000000  346.000000  0.000116 
346.000000  347.000000  0.000115 
347.000000  348.000000  0.000114 
348.000000  349.000000  0.000112 
349.000000  350.000000  0.000111 
350.000000  351.000000  0.000110 
351.000000  352.000000  0.000109 
352.000000  353.000000  0.000108 
353.000000  354.000000  0.000107 
354.000000  355.000000  0.000105 
355.000000  356.000000  0.000104 
356.000000  357.000000  0.000103 
357.000000  358.000000  0.000102 
358.000000  359.000000  0.000101 
359.000000  360.000000  0.000100 
360.000000  361.000000  0.000099 
361.000000  362.000000  0.000098 
362.000000  363.000000  0.000097 
363.000000  364.000000  0.000096 
364.000000  365.000000  0.000095 
365.000000  366.000000  0.000094 
366.000000  367.000000  0.000093 
367.000000  368.000000  0.000092 
368.000000  369.000000  0.000091 
369.000000  370.000000  0.000090 
370.000000  371.000000  0.000089 
371.000000  372.000000  0.000088 
372.000000  373.000000  0.000087 
373.000000  374.000000  0.000086 
374.000000  375.000000  0.000085 
375.000000  376.000000  0.000085 
376.000000  377.000000  0.000084 
377.000000  378.000000  0.000083 
378.000000  379.000000  0.000082 
379.000000  380.000000  0.000081 
380.000000  381.000000  0.000080 
381.000000  382.000000  0.000080 
382.000000  383.000000  0.000079 
383.000000  384.000000  0.000078 
384.000000  385.000000  0.000077 
385.000000  386.000000  0.000076 
386.000000  387.000000  0.000076 
387.000000  388.000000  0.000075 
388.000000  389.000000  0.000074 
389.000000  390.000000  0.000073 
390.000000  391.000000  0.000073 
391.000000  392.000000  0.000072 
392.000000  393.000000  0.000071 
393.000000  394.000000  0.000071 
394.000000  395.000000  0.000070 
395.000000  396.000000  0.000069 
396.000000  397.000000  0.000069 
397.000000  398.000000  0.000068 
398.000000  399.000000  0.000067 
399.000000  400.000000  0.000067 
400.000000  401.000000  0.000066 
401.000000  402.000000  0.000065 
402.000000  403.000000  0.000065 
403.000000  404.000000  0.000064 
404.000000  405.000000  0.000064 
405.000000  406.000000  0.000063 
406.000000  407.000000  0.000062 
407.000000  408.000000  0.000062 
408.000000  409.000000  0.000061 
409.000000  410.000000  0.000061 
410.000000  411.000000  0.000060 
411.000000  412.000000  0.000059 
412.000000  413.000000  0.000059 
413.000000  414.000000  0.000058 
414.000000  415.000000  0.000058 
415.000000  416.000000  0.000057 
416.000000  417.000000  0.000057 
417.000000  418.000000  0.000056 
418.000000  419.000000  0.000056 
419.000000  420.000000  0.000055 
420.000000  421.000000  0.000055 
421.000000  422.000000  0.000054 
422.000000  423.000000  0.000054 
423.000000  424.000000  0.000053 
424.000000  425.000000  0.000053 
425.000000  426.000000  0.000052 
426.000000  427.000000  0.000052 
427.000000  428.000000  0.000051 
428.000000  429.000000  0.000051 
429.000000  430.000000  0.000050 
430.000000  431.000000  0.000050 
431.000000  432.000000  0.000050 
432.000000  433.000000  0.000049 
433.000000  434.000000  0.000049 
434.000000  435.000000  0.000048 
435.000000  436.000000  0.000048 
436.000000  437.000000  0.000047 
437.000000  438.000000  0.000047 
438.000000  439.000000  0.000047 
439.000000  440.000000  0.000046 
440.000000  441.000000  0.000046 
441.000000  442.000000  0.000045 
442.000000  443.000000  0.000045 
443.000000  444.000000  0.000045 
444.000000  445.000000  0.000044 
445.000000  446.000000  0.000044 
446.000000  447.000000  0.000043 
447.000000  448.000000  0.000043 
448.000000  449.000000  0.000043 
449.000000  450.000000  0.000042 
450.000000  451.000000  0.000042 
451.000000  452.000000  0.000042 
452.000000  453.000000  0.000041 
453.000000  454.000000  0.000041 
454.000000  455.000000  0.000041 
455.000000  456.000000  0.000040 
456.000000  457.000000  0.000040 
457.000000  458.000000  0.000040 
458.000000  459.000000  0.000039 
459.000000  460.000000  0.000039 
460.000000  461.000000  0.000039 
461.000000  462.000000  0.000038 
462.000000  463.000000  0.000038 
463.000000  464.000000  0.000038 
464.000000  465.000000  0.000037 
465.000000  466.000000  0.000037 
466.000000  467.000000  0.000037 
467.000000  468.000000  0.000037 
468.000000  469.000000  0.000036 
469.000000  470.000000  0.000036 
470.000000  471.000000  0.000036 
471.000000  472.000000  0.000035 
472.000000  473.000000  0.000035 
473.000000  474.000000  0.000035 
474.000000  475.000000  0.000035 
475.000000  476.000000  0.000034 
476.000000  477.000000  0.000034 
477.000000  478.000000  0.000034 
478.000000  479.000000  0.000034 
479.000000  480.000000  0.000033 
480.000000  481.000000  0.000033 
481.000000  482.000000  0.000033 
482.000000  483.000000  0.000033 
483.000000  484.000000  0.000032 
484.000000  485.000000  0.000032 
485.000000  486.000000  0.000032 
486.000000  487.000000  0.000032 
487.000000  488.000000  0.000031 
488.000000  489.000000  0.000031 
489.000000  490.000000  0.000031 
490.000000  491.000000  0.000031 
491.000000  492.000000  0.000030 
492.000000  493.000000  0.000030 
493.000000  494.000000  0.000030 
494.000000  495.000000  0.000030 
495.000000  496.000000  0.000030 
496.000000  497.000000  0.000029 
497.000000  498.000000  0.000029 
498.000000  499.000000  0.000029 
499.000000  500.000000  0.000029 
500.000000  501.000000  0.000029 
501.000000  502.000000  0.000028 
502.000000  503.000000  0.000028 
503.000000  504.000000  0.000028 
504.000000  505.000000  0.000028 
505.000000  506.000000  0.000028 
506.000000  507.000000  0.000027 
507.000000  508.000000  0.000027 
508.000000  509.000000  0.000027 
509.000000  510.000000  0.000027 
510.000000  511.000000  0.000027 
511.000000  512.000000  0.000026 
512.000000  513.000000  0.000026 
513.000000  514.000000  0.000026 
514.000000  515.000000  0.000026 
515.000000  516.000000  0.000026 
516.000000  517.000000  0.000026 
517.000000  518.000000  0.000025 
518.000000  519.000000  0.000025 
519.000000  520.000000  0.000025 
520.000000  521.000000  0.000025 
521.000000  522.000000  0.000025 
522.000000  523.000000  0.000025 
523.000000  524.000000  0.000024 
524.000000  525.000000  0.000024 
525.000000  526.000000  0.000024 
526.000000  527.000000  0.000024 
527.000000  528.000000  0.000024 
528.000000  529.000000  0.000024 
529.000000  530.000000  0.000024 
530.000000  531.000000  0.000023 
531.000000  532.000000  0.000023 
532.000000  533.000000  0.000023 
533.000000  534.000000  0.000023 
534.000000  535.000000  0.000023 
535.000000  536.000000  0.000023 
536.000000  537.000000  0.000023 
537.000000  538.000000  0.000022 
538.000000  539.000000  0.000022 
539.000000  540.000000  0.000022 
540.000000  541.000000  0.000022 
541.000000  542.000000  0.000022 
542.000000  543.000000  0.000022 
543.000000  544.000000  0.000022 
544.000000  545.000000  0.000021 
545.000000  546.000000  0.000021 
546.000000  547.000000  0.000021 
547.000000  548.000000  0.000021 
548.000000  549.000000  0.000021 
549.000000  550.000000  0.000021 
550.000000  551.000000  0.000021 
551.000000  552.000000  0.000021 
552.000000  553.000000  0.000021 
553.000000  554.000000  0.000020 
554.000000  555.000000  0.000020 
555.000000  556.000000  0.000020 
556.000000  557.000000  0.000020 
557.000000  558.000000  0.000020 
558.000000  559.000000  0.000020 
559.000000  560.000000  0.000020 
560.000000  561.000000  0.000020 
561.000000  562.000000  0.000020 
562.000000  563.000000  0.000019 
563.000000  564.000000  0.000019 
564.000000  565.000000  0.000019 
565.000000  566.000000  0.000019 
566.000000  567.000000  0.000019 
567.000000  568.000000  0.000019 
568.000000  569.000000  0.000019 
569.000000  570.000000  0.000019 
570.000000  571.000000  0.000019 
571.000000  572.000000  0.000019 
572.000000  573.000000  0.000018 
573.000000  574.000000  0.000018 
574.000000  575.000000  0.000018 
575.000000  576.000000  0.000018 
576.000000  577.000000  0.000018 
577.000000  578.000000  0.000018 
578.000000  579.000000  0.000018 
579.000000  580.000000  0.000018 
580.000000  581.000000  0.000018 
581.000000  582.000000  0.000018 
582.000000  583.000000  0.000018 
583.000000  584.000000  0.000018 
584.000000  585.000000  0.000017 
585.000000  586.000000  0.000017 
586.000000  587.000000  0.000017 
587.000000  588.000000  0.000017 
588.000000  589.000000  0.000017 
589.000000  590.000000  0.000017 
590.000000  591.000000  0.000017 
591.000000  592.000000  0.000017 
592.000000  593.000000  0.000017 
593.000000  594.000000  0.000017 
594.000000  595.000000  0.000017 
595.000000  596.000000  0.000017 
596.000000  597.000000  0.000016 
597.000000  598.000000  0.000016 
598.000000  599.000000  0.000016 
599.000000  600.000000  0.000016 
600.000000  601.000000  0.000016 
601.000000  602.000000  0.000016 
602.000000  603.000000  0.000016 
603.000000  604.000000  0.000016 
604.000000  605.000000  0.000016 
605.000000  606.000000  0.000016 
606.000000  607.000000  0.000016 
607.000000  608.000000  0.000016 
608.000000  609.000000  0.000016 
609.000000  610.000000  0.000016 
610.000000  611.000000  0.000016 
611.000000  612.000000  0.000015 
612.000000  613.000000  0.000015 
613.000000  614.000000  0.000015 
614.000000  615.000000  0.000015 
615.000000  616.000000  0.000015 
616.000000  617.000000  0.000015 
617.000000  618.000000  0.000015 
618.000000  619.000000  0.000015 
619.000000  620.000000  0.000015 
620.000000  621.000000  0.000015 
621.000000  622.000000  0.000015 
622.000000  623.000000  0.000015 
623.000000  624.000000  0.000015 
624.000000  625.000000  0.000015 
625.000000  626.000000  0.000015 
626.000000  627.000000  0.000015 
627.000000  628.000000  0.000015 
628.000000  629.000000  0.000015 
629.000000  630.000000  0.000014 
630.000000  631.000000  0.000014 
631.000000  632.000000  0.000014 
632.000000  633.000000  0.000014 
633.000000  634.000000  0.000014 
634.000000  635.000000  0.000014 
635.000000  636.000000  0.000014 
636.000000  637.000000  0.000014 
637.000000  638.000000  0.000014 
638.000000  639.000000  0.000014 
639.000000  640.000000  0.000014 
640.000000  641.000000  0.000014 
641.000000  642.000000  0.000014 
642.000000  643.000000  0.000014 
643.000000  644.000000  0.000014 
644.000000  645.000000  0.000014 
645.000000  646.000000  0.000014 
646.000000  647.000000  0.000014 
647.000000  648.000000  0.000014 
648.000000  649.000000  0.000014 
649.000000  650.000000  0.000014 
650.000000  651.000000  0.000014 
651.000000  652.000000  0.000013 
652.000000  653.000000  0.000013 
653.000000  654.000000  0.000013 
654.000000  655.000000  0.000013 
655.000000  656.000000  0.000013 
656.000000  657.000000  0.000013 
657.000000  658.000000  0.000013 
658.000000  659.000000  0.000013 
659.000000  660.000000  0.000013 
660.000000  661.000000  0.000013 
661.000000  662.000000  0.000013 
662.000000  663.000000  0.000013 
663.000000  664.000000  0.000013 
664.000000  665.000000  0.000013 
665.000000  666.000000  0.000013 
666.000000  667.000000  0.000013 
667.000000  668.000000  0.000013 
668.000000  669.000000  0.000013 
669.000000  670.000000  0.000013 
670.000000  671.000000  0.000013 
671.000000  672.000000  0.000013 
672.000000  673.000000  0.000013 
673.000000  674.000000  0.000013 
674.000000  675.000000  0.000013 
675.000000  676.000000  0.000013 
676.000000  677.000000  0.000013 
677.000000  678.000000  0.000013 
678.000000  679.000000  0.000012 
679.000000  680.000000  0.000012 
680.000000  681.000000  0.000012 
681.000000  682.000000  0.000012 
682.000000  683.000000  0.000012 
683.000000  684.000000  0.000012 
684.000000  685.000000  0.000012 
685.000000  686.000000  0.000012 
686.000000  687.000000  0.000012 
687.000000  688.000000  0.000012 
688.000000  689.000000  0.000012 
689.000000  690.000000  0.000012 
690.000000  691.000000  0.000012 
691.000000  692.000000  0.000012 
692.000000  693.000000  0.000012 
693.000000  694.000000  0.000012 
694.000000  695.000000  0.000012 
695.000000  696.000000  0.000012 
696.000000  697.000000  0.000012 
697.000000  698.000000  0.000012 
698.000000  699.000000  0.000012 
699.000000  700.000000  0.000012 
700.000000  701.000000  0.000012 
701.000000  702.000000  0.000012 
702.000000  703.000000  0.000012 
703.000000  704.000000  0.000012 
704.000000  705.000000  0.000012 
705.000000  706.000000  0.000012 
706.000000  707.000000  0.000012 
707.000000  708.000000  0.000012 
708.000000  709.000000  0.000012 
709.000000  710.000000  0.000012 
710.000000  711.000000  0.000012 
711.000000  712.000000  0.000012 
712.000000  713.000000  0.000012 
713.000000  714.000000  0.000012 
714.000000  715.000000  0.000012 
715.000000  716.000000  0.000012 
716.000000  717.000000  0.000012 
717.000000  718.000000  0.000011 
718.000000  719.000000  0.000011 
719.000000  720.000000  0.000011 
720.000000  721.000000  0.000011 
721.000000  722.000000  0.000011 
722.000000  723.000000  0.000011 
723.000000  724.000000  0.000011 
724.000000  725.000000  0.000011 
725.000000  726.000000  0.000011 
726.000000  727.000000  0.000011 
727.000000  728.000000  0.000011 
728.000000  729.000000  0.000011 
729.000000  730.000000  0.000011 
730.000000  731.000000  0.000011 
731.000000  732.000000  0.000011 
732.000000  733.000000  0.000011 
733.000000  734.000000  0.000011 
734.000000  735.000000  0.000011 
735.000000  736.000000  0.000011 
736.000000  737.000000  0.000011 
737.000000  738.000000  0.000011 
738.000000  739.000000  0.000011 
739.000000  740.000000  0.000011 
740.000000  741.000000  0.000011 
741.000000  742.000000  0.000011 
742.000000  743.000000  0.000011 
743.000000  744.000000  0.000011 
744.000000  745.000000  0.000011 
745.000000  746.000000  0.000011 
746.000000  747.000000  0.000011 
747.000000  748.000000  0.000011 
748.000000  749.000000  0.000011 
749.000000  750.000000  0.000011 
750.000000  751.000000  0.000011 
751.000000  752.000000  0.000011 
752.000000  753.000000  0.000011 
753.000000  754.000000  0.000011 
754.000000  755.000000  0.000011 
755.000000  756.000000  0.000011 
756.000000  757.000000  0.000011 
757.000000  758.000000  0.000011 
758.000000  759.000000  0.000011 
759.000000  760.000000  0.000011 
760.000000  761.000000  0.000011 
761.000000  762.000000  0.000011 
762.000000  763.000000  0.000011 
763.000000  764.000000  0.000011 
764.000000  765.000000  0.000011 
765.000000  766.000000  0.000011 
766.000000  767.000000  0.000011 
767.000000  768.000000  0.000011 
768.000000  769.000000  0.000011 
769.000000  770.000000  0.000011 
770.000000  771.000000  0.000011 
771.000000  772.000000  0.000011 
772.000000  773.000000  0.000011 
773.000000  774.000000  0.000011 
774.000000  775.000000  0.000011 
775.000000  776.000000  0.000011 
776.000000  777.000000  0.000011 
777.000000  778.000000  0.000011 
778.000000  779.000000  0.000011 
779.000000  780.000000  0.000011 
780.000000  781.000000  0.000011 
781.000000  782.000000  0.000011 
782.000000  783.000000  0.000011 
783.000000  784.000000  0.000011 
784.000000  785.000000  0.000011 
785.000000  786.000000  0.000011 
786.000000  787.000000  0.000011 
787.000000  788.000000  0.000011 
788.000000  789.000000  0.000011 
789.000000  790.000000  0.000010 
790.000000  791.000000  0.000010 
791.000000  792.000000  0.000010 
792.000000  793.000000  0.000010 
793.000000  794.000000  0.000010 
794.000000  795.000000  0.000010 
795.000000  796.000000  0.000010 
796.000000  797.000000  0.000010 
797.000000  798.000000  0.000010 
798.000000  799.000000  0.000010 
799.000000  800.000000  0.000010 
