20.000000  21.000000  0.000220 
21.000000  22.000000  0.000216 
22.000000  23.000000  0.000212 
23.000000  24.000000  0.000208 
24.000000  25.000000  0.000204 
25.000000  26.000000  0.000200 
26.000000  27.000000  0.000197 
27.000000  28.000000  0.000193 
28.000000  29.000000  0.000190 
29.000000  30.000000  0.000186 
30.000000  31.000000  0.000183 
31.000000  32.000000  0.000180 
32.000000  33.000000  0.000177 
33.000000  34.000000  0.000174 
34.000000  35.000000  0.000171 
35.000000  36.000000  0.000169 
36.000000  37.000000  0.000166 
37.000000  38.000000  0.000164 
38.000000  39.000000  0.000161 
39.000000  40.000000  0.000159 
40.000000  41.000000  0.000156 
41.000000  42.000000  0.000154 
42.000000  43.000000  0.000152 
43.000000  44.000000  0.000150 
44.000000  45.000000  0.000148 
45.000000  46.000000  0.000146 
46.000000  47.000000  0.000144 
47.000000  48.000000  0.000142 
48.000000  49.000000  0.000140 
49.000000  50.000000  0.000138 
50.000000  51.000000  0.000136 
51.000000  52.000000  0.000134 
52.000000  53.000000  0.000133 
53.000000  54.000000  0.000131 
54.000000  55.000000  0.000129 
55.000000  56.000000  0.000128 
56.000000  57.000000  0.000126 
57.000000  58.000000  0.000125 
58.000000  59.000000  0.000123 
59.000000  60.000000  0.000122 
60.000000  61.000000  0.000120 
61.000000  62.000000  0.000119 
62.000000  63.000000  0.000118 
63.000000  64.000000  0.000117 
64.000000  65.000000  0.000115 
65.000000  66.000000  0.000114 
66.000000  67.000000  0.000113 
67.000000  68.000000  0.000112 
68.000000  69.000000  0.000111 
69.000000  70.000000  0.000110 
70.000000  71.000000  0.000109 
71.000000  72.000000  0.000108 
72.000000  73.000000  0.000107 
73.000000  74.000000  0.000107 
74.000000  75.000000  0.000106 
75.000000  76.000000  0.000105 
76.000000  77.000000  0.000105 
77.000000  78.000000  0.000104 
78.000000  79.000000  0.000103 
79.000000  80.000000  0.000103 
80.000000  81.000000  0.000102 
81.000000  82.000000  0.000102 
82.000000  83.000000  0.000101 
83.000000  84.000000  0.000101 
84.000000  85.000000  0.000100 
85.000000  86.000000  0.000100 
86.000000  87.000000  0.000099 
87.000000  88.000000  0.000099 
88.000000  89.000000  0.000099 
89.000000  90.000000  0.000098 
90.000000  91.000000  0.000098 
91.000000  92.000000  0.000098 
92.000000  93.000000  0.000097 
93.000000  94.000000  0.000097 
94.000000  95.000000  0.000097 
95.000000  96.000000  0.000097 
96.000000  97.000000  0.000097 
97.000000  98.000000  0.000096 
98.000000  99.000000  0.000096 
99.000000  100.000000  0.000096 
100.000000  101.000000  0.000096 
101.000000  102.000000  0.000096 
102.000000  103.000000  0.000096 
103.000000  104.000000  0.000095 
104.000000  105.000000  0.000095 
105.000000  106.000000  0.000095 
106.000000  107.000000  0.000095 
107.000000  108.000000  0.000095 
108.000000  109.000000  0.000095 
109.000000  110.000000  0.000095 
110.000000  111.000000  0.000095 
111.000000  112.000000  0.000095 
112.000000  113.000000  0.000095 
113.000000  114.000000  0.000094 
114.000000  115.000000  0.000094 
115.000000  116.000000  0.000094 
116.000000  117.000000  0.000094 
117.000000  118.000000  0.000094 
118.000000  119.000000  0.000094 
119.000000  120.000000  0.000094 
120.000000  121.000000  0.000094 
121.000000  122.000000  0.000094 
122.000000  123.000000  0.000094 
123.000000  124.000000  0.000094 
124.000000  125.000000  0.000094 
125.000000  126.000000  0.000094 
126.000000  127.000000  0.000094 
127.000000  128.000000  0.000094 
128.000000  129.000000  0.000094 
129.000000  130.000000  0.000094 
130.000000  131.000000  0.000094 
131.000000  132.000000  0.000094 
132.000000  133.000000  0.000094 
133.000000  134.000000  0.000094 
134.000000  135.000000  0.000094 
135.000000  136.000000  0.000094 
136.000000  137.000000  0.000094 
137.000000  138.000000  0.000094 
138.000000  139.000000  0.000094 
139.000000  140.000000  0.000094 
140.000000  141.000000  0.000094 
141.000000  142.000000  0.000094 
142.000000  143.000000  0.000094 
143.000000  144.000000  0.000094 
144.000000  145.000000  0.000094 
145.000000  146.000000  0.000094 
146.000000  147.000000  0.000094 
147.000000  148.000000  0.000094 
148.000000  149.000000  0.000094 
149.000000  150.000000  0.000094 
150.000000  151.000000  0.000094 
151.000000  152.000000  0.000094 
152.000000  153.000000  0.000094 
153.000000  154.000000  0.000094 
154.000000  155.000000  0.000094 
155.000000  156.000000  0.000094 
156.000000  157.000000  0.000094 
157.000000  158.000000  0.000094 
158.000000  159.000000  0.000094 
159.000000  160.000000  0.000094 
160.000000  161.000000  0.000094 
161.000000  162.000000  0.000094 
162.000000  163.000000  0.000094 
163.000000  164.000000  0.000094 
164.000000  165.000000  0.000094 
165.000000  166.000000  0.000094 
166.000000  167.000000  0.000094 
167.000000  168.000000  0.000094 
168.000000  169.000000  0.000094 
169.000000  170.000000  0.000094 
170.000000  171.000000  0.000094 
171.000000  172.000000  0.000094 
172.000000  173.000000  0.000094 
173.000000  174.000000  0.000094 
174.000000  175.000000  0.000094 
175.000000  176.000000  0.000094 
176.000000  177.000000  0.000094 
177.000000  178.000000  0.000094 
178.000000  179.000000  0.000094 
179.000000  180.000000  0.000094 
180.000000  181.000000  0.000094 
181.000000  182.000000  0.000094 
182.000000  183.000000  0.000095 
183.000000  184.000000  0.000095 
184.000000  185.000000  0.000095 
185.000000  186.000000  0.000095 
186.000000  187.000000  0.000095 
187.000000  188.000000  0.000095 
188.000000  189.000000  0.000095 
189.000000  190.000000  0.000095 
190.000000  191.000000  0.000095 
191.000000  192.000000  0.000095 
192.000000  193.000000  0.000095 
193.000000  194.000000  0.000095 
194.000000  195.000000  0.000095 
195.000000  196.000000  0.000095 
196.000000  197.000000  0.000095 
197.000000  198.000000  0.000095 
198.000000  199.000000  0.000095 
199.000000  200.000000  0.000095 
200.000000  201.000000  0.000095 
201.000000  202.000000  0.000095 
202.000000  203.000000  0.000095 
203.000000  204.000000  0.000095 
204.000000  205.000000  0.000095 
205.000000  206.000000  0.000095 
206.000000  207.000000  0.000095 
207.000000  208.000000  0.000095 
208.000000  209.000000  0.000096 
209.000000  210.000000  0.000096 
210.000000  211.000000  0.000096 
211.000000  212.000000  0.000096 
212.000000  213.000000  0.000096 
213.000000  214.000000  0.000096 
214.000000  215.000000  0.000096 
215.000000  216.000000  0.000096 
216.000000  217.000000  0.000096 
217.000000  218.000000  0.000096 
218.000000  219.000000  0.000096 
219.000000  220.000000  0.000096 
220.000000  221.000000  0.000096 
221.000000  222.000000  0.000096 
222.000000  223.000000  0.000096 
223.000000  224.000000  0.000096 
224.000000  225.000000  0.000096 
225.000000  226.000000  0.000096 
226.000000  227.000000  0.000096 
227.000000  228.000000  0.000096 
228.000000  229.000000  0.000096 
229.000000  230.000000  0.000096 
230.000000  231.000000  0.000096 
231.000000  232.000000  0.000096 
232.000000  233.000000  0.000096 
233.000000  234.000000  0.000096 
234.000000  235.000000  0.000097 
235.000000  236.000000  0.000097 
236.000000  237.000000  0.000097 
237.000000  238.000000  0.000097 
238.000000  239.000000  0.000097 
239.000000  240.000000  0.000097 
240.000000  241.000000  0.000097 
241.000000  242.000000  0.000097 
242.000000  243.000000  0.000097 
243.000000  244.000000  0.000097 
244.000000  245.000000  0.000097 
245.000000  246.000000  0.000097 
246.000000  247.000000  0.000097 
247.000000  248.000000  0.000097 
248.000000  249.000000  0.000097 
249.000000  250.000000  0.000097 
250.000000  251.000000  0.000097 
251.000000  252.000000  0.000097 
252.000000  253.000000  0.000097 
253.000000  254.000000  0.000097 
254.000000  255.000000  0.000097 
255.000000  256.000000  0.000097 
256.000000  257.000000  0.000097 
257.000000  258.000000  0.000097 
258.000000  259.000000  0.000097 
259.000000  260.000000  0.000097 
260.000000  261.000000  0.000096 
261.000000  262.000000  0.000096 
262.000000  263.000000  0.000096 
263.000000  264.000000  0.000096 
264.000000  265.000000  0.000096 
265.000000  266.000000  0.000096 
266.000000  267.000000  0.000096 
267.000000  268.000000  0.000096 
268.000000  269.000000  0.000096 
269.000000  270.000000  0.000096 
270.000000  271.000000  0.000096 
271.000000  272.000000  0.000096 
272.000000  273.000000  0.000096 
273.000000  274.000000  0.000096 
274.000000  275.000000  0.000096 
275.000000  276.000000  0.000096 
276.000000  277.000000  0.000096 
277.000000  278.000000  0.000095 
278.000000  279.000000  0.000095 
279.000000  280.000000  0.000095 
280.000000  281.000000  0.000095 
281.000000  282.000000  0.000095 
282.000000  283.000000  0.000095 
283.000000  284.000000  0.000095 
284.000000  285.000000  0.000095 
285.000000  286.000000  0.000095 
286.000000  287.000000  0.000095 
287.000000  288.000000  0.000094 
288.000000  289.000000  0.000094 
289.000000  290.000000  0.000094 
290.000000  291.000000  0.000094 
291.000000  292.000000  0.000094 
292.000000  293.000000  0.000094 
293.000000  294.000000  0.000094 
294.000000  295.000000  0.000094 
295.000000  296.000000  0.000093 
296.000000  297.000000  0.000093 
297.000000  298.000000  0.000093 
298.000000  299.000000  0.000093 
299.000000  300.000000  0.000093 
300.000000  301.000000  0.000093 
301.000000  302.000000  0.000092 
302.000000  303.000000  0.000092 
303.000000  304.000000  0.000092 
304.000000  305.000000  0.000092 
305.000000  306.000000  0.000092 
306.000000  307.000000  0.000092 
307.000000  308.000000  0.000091 
308.000000  309.000000  0.000091 
309.000000  310.000000  0.000091 
310.000000  311.000000  0.000091 
311.000000  312.000000  0.000091 
312.000000  313.000000  0.000090 
313.000000  314.000000  0.000090 
314.000000  315.000000  0.000090 
315.000000  316.000000  0.000090 
316.000000  317.000000  0.000090 
317.000000  318.000000  0.000089 
318.000000  319.000000  0.000089 
319.000000  320.000000  0.000089 
320.000000  321.000000  0.000089 
321.000000  322.000000  0.000088 
322.000000  323.000000  0.000088 
323.000000  324.000000  0.000088 
324.000000  325.000000  0.000088 
325.000000  326.000000  0.000087 
326.000000  327.000000  0.000087 
327.000000  328.000000  0.000087 
328.000000  329.000000  0.000087 
329.000000  330.000000  0.000087 
330.000000  331.000000  0.000086 
331.000000  332.000000  0.000086 
332.000000  333.000000  0.000086 
333.000000  334.000000  0.000086 
334.000000  335.000000  0.000085 
335.000000  336.000000  0.000085 
336.000000  337.000000  0.000085 
337.000000  338.000000  0.000084 
338.000000  339.000000  0.000084 
339.000000  340.000000  0.000084 
340.000000  341.000000  0.000084 
341.000000  342.000000  0.000083 
342.000000  343.000000  0.000083 
343.000000  344.000000  0.000083 
344.000000  345.000000  0.000083 
345.000000  346.000000  0.000082 
346.000000  347.000000  0.000082 
347.000000  348.000000  0.000082 
348.000000  349.000000  0.000081 
349.000000  350.000000  0.000081 
350.000000  351.000000  0.000081 
351.000000  352.000000  0.000081 
352.000000  353.000000  0.000080 
353.000000  354.000000  0.000080 
354.000000  355.000000  0.000080 
355.000000  356.000000  0.000079 
356.000000  357.000000  0.000079 
357.000000  358.000000  0.000079 
358.000000  359.000000  0.000078 
359.000000  360.000000  0.000078 
360.000000  361.000000  0.000078 
361.000000  362.000000  0.000078 
362.000000  363.000000  0.000077 
363.000000  364.000000  0.000077 
364.000000  365.000000  0.000077 
365.000000  366.000000  0.000076 
366.000000  367.000000  0.000076 
367.000000  368.000000  0.000076 
368.000000  369.000000  0.000075 
369.000000  370.000000  0.000075 
370.000000  371.000000  0.000075 
371.000000  372.000000  0.000074 
372.000000  373.000000  0.000074 
373.000000  374.000000  0.000074 
374.000000  375.000000  0.000073 
375.000000  376.000000  0.000073 
376.000000  377.000000  0.000073 
377.000000  378.000000  0.000072 
378.000000  379.000000  0.000072 
379.000000  380.000000  0.000072 
380.000000  381.000000  0.000072 
381.000000  382.000000  0.000071 
382.000000  383.000000  0.000071 
383.000000  384.000000  0.000071 
384.000000  385.000000  0.000070 
385.000000  386.000000  0.000070 
386.000000  387.000000  0.000070 
387.000000  388.000000  0.000069 
388.000000  389.000000  0.000069 
389.000000  390.000000  0.000069 
390.000000  391.000000  0.000068 
391.000000  392.000000  0.000068 
392.000000  393.000000  0.000068 
393.000000  394.000000  0.000067 
394.000000  395.000000  0.000067 
395.000000  396.000000  0.000067 
396.000000  397.000000  0.000066 
397.000000  398.000000  0.000066 
398.000000  399.000000  0.000066 
399.000000  400.000000  0.000065 
400.000000  401.000000  0.000065 
401.000000  402.000000  0.000065 
402.000000  403.000000  0.000064 
403.000000  404.000000  0.000064 
404.000000  405.000000  0.000064 
405.000000  406.000000  0.000063 
406.000000  407.000000  0.000063 
407.000000  408.000000  0.000063 
408.000000  409.000000  0.000063 
409.000000  410.000000  0.000062 
410.000000  411.000000  0.000062 
411.000000  412.000000  0.000062 
412.000000  413.000000  0.000061 
413.000000  414.000000  0.000061 
414.000000  415.000000  0.000061 
415.000000  416.000000  0.000060 
416.000000  417.000000  0.000060 
417.000000  418.000000  0.000060 
418.000000  419.000000  0.000059 
419.000000  420.000000  0.000059 
420.000000  421.000000  0.000059 
421.000000  422.000000  0.000058 
422.000000  423.000000  0.000058 
423.000000  424.000000  0.000058 
424.000000  425.000000  0.000057 
425.000000  426.000000  0.000057 
426.000000  427.000000  0.000057 
427.000000  428.000000  0.000057 
428.000000  429.000000  0.000056 
429.000000  430.000000  0.000056 
430.000000  431.000000  0.000056 
431.000000  432.000000  0.000055 
432.000000  433.000000  0.000055 
433.000000  434.000000  0.000055 
434.000000  435.000000  0.000054 
435.000000  436.000000  0.000054 
436.000000  437.000000  0.000054 
437.000000  438.000000  0.000054 
438.000000  439.000000  0.000053 
439.000000  440.000000  0.000053 
440.000000  441.000000  0.000053 
441.000000  442.000000  0.000052 
442.000000  443.000000  0.000052 
443.000000  444.000000  0.000052 
444.000000  445.000000  0.000051 
445.000000  446.000000  0.000051 
446.000000  447.000000  0.000051 
447.000000  448.000000  0.000051 
448.000000  449.000000  0.000050 
449.000000  450.000000  0.000050 
450.000000  451.000000  0.000050 
451.000000  452.000000  0.000049 
452.000000  453.000000  0.000049 
453.000000  454.000000  0.000049 
454.000000  455.000000  0.000049 
455.000000  456.000000  0.000048 
456.000000  457.000000  0.000048 
457.000000  458.000000  0.000048 
458.000000  459.000000  0.000048 
459.000000  460.000000  0.000047 
460.000000  461.000000  0.000047 
461.000000  462.000000  0.000047 
462.000000  463.000000  0.000046 
463.000000  464.000000  0.000046 
464.000000  465.000000  0.000046 
465.000000  466.000000  0.000046 
466.000000  467.000000  0.000045 
467.000000  468.000000  0.000045 
468.000000  469.000000  0.000045 
469.000000  470.000000  0.000045 
470.000000  471.000000  0.000044 
471.000000  472.000000  0.000044 
472.000000  473.000000  0.000044 
473.000000  474.000000  0.000044 
474.000000  475.000000  0.000043 
475.000000  476.000000  0.000043 
476.000000  477.000000  0.000043 
477.000000  478.000000  0.000043 
478.000000  479.000000  0.000042 
479.000000  480.000000  0.000042 
480.000000  481.000000  0.000042 
481.000000  482.000000  0.000042 
482.000000  483.000000  0.000041 
483.000000  484.000000  0.000041 
484.000000  485.000000  0.000041 
485.000000  486.000000  0.000041 
486.000000  487.000000  0.000040 
487.000000  488.000000  0.000040 
488.000000  489.000000  0.000040 
489.000000  490.000000  0.000040 
490.000000  491.000000  0.000039 
491.000000  492.000000  0.000039 
492.000000  493.000000  0.000039 
493.000000  494.000000  0.000039 
494.000000  495.000000  0.000038 
495.000000  496.000000  0.000038 
496.000000  497.000000  0.000038 
497.000000  498.000000  0.000038 
498.000000  499.000000  0.000038 
499.000000  500.000000  0.000037 
500.000000  501.000000  0.000037 
501.000000  502.000000  0.000037 
502.000000  503.000000  0.000037 
503.000000  504.000000  0.000036 
504.000000  505.000000  0.000036 
505.000000  506.000000  0.000036 
506.000000  507.000000  0.000036 
507.000000  508.000000  0.000036 
508.000000  509.000000  0.000035 
509.000000  510.000000  0.000035 
510.000000  511.000000  0.000035 
511.000000  512.000000  0.000035 
512.000000  513.000000  0.000035 
513.000000  514.000000  0.000034 
514.000000  515.000000  0.000034 
515.000000  516.000000  0.000034 
516.000000  517.000000  0.000034 
517.000000  518.000000  0.000034 
518.000000  519.000000  0.000033 
519.000000  520.000000  0.000033 
520.000000  521.000000  0.000033 
521.000000  522.000000  0.000033 
522.000000  523.000000  0.000033 
523.000000  524.000000  0.000032 
524.000000  525.000000  0.000032 
525.000000  526.000000  0.000032 
526.000000  527.000000  0.000032 
527.000000  528.000000  0.000032 
528.000000  529.000000  0.000031 
529.000000  530.000000  0.000031 
530.000000  531.000000  0.000031 
531.000000  532.000000  0.000031 
532.000000  533.000000  0.000031 
533.000000  534.000000  0.000030 
534.000000  535.000000  0.000030 
535.000000  536.000000  0.000030 
536.000000  537.000000  0.000030 
537.000000  538.000000  0.000030 
538.000000  539.000000  0.000030 
539.000000  540.000000  0.000029 
540.000000  541.000000  0.000029 
541.000000  542.000000  0.000029 
542.000000  543.000000  0.000029 
543.000000  544.000000  0.000029 
544.000000  545.000000  0.000029 
545.000000  546.000000  0.000028 
546.000000  547.000000  0.000028 
547.000000  548.000000  0.000028 
548.000000  549.000000  0.000028 
549.000000  550.000000  0.000028 
550.000000  551.000000  0.000028 
551.000000  552.000000  0.000027 
552.000000  553.000000  0.000027 
553.000000  554.000000  0.000027 
554.000000  555.000000  0.000027 
555.000000  556.000000  0.000027 
556.000000  557.000000  0.000027 
557.000000  558.000000  0.000026 
558.000000  559.000000  0.000026 
559.000000  560.000000  0.000026 
560.000000  561.000000  0.000026 
561.000000  562.000000  0.000026 
562.000000  563.000000  0.000026 
563.000000  564.000000  0.000026 
564.000000  565.000000  0.000025 
565.000000  566.000000  0.000025 
566.000000  567.000000  0.000025 
567.000000  568.000000  0.000025 
568.000000  569.000000  0.000025 
569.000000  570.000000  0.000025 
570.000000  571.000000  0.000025 
571.000000  572.000000  0.000024 
572.000000  573.000000  0.000024 
573.000000  574.000000  0.000024 
574.000000  575.000000  0.000024 
575.000000  576.000000  0.000024 
576.000000  577.000000  0.000024 
577.000000  578.000000  0.000024 
578.000000  579.000000  0.000023 
579.000000  580.000000  0.000023 
580.000000  581.000000  0.000023 
581.000000  582.000000  0.000023 
582.000000  583.000000  0.000023 
583.000000  584.000000  0.000023 
584.000000  585.000000  0.000023 
585.000000  586.000000  0.000023 
586.000000  587.000000  0.000022 
587.000000  588.000000  0.000022 
588.000000  589.000000  0.000022 
589.000000  590.000000  0.000022 
590.000000  591.000000  0.000022 
591.000000  592.000000  0.000022 
592.000000  593.000000  0.000022 
593.000000  594.000000  0.000022 
594.000000  595.000000  0.000021 
595.000000  596.000000  0.000021 
596.000000  597.000000  0.000021 
597.000000  598.000000  0.000021 
598.000000  599.000000  0.000021 
599.000000  600.000000  0.000021 
600.000000  601.000000  0.000021 
601.000000  602.000000  0.000021 
602.000000  603.000000  0.000021 
603.000000  604.000000  0.000020 
604.000000  605.000000  0.000020 
605.000000  606.000000  0.000020 
606.000000  607.000000  0.000020 
607.000000  608.000000  0.000020 
608.000000  609.000000  0.000020 
609.000000  610.000000  0.000020 
610.000000  611.000000  0.000020 
611.000000  612.000000  0.000020 
612.000000  613.000000  0.000020 
613.000000  614.000000  0.000019 
614.000000  615.000000  0.000019 
615.000000  616.000000  0.000019 
616.000000  617.000000  0.000019 
617.000000  618.000000  0.000019 
618.000000  619.000000  0.000019 
619.000000  620.000000  0.000019 
620.000000  621.000000  0.000019 
621.000000  622.000000  0.000019 
622.000000  623.000000  0.000019 
623.000000  624.000000  0.000018 
624.000000  625.000000  0.000018 
625.000000  626.000000  0.000018 
626.000000  627.000000  0.000018 
627.000000  628.000000  0.000018 
628.000000  629.000000  0.000018 
629.000000  630.000000  0.000018 
630.000000  631.000000  0.000018 
631.000000  632.000000  0.000018 
632.000000  633.000000  0.000018 
633.000000  634.000000  0.000018 
634.000000  635.000000  0.000017 
635.000000  636.000000  0.000017 
636.000000  637.000000  0.000017 
637.000000  638.000000  0.000017 
638.000000  639.000000  0.000017 
639.000000  640.000000  0.000017 
640.000000  641.000000  0.000017 
641.000000  642.000000  0.000017 
642.000000  643.000000  0.000017 
643.000000  644.000000  0.000017 
644.000000  645.000000  0.000017 
645.000000  646.000000  0.000017 
646.000000  647.000000  0.000016 
647.000000  648.000000  0.000016 
648.000000  649.000000  0.000016 
649.000000  650.000000  0.000016 
650.000000  651.000000  0.000016 
651.000000  652.000000  0.000016 
652.000000  653.000000  0.000016 
653.000000  654.000000  0.000016 
654.000000  655.000000  0.000016 
655.000000  656.000000  0.000016 
656.000000  657.000000  0.000016 
657.000000  658.000000  0.000016 
658.000000  659.000000  0.000016 
659.000000  660.000000  0.000015 
660.000000  661.000000  0.000015 
661.000000  662.000000  0.000015 
662.000000  663.000000  0.000015 
663.000000  664.000000  0.000015 
664.000000  665.000000  0.000015 
665.000000  666.000000  0.000015 
666.000000  667.000000  0.000015 
667.000000  668.000000  0.000015 
668.000000  669.000000  0.000015 
669.000000  670.000000  0.000015 
670.000000  671.000000  0.000015 
671.000000  672.000000  0.000015 
672.000000  673.000000  0.000015 
673.000000  674.000000  0.000015 
674.000000  675.000000  0.000014 
675.000000  676.000000  0.000014 
676.000000  677.000000  0.000014 
677.000000  678.000000  0.000014 
678.000000  679.000000  0.000014 
679.000000  680.000000  0.000014 
680.000000  681.000000  0.000014 
681.000000  682.000000  0.000014 
682.000000  683.000000  0.000014 
683.000000  684.000000  0.000014 
684.000000  685.000000  0.000014 
685.000000  686.000000  0.000014 
686.000000  687.000000  0.000014 
687.000000  688.000000  0.000014 
688.000000  689.000000  0.000014 
689.000000  690.000000  0.000014 
690.000000  691.000000  0.000014 
691.000000  692.000000  0.000013 
692.000000  693.000000  0.000013 
693.000000  694.000000  0.000013 
694.000000  695.000000  0.000013 
695.000000  696.000000  0.000013 
696.000000  697.000000  0.000013 
697.000000  698.000000  0.000013 
698.000000  699.000000  0.000013 
699.000000  700.000000  0.000013 
700.000000  701.000000  0.000013 
701.000000  702.000000  0.000013 
702.000000  703.000000  0.000013 
703.000000  704.000000  0.000013 
704.000000  705.000000  0.000013 
705.000000  706.000000  0.000013 
706.000000  707.000000  0.000013 
707.000000  708.000000  0.000013 
708.000000  709.000000  0.000013 
709.000000  710.000000  0.000013 
710.000000  711.000000  0.000013 
711.000000  712.000000  0.000012 
712.000000  713.000000  0.000012 
713.000000  714.000000  0.000012 
714.000000  715.000000  0.000012 
715.000000  716.000000  0.000012 
716.000000  717.000000  0.000012 
717.000000  718.000000  0.000012 
718.000000  719.000000  0.000012 
719.000000  720.000000  0.000012 
720.000000  721.000000  0.000012 
721.000000  722.000000  0.000012 
722.000000  723.000000  0.000012 
723.000000  724.000000  0.000012 
724.000000  725.000000  0.000012 
725.000000  726.000000  0.000012 
726.000000  727.000000  0.000012 
727.000000  728.000000  0.000012 
728.000000  729.000000  0.000012 
729.000000  730.000000  0.000012 
730.000000  731.000000  0.000012 
731.000000  732.000000  0.000012 
732.000000  733.000000  0.000012 
733.000000  734.000000  0.000012 
734.000000  735.000000  0.000011 
735.000000  736.000000  0.000011 
736.000000  737.000000  0.000011 
737.000000  738.000000  0.000011 
738.000000  739.000000  0.000011 
739.000000  740.000000  0.000011 
740.000000  741.000000  0.000011 
741.000000  742.000000  0.000011 
742.000000  743.000000  0.000011 
743.000000  744.000000  0.000011 
744.000000  745.000000  0.000011 
745.000000  746.000000  0.000011 
746.000000  747.000000  0.000011 
747.000000  748.000000  0.000011 
748.000000  749.000000  0.000011 
749.000000  750.000000  0.000011 
750.000000  751.000000  0.000011 
751.000000  752.000000  0.000011 
752.000000  753.000000  0.000011 
753.000000  754.000000  0.000011 
754.000000  755.000000  0.000011 
755.000000  756.000000  0.000011 
756.000000  757.000000  0.000011 
757.000000  758.000000  0.000011 
758.000000  759.000000  0.000011 
759.000000  760.000000  0.000011 
760.000000  761.000000  0.000011 
761.000000  762.000000  0.000011 
762.000000  763.000000  0.000010 
763.000000  764.000000  0.000010 
764.000000  765.000000  0.000010 
765.000000  766.000000  0.000010 
766.000000  767.000000  0.000010 
767.000000  768.000000  0.000010 
768.000000  769.000000  0.000010 
769.000000  770.000000  0.000010 
770.000000  771.000000  0.000010 
771.000000  772.000000  0.000010 
772.000000  773.000000  0.000010 
773.000000  774.000000  0.000010 
774.000000  775.000000  0.000010 
775.000000  776.000000  0.000010 
776.000000  777.000000  0.000010 
777.000000  778.000000  0.000010 
778.000000  779.000000  0.000010 
779.000000  780.000000  0.000010 
780.000000  781.000000  0.000010 
781.000000  782.000000  0.000010 
782.000000  783.000000  0.000010 
783.000000  784.000000  0.000010 
784.000000  785.000000  0.000010 
785.000000  786.000000  0.000010 
786.000000  787.000000  0.000010 
787.000000  788.000000  0.000010 
788.000000  789.000000  0.000010 
789.000000  790.000000  0.000010 
790.000000  791.000000  0.000010 
791.000000  792.000000  0.000010 
792.000000  793.000000  0.000010 
793.000000  794.000000  0.000010 
794.000000  795.000000  0.000010 
795.000000  796.000000  0.000010 
796.000000  797.000000  0.000010 
797.000000  798.000000  0.000010 
798.000000  799.000000  0.000009 
799.000000  800.000000  0.000009 
800.000000  801.000000  0.000009 
801.000000  802.000000  0.000009 
802.000000  803.000000  0.000009 
803.000000  804.000000  0.000009 
804.000000  805.000000  0.000009 
805.000000  806.000000  0.000009 
806.000000  807.000000  0.000009 
807.000000  808.000000  0.000009 
808.000000  809.000000  0.000009 
809.000000  810.000000  0.000009 
810.000000  811.000000  0.000009 
811.000000  812.000000  0.000009 
812.000000  813.000000  0.000009 
813.000000  814.000000  0.000009 
814.000000  815.000000  0.000009 
815.000000  816.000000  0.000009 
816.000000  817.000000  0.000009 
817.000000  818.000000  0.000009 
818.000000  819.000000  0.000009 
819.000000  820.000000  0.000009 
820.000000  821.000000  0.000009 
821.000000  822.000000  0.000009 
822.000000  823.000000  0.000009 
823.000000  824.000000  0.000009 
824.000000  825.000000  0.000009 
825.000000  826.000000  0.000009 
826.000000  827.000000  0.000009 
827.000000  828.000000  0.000009 
828.000000  829.000000  0.000009 
829.000000  830.000000  0.000009 
830.000000  831.000000  0.000009 
831.000000  832.000000  0.000009 
832.000000  833.000000  0.000009 
833.000000  834.000000  0.000009 
834.000000  835.000000  0.000009 
835.000000  836.000000  0.000009 
836.000000  837.000000  0.000009 
837.000000  838.000000  0.000009 
838.000000  839.000000  0.000009 
839.000000  840.000000  0.000009 
840.000000  841.000000  0.000009 
841.000000  842.000000  0.000009 
842.000000  843.000000  0.000009 
843.000000  844.000000  0.000009 
844.000000  845.000000  0.000009 
845.000000  846.000000  0.000009 
846.000000  847.000000  0.000009 
847.000000  848.000000  0.000009 
848.000000  849.000000  0.000008 
849.000000  850.000000  0.000008 
850.000000  851.000000  0.000008 
851.000000  852.000000  0.000008 
852.000000  853.000000  0.000008 
853.000000  854.000000  0.000008 
854.000000  855.000000  0.000008 
855.000000  856.000000  0.000008 
856.000000  857.000000  0.000008 
857.000000  858.000000  0.000008 
858.000000  859.000000  0.000008 
859.000000  860.000000  0.000008 
860.000000  861.000000  0.000008 
861.000000  862.000000  0.000008 
862.000000  863.000000  0.000008 
863.000000  864.000000  0.000008 
864.000000  865.000000  0.000008 
865.000000  866.000000  0.000008 
866.000000  867.000000  0.000008 
867.000000  868.000000  0.000008 
868.000000  869.000000  0.000008 
869.000000  870.000000  0.000008 
870.000000  871.000000  0.000008 
871.000000  872.000000  0.000008 
872.000000  873.000000  0.000008 
873.000000  874.000000  0.000008 
874.000000  875.000000  0.000008 
875.000000  876.000000  0.000008 
876.000000  877.000000  0.000008 
877.000000  878.000000  0.000008 
878.000000  879.000000  0.000008 
879.000000  880.000000  0.000008 
880.000000  881.000000  0.000008 
881.000000  882.000000  0.000008 
882.000000  883.000000  0.000008 
883.000000  884.000000  0.000008 
884.000000  885.000000  0.000008 
885.000000  886.000000  0.000008 
886.000000  887.000000  0.000008 
887.000000  888.000000  0.000008 
888.000000  889.000000  0.000008 
889.000000  890.000000  0.000008 
890.000000  891.000000  0.000008 
891.000000  892.000000  0.000008 
892.000000  893.000000  0.000008 
893.000000  894.000000  0.000008 
894.000000  895.000000  0.000008 
895.000000  896.000000  0.000008 
896.000000  897.000000  0.000008 
897.000000  898.000000  0.000008 
898.000000  899.000000  0.000008 
899.000000  900.000000  0.000008 
900.000000  901.000000  0.000008 
901.000000  902.000000  0.000008 
902.000000  903.000000  0.000008 
903.000000  904.000000  0.000008 
904.000000  905.000000  0.000008 
905.000000  906.000000  0.000008 
906.000000  907.000000  0.000008 
907.000000  908.000000  0.000008 
908.000000  909.000000  0.000008 
909.000000  910.000000  0.000008 
910.000000  911.000000  0.000008 
911.000000  912.000000  0.000008 
912.000000  913.000000  0.000008 
913.000000  914.000000  0.000008 
914.000000  915.000000  0.000008 
915.000000  916.000000  0.000008 
916.000000  917.000000  0.000008 
917.000000  918.000000  0.000008 
918.000000  919.000000  0.000008 
919.000000  920.000000  0.000008 
920.000000  921.000000  0.000008 
921.000000  922.000000  0.000008 
922.000000  923.000000  0.000008 
923.000000  924.000000  0.000008 
924.000000  925.000000  0.000008 
925.000000  926.000000  0.000008 
926.000000  927.000000  0.000008 
927.000000  928.000000  0.000008 
928.000000  929.000000  0.000008 
929.000000  930.000000  0.000007 
930.000000  931.000000  0.000007 
931.000000  932.000000  0.000007 
932.000000  933.000000  0.000007 
933.000000  934.000000  0.000007 
934.000000  935.000000  0.000007 
935.000000  936.000000  0.000007 
936.000000  937.000000  0.000007 
937.000000  938.000000  0.000007 
938.000000  939.000000  0.000007 
939.000000  940.000000  0.000007 
940.000000  941.000000  0.000007 
941.000000  942.000000  0.000007 
942.000000  943.000000  0.000007 
943.000000  944.000000  0.000007 
