20.000000  21.000000  -0.000000 
21.000000  22.000000  -0.000000 
22.000000  23.000000  -0.000000 
23.000000  24.000000  -0.000000 
24.000000  25.000000  -0.000000 
25.000000  26.000000  -0.000000 
26.000000  27.000000  -0.000000 
27.000000  28.000000  -0.000000 
28.000000  29.000000  -0.000000 
29.000000  30.000000  -0.000000 
30.000000  31.000000  -0.000000 
31.000000  32.000000  -0.000000 
32.000000  33.000000  -0.000000 
33.000000  34.000000  -0.000000 
34.000000  35.000000  -0.000000 
35.000000  36.000000  -0.000000 
36.000000  37.000000  -0.000000 
37.000000  38.000000  -0.000000 
38.000000  39.000000  -0.000000 
39.000000  40.000000  -0.000000 
40.000000  41.000000  -0.000000 
41.000000  42.000000  -0.000000 
42.000000  43.000000  -0.000000 
43.000000  44.000000  -0.000000 
44.000000  45.000000  -0.000000 
45.000000  46.000000  -0.000000 
46.000000  47.000000  -0.000000 
47.000000  48.000000  -0.000000 
48.000000  49.000000  -0.000000 
49.000000  50.000000  -0.000000 
50.000000  51.000000  -0.000000 
51.000000  52.000000  -0.000000 
52.000000  53.000000  -0.000000 
53.000000  54.000000  -0.000000 
54.000000  55.000000  -0.000000 
55.000000  56.000000  -0.000000 
56.000000  57.000000  -0.000000 
57.000000  58.000000  -0.000000 
58.000000  59.000000  -0.000000 
59.000000  60.000000  -0.000000 
60.000000  61.000000  -0.000000 
61.000000  62.000000  -0.000000 
62.000000  63.000000  -0.000000 
63.000000  64.000000  -0.000000 
64.000000  65.000000  -0.000000 
65.000000  66.000000  -0.000000 
66.000000  67.000000  -0.000000 
67.000000  68.000000  -0.000000 
68.000000  69.000000  -0.000000 
69.000000  70.000000  -0.000000 
70.000000  71.000000  -0.000000 
71.000000  72.000000  -0.000000 
72.000000  73.000000  -0.000000 
73.000000  74.000000  -0.000000 
74.000000  75.000000  -0.000000 
75.000000  76.000000  -0.000000 
76.000000  77.000000  -0.000000 
77.000000  78.000000  -0.000000 
78.000000  79.000000  -0.000000 
79.000000  80.000000  -0.000000 
80.000000  81.000000  -0.000000 
81.000000  82.000000  -0.000000 
82.000000  83.000000  -0.000000 
83.000000  84.000000  -0.000000 
84.000000  85.000000  -0.000000 
85.000000  86.000000  -0.000000 
86.000000  87.000000  -0.000000 
87.000000  88.000000  -0.000000 
88.000000  89.000000  -0.000000 
89.000000  90.000000  -0.000000 
90.000000  91.000000  -0.000000 
91.000000  92.000000  -0.000000 
92.000000  93.000000  -0.000000 
93.000000  94.000000  -0.000000 
94.000000  95.000000  -0.000000 
95.000000  96.000000  -0.000000 
96.000000  97.000000  -0.000000 
97.000000  98.000000  -0.000000 
98.000000  99.000000  -0.000000 
99.000000  100.000000  -0.000000 
100.000000  101.000000  -0.000000 
101.000000  102.000000  -0.000000 
102.000000  103.000000  -0.000000 
103.000000  104.000000  -0.000000 
104.000000  105.000000  -0.000000 
105.000000  106.000000  -0.000000 
106.000000  107.000000  -0.000000 
107.000000  108.000000  -0.000000 
108.000000  109.000000  -0.000000 
109.000000  110.000000  -0.000000 
110.000000  111.000000  -0.000000 
111.000000  112.000000  -0.000000 
112.000000  113.000000  -0.000000 
113.000000  114.000000  -0.000000 
114.000000  115.000000  -0.000000 
115.000000  116.000000  -0.000000 
116.000000  117.000000  -0.000000 
117.000000  118.000000  -0.000000 
118.000000  119.000000  -0.000000 
119.000000  120.000000  -0.000000 
120.000000  121.000000  -0.000000 
121.000000  122.000000  -0.000001 
122.000000  123.000000  -0.000001 
123.000000  124.000000  -0.000001 
124.000000  125.000000  -0.000001 
125.000000  126.000000  -0.000001 
126.000000  127.000000  -0.000001 
127.000000  128.000000  -0.000001 
128.000000  129.000000  -0.000001 
129.000000  130.000000  -0.000001 
130.000000  131.000000  -0.000001 
131.000000  132.000000  -0.000001 
132.000000  133.000000  -0.000001 
133.000000  134.000000  -0.000001 
134.000000  135.000000  -0.000001 
135.000000  136.000000  -0.000001 
136.000000  137.000000  -0.000001 
137.000000  138.000000  -0.000001 
138.000000  139.000000  -0.000002 
139.000000  140.000000  -0.000002 
140.000000  141.000000  -0.000002 
141.000000  142.000000  -0.000002 
142.000000  143.000000  -0.000002 
143.000000  144.000000  -0.000002 
144.000000  145.000000  -0.000002 
145.000000  146.000000  -0.000002 
146.000000  147.000000  -0.000002 
147.000000  148.000000  -0.000002 
148.000000  149.000000  -0.000002 
149.000000  150.000000  -0.000002 
150.000000  151.000000  -0.000002 
151.000000  152.000000  -0.000002 
152.000000  153.000000  -0.000002 
153.000000  154.000000  -0.000001 
154.000000  155.000000  -0.000001 
155.000000  156.000000  -0.000001 
156.000000  157.000000  -0.000001 
157.000000  158.000000  -0.000001 
158.000000  159.000000  -0.000001 
159.000000  160.000000  -0.000000 
160.000000  161.000000  -0.000000 
161.000000  162.000000  0.000000 
162.000000  163.000000  0.000001 
163.000000  164.000000  0.000001 
164.000000  165.000000  0.000001 
165.000000  166.000000  0.000002 
166.000000  167.000000  0.000002 
167.000000  168.000000  0.000003 
168.000000  169.000000  0.000004 
169.000000  170.000000  0.000004 
170.000000  171.000000  0.000005 
171.000000  172.000000  0.000006 
172.000000  173.000000  0.000006 
173.000000  174.000000  0.000007 
174.000000  175.000000  0.000008 
175.000000  176.000000  0.000009 
176.000000  177.000000  0.000010 
177.000000  178.000000  0.000011 
178.000000  179.000000  0.000013 
179.000000  180.000000  0.000014 
180.000000  181.000000  0.000015 
181.000000  182.000000  0.000016 
182.000000  183.000000  0.000018 
183.000000  184.000000  0.000019 
184.000000  185.000000  0.000021 
185.000000  186.000000  0.000023 
186.000000  187.000000  0.000024 
187.000000  188.000000  0.000026 
188.000000  189.000000  0.000028 
189.000000  190.000000  0.000030 
190.000000  191.000000  0.000032 
191.000000  192.000000  0.000034 
192.000000  193.000000  0.000037 
193.000000  194.000000  0.000039 
194.000000  195.000000  0.000041 
195.000000  196.000000  0.000044 
196.000000  197.000000  0.000046 
197.000000  198.000000  0.000049 
198.000000  199.000000  0.000052 
199.000000  200.000000  0.000055 
200.000000  201.000000  0.000058 
201.000000  202.000000  0.000061 
202.000000  203.000000  0.000064 
203.000000  204.000000  0.000067 
204.000000  205.000000  0.000071 
205.000000  206.000000  0.000074 
206.000000  207.000000  0.000078 
207.000000  208.000000  0.000081 
208.000000  209.000000  0.000085 
209.000000  210.000000  0.000089 
210.000000  211.000000  0.000093 
211.000000  212.000000  0.000097 
212.000000  213.000000  0.000101 
213.000000  214.000000  0.000106 
214.000000  215.000000  0.000110 
215.000000  216.000000  0.000114 
216.000000  217.000000  0.000119 
217.000000  218.000000  0.000124 
218.000000  219.000000  0.000128 
219.000000  220.000000  0.000133 
220.000000  221.000000  0.000138 
221.000000  222.000000  0.000143 
222.000000  223.000000  0.000148 
223.000000  224.000000  0.000153 
224.000000  225.000000  0.000159 
225.000000  226.000000  0.000164 
226.000000  227.000000  0.000170 
227.000000  228.000000  0.000175 
228.000000  229.000000  0.000181 
229.000000  230.000000  0.000187 
230.000000  231.000000  0.000192 
231.000000  232.000000  0.000198 
232.000000  233.000000  0.000204 
233.000000  234.000000  0.000210 
234.000000  235.000000  0.000216 
235.000000  236.000000  0.000223 
236.000000  237.000000  0.000229 
237.000000  238.000000  0.000235 
238.000000  239.000000  0.000242 
239.000000  240.000000  0.000248 
240.000000  241.000000  0.000255 
241.000000  242.000000  0.000261 
242.000000  243.000000  0.000268 
243.000000  244.000000  0.000275 
244.000000  245.000000  0.000282 
245.000000  246.000000  0.000288 
246.000000  247.000000  0.000295 
247.000000  248.000000  0.000302 
248.000000  249.000000  0.000309 
249.000000  250.000000  0.000316 
250.000000  251.000000  0.000323 
251.000000  252.000000  0.000330 
252.000000  253.000000  0.000338 
253.000000  254.000000  0.000345 
254.000000  255.000000  0.000352 
255.000000  256.000000  0.000359 
256.000000  257.000000  0.000367 
257.000000  258.000000  0.000374 
258.000000  259.000000  0.000381 
259.000000  260.000000  0.000389 
260.000000  261.000000  0.000396 
261.000000  262.000000  0.000403 
262.000000  263.000000  0.000411 
263.000000  264.000000  0.000418 
264.000000  265.000000  0.000426 
265.000000  266.000000  0.000433 
266.000000  267.000000  0.000441 
267.000000  268.000000  0.000448 
268.000000  269.000000  0.000455 
269.000000  270.000000  0.000463 
270.000000  271.000000  0.000470 
271.000000  272.000000  0.000478 
272.000000  273.000000  0.000485 
273.000000  274.000000  0.000493 
274.000000  275.000000  0.000500 
275.000000  276.000000  0.000507 
276.000000  277.000000  0.000515 
277.000000  278.000000  0.000522 
278.000000  279.000000  0.000529 
279.000000  280.000000  0.000537 
280.000000  281.000000  0.000544 
281.000000  282.000000  0.000551 
282.000000  283.000000  0.000558 
283.000000  284.000000  0.000565 
284.000000  285.000000  0.000572 
285.000000  286.000000  0.000580 
286.000000  287.000000  0.000587 
287.000000  288.000000  0.000594 
288.000000  289.000000  0.000600 
289.000000  290.000000  0.000607 
290.000000  291.000000  0.000614 
291.000000  292.000000  0.000621 
292.000000  293.000000  0.000628 
293.000000  294.000000  0.000634 
294.000000  295.000000  0.000641 
295.000000  296.000000  0.000648 
296.000000  297.000000  0.000654 
297.000000  298.000000  0.000661 
298.000000  299.000000  0.000667 
299.000000  300.000000  0.000673 
300.000000  301.000000  0.000680 
301.000000  302.000000  0.000686 
302.000000  303.000000  0.000692 
303.000000  304.000000  0.000698 
304.000000  305.000000  0.000704 
305.000000  306.000000  0.000710 
306.000000  307.000000  0.000716 
307.000000  308.000000  0.000722 
308.000000  309.000000  0.000727 
309.000000  310.000000  0.000733 
310.000000  311.000000  0.000738 
311.000000  312.000000  0.000744 
312.000000  313.000000  0.000749 
313.000000  314.000000  0.000755 
314.000000  315.000000  0.000760 
315.000000  316.000000  0.000765 
316.000000  317.000000  0.000770 
317.000000  318.000000  0.000775 
318.000000  319.000000  0.000780 
319.000000  320.000000  0.000785 
320.000000  321.000000  0.000790 
321.000000  322.000000  0.000794 
322.000000  323.000000  0.000799 
323.000000  324.000000  0.000803 
324.000000  325.000000  0.000808 
325.000000  326.000000  0.000812 
326.000000  327.000000  0.000816 
327.000000  328.000000  0.000820 
328.000000  329.000000  0.000824 
329.000000  330.000000  0.000828 
330.000000  331.000000  0.000832 
331.000000  332.000000  0.000836 
332.000000  333.000000  0.000839 
333.000000  334.000000  0.000843 
334.000000  335.000000  0.000847 
335.000000  336.000000  0.000850 
336.000000  337.000000  0.000853 
337.000000  338.000000  0.000857 
338.000000  339.000000  0.000860 
339.000000  340.000000  0.000863 
340.000000  341.000000  0.000866 
341.000000  342.000000  0.000869 
342.000000  343.000000  0.000871 
343.000000  344.000000  0.000874 
344.000000  345.000000  0.000877 
345.000000  346.000000  0.000879 
346.000000  347.000000  0.000882 
347.000000  348.000000  0.000884 
348.000000  349.000000  0.000886 
349.000000  350.000000  0.000888 
350.000000  351.000000  0.000890 
351.000000  352.000000  0.000892 
352.000000  353.000000  0.000894 
353.000000  354.000000  0.000896 
354.000000  355.000000  0.000898 
355.000000  356.000000  0.000899 
356.000000  357.000000  0.000901 
357.000000  358.000000  0.000903 
358.000000  359.000000  0.000904 
359.000000  360.000000  0.000905 
360.000000  361.000000  0.000906 
361.000000  362.000000  0.000908 
362.000000  363.000000  0.000909 
363.000000  364.000000  0.000910 
364.000000  365.000000  0.000911 
365.000000  366.000000  0.000911 
366.000000  367.000000  0.000912 
367.000000  368.000000  0.000913 
368.000000  369.000000  0.000914 
369.000000  370.000000  0.000914 
370.000000  371.000000  0.000915 
371.000000  372.000000  0.000915 
372.000000  373.000000  0.000915 
373.000000  374.000000  0.000915 
374.000000  375.000000  0.000916 
375.000000  376.000000  0.000916 
376.000000  377.000000  0.000916 
377.000000  378.000000  0.000916 
378.000000  379.000000  0.000916 
379.000000  380.000000  0.000915 
380.000000  381.000000  0.000915 
381.000000  382.000000  0.000915 
382.000000  383.000000  0.000915 
383.000000  384.000000  0.000914 
384.000000  385.000000  0.000914 
385.000000  386.000000  0.000913 
386.000000  387.000000  0.000912 
387.000000  388.000000  0.000912 
388.000000  389.000000  0.000911 
389.000000  390.000000  0.000910 
390.000000  391.000000  0.000909 
391.000000  392.000000  0.000908 
392.000000  393.000000  0.000907 
393.000000  394.000000  0.000906 
394.000000  395.000000  0.000905 
395.000000  396.000000  0.000904 
396.000000  397.000000  0.000903 
397.000000  398.000000  0.000902 
398.000000  399.000000  0.000900 
399.000000  400.000000  0.000899 
400.000000  401.000000  0.000898 
401.000000  402.000000  0.000896 
402.000000  403.000000  0.000895 
403.000000  404.000000  0.000893 
404.000000  405.000000  0.000891 
405.000000  406.000000  0.000890 
406.000000  407.000000  0.000888 
407.000000  408.000000  0.000886 
408.000000  409.000000  0.000885 
409.000000  410.000000  0.000883 
410.000000  411.000000  0.000881 
411.000000  412.000000  0.000879 
412.000000  413.000000  0.000877 
413.000000  414.000000  0.000875 
414.000000  415.000000  0.000873 
415.000000  416.000000  0.000871 
416.000000  417.000000  0.000869 
417.000000  418.000000  0.000867 
418.000000  419.000000  0.000865 
419.000000  420.000000  0.000862 
420.000000  421.000000  0.000860 
421.000000  422.000000  0.000858 
422.000000  423.000000  0.000856 
423.000000  424.000000  0.000853 
424.000000  425.000000  0.000851 
425.000000  426.000000  0.000849 
426.000000  427.000000  0.000846 
427.000000  428.000000  0.000844 
428.000000  429.000000  0.000841 
429.000000  430.000000  0.000839 
430.000000  431.000000  0.000836 
431.000000  432.000000  0.000834 
432.000000  433.000000  0.000831 
433.000000  434.000000  0.000829 
434.000000  435.000000  0.000826 
435.000000  436.000000  0.000823 
436.000000  437.000000  0.000821 
437.000000  438.000000  0.000818 
438.000000  439.000000  0.000815 
439.000000  440.000000  0.000812 
440.000000  441.000000  0.000810 
441.000000  442.000000  0.000807 
442.000000  443.000000  0.000804 
443.000000  444.000000  0.000801 
444.000000  445.000000  0.000799 
445.000000  446.000000  0.000796 
446.000000  447.000000  0.000793 
447.000000  448.000000  0.000790 
448.000000  449.000000  0.000787 
449.000000  450.000000  0.000784 
450.000000  451.000000  0.000781 
451.000000  452.000000  0.000778 
452.000000  453.000000  0.000775 
453.000000  454.000000  0.000773 
454.000000  455.000000  0.000770 
455.000000  456.000000  0.000767 
456.000000  457.000000  0.000764 
457.000000  458.000000  0.000761 
458.000000  459.000000  0.000758 
459.000000  460.000000  0.000755 
460.000000  461.000000  0.000752 
461.000000  462.000000  0.000749 
462.000000  463.000000  0.000746 
463.000000  464.000000  0.000743 
464.000000  465.000000  0.000740 
465.000000  466.000000  0.000736 
466.000000  467.000000  0.000733 
467.000000  468.000000  0.000730 
468.000000  469.000000  0.000727 
469.000000  470.000000  0.000724 
470.000000  471.000000  0.000721 
471.000000  472.000000  0.000718 
472.000000  473.000000  0.000715 
473.000000  474.000000  0.000712 
474.000000  475.000000  0.000709 
475.000000  476.000000  0.000706 
476.000000  477.000000  0.000703 
477.000000  478.000000  0.000700 
478.000000  479.000000  0.000697 
479.000000  480.000000  0.000693 
480.000000  481.000000  0.000690 
481.000000  482.000000  0.000687 
482.000000  483.000000  0.000684 
483.000000  484.000000  0.000681 
484.000000  485.000000  0.000678 
485.000000  486.000000  0.000675 
486.000000  487.000000  0.000672 
487.000000  488.000000  0.000669 
488.000000  489.000000  0.000666 
489.000000  490.000000  0.000663 
490.000000  491.000000  0.000660 
491.000000  492.000000  0.000656 
492.000000  493.000000  0.000653 
493.000000  494.000000  0.000650 
494.000000  495.000000  0.000647 
495.000000  496.000000  0.000644 
496.000000  497.000000  0.000641 
497.000000  498.000000  0.000638 
498.000000  499.000000  0.000635 
499.000000  500.000000  0.000632 
500.000000  501.000000  0.000629 
501.000000  502.000000  0.000626 
502.000000  503.000000  0.000623 
503.000000  504.000000  0.000620 
504.000000  505.000000  0.000617 
505.000000  506.000000  0.000614 
506.000000  507.000000  0.000611 
507.000000  508.000000  0.000608 
508.000000  509.000000  0.000605 
509.000000  510.000000  0.000602 
510.000000  511.000000  0.000599 
511.000000  512.000000  0.000596 
512.000000  513.000000  0.000593 
513.000000  514.000000  0.000590 
514.000000  515.000000  0.000588 
515.000000  516.000000  0.000585 
516.000000  517.000000  0.000582 
517.000000  518.000000  0.000579 
518.000000  519.000000  0.000576 
519.000000  520.000000  0.000573 
520.000000  521.000000  0.000570 
521.000000  522.000000  0.000567 
522.000000  523.000000  0.000565 
523.000000  524.000000  0.000562 
524.000000  525.000000  0.000559 
525.000000  526.000000  0.000556 
526.000000  527.000000  0.000553 
527.000000  528.000000  0.000550 
528.000000  529.000000  0.000548 
529.000000  530.000000  0.000545 
530.000000  531.000000  0.000542 
531.000000  532.000000  0.000539 
532.000000  533.000000  0.000537 
533.000000  534.000000  0.000534 
534.000000  535.000000  0.000531 
535.000000  536.000000  0.000528 
536.000000  537.000000  0.000526 
537.000000  538.000000  0.000523 
538.000000  539.000000  0.000520 
539.000000  540.000000  0.000518 
540.000000  541.000000  0.000515 
541.000000  542.000000  0.000513 
542.000000  543.000000  0.000510 
543.000000  544.000000  0.000507 
544.000000  545.000000  0.000505 
545.000000  546.000000  0.000502 
546.000000  547.000000  0.000500 
547.000000  548.000000  0.000497 
548.000000  549.000000  0.000494 
549.000000  550.000000  0.000492 
550.000000  551.000000  0.000489 
551.000000  552.000000  0.000487 
552.000000  553.000000  0.000484 
553.000000  554.000000  0.000482 
554.000000  555.000000  0.000479 
555.000000  556.000000  0.000477 
556.000000  557.000000  0.000474 
557.000000  558.000000  0.000472 
558.000000  559.000000  0.000470 
559.000000  560.000000  0.000467 
560.000000  561.000000  0.000465 
561.000000  562.000000  0.000462 
562.000000  563.000000  0.000460 
563.000000  564.000000  0.000458 
564.000000  565.000000  0.000455 
565.000000  566.000000  0.000453 
566.000000  567.000000  0.000451 
567.000000  568.000000  0.000448 
568.000000  569.000000  0.000446 
569.000000  570.000000  0.000444 
570.000000  571.000000  0.000441 
571.000000  572.000000  0.000439 
572.000000  573.000000  0.000437 
573.000000  574.000000  0.000435 
574.000000  575.000000  0.000432 
575.000000  576.000000  0.000430 
576.000000  577.000000  0.000428 
577.000000  578.000000  0.000426 
578.000000  579.000000  0.000424 
579.000000  580.000000  0.000422 
580.000000  581.000000  0.000419 
581.000000  582.000000  0.000417 
582.000000  583.000000  0.000415 
583.000000  584.000000  0.000413 
584.000000  585.000000  0.000411 
585.000000  586.000000  0.000409 
586.000000  587.000000  0.000407 
587.000000  588.000000  0.000405 
588.000000  589.000000  0.000403 
589.000000  590.000000  0.000401 
590.000000  591.000000  0.000399 
591.000000  592.000000  0.000397 
592.000000  593.000000  0.000395 
593.000000  594.000000  0.000393 
594.000000  595.000000  0.000391 
595.000000  596.000000  0.000389 
596.000000  597.000000  0.000387 
597.000000  598.000000  0.000385 
598.000000  599.000000  0.000383 
599.000000  600.000000  0.000381 
600.000000  601.000000  0.000379 
601.000000  602.000000  0.000377 
602.000000  603.000000  0.000375 
603.000000  604.000000  0.000373 
604.000000  605.000000  0.000372 
605.000000  606.000000  0.000370 
606.000000  607.000000  0.000368 
607.000000  608.000000  0.000366 
608.000000  609.000000  0.000364 
609.000000  610.000000  0.000362 
610.000000  611.000000  0.000361 
611.000000  612.000000  0.000359 
612.000000  613.000000  0.000357 
613.000000  614.000000  0.000355 
614.000000  615.000000  0.000354 
615.000000  616.000000  0.000352 
616.000000  617.000000  0.000350 
617.000000  618.000000  0.000349 
618.000000  619.000000  0.000347 
619.000000  620.000000  0.000345 
620.000000  621.000000  0.000344 
621.000000  622.000000  0.000342 
622.000000  623.000000  0.000340 
623.000000  624.000000  0.000339 
624.000000  625.000000  0.000337 
625.000000  626.000000  0.000335 
626.000000  627.000000  0.000334 
627.000000  628.000000  0.000332 
628.000000  629.000000  0.000331 
629.000000  630.000000  0.000329 
630.000000  631.000000  0.000327 
631.000000  632.000000  0.000326 
632.000000  633.000000  0.000324 
633.000000  634.000000  0.000323 
634.000000  635.000000  0.000321 
635.000000  636.000000  0.000320 
636.000000  637.000000  0.000318 
637.000000  638.000000  0.000317 
638.000000  639.000000  0.000315 
639.000000  640.000000  0.000314 
640.000000  641.000000  0.000312 
641.000000  642.000000  0.000311 
642.000000  643.000000  0.000310 
643.000000  644.000000  0.000308 
644.000000  645.000000  0.000307 
645.000000  646.000000  0.000305 
646.000000  647.000000  0.000304 
647.000000  648.000000  0.000303 
648.000000  649.000000  0.000301 
649.000000  650.000000  0.000300 
650.000000  651.000000  0.000298 
651.000000  652.000000  0.000297 
652.000000  653.000000  0.000296 
653.000000  654.000000  0.000294 
654.000000  655.000000  0.000293 
655.000000  656.000000  0.000292 
656.000000  657.000000  0.000291 
657.000000  658.000000  0.000289 
658.000000  659.000000  0.000288 
659.000000  660.000000  0.000287 
660.000000  661.000000  0.000285 
661.000000  662.000000  0.000284 
662.000000  663.000000  0.000283 
663.000000  664.000000  0.000282 
664.000000  665.000000  0.000280 
665.000000  666.000000  0.000279 
666.000000  667.000000  0.000278 
667.000000  668.000000  0.000277 
668.000000  669.000000  0.000276 
669.000000  670.000000  0.000274 
670.000000  671.000000  0.000273 
671.000000  672.000000  0.000272 
672.000000  673.000000  0.000271 
673.000000  674.000000  0.000270 
674.000000  675.000000  0.000269 
675.000000  676.000000  0.000268 
676.000000  677.000000  0.000266 
677.000000  678.000000  0.000265 
678.000000  679.000000  0.000264 
679.000000  680.000000  0.000263 
680.000000  681.000000  0.000262 
681.000000  682.000000  0.000261 
682.000000  683.000000  0.000260 
683.000000  684.000000  0.000259 
684.000000  685.000000  0.000258 
685.000000  686.000000  0.000257 
686.000000  687.000000  0.000256 
687.000000  688.000000  0.000255 
688.000000  689.000000  0.000254 
689.000000  690.000000  0.000252 
690.000000  691.000000  0.000251 
691.000000  692.000000  0.000250 
692.000000  693.000000  0.000249 
693.000000  694.000000  0.000248 
694.000000  695.000000  0.000247 
695.000000  696.000000  0.000246 
696.000000  697.000000  0.000246 
697.000000  698.000000  0.000245 
698.000000  699.000000  0.000244 
699.000000  700.000000  0.000243 
700.000000  701.000000  0.000242 
701.000000  702.000000  0.000241 
702.000000  703.000000  0.000240 
703.000000  704.000000  0.000239 
704.000000  705.000000  0.000238 
705.000000  706.000000  0.000237 
706.000000  707.000000  0.000236 
707.000000  708.000000  0.000235 
708.000000  709.000000  0.000234 
709.000000  710.000000  0.000233 
710.000000  711.000000  0.000233 
711.000000  712.000000  0.000232 
712.000000  713.000000  0.000231 
713.000000  714.000000  0.000230 
714.000000  715.000000  0.000229 
715.000000  716.000000  0.000228 
716.000000  717.000000  0.000227 
717.000000  718.000000  0.000227 
718.000000  719.000000  0.000226 
719.000000  720.000000  0.000225 
720.000000  721.000000  0.000224 
721.000000  722.000000  0.000223 
722.000000  723.000000  0.000223 
723.000000  724.000000  0.000222 
724.000000  725.000000  0.000221 
725.000000  726.000000  0.000220 
726.000000  727.000000  0.000219 
727.000000  728.000000  0.000219 
728.000000  729.000000  0.000218 
729.000000  730.000000  0.000217 
730.000000  731.000000  0.000216 
731.000000  732.000000  0.000215 
732.000000  733.000000  0.000215 
733.000000  734.000000  0.000214 
734.000000  735.000000  0.000213 
735.000000  736.000000  0.000213 
736.000000  737.000000  0.000212 
737.000000  738.000000  0.000211 
738.000000  739.000000  0.000210 
739.000000  740.000000  0.000210 
740.000000  741.000000  0.000209 
741.000000  742.000000  0.000208 
742.000000  743.000000  0.000208 
743.000000  744.000000  0.000207 
744.000000  745.000000  0.000206 
745.000000  746.000000  0.000205 
746.000000  747.000000  0.000205 
747.000000  748.000000  0.000204 
748.000000  749.000000  0.000203 
749.000000  750.000000  0.000203 
750.000000  751.000000  0.000202 
751.000000  752.000000  0.000201 
752.000000  753.000000  0.000201 
753.000000  754.000000  0.000200 
754.000000  755.000000  0.000200 
755.000000  756.000000  0.000199 
756.000000  757.000000  0.000198 
757.000000  758.000000  0.000198 
758.000000  759.000000  0.000197 
759.000000  760.000000  0.000196 
760.000000  761.000000  0.000196 
761.000000  762.000000  0.000195 
762.000000  763.000000  0.000195 
763.000000  764.000000  0.000194 
764.000000  765.000000  0.000193 
765.000000  766.000000  0.000193 
766.000000  767.000000  0.000192 
767.000000  768.000000  0.000192 
768.000000  769.000000  0.000191 
769.000000  770.000000  0.000190 
770.000000  771.000000  0.000190 
771.000000  772.000000  0.000189 
772.000000  773.000000  0.000189 
773.000000  774.000000  0.000188 
774.000000  775.000000  0.000188 
775.000000  776.000000  0.000187 
776.000000  777.000000  0.000187 
777.000000  778.000000  0.000186 
778.000000  779.000000  0.000185 
779.000000  780.000000  0.000185 
780.000000  781.000000  0.000184 
781.000000  782.000000  0.000184 
782.000000  783.000000  0.000183 
783.000000  784.000000  0.000183 
784.000000  785.000000  0.000182 
785.000000  786.000000  0.000182 
786.000000  787.000000  0.000181 
787.000000  788.000000  0.000181 
788.000000  789.000000  0.000180 
789.000000  790.000000  0.000180 
790.000000  791.000000  0.000179 
791.000000  792.000000  0.000179 
792.000000  793.000000  0.000178 
793.000000  794.000000  0.000178 
794.000000  795.000000  0.000177 
795.000000  796.000000  0.000177 
796.000000  797.000000  0.000176 
797.000000  798.000000  0.000176 
798.000000  799.000000  0.000175 
799.000000  800.000000  0.000175 
800.000000  801.000000  0.000175 
801.000000  802.000000  0.000174 
802.000000  803.000000  0.000174 
803.000000  804.000000  0.000173 
804.000000  805.000000  0.000173 
805.000000  806.000000  0.000172 
806.000000  807.000000  0.000172 
807.000000  808.000000  0.000171 
808.000000  809.000000  0.000171 
809.000000  810.000000  0.000170 
810.000000  811.000000  0.000170 
811.000000  812.000000  0.000170 
812.000000  813.000000  0.000169 
813.000000  814.000000  0.000169 
814.000000  815.000000  0.000168 
815.000000  816.000000  0.000168 
816.000000  817.000000  0.000168 
817.000000  818.000000  0.000167 
818.000000  819.000000  0.000167 
819.000000  820.000000  0.000166 
820.000000  821.000000  0.000166 
821.000000  822.000000  0.000166 
822.000000  823.000000  0.000165 
823.000000  824.000000  0.000165 
824.000000  825.000000  0.000164 
825.000000  826.000000  0.000164 
826.000000  827.000000  0.000164 
827.000000  828.000000  0.000163 
828.000000  829.000000  0.000163 
829.000000  830.000000  0.000162 
830.000000  831.000000  0.000162 
831.000000  832.000000  0.000162 
832.000000  833.000000  0.000161 
833.000000  834.000000  0.000161 
834.000000  835.000000  0.000161 
835.000000  836.000000  0.000160 
836.000000  837.000000  0.000160 
837.000000  838.000000  0.000160 
838.000000  839.000000  0.000159 
839.000000  840.000000  0.000159 
840.000000  841.000000  0.000158 
841.000000  842.000000  0.000158 
842.000000  843.000000  0.000158 
843.000000  844.000000  0.000157 
844.000000  845.000000  0.000157 
845.000000  846.000000  0.000157 
846.000000  847.000000  0.000156 
847.000000  848.000000  0.000156 
848.000000  849.000000  0.000156 
849.000000  850.000000  0.000155 
850.000000  851.000000  0.000155 
851.000000  852.000000  0.000155 
852.000000  853.000000  0.000154 
853.000000  854.000000  0.000154 
854.000000  855.000000  0.000154 
855.000000  856.000000  0.000153 
856.000000  857.000000  0.000153 
857.000000  858.000000  0.000153 
858.000000  859.000000  0.000153 
859.000000  860.000000  0.000152 
860.000000  861.000000  0.000152 
861.000000  862.000000  0.000152 
862.000000  863.000000  0.000151 
863.000000  864.000000  0.000151 
864.000000  865.000000  0.000151 
865.000000  866.000000  0.000150 
866.000000  867.000000  0.000150 
867.000000  868.000000  0.000150 
868.000000  869.000000  0.000150 
869.000000  870.000000  0.000149 
870.000000  871.000000  0.000149 
871.000000  872.000000  0.000149 
872.000000  873.000000  0.000148 
873.000000  874.000000  0.000148 
874.000000  875.000000  0.000148 
875.000000  876.000000  0.000148 
876.000000  877.000000  0.000147 
877.000000  878.000000  0.000147 
878.000000  879.000000  0.000147 
879.000000  880.000000  0.000147 
880.000000  881.000000  0.000146 
881.000000  882.000000  0.000146 
882.000000  883.000000  0.000146 
883.000000  884.000000  0.000145 
884.000000  885.000000  0.000145 
885.000000  886.000000  0.000145 
886.000000  887.000000  0.000145 
887.000000  888.000000  0.000144 
888.000000  889.000000  0.000144 
889.000000  890.000000  0.000144 
890.000000  891.000000  0.000144 
891.000000  892.000000  0.000143 
892.000000  893.000000  0.000143 
893.000000  894.000000  0.000143 
894.000000  895.000000  0.000143 
895.000000  896.000000  0.000143 
896.000000  897.000000  0.000142 
897.000000  898.000000  0.000142 
898.000000  899.000000  0.000142 
899.000000  900.000000  0.000142 
900.000000  901.000000  0.000141 
901.000000  902.000000  0.000141 
902.000000  903.000000  0.000141 
903.000000  904.000000  0.000141 
904.000000  905.000000  0.000140 
905.000000  906.000000  0.000140 
906.000000  907.000000  0.000140 
907.000000  908.000000  0.000140 
908.000000  909.000000  0.000140 
909.000000  910.000000  0.000139 
910.000000  911.000000  0.000139 
911.000000  912.000000  0.000139 
912.000000  913.000000  0.000139 
913.000000  914.000000  0.000138 
914.000000  915.000000  0.000138 
915.000000  916.000000  0.000138 
916.000000  917.000000  0.000138 
917.000000  918.000000  0.000138 
918.000000  919.000000  0.000137 
919.000000  920.000000  0.000137 
920.000000  921.000000  0.000137 
921.000000  922.000000  0.000137 
922.000000  923.000000  0.000137 
923.000000  924.000000  0.000136 
924.000000  925.000000  0.000136 
925.000000  926.000000  0.000136 
926.000000  927.000000  0.000136 
927.000000  928.000000  0.000136 
928.000000  929.000000  0.000135 
929.000000  930.000000  0.000135 
930.000000  931.000000  0.000135 
931.000000  932.000000  0.000135 
932.000000  933.000000  0.000135 
933.000000  934.000000  0.000135 
934.000000  935.000000  0.000134 
935.000000  936.000000  0.000134 
936.000000  937.000000  0.000134 
937.000000  938.000000  0.000134 
938.000000  939.000000  0.000134 
939.000000  940.000000  0.000133 
940.000000  941.000000  0.000133 
941.000000  942.000000  0.000133 
942.000000  943.000000  0.000133 
943.000000  944.000000  0.000133 
