20.000000  21.000000  0.967684 
21.000000  22.000000  0.967473 
22.000000  23.000000  0.967262 
23.000000  24.000000  0.967054 
24.000000  25.000000  0.966854 
25.000000  26.000000  0.966663 
26.000000  27.000000  0.966484 
27.000000  28.000000  0.966320 
28.000000  29.000000  0.966171 
29.000000  30.000000  0.966039 
30.000000  31.000000  0.965925 
31.000000  32.000000  0.965830 
32.000000  33.000000  0.965754 
33.000000  34.000000  0.965698 
34.000000  35.000000  0.965661 
35.000000  36.000000  0.965643 
36.000000  37.000000  0.965644 
37.000000  38.000000  0.965664 
38.000000  39.000000  0.965702 
39.000000  40.000000  0.965758 
40.000000  41.000000  0.965830 
41.000000  42.000000  0.965918 
42.000000  43.000000  0.966022 
43.000000  44.000000  0.966139 
44.000000  45.000000  0.966271 
45.000000  46.000000  0.966415 
46.000000  47.000000  0.966571 
47.000000  48.000000  0.966737 
48.000000  49.000000  0.966914 
49.000000  50.000000  0.967099 
50.000000  51.000000  0.967293 
51.000000  52.000000  0.967493 
52.000000  53.000000  0.967700 
53.000000  54.000000  0.967911 
54.000000  55.000000  0.968127 
55.000000  56.000000  0.968347 
56.000000  57.000000  0.968569 
57.000000  58.000000  0.968793 
58.000000  59.000000  0.969018 
59.000000  60.000000  0.969243 
60.000000  61.000000  0.969468 
61.000000  62.000000  0.969692 
62.000000  63.000000  0.969914 
63.000000  64.000000  0.970134 
64.000000  65.000000  0.970351 
65.000000  66.000000  0.970565 
66.000000  67.000000  0.970775 
67.000000  68.000000  0.970981 
68.000000  69.000000  0.971183 
69.000000  70.000000  0.971380 
70.000000  71.000000  0.971572 
71.000000  72.000000  0.971759 
72.000000  73.000000  0.971941 
73.000000  74.000000  0.972117 
74.000000  75.000000  0.972288 
75.000000  76.000000  0.972452 
76.000000  77.000000  0.972612 
77.000000  78.000000  0.972765 
78.000000  79.000000  0.972913 
79.000000  80.000000  0.973055 
80.000000  81.000000  0.973192 
81.000000  82.000000  0.973322 
82.000000  83.000000  0.973448 
83.000000  84.000000  0.973568 
84.000000  85.000000  0.973683 
85.000000  86.000000  0.973793 
86.000000  87.000000  0.973897 
87.000000  88.000000  0.973997 
88.000000  89.000000  0.974093 
89.000000  90.000000  0.974183 
90.000000  91.000000  0.974270 
91.000000  92.000000  0.974352 
92.000000  93.000000  0.974430 
93.000000  94.000000  0.974504 
94.000000  95.000000  0.974574 
95.000000  96.000000  0.974641 
96.000000  97.000000  0.974705 
97.000000  98.000000  0.974765 
98.000000  99.000000  0.974823 
99.000000  100.000000  0.974877 
100.000000  101.000000  0.974929 
101.000000  102.000000  0.974978 
102.000000  103.000000  0.975024 
103.000000  104.000000  0.975068 
104.000000  105.000000  0.975111 
105.000000  106.000000  0.975151 
106.000000  107.000000  0.975189 
107.000000  108.000000  0.975225 
108.000000  109.000000  0.975260 
109.000000  110.000000  0.975293 
110.000000  111.000000  0.975325 
111.000000  112.000000  0.975355 
112.000000  113.000000  0.975384 
113.000000  114.000000  0.975413 
114.000000  115.000000  0.975440 
115.000000  116.000000  0.975466 
116.000000  117.000000  0.975492 
117.000000  118.000000  0.975517 
118.000000  119.000000  0.975541 
119.000000  120.000000  0.975564 
120.000000  121.000000  0.975588 
121.000000  122.000000  0.975610 
122.000000  123.000000  0.975633 
123.000000  124.000000  0.975655 
124.000000  125.000000  0.975677 
125.000000  126.000000  0.975699 
126.000000  127.000000  0.975721 
127.000000  128.000000  0.975743 
128.000000  129.000000  0.975766 
129.000000  130.000000  0.975788 
130.000000  131.000000  0.975810 
131.000000  132.000000  0.975833 
132.000000  133.000000  0.975856 
133.000000  134.000000  0.975879 
134.000000  135.000000  0.975903 
135.000000  136.000000  0.975927 
136.000000  137.000000  0.975951 
137.000000  138.000000  0.975976 
138.000000  139.000000  0.976001 
139.000000  140.000000  0.976027 
140.000000  141.000000  0.976054 
141.000000  142.000000  0.976081 
142.000000  143.000000  0.976109 
143.000000  144.000000  0.976137 
144.000000  145.000000  0.976166 
145.000000  146.000000  0.976195 
146.000000  147.000000  0.976226 
147.000000  148.000000  0.976257 
148.000000  149.000000  0.976288 
149.000000  150.000000  0.976320 
150.000000  151.000000  0.976354 
151.000000  152.000000  0.976387 
152.000000  153.000000  0.976422 
153.000000  154.000000  0.976457 
154.000000  155.000000  0.976493 
155.000000  156.000000  0.976529 
156.000000  157.000000  0.976567 
157.000000  158.000000  0.976605 
158.000000  159.000000  0.976643 
159.000000  160.000000  0.976683 
160.000000  161.000000  0.976723 
161.000000  162.000000  0.976764 
162.000000  163.000000  0.976805 
163.000000  164.000000  0.976848 
164.000000  165.000000  0.976890 
165.000000  166.000000  0.976934 
166.000000  167.000000  0.976978 
167.000000  168.000000  0.977023 
168.000000  169.000000  0.977068 
169.000000  170.000000  0.977114 
170.000000  171.000000  0.977160 
171.000000  172.000000  0.977207 
172.000000  173.000000  0.977255 
173.000000  174.000000  0.977303 
174.000000  175.000000  0.977352 
175.000000  176.000000  0.977401 
176.000000  177.000000  0.977451 
177.000000  178.000000  0.977501 
178.000000  179.000000  0.977551 
179.000000  180.000000  0.977602 
180.000000  181.000000  0.977654 
181.000000  182.000000  0.977705 
182.000000  183.000000  0.977758 
183.000000  184.000000  0.977810 
184.000000  185.000000  0.977863 
185.000000  186.000000  0.977916 
186.000000  187.000000  0.977970 
187.000000  188.000000  0.978023 
188.000000  189.000000  0.978077 
189.000000  190.000000  0.978132 
190.000000  191.000000  0.978186 
191.000000  192.000000  0.978241 
192.000000  193.000000  0.978296 
193.000000  194.000000  0.978351 
194.000000  195.000000  0.978406 
195.000000  196.000000  0.978462 
196.000000  197.000000  0.978517 
197.000000  198.000000  0.978573 
198.000000  199.000000  0.978629 
199.000000  200.000000  0.978685 
200.000000  201.000000  0.978740 
201.000000  202.000000  0.978797 
202.000000  203.000000  0.978853 
203.000000  204.000000  0.978909 
204.000000  205.000000  0.978965 
205.000000  206.000000  0.979021 
206.000000  207.000000  0.979077 
207.000000  208.000000  0.979133 
208.000000  209.000000  0.979189 
209.000000  210.000000  0.979245 
210.000000  211.000000  0.979301 
211.000000  212.000000  0.979357 
212.000000  213.000000  0.979413 
213.000000  214.000000  0.979469 
214.000000  215.000000  0.979525 
215.000000  216.000000  0.979580 
216.000000  217.000000  0.979636 
217.000000  218.000000  0.979691 
218.000000  219.000000  0.979747 
219.000000  220.000000  0.979802 
220.000000  221.000000  0.979857 
221.000000  222.000000  0.979912 
222.000000  223.000000  0.979966 
223.000000  224.000000  0.980021 
224.000000  225.000000  0.980075 
225.000000  226.000000  0.980130 
226.000000  227.000000  0.980184 
227.000000  228.000000  0.980237 
228.000000  229.000000  0.980291 
229.000000  230.000000  0.980344 
230.000000  231.000000  0.980398 
231.000000  232.000000  0.980451 
232.000000  233.000000  0.980503 
233.000000  234.000000  0.980556 
234.000000  235.000000  0.980608 
235.000000  236.000000  0.980660 
236.000000  237.000000  0.980712 
237.000000  238.000000  0.980764 
238.000000  239.000000  0.980815 
239.000000  240.000000  0.980866 
240.000000  241.000000  0.980917 
241.000000  242.000000  0.980968 
242.000000  243.000000  0.981018 
243.000000  244.000000  0.981068 
244.000000  245.000000  0.981118 
245.000000  246.000000  0.981168 
246.000000  247.000000  0.981217 
247.000000  248.000000  0.981266 
248.000000  249.000000  0.981314 
249.000000  250.000000  0.981363 
250.000000  251.000000  0.981411 
251.000000  252.000000  0.981459 
252.000000  253.000000  0.981506 
253.000000  254.000000  0.981553 
254.000000  255.000000  0.981600 
255.000000  256.000000  0.981647 
256.000000  257.000000  0.981693 
257.000000  258.000000  0.981739 
258.000000  259.000000  0.981785 
259.000000  260.000000  0.981830 
260.000000  261.000000  0.981875 
261.000000  262.000000  0.981920 
262.000000  263.000000  0.981964 
263.000000  264.000000  0.982008 
264.000000  265.000000  0.982052 
265.000000  266.000000  0.982095 
266.000000  267.000000  0.982139 
267.000000  268.000000  0.982181 
268.000000  269.000000  0.982224 
269.000000  270.000000  0.982266 
270.000000  271.000000  0.982307 
271.000000  272.000000  0.982349 
272.000000  273.000000  0.982390 
273.000000  274.000000  0.982430 
274.000000  275.000000  0.982471 
275.000000  276.000000  0.982511 
276.000000  277.000000  0.982550 
277.000000  278.000000  0.982590 
278.000000  279.000000  0.982629 
279.000000  280.000000  0.982667 
280.000000  281.000000  0.982705 
281.000000  282.000000  0.982743 
282.000000  283.000000  0.982781 
283.000000  284.000000  0.982818 
284.000000  285.000000  0.982855 
285.000000  286.000000  0.982891 
286.000000  287.000000  0.982927 
287.000000  288.000000  0.982963 
288.000000  289.000000  0.982998 
289.000000  290.000000  0.983033 
290.000000  291.000000  0.983068 
291.000000  292.000000  0.983102 
292.000000  293.000000  0.983136 
293.000000  294.000000  0.983169 
294.000000  295.000000  0.983202 
295.000000  296.000000  0.983235 
296.000000  297.000000  0.983268 
297.000000  298.000000  0.983300 
298.000000  299.000000  0.983331 
299.000000  300.000000  0.983363 
300.000000  301.000000  0.983394 
301.000000  302.000000  0.983424 
302.000000  303.000000  0.983455 
303.000000  304.000000  0.983484 
304.000000  305.000000  0.983514 
305.000000  306.000000  0.983543 
306.000000  307.000000  0.983572 
307.000000  308.000000  0.983600 
308.000000  309.000000  0.983629 
309.000000  310.000000  0.983656 
310.000000  311.000000  0.983684 
311.000000  312.000000  0.983711 
312.000000  313.000000  0.983738 
313.000000  314.000000  0.983764 
314.000000  315.000000  0.983790 
315.000000  316.000000  0.983816 
316.000000  317.000000  0.983841 
317.000000  318.000000  0.983866 
318.000000  319.000000  0.983891 
319.000000  320.000000  0.983915 
320.000000  321.000000  0.983939 
321.000000  322.000000  0.983963 
322.000000  323.000000  0.983986 
323.000000  324.000000  0.984009 
324.000000  325.000000  0.984032 
325.000000  326.000000  0.984054 
326.000000  327.000000  0.984076 
327.000000  328.000000  0.984098 
328.000000  329.000000  0.984120 
329.000000  330.000000  0.984141 
330.000000  331.000000  0.984162 
331.000000  332.000000  0.984182 
332.000000  333.000000  0.984202 
333.000000  334.000000  0.984222 
334.000000  335.000000  0.984242 
335.000000  336.000000  0.984261 
336.000000  337.000000  0.984280 
337.000000  338.000000  0.984299 
338.000000  339.000000  0.984317 
339.000000  340.000000  0.984335 
340.000000  341.000000  0.984353 
341.000000  342.000000  0.984371 
342.000000  343.000000  0.984388 
343.000000  344.000000  0.984405 
344.000000  345.000000  0.984422 
345.000000  346.000000  0.984439 
346.000000  347.000000  0.984455 
347.000000  348.000000  0.984471 
348.000000  349.000000  0.984487 
349.000000  350.000000  0.984502 
350.000000  351.000000  0.984517 
351.000000  352.000000  0.984532 
352.000000  353.000000  0.984547 
353.000000  354.000000  0.984562 
354.000000  355.000000  0.984576 
355.000000  356.000000  0.984590 
356.000000  357.000000  0.984604 
357.000000  358.000000  0.984617 
358.000000  359.000000  0.984630 
359.000000  360.000000  0.984643 
360.000000  361.000000  0.984656 
361.000000  362.000000  0.984669 
362.000000  363.000000  0.984681 
363.000000  364.000000  0.984694 
364.000000  365.000000  0.984706 
365.000000  366.000000  0.984717 
366.000000  367.000000  0.984729 
367.000000  368.000000  0.984740 
368.000000  369.000000  0.984752 
369.000000  370.000000  0.984763 
370.000000  371.000000  0.984773 
371.000000  372.000000  0.984784 
372.000000  373.000000  0.984794 
373.000000  374.000000  0.984805 
374.000000  375.000000  0.984815 
375.000000  376.000000  0.984824 
376.000000  377.000000  0.984834 
377.000000  378.000000  0.984844 
378.000000  379.000000  0.984853 
379.000000  380.000000  0.984862 
380.000000  381.000000  0.984871 
381.000000  382.000000  0.984880 
382.000000  383.000000  0.984889 
383.000000  384.000000  0.984897 
384.000000  385.000000  0.984905 
385.000000  386.000000  0.984914 
386.000000  387.000000  0.984922 
387.000000  388.000000  0.984930 
388.000000  389.000000  0.984937 
389.000000  390.000000  0.984945 
390.000000  391.000000  0.984952 
391.000000  392.000000  0.984960 
392.000000  393.000000  0.984967 
393.000000  394.000000  0.984974 
394.000000  395.000000  0.984981 
395.000000  396.000000  0.984987 
396.000000  397.000000  0.984994 
397.000000  398.000000  0.985000 
398.000000  399.000000  0.985007 
399.000000  400.000000  0.985013 
400.000000  401.000000  0.985019 
401.000000  402.000000  0.985025 
402.000000  403.000000  0.985031 
403.000000  404.000000  0.985037 
404.000000  405.000000  0.985042 
405.000000  406.000000  0.985048 
406.000000  407.000000  0.985053 
407.000000  408.000000  0.985059 
408.000000  409.000000  0.985064 
409.000000  410.000000  0.985069 
410.000000  411.000000  0.985074 
411.000000  412.000000  0.985079 
412.000000  413.000000  0.985084 
413.000000  414.000000  0.985088 
414.000000  415.000000  0.985093 
415.000000  416.000000  0.985097 
416.000000  417.000000  0.985102 
417.000000  418.000000  0.985106 
418.000000  419.000000  0.985110 
419.000000  420.000000  0.985114 
420.000000  421.000000  0.985118 
421.000000  422.000000  0.985122 
422.000000  423.000000  0.985126 
423.000000  424.000000  0.985130 
424.000000  425.000000  0.985133 
425.000000  426.000000  0.985137 
426.000000  427.000000  0.985141 
427.000000  428.000000  0.985144 
428.000000  429.000000  0.985147 
429.000000  430.000000  0.985151 
430.000000  431.000000  0.985154 
431.000000  432.000000  0.985157 
432.000000  433.000000  0.985160 
433.000000  434.000000  0.985163 
434.000000  435.000000  0.985166 
435.000000  436.000000  0.985169 
436.000000  437.000000  0.985172 
437.000000  438.000000  0.985174 
438.000000  439.000000  0.985177 
439.000000  440.000000  0.985180 
440.000000  441.000000  0.985182 
441.000000  442.000000  0.985185 
442.000000  443.000000  0.985187 
443.000000  444.000000  0.985189 
444.000000  445.000000  0.985192 
445.000000  446.000000  0.985194 
446.000000  447.000000  0.985196 
447.000000  448.000000  0.985198 
448.000000  449.000000  0.985200 
449.000000  450.000000  0.985202 
450.000000  451.000000  0.985204 
451.000000  452.000000  0.985206 
452.000000  453.000000  0.985208 
453.000000  454.000000  0.985210 
454.000000  455.000000  0.985212 
455.000000  456.000000  0.985213 
456.000000  457.000000  0.985215 
457.000000  458.000000  0.985217 
458.000000  459.000000  0.985218 
459.000000  460.000000  0.985220 
460.000000  461.000000  0.985221 
461.000000  462.000000  0.985223 
462.000000  463.000000  0.985224 
463.000000  464.000000  0.985225 
464.000000  465.000000  0.985227 
465.000000  466.000000  0.985228 
466.000000  467.000000  0.985229 
467.000000  468.000000  0.985231 
468.000000  469.000000  0.985232 
469.000000  470.000000  0.985233 
470.000000  471.000000  0.985234 
471.000000  472.000000  0.985235 
472.000000  473.000000  0.985236 
473.000000  474.000000  0.985237 
474.000000  475.000000  0.985238 
475.000000  476.000000  0.985239 
476.000000  477.000000  0.985240 
477.000000  478.000000  0.985241 
478.000000  479.000000  0.985241 
479.000000  480.000000  0.985242 
480.000000  481.000000  0.985243 
481.000000  482.000000  0.985244 
482.000000  483.000000  0.985244 
483.000000  484.000000  0.985245 
484.000000  485.000000  0.985246 
485.000000  486.000000  0.985246 
486.000000  487.000000  0.985247 
487.000000  488.000000  0.985247 
488.000000  489.000000  0.985248 
489.000000  490.000000  0.985248 
490.000000  491.000000  0.985249 
491.000000  492.000000  0.985249 
492.000000  493.000000  0.985250 
493.000000  494.000000  0.985250 
494.000000  495.000000  0.985251 
495.000000  496.000000  0.985251 
496.000000  497.000000  0.985251 
497.000000  498.000000  0.985252 
498.000000  499.000000  0.985252 
499.000000  500.000000  0.985252 
500.000000  501.000000  0.985252 
501.000000  502.000000  0.985253 
502.000000  503.000000  0.985253 
503.000000  504.000000  0.985253 
504.000000  505.000000  0.985253 
505.000000  506.000000  0.985253 
506.000000  507.000000  0.985253 
507.000000  508.000000  0.985253 
508.000000  509.000000  0.985254 
509.000000  510.000000  0.985254 
510.000000  511.000000  0.985254 
511.000000  512.000000  0.985254 
512.000000  513.000000  0.985254 
