17.000000  18.000000  0.974422 
18.000000  19.000000  0.973404 
19.000000  20.000000  0.972410 
20.000000  21.000000  0.971449 
21.000000  22.000000  0.970527 
22.000000  23.000000  0.969649 
23.000000  24.000000  0.968818 
24.000000  25.000000  0.968035 
25.000000  26.000000  0.967297 
26.000000  27.000000  0.966619 
27.000000  28.000000  0.966002 
28.000000  29.000000  0.965457 
29.000000  30.000000  0.964985 
30.000000  31.000000  0.964601 
31.000000  32.000000  0.964294 
32.000000  33.000000  0.964028 
33.000000  34.000000  0.963799 
34.000000  35.000000  0.963604 
35.000000  36.000000  0.963423 
36.000000  37.000000  0.963247 
37.000000  38.000000  0.963082 
38.000000  39.000000  0.962950 
39.000000  40.000000  0.962834 
40.000000  41.000000  0.962735 
41.000000  42.000000  0.962649 
42.000000  43.000000  0.962576 
43.000000  44.000000  0.962515 
44.000000  45.000000  0.962464 
45.000000  46.000000  0.962426 
46.000000  47.000000  0.962399 
47.000000  48.000000  0.962379 
48.000000  49.000000  0.962366 
49.000000  50.000000  0.962359 
50.000000  51.000000  0.962358 
51.000000  52.000000  0.962362 
52.000000  53.000000  0.962371 
53.000000  54.000000  0.962385 
54.000000  55.000000  0.962403 
55.000000  56.000000  0.962425 
56.000000  57.000000  0.962451 
57.000000  58.000000  0.962481 
58.000000  59.000000  0.962515 
59.000000  60.000000  0.962553 
60.000000  61.000000  0.962594 
61.000000  62.000000  0.962637 
62.000000  63.000000  0.962683 
63.000000  64.000000  0.962734 
64.000000  65.000000  0.962788 
65.000000  66.000000  0.962846 
66.000000  67.000000  0.962907 
67.000000  68.000000  0.962971 
68.000000  69.000000  0.963039 
69.000000  70.000000  0.963109 
70.000000  71.000000  0.963182 
71.000000  72.000000  0.963257 
72.000000  73.000000  0.963335 
73.000000  74.000000  0.963415 
74.000000  75.000000  0.963497 
75.000000  76.000000  0.963581 
76.000000  77.000000  0.963667 
77.000000  78.000000  0.963755 
78.000000  79.000000  0.963845 
79.000000  80.000000  0.963935 
80.000000  81.000000  0.964028 
81.000000  82.000000  0.964121 
82.000000  83.000000  0.964216 
83.000000  84.000000  0.964312 
84.000000  85.000000  0.964409 
85.000000  86.000000  0.964507 
86.000000  87.000000  0.964605 
87.000000  88.000000  0.964704 
88.000000  89.000000  0.964803 
89.000000  90.000000  0.964902 
90.000000  91.000000  0.965001 
91.000000  92.000000  0.965101 
92.000000  93.000000  0.965200 
93.000000  94.000000  0.965300 
94.000000  95.000000  0.965399 
95.000000  96.000000  0.965498 
96.000000  97.000000  0.965597 
97.000000  98.000000  0.965696 
98.000000  99.000000  0.965794 
99.000000  100.000000  0.965892 
100.000000  101.000000  0.965990 
101.000000  102.000000  0.966087 
102.000000  103.000000  0.966184 
103.000000  104.000000  0.966280 
104.000000  105.000000  0.966376 
105.000000  106.000000  0.966471 
106.000000  107.000000  0.966566 
107.000000  108.000000  0.966660 
108.000000  109.000000  0.966754 
109.000000  110.000000  0.966847 
110.000000  111.000000  0.966940 
111.000000  112.000000  0.967031 
112.000000  113.000000  0.967123 
113.000000  114.000000  0.967213 
114.000000  115.000000  0.967303 
115.000000  116.000000  0.967393 
116.000000  117.000000  0.967481 
117.000000  118.000000  0.967569 
118.000000  119.000000  0.967656 
119.000000  120.000000  0.967743 
120.000000  121.000000  0.967828 
121.000000  122.000000  0.967913 
122.000000  123.000000  0.967997 
123.000000  124.000000  0.968081 
124.000000  125.000000  0.968163 
125.000000  126.000000  0.968245 
126.000000  127.000000  0.968326 
127.000000  128.000000  0.968406 
128.000000  129.000000  0.968485 
129.000000  130.000000  0.968563 
130.000000  131.000000  0.968640 
131.000000  132.000000  0.968716 
132.000000  133.000000  0.968791 
133.000000  134.000000  0.968865 
134.000000  135.000000  0.968938 
135.000000  136.000000  0.969010 
136.000000  137.000000  0.969081 
137.000000  138.000000  0.969151 
138.000000  139.000000  0.969220 
139.000000  140.000000  0.969287 
140.000000  141.000000  0.969353 
141.000000  142.000000  0.969418 
142.000000  143.000000  0.969482 
143.000000  144.000000  0.969545 
144.000000  145.000000  0.969606 
145.000000  146.000000  0.969666 
146.000000  147.000000  0.969725 
147.000000  148.000000  0.969783 
148.000000  149.000000  0.969839 
149.000000  150.000000  0.969894 
150.000000  151.000000  0.969948 
151.000000  152.000000  0.970000 
152.000000  153.000000  0.970051 
153.000000  154.000000  0.970100 
154.000000  155.000000  0.970149 
155.000000  156.000000  0.970196 
156.000000  157.000000  0.970242 
157.000000  158.000000  0.970286 
158.000000  159.000000  0.970329 
159.000000  160.000000  0.970371 
160.000000  161.000000  0.970411 
161.000000  162.000000  0.970450 
162.000000  163.000000  0.970488 
163.000000  164.000000  0.970525 
164.000000  165.000000  0.970561 
165.000000  166.000000  0.970595 
166.000000  167.000000  0.970628 
167.000000  168.000000  0.970660 
168.000000  169.000000  0.970690 
169.000000  170.000000  0.970720 
170.000000  171.000000  0.970748 
171.000000  172.000000  0.970775 
172.000000  173.000000  0.970801 
173.000000  174.000000  0.970827 
174.000000  175.000000  0.970851 
175.000000  176.000000  0.970874 
176.000000  177.000000  0.970896 
177.000000  178.000000  0.970917 
178.000000  179.000000  0.970937 
179.000000  180.000000  0.970956 
180.000000  181.000000  0.970975 
181.000000  182.000000  0.970992 
182.000000  183.000000  0.971009 
183.000000  184.000000  0.971025 
184.000000  185.000000  0.971040 
185.000000  186.000000  0.971055 
186.000000  187.000000  0.971069 
187.000000  188.000000  0.971082 
188.000000  189.000000  0.971094 
189.000000  190.000000  0.971106 
190.000000  191.000000  0.971118 
191.000000  192.000000  0.971128 
192.000000  193.000000  0.971139 
193.000000  194.000000  0.971149 
194.000000  195.000000  0.971158 
195.000000  196.000000  0.971167 
196.000000  197.000000  0.971176 
197.000000  198.000000  0.971184 
198.000000  199.000000  0.971192 
199.000000  200.000000  0.971200 
200.000000  201.000000  0.971207 
201.000000  202.000000  0.971215 
202.000000  203.000000  0.971222 
203.000000  204.000000  0.971228 
204.000000  205.000000  0.971235 
205.000000  206.000000  0.971242 
206.000000  207.000000  0.971248 
207.000000  208.000000  0.971254 
208.000000  209.000000  0.971261 
209.000000  210.000000  0.971267 
210.000000  211.000000  0.971273 
211.000000  212.000000  0.971280 
212.000000  213.000000  0.971286 
213.000000  214.000000  0.971293 
214.000000  215.000000  0.971299 
215.000000  216.000000  0.971306 
216.000000  217.000000  0.971313 
217.000000  218.000000  0.971320 
218.000000  219.000000  0.971327 
219.000000  220.000000  0.971335 
220.000000  221.000000  0.971342 
221.000000  222.000000  0.971350 
222.000000  223.000000  0.971358 
223.000000  224.000000  0.971366 
224.000000  225.000000  0.971375 
225.000000  226.000000  0.971384 
226.000000  227.000000  0.971393 
227.000000  228.000000  0.971403 
228.000000  229.000000  0.971413 
229.000000  230.000000  0.971423 
230.000000  231.000000  0.971434 
231.000000  232.000000  0.971445 
232.000000  233.000000  0.971456 
233.000000  234.000000  0.971468 
234.000000  235.000000  0.971480 
235.000000  236.000000  0.971492 
236.000000  237.000000  0.971505 
237.000000  238.000000  0.971519 
238.000000  239.000000  0.971533 
239.000000  240.000000  0.971547 
240.000000  241.000000  0.971562 
241.000000  242.000000  0.971577 
242.000000  243.000000  0.971593 
243.000000  244.000000  0.971609 
244.000000  245.000000  0.971625 
245.000000  246.000000  0.971643 
246.000000  247.000000  0.971660 
247.000000  248.000000  0.971678 
248.000000  249.000000  0.971697 
249.000000  250.000000  0.971716 
250.000000  251.000000  0.971735 
251.000000  252.000000  0.971755 
252.000000  253.000000  0.971775 
253.000000  254.000000  0.971796 
254.000000  255.000000  0.971818 
255.000000  256.000000  0.971840 
256.000000  257.000000  0.971862 
257.000000  258.000000  0.971885 
258.000000  259.000000  0.971908 
259.000000  260.000000  0.971932 
260.000000  261.000000  0.971956 
261.000000  262.000000  0.971981 
262.000000  263.000000  0.972006 
263.000000  264.000000  0.972032 
264.000000  265.000000  0.972058 
265.000000  266.000000  0.972085 
266.000000  267.000000  0.972112 
267.000000  268.000000  0.972140 
268.000000  269.000000  0.972168 
269.000000  270.000000  0.972196 
270.000000  271.000000  0.972225 
271.000000  272.000000  0.972254 
272.000000  273.000000  0.972284 
273.000000  274.000000  0.972314 
274.000000  275.000000  0.972345 
275.000000  276.000000  0.972376 
276.000000  277.000000  0.972407 
277.000000  278.000000  0.972439 
278.000000  279.000000  0.972471 
279.000000  280.000000  0.972504 
280.000000  281.000000  0.972537 
281.000000  282.000000  0.972571 
282.000000  283.000000  0.972604 
283.000000  284.000000  0.972638 
284.000000  285.000000  0.972673 
285.000000  286.000000  0.972708 
286.000000  287.000000  0.972743 
287.000000  288.000000  0.972779 
288.000000  289.000000  0.972814 
289.000000  290.000000  0.972851 
290.000000  291.000000  0.972887 
291.000000  292.000000  0.972924 
292.000000  293.000000  0.972961 
293.000000  294.000000  0.972999 
294.000000  295.000000  0.973036 
295.000000  296.000000  0.973074 
296.000000  297.000000  0.973113 
297.000000  298.000000  0.973151 
298.000000  299.000000  0.973190 
299.000000  300.000000  0.973229 
300.000000  301.000000  0.973268 
301.000000  302.000000  0.973308 
302.000000  303.000000  0.973348 
303.000000  304.000000  0.973388 
304.000000  305.000000  0.973428 
305.000000  306.000000  0.973469 
306.000000  307.000000  0.973509 
307.000000  308.000000  0.973550 
308.000000  309.000000  0.973591 
309.000000  310.000000  0.973632 
310.000000  311.000000  0.973674 
311.000000  312.000000  0.973715 
312.000000  313.000000  0.973757 
313.000000  314.000000  0.973799 
314.000000  315.000000  0.973841 
315.000000  316.000000  0.973883 
316.000000  317.000000  0.973925 
317.000000  318.000000  0.973968 
318.000000  319.000000  0.974010 
319.000000  320.000000  0.974053 
320.000000  321.000000  0.974096 
321.000000  322.000000  0.974139 
322.000000  323.000000  0.974182 
323.000000  324.000000  0.974225 
324.000000  325.000000  0.974268 
325.000000  326.000000  0.974311 
326.000000  327.000000  0.974355 
327.000000  328.000000  0.974398 
328.000000  329.000000  0.974441 
329.000000  330.000000  0.974485 
330.000000  331.000000  0.974528 
331.000000  332.000000  0.974572 
332.000000  333.000000  0.974615 
333.000000  334.000000  0.974659 
334.000000  335.000000  0.974703 
335.000000  336.000000  0.974746 
336.000000  337.000000  0.974790 
337.000000  338.000000  0.974834 
338.000000  339.000000  0.974877 
339.000000  340.000000  0.974921 
340.000000  341.000000  0.974964 
341.000000  342.000000  0.975008 
342.000000  343.000000  0.975052 
343.000000  344.000000  0.975095 
344.000000  345.000000  0.975139 
345.000000  346.000000  0.975182 
346.000000  347.000000  0.975226 
347.000000  348.000000  0.975269 
348.000000  349.000000  0.975312 
349.000000  350.000000  0.975356 
350.000000  351.000000  0.975399 
351.000000  352.000000  0.975442 
352.000000  353.000000  0.975485 
353.000000  354.000000  0.975528 
354.000000  355.000000  0.975571 
355.000000  356.000000  0.975614 
356.000000  357.000000  0.975657 
357.000000  358.000000  0.975699 
358.000000  359.000000  0.975742 
359.000000  360.000000  0.975784 
360.000000  361.000000  0.975827 
361.000000  362.000000  0.975869 
362.000000  363.000000  0.975911 
363.000000  364.000000  0.975953 
364.000000  365.000000  0.975995 
365.000000  366.000000  0.976037 
366.000000  367.000000  0.976078 
367.000000  368.000000  0.976120 
368.000000  369.000000  0.976161 
369.000000  370.000000  0.976203 
370.000000  371.000000  0.976244 
371.000000  372.000000  0.976285 
372.000000  373.000000  0.976325 
373.000000  374.000000  0.976366 
374.000000  375.000000  0.976407 
375.000000  376.000000  0.976447 
376.000000  377.000000  0.976487 
377.000000  378.000000  0.976527 
378.000000  379.000000  0.976567 
379.000000  380.000000  0.976607 
380.000000  381.000000  0.976646 
381.000000  382.000000  0.976686 
382.000000  383.000000  0.976725 
383.000000  384.000000  0.976764 
384.000000  385.000000  0.976803 
385.000000  386.000000  0.976841 
386.000000  387.000000  0.976880 
387.000000  388.000000  0.976918 
388.000000  389.000000  0.976956 
389.000000  390.000000  0.976994 
390.000000  391.000000  0.977031 
391.000000  392.000000  0.977069 
392.000000  393.000000  0.977106 
393.000000  394.000000  0.977143 
394.000000  395.000000  0.977180 
395.000000  396.000000  0.977217 
396.000000  397.000000  0.977253 
397.000000  398.000000  0.977289 
398.000000  399.000000  0.977325 
399.000000  400.000000  0.977361 
400.000000  401.000000  0.977397 
401.000000  402.000000  0.977432 
402.000000  403.000000  0.977467 
403.000000  404.000000  0.977502 
404.000000  405.000000  0.977537 
405.000000  406.000000  0.977571 
406.000000  407.000000  0.977606 
407.000000  408.000000  0.977640 
408.000000  409.000000  0.977674 
409.000000  410.000000  0.977707 
410.000000  411.000000  0.977741 
411.000000  412.000000  0.977774 
412.000000  413.000000  0.977807 
413.000000  414.000000  0.977839 
414.000000  415.000000  0.977872 
415.000000  416.000000  0.977904 
416.000000  417.000000  0.977936 
417.000000  418.000000  0.977968 
418.000000  419.000000  0.977999 
419.000000  420.000000  0.978030 
420.000000  421.000000  0.978061 
421.000000  422.000000  0.978092 
422.000000  423.000000  0.978123 
423.000000  424.000000  0.978153 
424.000000  425.000000  0.978183 
425.000000  426.000000  0.978213 
426.000000  427.000000  0.978242 
427.000000  428.000000  0.978272 
428.000000  429.000000  0.978301 
429.000000  430.000000  0.978329 
430.000000  431.000000  0.978358 
431.000000  432.000000  0.978386 
432.000000  433.000000  0.978414 
433.000000  434.000000  0.978442 
434.000000  435.000000  0.978470 
435.000000  436.000000  0.978497 
436.000000  437.000000  0.978524 
437.000000  438.000000  0.978551 
438.000000  439.000000  0.978577 
439.000000  440.000000  0.978604 
440.000000  441.000000  0.978630 
441.000000  442.000000  0.978655 
442.000000  443.000000  0.978681 
443.000000  444.000000  0.978706 
444.000000  445.000000  0.978731 
445.000000  446.000000  0.978756 
446.000000  447.000000  0.978781 
447.000000  448.000000  0.978805 
448.000000  449.000000  0.978829 
449.000000  450.000000  0.978853 
450.000000  451.000000  0.978876 
451.000000  452.000000  0.978900 
452.000000  453.000000  0.978923 
453.000000  454.000000  0.978945 
454.000000  455.000000  0.978968 
455.000000  456.000000  0.978990 
456.000000  457.000000  0.979012 
457.000000  458.000000  0.979034 
458.000000  459.000000  0.979055 
459.000000  460.000000  0.979076 
460.000000  461.000000  0.979097 
461.000000  462.000000  0.979118 
462.000000  463.000000  0.979139 
463.000000  464.000000  0.979159 
464.000000  465.000000  0.979179 
465.000000  466.000000  0.979199 
466.000000  467.000000  0.979218 
467.000000  468.000000  0.979237 
468.000000  469.000000  0.979256 
469.000000  470.000000  0.979275 
470.000000  471.000000  0.979293 
471.000000  472.000000  0.979312 
472.000000  473.000000  0.979329 
473.000000  474.000000  0.979347 
474.000000  475.000000  0.979365 
475.000000  476.000000  0.979382 
476.000000  477.000000  0.979399 
477.000000  478.000000  0.979415 
478.000000  479.000000  0.979432 
479.000000  480.000000  0.979448 
480.000000  481.000000  0.979464 
481.000000  482.000000  0.979480 
482.000000  483.000000  0.979495 
483.000000  484.000000  0.979511 
484.000000  485.000000  0.979526 
485.000000  486.000000  0.979540 
486.000000  487.000000  0.979555 
487.000000  488.000000  0.979569 
488.000000  489.000000  0.979583 
489.000000  490.000000  0.979597 
490.000000  491.000000  0.979610 
491.000000  492.000000  0.979624 
492.000000  493.000000  0.979637 
493.000000  494.000000  0.979649 
494.000000  495.000000  0.979662 
495.000000  496.000000  0.979674 
496.000000  497.000000  0.979686 
497.000000  498.000000  0.979698 
498.000000  499.000000  0.979710 
499.000000  500.000000  0.979721 
500.000000  501.000000  0.979732 
501.000000  502.000000  0.979743 
502.000000  503.000000  0.979754 
503.000000  504.000000  0.979764 
504.000000  505.000000  0.979775 
505.000000  506.000000  0.979785 
506.000000  507.000000  0.979794 
507.000000  508.000000  0.979804 
508.000000  509.000000  0.979813 
509.000000  510.000000  0.979822 
510.000000  511.000000  0.979831 
511.000000  512.000000  0.979840 
512.000000  513.000000  0.979848 
513.000000  514.000000  0.979856 
514.000000  515.000000  0.979864 
515.000000  516.000000  0.979872 
516.000000  517.000000  0.979879 
517.000000  518.000000  0.979887 
518.000000  519.000000  0.979894 
519.000000  520.000000  0.979901 
520.000000  521.000000  0.979907 
521.000000  522.000000  0.979914 
522.000000  523.000000  0.979920 
523.000000  524.000000  0.979926 
524.000000  525.000000  0.979932 
525.000000  526.000000  0.979937 
526.000000  527.000000  0.979942 
527.000000  528.000000  0.979948 
528.000000  529.000000  0.979952 
529.000000  530.000000  0.979957 
530.000000  531.000000  0.979962 
531.000000  532.000000  0.979966 
532.000000  533.000000  0.979970 
533.000000  534.000000  0.979974 
534.000000  535.000000  0.979977 
535.000000  536.000000  0.979981 
536.000000  537.000000  0.979984 
537.000000  538.000000  0.979987 
538.000000  539.000000  0.979990 
539.000000  540.000000  0.979993 
540.000000  541.000000  0.979995 
541.000000  542.000000  0.979997 
542.000000  543.000000  0.979999 
543.000000  544.000000  0.980001 
544.000000  545.000000  0.980003 
545.000000  546.000000  0.980004 
546.000000  547.000000  0.980005 
547.000000  548.000000  0.980006 
548.000000  549.000000  0.980007 
549.000000  550.000000  0.980008 
550.000000  551.000000  0.980008 
551.000000  552.000000  0.980009 
552.000000  553.000000  0.980009 
553.000000  554.000000  0.980009 
554.000000  555.000000  0.980008 
555.000000  556.000000  0.980008 
556.000000  557.000000  0.980007 
557.000000  558.000000  0.980006 
558.000000  559.000000  0.980005 
559.000000  560.000000  0.980004 
560.000000  561.000000  0.980003 
561.000000  562.000000  0.980001 
562.000000  563.000000  0.979999 
563.000000  564.000000  0.979998 
564.000000  565.000000  0.979995 
565.000000  566.000000  0.979993 
566.000000  567.000000  0.979991 
567.000000  568.000000  0.979988 
568.000000  569.000000  0.979985 
569.000000  570.000000  0.979982 
570.000000  571.000000  0.979979 
571.000000  572.000000  0.979976 
572.000000  573.000000  0.979972 
573.000000  574.000000  0.979969 
574.000000  575.000000  0.979965 
575.000000  576.000000  0.979961 
576.000000  577.000000  0.979957 
577.000000  578.000000  0.979952 
578.000000  579.000000  0.979948 
579.000000  580.000000  0.979943 
580.000000  581.000000  0.979938 
581.000000  582.000000  0.979933 
582.000000  583.000000  0.979928 
583.000000  584.000000  0.979923 
584.000000  585.000000  0.979918 
585.000000  586.000000  0.979912 
586.000000  587.000000  0.979906 
587.000000  588.000000  0.979900 
588.000000  589.000000  0.979894 
589.000000  590.000000  0.979888 
590.000000  591.000000  0.979882 
591.000000  592.000000  0.979875 
592.000000  593.000000  0.979868 
593.000000  594.000000  0.979861 
594.000000  595.000000  0.979855 
595.000000  596.000000  0.979847 
596.000000  597.000000  0.979840 
597.000000  598.000000  0.979833 
598.000000  599.000000  0.979825 
599.000000  600.000000  0.979817 
600.000000  601.000000  0.979810 
601.000000  602.000000  0.979802 
602.000000  603.000000  0.979793 
603.000000  604.000000  0.979785 
604.000000  605.000000  0.979777 
605.000000  606.000000  0.979768 
606.000000  607.000000  0.979759 
607.000000  608.000000  0.979751 
608.000000  609.000000  0.979742 
609.000000  610.000000  0.979733 
610.000000  611.000000  0.979723 
611.000000  612.000000  0.979714 
612.000000  613.000000  0.979704 
613.000000  614.000000  0.979695 
614.000000  615.000000  0.979685 
615.000000  616.000000  0.979675 
616.000000  617.000000  0.979665 
617.000000  618.000000  0.979655 
618.000000  619.000000  0.979645 
619.000000  620.000000  0.979634 
620.000000  621.000000  0.979624 
621.000000  622.000000  0.979613 
622.000000  623.000000  0.979602 
623.000000  624.000000  0.979591 
624.000000  625.000000  0.979580 
625.000000  626.000000  0.979569 
626.000000  627.000000  0.979558 
627.000000  628.000000  0.979547 
628.000000  629.000000  0.979535 
629.000000  630.000000  0.979524 
630.000000  631.000000  0.979512 
631.000000  632.000000  0.979500 
632.000000  633.000000  0.979488 
633.000000  634.000000  0.979476 
634.000000  635.000000  0.979464 
635.000000  636.000000  0.979451 
636.000000  637.000000  0.979439 
637.000000  638.000000  0.979426 
638.000000  639.000000  0.979414 
639.000000  640.000000  0.979401 
640.000000  641.000000  0.979388 
641.000000  642.000000  0.979375 
642.000000  643.000000  0.979362 
643.000000  644.000000  0.979349 
644.000000  645.000000  0.979336 
645.000000  646.000000  0.979322 
646.000000  647.000000  0.979309 
647.000000  648.000000  0.979295 
648.000000  649.000000  0.979282 
649.000000  650.000000  0.979268 
650.000000  651.000000  0.979254 
651.000000  652.000000  0.979240 
652.000000  653.000000  0.979226 
653.000000  654.000000  0.979212 
654.000000  655.000000  0.979197 
655.000000  656.000000  0.979183 
656.000000  657.000000  0.979168 
657.000000  658.000000  0.979154 
658.000000  659.000000  0.979139 
659.000000  660.000000  0.979124 
660.000000  661.000000  0.979110 
661.000000  662.000000  0.979095 
662.000000  663.000000  0.979080 
663.000000  664.000000  0.979064 
664.000000  665.000000  0.979049 
665.000000  666.000000  0.979034 
666.000000  667.000000  0.979019 
667.000000  668.000000  0.979003 
668.000000  669.000000  0.978987 
669.000000  670.000000  0.978972 
670.000000  671.000000  0.978956 
671.000000  672.000000  0.978940 
672.000000  673.000000  0.978924 
673.000000  674.000000  0.978908 
674.000000  675.000000  0.978892 
675.000000  676.000000  0.978876 
676.000000  677.000000  0.978860 
677.000000  678.000000  0.978844 
678.000000  679.000000  0.978827 
679.000000  680.000000  0.978811 
680.000000  681.000000  0.978794 
681.000000  682.000000  0.978778 
682.000000  683.000000  0.978761 
683.000000  684.000000  0.978744 
684.000000  685.000000  0.978727 
685.000000  686.000000  0.978710 
686.000000  687.000000  0.978693 
687.000000  688.000000  0.978676 
688.000000  689.000000  0.978659 
689.000000  690.000000  0.978642 
690.000000  691.000000  0.978625 
691.000000  692.000000  0.978607 
692.000000  693.000000  0.978590 
693.000000  694.000000  0.978572 
694.000000  695.000000  0.978555 
695.000000  696.000000  0.978537 
696.000000  697.000000  0.978519 
697.000000  698.000000  0.978502 
698.000000  699.000000  0.978484 
699.000000  700.000000  0.978466 
700.000000  701.000000  0.978448 
701.000000  702.000000  0.978430 
702.000000  703.000000  0.978412 
703.000000  704.000000  0.978394 
704.000000  705.000000  0.978376 
705.000000  706.000000  0.978357 
706.000000  707.000000  0.978339 
707.000000  708.000000  0.978321 
708.000000  709.000000  0.978302 
709.000000  710.000000  0.978284 
710.000000  711.000000  0.978265 
711.000000  712.000000  0.978247 
712.000000  713.000000  0.978228 
713.000000  714.000000  0.978209 
714.000000  715.000000  0.978191 
715.000000  716.000000  0.978172 
716.000000  717.000000  0.978153 
717.000000  718.000000  0.978134 
718.000000  719.000000  0.978115 
719.000000  720.000000  0.978096 
720.000000  721.000000  0.978077 
721.000000  722.000000  0.978058 
722.000000  723.000000  0.978039 
723.000000  724.000000  0.978019 
724.000000  725.000000  0.978000 
725.000000  726.000000  0.977981 
726.000000  727.000000  0.977961 
727.000000  728.000000  0.977942 
728.000000  729.000000  0.977923 
729.000000  730.000000  0.977903 
730.000000  731.000000  0.977884 
731.000000  732.000000  0.977864 
732.000000  733.000000  0.977844 
733.000000  734.000000  0.977825 
734.000000  735.000000  0.977805 
735.000000  736.000000  0.977785 
736.000000  737.000000  0.977765 
737.000000  738.000000  0.977746 
738.000000  739.000000  0.977726 
739.000000  740.000000  0.977706 
740.000000  741.000000  0.977686 
741.000000  742.000000  0.977666 
742.000000  743.000000  0.977646 
743.000000  744.000000  0.977626 
744.000000  745.000000  0.977606 
745.000000  746.000000  0.977586 
746.000000  747.000000  0.977566 
747.000000  748.000000  0.977546 
748.000000  749.000000  0.977525 
749.000000  750.000000  0.977505 
750.000000  751.000000  0.977485 
751.000000  752.000000  0.977465 
752.000000  753.000000  0.977444 
753.000000  754.000000  0.977424 
754.000000  755.000000  0.977404 
755.000000  756.000000  0.977383 
756.000000  757.000000  0.977363 
757.000000  758.000000  0.977342 
758.000000  759.000000  0.977322 
759.000000  760.000000  0.977301 
760.000000  761.000000  0.977281 
761.000000  762.000000  0.977260 
762.000000  763.000000  0.977240 
763.000000  764.000000  0.977219 
764.000000  765.000000  0.977198 
765.000000  766.000000  0.977178 
766.000000  767.000000  0.977157 
767.000000  768.000000  0.977136 
768.000000  769.000000  0.977116 
769.000000  770.000000  0.977095 
770.000000  771.000000  0.977074 
771.000000  772.000000  0.977054 
772.000000  773.000000  0.977033 
773.000000  774.000000  0.977012 
774.000000  775.000000  0.976991 
775.000000  776.000000  0.976970 
776.000000  777.000000  0.976950 
777.000000  778.000000  0.976929 
778.000000  779.000000  0.976908 
779.000000  780.000000  0.976887 
780.000000  781.000000  0.976866 
781.000000  782.000000  0.976845 
782.000000  783.000000  0.976824 
783.000000  784.000000  0.976803 
784.000000  785.000000  0.976783 
785.000000  786.000000  0.976762 
786.000000  787.000000  0.976741 
787.000000  788.000000  0.976720 
788.000000  789.000000  0.976699 
789.000000  790.000000  0.976678 
790.000000  791.000000  0.976657 
791.000000  792.000000  0.976636 
792.000000  793.000000  0.976615 
793.000000  794.000000  0.976594 
794.000000  795.000000  0.976573 
795.000000  796.000000  0.976552 
796.000000  797.000000  0.976531 
797.000000  798.000000  0.976510 
798.000000  799.000000  0.976489 
799.000000  800.000000  0.976468 
800.000000  801.000000  0.976447 
801.000000  802.000000  0.976426 
802.000000  803.000000  0.976405 
803.000000  804.000000  0.976384 
804.000000  805.000000  0.976363 
805.000000  806.000000  0.976342 
806.000000  807.000000  0.976321 
807.000000  808.000000  0.976300 
808.000000  809.000000  0.976279 
809.000000  810.000000  0.976258 
810.000000  811.000000  0.976237 
811.000000  812.000000  0.976216 
812.000000  813.000000  0.976195 
813.000000  814.000000  0.976174 
814.000000  815.000000  0.976153 
815.000000  816.000000  0.976132 
816.000000  817.000000  0.976111 
817.000000  818.000000  0.976090 
818.000000  819.000000  0.976070 
819.000000  820.000000  0.976049 
820.000000  821.000000  0.976028 
821.000000  822.000000  0.976007 
822.000000  823.000000  0.975986 
823.000000  824.000000  0.975965 
824.000000  825.000000  0.975944 
825.000000  826.000000  0.975923 
826.000000  827.000000  0.975903 
827.000000  828.000000  0.975882 
828.000000  829.000000  0.975861 
829.000000  830.000000  0.975840 
830.000000  831.000000  0.975819 
831.000000  832.000000  0.975799 
832.000000  833.000000  0.975778 
833.000000  834.000000  0.975757 
834.000000  835.000000  0.975736 
835.000000  836.000000  0.975716 
836.000000  837.000000  0.975695 
837.000000  838.000000  0.975674 
838.000000  839.000000  0.975654 
839.000000  840.000000  0.975633 
840.000000  841.000000  0.975612 
841.000000  842.000000  0.975592 
842.000000  843.000000  0.975571 
843.000000  844.000000  0.975550 
844.000000  845.000000  0.975530 
845.000000  846.000000  0.975509 
846.000000  847.000000  0.975489 
847.000000  848.000000  0.975468 
848.000000  849.000000  0.975448 
849.000000  850.000000  0.975427 
850.000000  851.000000  0.975407 
851.000000  852.000000  0.975387 
852.000000  853.000000  0.975366 
853.000000  854.000000  0.975346 
854.000000  855.000000  0.975326 
855.000000  856.000000  0.975305 
856.000000  857.000000  0.975285 
857.000000  858.000000  0.975265 
858.000000  859.000000  0.975244 
859.000000  860.000000  0.975224 
860.000000  861.000000  0.975204 
861.000000  862.000000  0.975184 
862.000000  863.000000  0.975164 
863.000000  864.000000  0.975144 
864.000000  865.000000  0.975124 
865.000000  866.000000  0.975104 
866.000000  867.000000  0.975084 
867.000000  868.000000  0.975064 
868.000000  869.000000  0.975044 
869.000000  870.000000  0.975024 
870.000000  871.000000  0.975004 
871.000000  872.000000  0.974984 
872.000000  873.000000  0.974964 
873.000000  874.000000  0.974944 
874.000000  875.000000  0.974924 
875.000000  876.000000  0.974905 
876.000000  877.000000  0.974885 
877.000000  878.000000  0.974865 
878.000000  879.000000  0.974845 
879.000000  880.000000  0.974826 
880.000000  881.000000  0.974806 
881.000000  882.000000  0.974787 
882.000000  883.000000  0.974767 
883.000000  884.000000  0.974748 
884.000000  885.000000  0.974728 
885.000000  886.000000  0.974709 
886.000000  887.000000  0.974689 
887.000000  888.000000  0.974670 
888.000000  889.000000  0.974651 
889.000000  890.000000  0.974631 
890.000000  891.000000  0.974612 
891.000000  892.000000  0.974593 
892.000000  893.000000  0.974574 
893.000000  894.000000  0.974554 
894.000000  895.000000  0.974535 
895.000000  896.000000  0.974516 
896.000000  897.000000  0.974497 
897.000000  898.000000  0.974478 
898.000000  899.000000  0.974459 
899.000000  900.000000  0.974440 
900.000000  901.000000  0.974421 
901.000000  902.000000  0.974402 
902.000000  903.000000  0.974383 
903.000000  904.000000  0.974365 
904.000000  905.000000  0.974346 
905.000000  906.000000  0.974327 
906.000000  907.000000  0.974308 
907.000000  908.000000  0.974290 
908.000000  909.000000  0.974271 
909.000000  910.000000  0.974252 
910.000000  911.000000  0.974234 
911.000000  912.000000  0.974215 
912.000000  913.000000  0.974197 
913.000000  914.000000  0.974178 
914.000000  915.000000  0.974160 
915.000000  916.000000  0.974142 
916.000000  917.000000  0.974123 
917.000000  918.000000  0.974105 
918.000000  919.000000  0.974087 
919.000000  920.000000  0.974069 
920.000000  921.000000  0.974051 
921.000000  922.000000  0.974032 
922.000000  923.000000  0.974014 
923.000000  924.000000  0.973996 
924.000000  925.000000  0.973978 
925.000000  926.000000  0.973960 
926.000000  927.000000  0.973942 
927.000000  928.000000  0.973925 
928.000000  929.000000  0.973907 
929.000000  930.000000  0.973889 
930.000000  931.000000  0.973871 
931.000000  932.000000  0.973853 
932.000000  933.000000  0.973836 
933.000000  934.000000  0.973818 
934.000000  935.000000  0.973801 
935.000000  936.000000  0.973783 
936.000000  937.000000  0.973766 
937.000000  938.000000  0.973748 
938.000000  939.000000  0.973731 
939.000000  940.000000  0.973713 
940.000000  941.000000  0.973696 
941.000000  942.000000  0.973679 
942.000000  943.000000  0.973661 
943.000000  944.000000  0.973644 
944.000000  945.000000  0.973627 
945.000000  946.000000  0.973610 
946.000000  947.000000  0.973593 
947.000000  948.000000  0.973576 
948.000000  949.000000  0.973559 
949.000000  950.000000  0.973542 
950.000000  951.000000  0.973525 
951.000000  952.000000  0.973508 
952.000000  953.000000  0.973491 
953.000000  954.000000  0.973474 
954.000000  955.000000  0.973458 
955.000000  956.000000  0.973441 
956.000000  957.000000  0.973424 
957.000000  958.000000  0.973408 
958.000000  959.000000  0.973391 
959.000000  960.000000  0.973375 
960.000000  961.000000  0.973358 
961.000000  962.000000  0.973342 
962.000000  963.000000  0.973325 
963.000000  964.000000  0.973309 
964.000000  965.000000  0.973293 
965.000000  966.000000  0.973276 
966.000000  967.000000  0.973260 
967.000000  968.000000  0.973244 
968.000000  969.000000  0.973228 
969.000000  970.000000  0.973212 
970.000000  971.000000  0.973196 
971.000000  972.000000  0.973180 
972.000000  973.000000  0.973164 
973.000000  974.000000  0.973148 
974.000000  975.000000  0.973132 
975.000000  976.000000  0.973116 
976.000000  977.000000  0.973100 
977.000000  978.000000  0.973085 
978.000000  979.000000  0.973069 
979.000000  980.000000  0.973053 
980.000000  981.000000  0.973038 
981.000000  982.000000  0.973022 
982.000000  983.000000  0.973007 
983.000000  984.000000  0.972991 
984.000000  985.000000  0.972976 
985.000000  986.000000  0.972960 
986.000000  987.000000  0.972945 
987.000000  988.000000  0.972930 
988.000000  989.000000  0.972914 
989.000000  990.000000  0.972899 
990.000000  991.000000  0.972884 
991.000000  992.000000  0.972869 
992.000000  993.000000  0.972854 
993.000000  994.000000  0.972839 
994.000000  995.000000  0.972824 
995.000000  996.000000  0.972809 
996.000000  997.000000  0.972794 
997.000000  998.000000  0.972779 
998.000000  999.000000  0.972764 
999.000000  1000.000000  0.972750 
1000.000000  1001.000000  0.972735 
1001.000000  1002.000000  0.972720 
1002.000000  1003.000000  0.972705 
1003.000000  1004.000000  0.972691 
1004.000000  1005.000000  0.972676 
1005.000000  1006.000000  0.972662 
1006.000000  1007.000000  0.972647 
1007.000000  1008.000000  0.972633 
1008.000000  1009.000000  0.972619 
1009.000000  1010.000000  0.972604 
1010.000000  1011.000000  0.972590 
1011.000000  1012.000000  0.972576 
1012.000000  1013.000000  0.972561 
1013.000000  1014.000000  0.972547 
1014.000000  1015.000000  0.972533 
1015.000000  1016.000000  0.972519 
1016.000000  1017.000000  0.972505 
1017.000000  1018.000000  0.972491 
1018.000000  1019.000000  0.972477 
1019.000000  1020.000000  0.972463 
1020.000000  1021.000000  0.972449 
1021.000000  1022.000000  0.972435 
1022.000000  1023.000000  0.972422 
1023.000000  1024.000000  0.972408 
1024.000000  1025.000000  0.972394 
1025.000000  1026.000000  0.972381 
1026.000000  1027.000000  0.972367 
1027.000000  1028.000000  0.972353 
1028.000000  1029.000000  0.972340 
1029.000000  1030.000000  0.972326 
1030.000000  1031.000000  0.972313 
1031.000000  1032.000000  0.972300 
1032.000000  1033.000000  0.972286 
1033.000000  1034.000000  0.972273 
1034.000000  1035.000000  0.972260 
1035.000000  1036.000000  0.972246 
1036.000000  1037.000000  0.972233 
1037.000000  1038.000000  0.972220 
1038.000000  1039.000000  0.972207 
1039.000000  1040.000000  0.972194 
1040.000000  1041.000000  0.972181 
1041.000000  1042.000000  0.972168 
1042.000000  1043.000000  0.972155 
1043.000000  1044.000000  0.972142 
1044.000000  1045.000000  0.972129 
1045.000000  1046.000000  0.972116 
1046.000000  1047.000000  0.972104 
1047.000000  1048.000000  0.972091 
1048.000000  1049.000000  0.972078 
1049.000000  1050.000000  0.972065 
1050.000000  1051.000000  0.972053 
1051.000000  1052.000000  0.972040 
1052.000000  1053.000000  0.972028 
1053.000000  1054.000000  0.972015 
1054.000000  1055.000000  0.972003 
1055.000000  1056.000000  0.971990 
1056.000000  1057.000000  0.971978 
1057.000000  1058.000000  0.971966 
1058.000000  1059.000000  0.971953 
1059.000000  1060.000000  0.971941 
1060.000000  1061.000000  0.971929 
1061.000000  1062.000000  0.971917 
1062.000000  1063.000000  0.971905 
1063.000000  1064.000000  0.971893 
1064.000000  1065.000000  0.971881 
1065.000000  1066.000000  0.971869 
1066.000000  1067.000000  0.971857 
1067.000000  1068.000000  0.971845 
1068.000000  1069.000000  0.971833 
1069.000000  1070.000000  0.971821 
1070.000000  1071.000000  0.971809 
1071.000000  1072.000000  0.971797 
1072.000000  1073.000000  0.971786 
1073.000000  1074.000000  0.971774 
1074.000000  1075.000000  0.971762 
1075.000000  1076.000000  0.971751 
1076.000000  1077.000000  0.971739 
1077.000000  1078.000000  0.971727 
1078.000000  1079.000000  0.971716 
1079.000000  1080.000000  0.971704 
1080.000000  1081.000000  0.971693 
1081.000000  1082.000000  0.971682 
1082.000000  1083.000000  0.971670 
1083.000000  1084.000000  0.971659 
1084.000000  1085.000000  0.971648 
1085.000000  1086.000000  0.971637 
1086.000000  1087.000000  0.971625 
1087.000000  1088.000000  0.971614 
1088.000000  1089.000000  0.971603 
1089.000000  1090.000000  0.971592 
1090.000000  1091.000000  0.971581 
1091.000000  1092.000000  0.971570 
1092.000000  1093.000000  0.971559 
1093.000000  1094.000000  0.971548 
1094.000000  1095.000000  0.971537 
1095.000000  1096.000000  0.971526 
1096.000000  1097.000000  0.971515 
1097.000000  1098.000000  0.971505 
1098.000000  1099.000000  0.971494 
1099.000000  1100.000000  0.971483 
1100.000000  1101.000000  0.971472 
1101.000000  1102.000000  0.971462 
1102.000000  1103.000000  0.971451 
1103.000000  1104.000000  0.971441 
1104.000000  1105.000000  0.971430 
1105.000000  1106.000000  0.971420 
1106.000000  1107.000000  0.971409 
1107.000000  1108.000000  0.971399 
1108.000000  1109.000000  0.971388 
1109.000000  1110.000000  0.971378 
1110.000000  1111.000000  0.971368 
1111.000000  1112.000000  0.971357 
1112.000000  1113.000000  0.971347 
1113.000000  1114.000000  0.971337 
1114.000000  1115.000000  0.971327 
1115.000000  1116.000000  0.971316 
1116.000000  1117.000000  0.971306 
1117.000000  1118.000000  0.971296 
1118.000000  1119.000000  0.971286 
1119.000000  1120.000000  0.971276 
1120.000000  1121.000000  0.971266 
1121.000000  1122.000000  0.971256 
1122.000000  1123.000000  0.971246 
1123.000000  1124.000000  0.971237 
1124.000000  1125.000000  0.971227 
1125.000000  1126.000000  0.971217 
1126.000000  1127.000000  0.971207 
1127.000000  1128.000000  0.971197 
1128.000000  1129.000000  0.971188 
1129.000000  1130.000000  0.971178 
1130.000000  1131.000000  0.971168 
1131.000000  1132.000000  0.971159 
1132.000000  1133.000000  0.971149 
1133.000000  1134.000000  0.971140 
1134.000000  1135.000000  0.971130 
1135.000000  1136.000000  0.971121 
1136.000000  1137.000000  0.971111 
1137.000000  1138.000000  0.971102 
1138.000000  1139.000000  0.971093 
1139.000000  1140.000000  0.971083 
1140.000000  1141.000000  0.971074 
1141.000000  1142.000000  0.971065 
1142.000000  1143.000000  0.971055 
1143.000000  1144.000000  0.971046 
1144.000000  1145.000000  0.971037 
1145.000000  1146.000000  0.971028 
1146.000000  1147.000000  0.971019 
1147.000000  1148.000000  0.971010 
1148.000000  1149.000000  0.971001 
1149.000000  1150.000000  0.970992 
1150.000000  1151.000000  0.970983 
1151.000000  1152.000000  0.970974 
1152.000000  1153.000000  0.970965 
1153.000000  1154.000000  0.970956 
1154.000000  1155.000000  0.970947 
1155.000000  1156.000000  0.970938 
1156.000000  1157.000000  0.970929 
1157.000000  1158.000000  0.970921 
1158.000000  1159.000000  0.970912 
1159.000000  1160.000000  0.970903 
1160.000000  1161.000000  0.970894 
1161.000000  1162.000000  0.970886 
1162.000000  1163.000000  0.970877 
1163.000000  1164.000000  0.970869 
1164.000000  1165.000000  0.970860 
1165.000000  1166.000000  0.970852 
1166.000000  1167.000000  0.970843 
1167.000000  1168.000000  0.970835 
1168.000000  1169.000000  0.970826 
1169.000000  1170.000000  0.970818 
1170.000000  1171.000000  0.970809 
1171.000000  1172.000000  0.970801 
1172.000000  1173.000000  0.970793 
1173.000000  1174.000000  0.970784 
1174.000000  1175.000000  0.970776 
1175.000000  1176.000000  0.970768 
1176.000000  1177.000000  0.970760 
1177.000000  1178.000000  0.970752 
1178.000000  1179.000000  0.970743 
1179.000000  1180.000000  0.970735 
1180.000000  1181.000000  0.970727 
1181.000000  1182.000000  0.970719 
1182.000000  1183.000000  0.970711 
1183.000000  1184.000000  0.970703 
1184.000000  1185.000000  0.970695 
1185.000000  1186.000000  0.970687 
1186.000000  1187.000000  0.970679 
1187.000000  1188.000000  0.970671 
1188.000000  1189.000000  0.970664 
1189.000000  1190.000000  0.970656 
1190.000000  1191.000000  0.970648 
1191.000000  1192.000000  0.970640 
1192.000000  1193.000000  0.970632 
1193.000000  1194.000000  0.970625 
1194.000000  1195.000000  0.970617 
1195.000000  1196.000000  0.970609 
1196.000000  1197.000000  0.970602 
1197.000000  1198.000000  0.970594 
1198.000000  1199.000000  0.970587 
1199.000000  1200.000000  0.970579 
1200.000000  1201.000000  0.970571 
1201.000000  1202.000000  0.970564 
1202.000000  1203.000000  0.970556 
1203.000000  1204.000000  0.970549 
1204.000000  1205.000000  0.970542 
1205.000000  1206.000000  0.970534 
1206.000000  1207.000000  0.970527 
1207.000000  1208.000000  0.970519 
1208.000000  1209.000000  0.970512 
1209.000000  1210.000000  0.970505 
1210.000000  1211.000000  0.970498 
1211.000000  1212.000000  0.970490 
1212.000000  1213.000000  0.970483 
1213.000000  1214.000000  0.970476 
1214.000000  1215.000000  0.970469 
1215.000000  1216.000000  0.970462 
1216.000000  1217.000000  0.970455 
1217.000000  1218.000000  0.970447 
1218.000000  1219.000000  0.970440 
1219.000000  1220.000000  0.970433 
1220.000000  1221.000000  0.970426 
1221.000000  1222.000000  0.970419 
1222.000000  1223.000000  0.970412 
1223.000000  1224.000000  0.970405 
1224.000000  1225.000000  0.970399 
1225.000000  1226.000000  0.970392 
1226.000000  1227.000000  0.970385 
1227.000000  1228.000000  0.970378 
1228.000000  1229.000000  0.970371 
1229.000000  1230.000000  0.970364 
1230.000000  1231.000000  0.970358 
1231.000000  1232.000000  0.970351 
1232.000000  1233.000000  0.970344 
1233.000000  1234.000000  0.970337 
1234.000000  1235.000000  0.970331 
1235.000000  1236.000000  0.970324 
1236.000000  1237.000000  0.970318 
1237.000000  1238.000000  0.970311 
1238.000000  1239.000000  0.970304 
1239.000000  1240.000000  0.970298 
1240.000000  1241.000000  0.970291 
1241.000000  1242.000000  0.970285 
1242.000000  1243.000000  0.970278 
1243.000000  1244.000000  0.970272 
1244.000000  1245.000000  0.970265 
1245.000000  1246.000000  0.970259 
1246.000000  1247.000000  0.970253 
1247.000000  1248.000000  0.970246 
1248.000000  1249.000000  0.970240 
1249.000000  1250.000000  0.970234 
1250.000000  1251.000000  0.970227 
1251.000000  1252.000000  0.970221 
1252.000000  1253.000000  0.970215 
1253.000000  1254.000000  0.970209 
1254.000000  1255.000000  0.970202 
1255.000000  1256.000000  0.970196 
1256.000000  1257.000000  0.970190 
1257.000000  1258.000000  0.970184 
1258.000000  1259.000000  0.970178 
1259.000000  1260.000000  0.970172 
1260.000000  1261.000000  0.970166 
1261.000000  1262.000000  0.970160 
1262.000000  1263.000000  0.970154 
1263.000000  1264.000000  0.970148 
1264.000000  1265.000000  0.970142 
1265.000000  1266.000000  0.970136 
1266.000000  1267.000000  0.970130 
1267.000000  1268.000000  0.970124 
1268.000000  1269.000000  0.970118 
1269.000000  1270.000000  0.970112 
1270.000000  1271.000000  0.970106 
1271.000000  1272.000000  0.970100 
1272.000000  1273.000000  0.970094 
1273.000000  1274.000000  0.970089 
1274.000000  1275.000000  0.970083 
1275.000000  1276.000000  0.970077 
1276.000000  1277.000000  0.970071 
1277.000000  1278.000000  0.970066 
1278.000000  1279.000000  0.970060 
1279.000000  1280.000000  0.970054 
1280.000000  1281.000000  0.970049 
1281.000000  1282.000000  0.970043 
1282.000000  1283.000000  0.970037 
1283.000000  1284.000000  0.970032 
1284.000000  1285.000000  0.970026 
1285.000000  1286.000000  0.970021 
1286.000000  1287.000000  0.970015 
1287.000000  1288.000000  0.970010 
1288.000000  1289.000000  0.970004 
1289.000000  1290.000000  0.969999 
1290.000000  1291.000000  0.969993 
1291.000000  1292.000000  0.969988 
1292.000000  1293.000000  0.969982 
1293.000000  1294.000000  0.969977 
1294.000000  1295.000000  0.969972 
1295.000000  1296.000000  0.969966 
1296.000000  1297.000000  0.969961 
1297.000000  1298.000000  0.969956 
1298.000000  1299.000000  0.969950 
1299.000000  1300.000000  0.969945 
1300.000000  1301.000000  0.969940 
1301.000000  1302.000000  0.969935 
1302.000000  1303.000000  0.969929 
1303.000000  1304.000000  0.969924 
1304.000000  1305.000000  0.969919 
1305.000000  1306.000000  0.969914 
1306.000000  1307.000000  0.969909 
1307.000000  1308.000000  0.969904 
1308.000000  1309.000000  0.969899 
1309.000000  1310.000000  0.969893 
1310.000000  1311.000000  0.969888 
1311.000000  1312.000000  0.969883 
1312.000000  1313.000000  0.969878 
1313.000000  1314.000000  0.969873 
1314.000000  1315.000000  0.969868 
1315.000000  1316.000000  0.969863 
1316.000000  1317.000000  0.969858 
1317.000000  1318.000000  0.969853 
1318.000000  1319.000000  0.969848 
1319.000000  1320.000000  0.969844 
1320.000000  1321.000000  0.969839 
1321.000000  1322.000000  0.969834 
1322.000000  1323.000000  0.969829 
1323.000000  1324.000000  0.969824 
1324.000000  1325.000000  0.969819 
1325.000000  1326.000000  0.969815 
1326.000000  1327.000000  0.969810 
1327.000000  1328.000000  0.969805 
1328.000000  1329.000000  0.969800 
1329.000000  1330.000000  0.969796 
1330.000000  1331.000000  0.969791 
1331.000000  1332.000000  0.969786 
1332.000000  1333.000000  0.969781 
1333.000000  1334.000000  0.969777 
1334.000000  1335.000000  0.969772 
1335.000000  1336.000000  0.969768 
1336.000000  1337.000000  0.969763 
1337.000000  1338.000000  0.969758 
1338.000000  1339.000000  0.969754 
1339.000000  1340.000000  0.969749 
1340.000000  1341.000000  0.969745 
1341.000000  1342.000000  0.969740 
1342.000000  1343.000000  0.969736 
1343.000000  1344.000000  0.969731 
1344.000000  1345.000000  0.969727 
1345.000000  1346.000000  0.969722 
1346.000000  1347.000000  0.969718 
1347.000000  1348.000000  0.969713 
1348.000000  1349.000000  0.969709 
1349.000000  1350.000000  0.969704 
1350.000000  1351.000000  0.969700 
1351.000000  1352.000000  0.969696 
1352.000000  1353.000000  0.969691 
1353.000000  1354.000000  0.969687 
1354.000000  1355.000000  0.969683 
1355.000000  1356.000000  0.969678 
1356.000000  1357.000000  0.969674 
1357.000000  1358.000000  0.969670 
1358.000000  1359.000000  0.969666 
1359.000000  1360.000000  0.969661 
1360.000000  1361.000000  0.969657 
1361.000000  1362.000000  0.969653 
1362.000000  1363.000000  0.969649 
1363.000000  1364.000000  0.969645 
1364.000000  1365.000000  0.969640 
1365.000000  1366.000000  0.969636 
1366.000000  1367.000000  0.969632 
1367.000000  1368.000000  0.969628 
1368.000000  1369.000000  0.969624 
1369.000000  1370.000000  0.969620 
1370.000000  1371.000000  0.969616 
1371.000000  1372.000000  0.969612 
1372.000000  1373.000000  0.969608 
1373.000000  1374.000000  0.969604 
1374.000000  1375.000000  0.969600 
1375.000000  1376.000000  0.969596 
