17.000000  18.000000  -0.000000 
18.000000  19.000000  -0.000000 
19.000000  20.000000  -0.000000 
20.000000  21.000000  -0.000000 
21.000000  22.000000  -0.000000 
22.000000  23.000000  -0.000000 
23.000000  24.000000  -0.000000 
24.000000  25.000000  -0.000000 
25.000000  26.000000  -0.000000 
26.000000  27.000000  -0.000000 
27.000000  28.000000  -0.000000 
28.000000  29.000000  -0.000000 
29.000000  30.000000  -0.000000 
30.000000  31.000000  -0.000000 
31.000000  32.000000  -0.000000 
32.000000  33.000000  -0.000000 
33.000000  34.000000  -0.000000 
34.000000  35.000000  -0.000000 
35.000000  36.000000  -0.000000 
36.000000  37.000000  -0.000000 
37.000000  38.000000  -0.000000 
38.000000  39.000000  -0.000000 
39.000000  40.000000  -0.000000 
40.000000  41.000000  -0.000000 
41.000000  42.000000  -0.000000 
42.000000  43.000000  -0.000000 
43.000000  44.000000  -0.000000 
44.000000  45.000000  -0.000000 
45.000000  46.000000  -0.000000 
46.000000  47.000000  -0.000000 
47.000000  48.000000  -0.000000 
48.000000  49.000000  -0.000000 
49.000000  50.000000  -0.000000 
50.000000  51.000000  -0.000000 
51.000000  52.000000  -0.000000 
52.000000  53.000000  -0.000000 
53.000000  54.000000  -0.000000 
54.000000  55.000000  -0.000000 
55.000000  56.000000  -0.000000 
56.000000  57.000000  -0.000000 
57.000000  58.000000  -0.000000 
58.000000  59.000000  -0.000000 
59.000000  60.000000  -0.000000 
60.000000  61.000000  -0.000000 
61.000000  62.000000  -0.000000 
62.000000  63.000000  -0.000000 
63.000000  64.000000  -0.000000 
64.000000  65.000000  -0.000000 
65.000000  66.000000  -0.000000 
66.000000  67.000000  -0.000000 
67.000000  68.000000  -0.000000 
68.000000  69.000000  -0.000000 
69.000000  70.000000  -0.000000 
70.000000  71.000000  -0.000001 
71.000000  72.000000  -0.000001 
72.000000  73.000000  -0.000001 
73.000000  74.000000  -0.000001 
74.000000  75.000000  -0.000001 
75.000000  76.000000  -0.000001 
76.000000  77.000000  -0.000001 
77.000000  78.000000  -0.000001 
78.000000  79.000000  -0.000002 
79.000000  80.000000  -0.000002 
80.000000  81.000000  -0.000002 
81.000000  82.000000  -0.000002 
82.000000  83.000000  -0.000002 
83.000000  84.000000  -0.000003 
84.000000  85.000000  -0.000003 
85.000000  86.000000  -0.000003 
86.000000  87.000000  -0.000003 
87.000000  88.000000  -0.000003 
88.000000  89.000000  -0.000004 
89.000000  90.000000  -0.000004 
90.000000  91.000000  -0.000004 
91.000000  92.000000  -0.000004 
92.000000  93.000000  -0.000004 
93.000000  94.000000  -0.000004 
94.000000  95.000000  -0.000005 
95.000000  96.000000  -0.000005 
96.000000  97.000000  -0.000005 
97.000000  98.000000  -0.000004 
98.000000  99.000000  -0.000004 
99.000000  100.000000  -0.000004 
100.000000  101.000000  -0.000004 
101.000000  102.000000  -0.000004 
102.000000  103.000000  -0.000003 
103.000000  104.000000  -0.000003 
104.000000  105.000000  -0.000002 
105.000000  106.000000  -0.000001 
106.000000  107.000000  -0.000001 
107.000000  108.000000  0.000000 
108.000000  109.000000  0.000001 
109.000000  110.000000  0.000003 
110.000000  111.000000  0.000004 
111.000000  112.000000  0.000005 
112.000000  113.000000  0.000007 
113.000000  114.000000  0.000009 
114.000000  115.000000  0.000011 
115.000000  116.000000  0.000013 
116.000000  117.000000  0.000015 
117.000000  118.000000  0.000018 
118.000000  119.000000  0.000020 
119.000000  120.000000  0.000023 
120.000000  121.000000  0.000026 
121.000000  122.000000  0.000029 
122.000000  123.000000  0.000032 
123.000000  124.000000  0.000036 
124.000000  125.000000  0.000040 
125.000000  126.000000  0.000043 
126.000000  127.000000  0.000048 
127.000000  128.000000  0.000052 
128.000000  129.000000  0.000056 
129.000000  130.000000  0.000061 
130.000000  131.000000  0.000066 
131.000000  132.000000  0.000071 
132.000000  133.000000  0.000076 
133.000000  134.000000  0.000081 
134.000000  135.000000  0.000086 
135.000000  136.000000  0.000092 
136.000000  137.000000  0.000098 
137.000000  138.000000  0.000104 
138.000000  139.000000  0.000110 
139.000000  140.000000  0.000116 
140.000000  141.000000  0.000122 
141.000000  142.000000  0.000129 
142.000000  143.000000  0.000135 
143.000000  144.000000  0.000142 
144.000000  145.000000  0.000148 
145.000000  146.000000  0.000155 
146.000000  147.000000  0.000162 
147.000000  148.000000  0.000169 
148.000000  149.000000  0.000176 
149.000000  150.000000  0.000183 
150.000000  151.000000  0.000190 
151.000000  152.000000  0.000197 
152.000000  153.000000  0.000204 
153.000000  154.000000  0.000211 
154.000000  155.000000  0.000218 
155.000000  156.000000  0.000225 
156.000000  157.000000  0.000232 
157.000000  158.000000  0.000239 
158.000000  159.000000  0.000246 
159.000000  160.000000  0.000253 
160.000000  161.000000  0.000260 
161.000000  162.000000  0.000267 
162.000000  163.000000  0.000274 
163.000000  164.000000  0.000281 
164.000000  165.000000  0.000287 
165.000000  166.000000  0.000294 
166.000000  167.000000  0.000300 
167.000000  168.000000  0.000307 
168.000000  169.000000  0.000313 
169.000000  170.000000  0.000319 
170.000000  171.000000  0.000325 
171.000000  172.000000  0.000331 
172.000000  173.000000  0.000337 
173.000000  174.000000  0.000343 
174.000000  175.000000  0.000348 
175.000000  176.000000  0.000354 
176.000000  177.000000  0.000359 
177.000000  178.000000  0.000364 
178.000000  179.000000  0.000369 
179.000000  180.000000  0.000374 
180.000000  181.000000  0.000379 
181.000000  182.000000  0.000383 
182.000000  183.000000  0.000388 
183.000000  184.000000  0.000392 
184.000000  185.000000  0.000396 
185.000000  186.000000  0.000400 
186.000000  187.000000  0.000404 
187.000000  188.000000  0.000408 
188.000000  189.000000  0.000411 
189.000000  190.000000  0.000414 
190.000000  191.000000  0.000418 
191.000000  192.000000  0.000421 
192.000000  193.000000  0.000423 
193.000000  194.000000  0.000426 
194.000000  195.000000  0.000429 
195.000000  196.000000  0.000431 
196.000000  197.000000  0.000433 
197.000000  198.000000  0.000435 
198.000000  199.000000  0.000437 
199.000000  200.000000  0.000439 
200.000000  201.000000  0.000440 
201.000000  202.000000  0.000442 
202.000000  203.000000  0.000443 
203.000000  204.000000  0.000444 
204.000000  205.000000  0.000445 
205.000000  206.000000  0.000446 
206.000000  207.000000  0.000447 
207.000000  208.000000  0.000448 
208.000000  209.000000  0.000448 
209.000000  210.000000  0.000449 
210.000000  211.000000  0.000449 
211.000000  212.000000  0.000449 
212.000000  213.000000  0.000449 
213.000000  214.000000  0.000449 
214.000000  215.000000  0.000449 
215.000000  216.000000  0.000448 
216.000000  217.000000  0.000448 
217.000000  218.000000  0.000447 
218.000000  219.000000  0.000446 
219.000000  220.000000  0.000446 
220.000000  221.000000  0.000445 
221.000000  222.000000  0.000444 
222.000000  223.000000  0.000443 
223.000000  224.000000  0.000442 
224.000000  225.000000  0.000440 
225.000000  226.000000  0.000439 
226.000000  227.000000  0.000438 
227.000000  228.000000  0.000436 
228.000000  229.000000  0.000435 
229.000000  230.000000  0.000433 
230.000000  231.000000  0.000431 
231.000000  232.000000  0.000429 
232.000000  233.000000  0.000428 
233.000000  234.000000  0.000426 
234.000000  235.000000  0.000424 
235.000000  236.000000  0.000422 
236.000000  237.000000  0.000420 
237.000000  238.000000  0.000417 
238.000000  239.000000  0.000415 
239.000000  240.000000  0.000413 
240.000000  241.000000  0.000411 
241.000000  242.000000  0.000408 
242.000000  243.000000  0.000406 
243.000000  244.000000  0.000404 
244.000000  245.000000  0.000401 
245.000000  246.000000  0.000399 
246.000000  247.000000  0.000396 
247.000000  248.000000  0.000394 
248.000000  249.000000  0.000391 
249.000000  250.000000  0.000388 
250.000000  251.000000  0.000386 
251.000000  252.000000  0.000383 
252.000000  253.000000  0.000380 
253.000000  254.000000  0.000378 
254.000000  255.000000  0.000375 
255.000000  256.000000  0.000372 
256.000000  257.000000  0.000370 
257.000000  258.000000  0.000367 
258.000000  259.000000  0.000364 
259.000000  260.000000  0.000361 
260.000000  261.000000  0.000358 
261.000000  262.000000  0.000356 
262.000000  263.000000  0.000353 
263.000000  264.000000  0.000350 
264.000000  265.000000  0.000347 
265.000000  266.000000  0.000344 
266.000000  267.000000  0.000342 
267.000000  268.000000  0.000339 
268.000000  269.000000  0.000336 
269.000000  270.000000  0.000333 
270.000000  271.000000  0.000330 
271.000000  272.000000  0.000327 
272.000000  273.000000  0.000325 
273.000000  274.000000  0.000322 
274.000000  275.000000  0.000319 
275.000000  276.000000  0.000316 
276.000000  277.000000  0.000313 
277.000000  278.000000  0.000311 
278.000000  279.000000  0.000308 
279.000000  280.000000  0.000305 
280.000000  281.000000  0.000302 
281.000000  282.000000  0.000300 
282.000000  283.000000  0.000297 
283.000000  284.000000  0.000294 
284.000000  285.000000  0.000291 
285.000000  286.000000  0.000289 
286.000000  287.000000  0.000286 
287.000000  288.000000  0.000283 
288.000000  289.000000  0.000281 
289.000000  290.000000  0.000278 
290.000000  291.000000  0.000275 
291.000000  292.000000  0.000273 
292.000000  293.000000  0.000270 
293.000000  294.000000  0.000268 
294.000000  295.000000  0.000265 
295.000000  296.000000  0.000263 
296.000000  297.000000  0.000260 
297.000000  298.000000  0.000258 
298.000000  299.000000  0.000255 
299.000000  300.000000  0.000253 
300.000000  301.000000  0.000250 
301.000000  302.000000  0.000248 
302.000000  303.000000  0.000245 
303.000000  304.000000  0.000243 
304.000000  305.000000  0.000240 
305.000000  306.000000  0.000238 
306.000000  307.000000  0.000236 
307.000000  308.000000  0.000233 
308.000000  309.000000  0.000231 
309.000000  310.000000  0.000229 
310.000000  311.000000  0.000226 
311.000000  312.000000  0.000224 
312.000000  313.000000  0.000222 
313.000000  314.000000  0.000220 
314.000000  315.000000  0.000218 
315.000000  316.000000  0.000215 
316.000000  317.000000  0.000213 
317.000000  318.000000  0.000211 
318.000000  319.000000  0.000209 
319.000000  320.000000  0.000207 
320.000000  321.000000  0.000205 
321.000000  322.000000  0.000203 
322.000000  323.000000  0.000201 
323.000000  324.000000  0.000199 
324.000000  325.000000  0.000197 
325.000000  326.000000  0.000195 
326.000000  327.000000  0.000193 
327.000000  328.000000  0.000191 
328.000000  329.000000  0.000189 
329.000000  330.000000  0.000187 
330.000000  331.000000  0.000185 
331.000000  332.000000  0.000183 
332.000000  333.000000  0.000181 
333.000000  334.000000  0.000179 
334.000000  335.000000  0.000178 
335.000000  336.000000  0.000176 
336.000000  337.000000  0.000174 
337.000000  338.000000  0.000172 
338.000000  339.000000  0.000171 
339.000000  340.000000  0.000169 
340.000000  341.000000  0.000167 
341.000000  342.000000  0.000165 
342.000000  343.000000  0.000164 
343.000000  344.000000  0.000162 
344.000000  345.000000  0.000160 
345.000000  346.000000  0.000159 
346.000000  347.000000  0.000157 
347.000000  348.000000  0.000156 
348.000000  349.000000  0.000154 
349.000000  350.000000  0.000153 
350.000000  351.000000  0.000151 
351.000000  352.000000  0.000149 
352.000000  353.000000  0.000148 
353.000000  354.000000  0.000146 
354.000000  355.000000  0.000145 
355.000000  356.000000  0.000144 
356.000000  357.000000  0.000142 
357.000000  358.000000  0.000141 
358.000000  359.000000  0.000139 
359.000000  360.000000  0.000138 
360.000000  361.000000  0.000136 
361.000000  362.000000  0.000135 
362.000000  363.000000  0.000134 
363.000000  364.000000  0.000132 
364.000000  365.000000  0.000131 
365.000000  366.000000  0.000130 
366.000000  367.000000  0.000128 
367.000000  368.000000  0.000127 
368.000000  369.000000  0.000126 
369.000000  370.000000  0.000125 
370.000000  371.000000  0.000123 
371.000000  372.000000  0.000122 
372.000000  373.000000  0.000121 
373.000000  374.000000  0.000120 
374.000000  375.000000  0.000119 
375.000000  376.000000  0.000117 
376.000000  377.000000  0.000116 
377.000000  378.000000  0.000115 
378.000000  379.000000  0.000114 
379.000000  380.000000  0.000113 
380.000000  381.000000  0.000112 
381.000000  382.000000  0.000111 
382.000000  383.000000  0.000110 
383.000000  384.000000  0.000109 
384.000000  385.000000  0.000107 
385.000000  386.000000  0.000106 
386.000000  387.000000  0.000105 
387.000000  388.000000  0.000104 
388.000000  389.000000  0.000103 
389.000000  390.000000  0.000102 
390.000000  391.000000  0.000101 
391.000000  392.000000  0.000100 
392.000000  393.000000  0.000099 
393.000000  394.000000  0.000098 
394.000000  395.000000  0.000098 
395.000000  396.000000  0.000097 
396.000000  397.000000  0.000096 
397.000000  398.000000  0.000095 
398.000000  399.000000  0.000094 
399.000000  400.000000  0.000093 
400.000000  401.000000  0.000092 
401.000000  402.000000  0.000091 
402.000000  403.000000  0.000090 
403.000000  404.000000  0.000089 
404.000000  405.000000  0.000089 
405.000000  406.000000  0.000088 
406.000000  407.000000  0.000087 
407.000000  408.000000  0.000086 
408.000000  409.000000  0.000085 
409.000000  410.000000  0.000085 
410.000000  411.000000  0.000084 
411.000000  412.000000  0.000083 
412.000000  413.000000  0.000082 
413.000000  414.000000  0.000081 
414.000000  415.000000  0.000081 
415.000000  416.000000  0.000080 
416.000000  417.000000  0.000079 
417.000000  418.000000  0.000078 
418.000000  419.000000  0.000078 
419.000000  420.000000  0.000077 
420.000000  421.000000  0.000076 
421.000000  422.000000  0.000076 
422.000000  423.000000  0.000075 
423.000000  424.000000  0.000074 
424.000000  425.000000  0.000074 
425.000000  426.000000  0.000073 
426.000000  427.000000  0.000072 
427.000000  428.000000  0.000072 
428.000000  429.000000  0.000071 
429.000000  430.000000  0.000070 
430.000000  431.000000  0.000070 
431.000000  432.000000  0.000069 
432.000000  433.000000  0.000068 
433.000000  434.000000  0.000068 
434.000000  435.000000  0.000067 
435.000000  436.000000  0.000067 
436.000000  437.000000  0.000066 
437.000000  438.000000  0.000065 
438.000000  439.000000  0.000065 
439.000000  440.000000  0.000064 
440.000000  441.000000  0.000064 
441.000000  442.000000  0.000063 
442.000000  443.000000  0.000063 
443.000000  444.000000  0.000062 
444.000000  445.000000  0.000062 
445.000000  446.000000  0.000061 
446.000000  447.000000  0.000061 
447.000000  448.000000  0.000060 
448.000000  449.000000  0.000059 
449.000000  450.000000  0.000059 
450.000000  451.000000  0.000058 
451.000000  452.000000  0.000058 
452.000000  453.000000  0.000057 
453.000000  454.000000  0.000057 
454.000000  455.000000  0.000056 
455.000000  456.000000  0.000056 
456.000000  457.000000  0.000056 
457.000000  458.000000  0.000055 
458.000000  459.000000  0.000055 
459.000000  460.000000  0.000054 
460.000000  461.000000  0.000054 
461.000000  462.000000  0.000053 
462.000000  463.000000  0.000053 
463.000000  464.000000  0.000052 
464.000000  465.000000  0.000052 
465.000000  466.000000  0.000052 
466.000000  467.000000  0.000051 
467.000000  468.000000  0.000051 
468.000000  469.000000  0.000050 
469.000000  470.000000  0.000050 
470.000000  471.000000  0.000049 
471.000000  472.000000  0.000049 
472.000000  473.000000  0.000049 
473.000000  474.000000  0.000048 
474.000000  475.000000  0.000048 
475.000000  476.000000  0.000048 
476.000000  477.000000  0.000047 
477.000000  478.000000  0.000047 
478.000000  479.000000  0.000046 
479.000000  480.000000  0.000046 
480.000000  481.000000  0.000046 
481.000000  482.000000  0.000045 
482.000000  483.000000  0.000045 
483.000000  484.000000  0.000045 
484.000000  485.000000  0.000044 
485.000000  486.000000  0.000044 
486.000000  487.000000  0.000044 
487.000000  488.000000  0.000043 
488.000000  489.000000  0.000043 
489.000000  490.000000  0.000043 
490.000000  491.000000  0.000042 
491.000000  492.000000  0.000042 
492.000000  493.000000  0.000042 
493.000000  494.000000  0.000041 
494.000000  495.000000  0.000041 
495.000000  496.000000  0.000041 
496.000000  497.000000  0.000040 
497.000000  498.000000  0.000040 
498.000000  499.000000  0.000040 
499.000000  500.000000  0.000040 
500.000000  501.000000  0.000039 
501.000000  502.000000  0.000039 
502.000000  503.000000  0.000039 
503.000000  504.000000  0.000038 
504.000000  505.000000  0.000038 
505.000000  506.000000  0.000038 
506.000000  507.000000  0.000038 
507.000000  508.000000  0.000037 
508.000000  509.000000  0.000037 
509.000000  510.000000  0.000037 
510.000000  511.000000  0.000037 
511.000000  512.000000  0.000036 
512.000000  513.000000  0.000036 
513.000000  514.000000  0.000036 
514.000000  515.000000  0.000035 
515.000000  516.000000  0.000035 
516.000000  517.000000  0.000035 
517.000000  518.000000  0.000035 
518.000000  519.000000  0.000035 
519.000000  520.000000  0.000034 
520.000000  521.000000  0.000034 
521.000000  522.000000  0.000034 
522.000000  523.000000  0.000034 
523.000000  524.000000  0.000033 
524.000000  525.000000  0.000033 
525.000000  526.000000  0.000033 
526.000000  527.000000  0.000033 
527.000000  528.000000  0.000032 
528.000000  529.000000  0.000032 
529.000000  530.000000  0.000032 
530.000000  531.000000  0.000032 
531.000000  532.000000  0.000032 
532.000000  533.000000  0.000031 
533.000000  534.000000  0.000031 
534.000000  535.000000  0.000031 
535.000000  536.000000  0.000031 
536.000000  537.000000  0.000031 
537.000000  538.000000  0.000030 
538.000000  539.000000  0.000030 
539.000000  540.000000  0.000030 
540.000000  541.000000  0.000030 
541.000000  542.000000  0.000030 
542.000000  543.000000  0.000030 
543.000000  544.000000  0.000029 
544.000000  545.000000  0.000029 
545.000000  546.000000  0.000029 
546.000000  547.000000  0.000029 
547.000000  548.000000  0.000029 
548.000000  549.000000  0.000028 
549.000000  550.000000  0.000028 
550.000000  551.000000  0.000028 
551.000000  552.000000  0.000028 
552.000000  553.000000  0.000028 
553.000000  554.000000  0.000028 
554.000000  555.000000  0.000027 
555.000000  556.000000  0.000027 
556.000000  557.000000  0.000027 
557.000000  558.000000  0.000027 
558.000000  559.000000  0.000027 
559.000000  560.000000  0.000027 
560.000000  561.000000  0.000027 
561.000000  562.000000  0.000026 
562.000000  563.000000  0.000026 
563.000000  564.000000  0.000026 
564.000000  565.000000  0.000026 
565.000000  566.000000  0.000026 
566.000000  567.000000  0.000026 
567.000000  568.000000  0.000026 
568.000000  569.000000  0.000025 
569.000000  570.000000  0.000025 
570.000000  571.000000  0.000025 
571.000000  572.000000  0.000025 
572.000000  573.000000  0.000025 
573.000000  574.000000  0.000025 
574.000000  575.000000  0.000025 
575.000000  576.000000  0.000024 
576.000000  577.000000  0.000024 
577.000000  578.000000  0.000024 
578.000000  579.000000  0.000024 
579.000000  580.000000  0.000024 
580.000000  581.000000  0.000024 
581.000000  582.000000  0.000024 
582.000000  583.000000  0.000024 
583.000000  584.000000  0.000023 
584.000000  585.000000  0.000023 
585.000000  586.000000  0.000023 
586.000000  587.000000  0.000023 
587.000000  588.000000  0.000023 
588.000000  589.000000  0.000023 
589.000000  590.000000  0.000023 
590.000000  591.000000  0.000023 
591.000000  592.000000  0.000023 
592.000000  593.000000  0.000022 
593.000000  594.000000  0.000022 
594.000000  595.000000  0.000022 
595.000000  596.000000  0.000022 
596.000000  597.000000  0.000022 
597.000000  598.000000  0.000022 
598.000000  599.000000  0.000022 
599.000000  600.000000  0.000022 
600.000000  601.000000  0.000022 
601.000000  602.000000  0.000021 
602.000000  603.000000  0.000021 
603.000000  604.000000  0.000021 
604.000000  605.000000  0.000021 
605.000000  606.000000  0.000021 
606.000000  607.000000  0.000021 
607.000000  608.000000  0.000021 
608.000000  609.000000  0.000021 
609.000000  610.000000  0.000021 
610.000000  611.000000  0.000021 
611.000000  612.000000  0.000021 
612.000000  613.000000  0.000020 
613.000000  614.000000  0.000020 
614.000000  615.000000  0.000020 
615.000000  616.000000  0.000020 
616.000000  617.000000  0.000020 
617.000000  618.000000  0.000020 
618.000000  619.000000  0.000020 
619.000000  620.000000  0.000020 
620.000000  621.000000  0.000020 
621.000000  622.000000  0.000020 
622.000000  623.000000  0.000020 
623.000000  624.000000  0.000020 
624.000000  625.000000  0.000019 
625.000000  626.000000  0.000019 
626.000000  627.000000  0.000019 
627.000000  628.000000  0.000019 
628.000000  629.000000  0.000019 
629.000000  630.000000  0.000019 
630.000000  631.000000  0.000019 
631.000000  632.000000  0.000019 
632.000000  633.000000  0.000019 
633.000000  634.000000  0.000019 
634.000000  635.000000  0.000019 
635.000000  636.000000  0.000019 
636.000000  637.000000  0.000019 
637.000000  638.000000  0.000019 
638.000000  639.000000  0.000018 
639.000000  640.000000  0.000018 
640.000000  641.000000  0.000018 
641.000000  642.000000  0.000018 
642.000000  643.000000  0.000018 
643.000000  644.000000  0.000018 
644.000000  645.000000  0.000018 
645.000000  646.000000  0.000018 
646.000000  647.000000  0.000018 
647.000000  648.000000  0.000018 
648.000000  649.000000  0.000018 
649.000000  650.000000  0.000018 
650.000000  651.000000  0.000018 
651.000000  652.000000  0.000018 
652.000000  653.000000  0.000018 
653.000000  654.000000  0.000018 
654.000000  655.000000  0.000017 
655.000000  656.000000  0.000017 
656.000000  657.000000  0.000017 
657.000000  658.000000  0.000017 
658.000000  659.000000  0.000017 
659.000000  660.000000  0.000017 
660.000000  661.000000  0.000017 
661.000000  662.000000  0.000017 
662.000000  663.000000  0.000017 
663.000000  664.000000  0.000017 
664.000000  665.000000  0.000017 
665.000000  666.000000  0.000017 
666.000000  667.000000  0.000017 
667.000000  668.000000  0.000017 
668.000000  669.000000  0.000017 
669.000000  670.000000  0.000017 
670.000000  671.000000  0.000017 
671.000000  672.000000  0.000017 
672.000000  673.000000  0.000016 
673.000000  674.000000  0.000016 
674.000000  675.000000  0.000016 
675.000000  676.000000  0.000016 
676.000000  677.000000  0.000016 
677.000000  678.000000  0.000016 
678.000000  679.000000  0.000016 
679.000000  680.000000  0.000016 
680.000000  681.000000  0.000016 
681.000000  682.000000  0.000016 
682.000000  683.000000  0.000016 
683.000000  684.000000  0.000016 
684.000000  685.000000  0.000016 
685.000000  686.000000  0.000016 
686.000000  687.000000  0.000016 
687.000000  688.000000  0.000016 
688.000000  689.000000  0.000016 
689.000000  690.000000  0.000016 
690.000000  691.000000  0.000016 
691.000000  692.000000  0.000016 
692.000000  693.000000  0.000016 
693.000000  694.000000  0.000016 
694.000000  695.000000  0.000016 
695.000000  696.000000  0.000015 
696.000000  697.000000  0.000015 
697.000000  698.000000  0.000015 
698.000000  699.000000  0.000015 
699.000000  700.000000  0.000015 
700.000000  701.000000  0.000015 
701.000000  702.000000  0.000015 
702.000000  703.000000  0.000015 
703.000000  704.000000  0.000015 
704.000000  705.000000  0.000015 
705.000000  706.000000  0.000015 
706.000000  707.000000  0.000015 
707.000000  708.000000  0.000015 
708.000000  709.000000  0.000015 
709.000000  710.000000  0.000015 
710.000000  711.000000  0.000015 
711.000000  712.000000  0.000015 
712.000000  713.000000  0.000015 
713.000000  714.000000  0.000015 
714.000000  715.000000  0.000015 
715.000000  716.000000  0.000015 
716.000000  717.000000  0.000015 
717.000000  718.000000  0.000015 
718.000000  719.000000  0.000015 
719.000000  720.000000  0.000015 
720.000000  721.000000  0.000015 
721.000000  722.000000  0.000015 
722.000000  723.000000  0.000015 
723.000000  724.000000  0.000015 
724.000000  725.000000  0.000015 
725.000000  726.000000  0.000014 
726.000000  727.000000  0.000014 
727.000000  728.000000  0.000014 
728.000000  729.000000  0.000014 
729.000000  730.000000  0.000014 
730.000000  731.000000  0.000014 
731.000000  732.000000  0.000014 
732.000000  733.000000  0.000014 
733.000000  734.000000  0.000014 
734.000000  735.000000  0.000014 
735.000000  736.000000  0.000014 
736.000000  737.000000  0.000014 
737.000000  738.000000  0.000014 
738.000000  739.000000  0.000014 
739.000000  740.000000  0.000014 
740.000000  741.000000  0.000014 
741.000000  742.000000  0.000014 
742.000000  743.000000  0.000014 
743.000000  744.000000  0.000014 
744.000000  745.000000  0.000014 
745.000000  746.000000  0.000014 
746.000000  747.000000  0.000014 
747.000000  748.000000  0.000014 
748.000000  749.000000  0.000014 
749.000000  750.000000  0.000014 
750.000000  751.000000  0.000014 
751.000000  752.000000  0.000014 
752.000000  753.000000  0.000014 
753.000000  754.000000  0.000014 
754.000000  755.000000  0.000014 
755.000000  756.000000  0.000014 
756.000000  757.000000  0.000014 
757.000000  758.000000  0.000014 
758.000000  759.000000  0.000014 
759.000000  760.000000  0.000014 
760.000000  761.000000  0.000014 
761.000000  762.000000  0.000014 
762.000000  763.000000  0.000014 
763.000000  764.000000  0.000014 
764.000000  765.000000  0.000014 
765.000000  766.000000  0.000014 
766.000000  767.000000  0.000014 
767.000000  768.000000  0.000013 
768.000000  769.000000  0.000013 
769.000000  770.000000  0.000013 
770.000000  771.000000  0.000013 
771.000000  772.000000  0.000013 
772.000000  773.000000  0.000013 
773.000000  774.000000  0.000013 
774.000000  775.000000  0.000013 
775.000000  776.000000  0.000013 
776.000000  777.000000  0.000013 
777.000000  778.000000  0.000013 
778.000000  779.000000  0.000013 
779.000000  780.000000  0.000013 
780.000000  781.000000  0.000013 
781.000000  782.000000  0.000013 
782.000000  783.000000  0.000013 
783.000000  784.000000  0.000013 
784.000000  785.000000  0.000013 
785.000000  786.000000  0.000013 
786.000000  787.000000  0.000013 
787.000000  788.000000  0.000013 
788.000000  789.000000  0.000013 
789.000000  790.000000  0.000013 
790.000000  791.000000  0.000013 
791.000000  792.000000  0.000013 
792.000000  793.000000  0.000013 
793.000000  794.000000  0.000013 
794.000000  795.000000  0.000013 
795.000000  796.000000  0.000013 
796.000000  797.000000  0.000013 
797.000000  798.000000  0.000013 
798.000000  799.000000  0.000013 
799.000000  800.000000  0.000013 
