17.000000  18.000000  0.000000 
18.000000  19.000000  0.000000 
19.000000  20.000000  0.000000 
20.000000  21.000000  0.000000 
21.000000  22.000000  0.000000 
22.000000  23.000000  0.000000 
23.000000  24.000000  0.000000 
24.000000  25.000000  0.000000 
25.000000  26.000000  0.000000 
26.000000  27.000000  0.000000 
27.000000  28.000000  0.000000 
28.000000  29.000000  0.000001 
29.000000  30.000000  0.000001 
30.000000  31.000000  0.000002 
31.000000  32.000000  0.000003 
32.000000  33.000000  0.000004 
33.000000  34.000000  0.000006 
34.000000  35.000000  0.000008 
35.000000  36.000000  0.000011 
36.000000  37.000000  0.000016 
37.000000  38.000000  0.000021 
38.000000  39.000000  0.000028 
39.000000  40.000000  0.000036 
40.000000  41.000000  0.000046 
41.000000  42.000000  0.000058 
42.000000  43.000000  0.000071 
43.000000  44.000000  0.000088 
44.000000  45.000000  0.000106 
45.000000  46.000000  0.000128 
46.000000  47.000000  0.000151 
47.000000  48.000000  0.000178 
48.000000  49.000000  0.000207 
49.000000  50.000000  0.000239 
50.000000  51.000000  0.000274 
51.000000  52.000000  0.000311 
52.000000  53.000000  0.000351 
53.000000  54.000000  0.000394 
54.000000  55.000000  0.000439 
55.000000  56.000000  0.000486 
56.000000  57.000000  0.000535 
57.000000  58.000000  0.000586 
58.000000  59.000000  0.000639 
59.000000  60.000000  0.000693 
60.000000  61.000000  0.000749 
61.000000  62.000000  0.000806 
62.000000  63.000000  0.000864 
63.000000  64.000000  0.000922 
64.000000  65.000000  0.000981 
65.000000  66.000000  0.001040 
66.000000  67.000000  0.001100 
67.000000  68.000000  0.001159 
68.000000  69.000000  0.001218 
69.000000  70.000000  0.001276 
70.000000  71.000000  0.001334 
71.000000  72.000000  0.001392 
72.000000  73.000000  0.001448 
73.000000  74.000000  0.001504 
74.000000  75.000000  0.001558 
75.000000  76.000000  0.001612 
76.000000  77.000000  0.001664 
77.000000  78.000000  0.001714 
78.000000  79.000000  0.001764 
79.000000  80.000000  0.001811 
80.000000  81.000000  0.001858 
81.000000  82.000000  0.001903 
82.000000  83.000000  0.001946 
83.000000  84.000000  0.001987 
84.000000  85.000000  0.002027 
85.000000  86.000000  0.002072 
86.000000  87.000000  0.002109 
87.000000  88.000000  0.002144 
88.000000  89.000000  0.002177 
89.000000  90.000000  0.002209 
90.000000  91.000000  0.002239 
91.000000  92.000000  0.002267 
92.000000  93.000000  0.002294 
93.000000  94.000000  0.002319 
94.000000  95.000000  0.002343 
95.000000  96.000000  0.002366 
96.000000  97.000000  0.002387 
97.000000  98.000000  0.002407 
98.000000  99.000000  0.002425 
99.000000  100.000000  0.002442 
100.000000  101.000000  0.002457 
101.000000  102.000000  0.002472 
102.000000  103.000000  0.002485 
103.000000  104.000000  0.002497 
104.000000  105.000000  0.002507 
105.000000  106.000000  0.002517 
106.000000  107.000000  0.002525 
107.000000  108.000000  0.002533 
108.000000  109.000000  0.002539 
109.000000  110.000000  0.002544 
110.000000  111.000000  0.002549 
111.000000  112.000000  0.002552 
112.000000  113.000000  0.002554 
113.000000  114.000000  0.002556 
114.000000  115.000000  0.002557 
115.000000  116.000000  0.002557 
116.000000  117.000000  0.002556 
117.000000  118.000000  0.002554 
118.000000  119.000000  0.002551 
119.000000  120.000000  0.002548 
120.000000  121.000000  0.002544 
121.000000  122.000000  0.002540 
122.000000  123.000000  0.002534 
123.000000  124.000000  0.002529 
124.000000  125.000000  0.002522 
125.000000  126.000000  0.002515 
126.000000  127.000000  0.002507 
127.000000  128.000000  0.002499 
128.000000  129.000000  0.002490 
129.000000  130.000000  0.002481 
130.000000  131.000000  0.002471 
131.000000  132.000000  0.002461 
132.000000  133.000000  0.002450 
133.000000  134.000000  0.002439 
134.000000  135.000000  0.002427 
135.000000  136.000000  0.002415 
136.000000  137.000000  0.002403 
137.000000  138.000000  0.002390 
138.000000  139.000000  0.002377 
139.000000  140.000000  0.002363 
140.000000  141.000000  0.002349 
141.000000  142.000000  0.002335 
142.000000  143.000000  0.002320 
143.000000  144.000000  0.002306 
144.000000  145.000000  0.002290 
145.000000  146.000000  0.002275 
146.000000  147.000000  0.002260 
147.000000  148.000000  0.002244 
148.000000  149.000000  0.002228 
149.000000  150.000000  0.002211 
150.000000  151.000000  0.002195 
151.000000  152.000000  0.002178 
152.000000  153.000000  0.002161 
153.000000  154.000000  0.002144 
154.000000  155.000000  0.002127 
155.000000  156.000000  0.002110 
156.000000  157.000000  0.002093 
157.000000  158.000000  0.002075 
158.000000  159.000000  0.002058 
159.000000  160.000000  0.002040 
160.000000  161.000000  0.002022 
161.000000  162.000000  0.002004 
162.000000  163.000000  0.001986 
163.000000  164.000000  0.001968 
164.000000  165.000000  0.001950 
165.000000  166.000000  0.001932 
166.000000  167.000000  0.001914 
167.000000  168.000000  0.001896 
168.000000  169.000000  0.001878 
169.000000  170.000000  0.001860 
170.000000  171.000000  0.001842 
171.000000  172.000000  0.001823 
172.000000  173.000000  0.001805 
173.000000  174.000000  0.001787 
174.000000  175.000000  0.001769 
175.000000  176.000000  0.001751 
176.000000  177.000000  0.001733 
177.000000  178.000000  0.001715 
178.000000  179.000000  0.001698 
179.000000  180.000000  0.001680 
180.000000  181.000000  0.001662 
181.000000  182.000000  0.001645 
182.000000  183.000000  0.001627 
183.000000  184.000000  0.001610 
184.000000  185.000000  0.001592 
185.000000  186.000000  0.001575 
186.000000  187.000000  0.001558 
187.000000  188.000000  0.001541 
188.000000  189.000000  0.001524 
189.000000  190.000000  0.001507 
190.000000  191.000000  0.001491 
191.000000  192.000000  0.001474 
192.000000  193.000000  0.001458 
193.000000  194.000000  0.001442 
194.000000  195.000000  0.001425 
195.000000  196.000000  0.001409 
196.000000  197.000000  0.001393 
197.000000  198.000000  0.001378 
198.000000  199.000000  0.001362 
199.000000  200.000000  0.001347 
200.000000  201.000000  0.001331 
201.000000  202.000000  0.001316 
202.000000  203.000000  0.001301 
203.000000  204.000000  0.001286 
204.000000  205.000000  0.001271 
205.000000  206.000000  0.001257 
206.000000  207.000000  0.001242 
207.000000  208.000000  0.001228 
208.000000  209.000000  0.001214 
209.000000  210.000000  0.001200 
210.000000  211.000000  0.001186 
211.000000  212.000000  0.001172 
212.000000  213.000000  0.001159 
213.000000  214.000000  0.001146 
214.000000  215.000000  0.001132 
215.000000  216.000000  0.001119 
216.000000  217.000000  0.001106 
217.000000  218.000000  0.001094 
218.000000  219.000000  0.001081 
219.000000  220.000000  0.001068 
220.000000  221.000000  0.001056 
221.000000  222.000000  0.001044 
222.000000  223.000000  0.001032 
223.000000  224.000000  0.001020 
224.000000  225.000000  0.001008 
225.000000  226.000000  0.000997 
226.000000  227.000000  0.000985 
227.000000  228.000000  0.000974 
228.000000  229.000000  0.000963 
229.000000  230.000000  0.000952 
230.000000  231.000000  0.000941 
231.000000  232.000000  0.000930 
232.000000  233.000000  0.000920 
233.000000  234.000000  0.000910 
234.000000  235.000000  0.000899 
235.000000  236.000000  0.000889 
236.000000  237.000000  0.000879 
237.000000  238.000000  0.000869 
238.000000  239.000000  0.000860 
239.000000  240.000000  0.000850 
240.000000  241.000000  0.000841 
241.000000  242.000000  0.000831 
242.000000  243.000000  0.000822 
243.000000  244.000000  0.000813 
244.000000  245.000000  0.000804 
245.000000  246.000000  0.000795 
246.000000  247.000000  0.000786 
247.000000  248.000000  0.000778 
248.000000  249.000000  0.000769 
249.000000  250.000000  0.000761 
250.000000  251.000000  0.000753 
251.000000  252.000000  0.000745 
252.000000  253.000000  0.000737 
253.000000  254.000000  0.000729 
254.000000  255.000000  0.000721 
255.000000  256.000000  0.000714 
256.000000  257.000000  0.000706 
257.000000  258.000000  0.000699 
258.000000  259.000000  0.000691 
259.000000  260.000000  0.000684 
260.000000  261.000000  0.000677 
261.000000  262.000000  0.000670 
262.000000  263.000000  0.000663 
263.000000  264.000000  0.000656 
264.000000  265.000000  0.000650 
265.000000  266.000000  0.000643 
266.000000  267.000000  0.000636 
267.000000  268.000000  0.000630 
268.000000  269.000000  0.000624 
269.000000  270.000000  0.000617 
270.000000  271.000000  0.000611 
271.000000  272.000000  0.000605 
272.000000  273.000000  0.000599 
273.000000  274.000000  0.000593 
274.000000  275.000000  0.000588 
275.000000  276.000000  0.000582 
276.000000  277.000000  0.000576 
277.000000  278.000000  0.000571 
278.000000  279.000000  0.000565 
279.000000  280.000000  0.000560 
280.000000  281.000000  0.000555 
281.000000  282.000000  0.000549 
282.000000  283.000000  0.000544 
283.000000  284.000000  0.000539 
284.000000  285.000000  0.000534 
285.000000  286.000000  0.000529 
286.000000  287.000000  0.000525 
287.000000  288.000000  0.000520 
288.000000  289.000000  0.000515 
289.000000  290.000000  0.000510 
290.000000  291.000000  0.000506 
291.000000  292.000000  0.000501 
292.000000  293.000000  0.000497 
293.000000  294.000000  0.000493 
294.000000  295.000000  0.000488 
295.000000  296.000000  0.000484 
296.000000  297.000000  0.000480 
297.000000  298.000000  0.000476 
298.000000  299.000000  0.000472 
299.000000  300.000000  0.000468 
300.000000  301.000000  0.000464 
301.000000  302.000000  0.000460 
302.000000  303.000000  0.000456 
303.000000  304.000000  0.000452 
304.000000  305.000000  0.000448 
305.000000  306.000000  0.000445 
306.000000  307.000000  0.000441 
307.000000  308.000000  0.000438 
308.000000  309.000000  0.000434 
309.000000  310.000000  0.000431 
310.000000  311.000000  0.000427 
311.000000  312.000000  0.000424 
312.000000  313.000000  0.000421 
313.000000  314.000000  0.000417 
314.000000  315.000000  0.000414 
315.000000  316.000000  0.000411 
316.000000  317.000000  0.000408 
317.000000  318.000000  0.000405 
318.000000  319.000000  0.000402 
319.000000  320.000000  0.000399 
320.000000  321.000000  0.000396 
321.000000  322.000000  0.000393 
322.000000  323.000000  0.000390 
323.000000  324.000000  0.000387 
324.000000  325.000000  0.000384 
325.000000  326.000000  0.000382 
326.000000  327.000000  0.000379 
327.000000  328.000000  0.000376 
328.000000  329.000000  0.000374 
329.000000  330.000000  0.000371 
330.000000  331.000000  0.000368 
331.000000  332.000000  0.000366 
332.000000  333.000000  0.000363 
333.000000  334.000000  0.000361 
334.000000  335.000000  0.000359 
335.000000  336.000000  0.000356 
336.000000  337.000000  0.000354 
337.000000  338.000000  0.000352 
338.000000  339.000000  0.000349 
339.000000  340.000000  0.000347 
340.000000  341.000000  0.000345 
341.000000  342.000000  0.000343 
342.000000  343.000000  0.000340 
343.000000  344.000000  0.000338 
344.000000  345.000000  0.000336 
345.000000  346.000000  0.000334 
346.000000  347.000000  0.000332 
347.000000  348.000000  0.000330 
348.000000  349.000000  0.000328 
349.000000  350.000000  0.000326 
350.000000  351.000000  0.000324 
351.000000  352.000000  0.000322 
352.000000  353.000000  0.000320 
353.000000  354.000000  0.000318 
354.000000  355.000000  0.000317 
355.000000  356.000000  0.000315 
356.000000  357.000000  0.000313 
357.000000  358.000000  0.000311 
358.000000  359.000000  0.000309 
359.000000  360.000000  0.000308 
360.000000  361.000000  0.000306 
361.000000  362.000000  0.000304 
362.000000  363.000000  0.000303 
363.000000  364.000000  0.000301 
364.000000  365.000000  0.000300 
365.000000  366.000000  0.000298 
366.000000  367.000000  0.000296 
367.000000  368.000000  0.000295 
368.000000  369.000000  0.000293 
369.000000  370.000000  0.000292 
370.000000  371.000000  0.000290 
371.000000  372.000000  0.000289 
372.000000  373.000000  0.000287 
373.000000  374.000000  0.000286 
374.000000  375.000000  0.000285 
375.000000  376.000000  0.000283 
376.000000  377.000000  0.000282 
377.000000  378.000000  0.000280 
378.000000  379.000000  0.000279 
379.000000  380.000000  0.000278 
380.000000  381.000000  0.000276 
381.000000  382.000000  0.000275 
382.000000  383.000000  0.000274 
383.000000  384.000000  0.000273 
384.000000  385.000000  0.000271 
385.000000  386.000000  0.000270 
386.000000  387.000000  0.000269 
387.000000  388.000000  0.000268 
388.000000  389.000000  0.000267 
389.000000  390.000000  0.000265 
390.000000  391.000000  0.000264 
391.000000  392.000000  0.000263 
392.000000  393.000000  0.000262 
393.000000  394.000000  0.000261 
394.000000  395.000000  0.000260 
395.000000  396.000000  0.000259 
396.000000  397.000000  0.000258 
397.000000  398.000000  0.000257 
398.000000  399.000000  0.000256 
399.000000  400.000000  0.000255 
400.000000  401.000000  0.000254 
401.000000  402.000000  0.000253 
402.000000  403.000000  0.000252 
403.000000  404.000000  0.000251 
404.000000  405.000000  0.000250 
405.000000  406.000000  0.000249 
406.000000  407.000000  0.000248 
407.000000  408.000000  0.000247 
408.000000  409.000000  0.000246 
409.000000  410.000000  0.000245 
410.000000  411.000000  0.000244 
411.000000  412.000000  0.000243 
412.000000  413.000000  0.000242 
413.000000  414.000000  0.000241 
414.000000  415.000000  0.000241 
415.000000  416.000000  0.000240 
416.000000  417.000000  0.000239 
417.000000  418.000000  0.000238 
418.000000  419.000000  0.000237 
419.000000  420.000000  0.000236 
420.000000  421.000000  0.000236 
421.000000  422.000000  0.000235 
422.000000  423.000000  0.000234 
423.000000  424.000000  0.000233 
424.000000  425.000000  0.000233 
425.000000  426.000000  0.000232 
426.000000  427.000000  0.000231 
427.000000  428.000000  0.000230 
428.000000  429.000000  0.000230 
429.000000  430.000000  0.000229 
430.000000  431.000000  0.000228 
431.000000  432.000000  0.000227 
432.000000  433.000000  0.000227 
433.000000  434.000000  0.000226 
434.000000  435.000000  0.000225 
435.000000  436.000000  0.000225 
436.000000  437.000000  0.000224 
437.000000  438.000000  0.000223 
438.000000  439.000000  0.000223 
439.000000  440.000000  0.000222 
440.000000  441.000000  0.000222 
441.000000  442.000000  0.000221 
442.000000  443.000000  0.000220 
443.000000  444.000000  0.000220 
444.000000  445.000000  0.000219 
445.000000  446.000000  0.000218 
446.000000  447.000000  0.000218 
447.000000  448.000000  0.000217 
448.000000  449.000000  0.000217 
449.000000  450.000000  0.000216 
450.000000  451.000000  0.000216 
451.000000  452.000000  0.000215 
452.000000  453.000000  0.000214 
453.000000  454.000000  0.000214 
454.000000  455.000000  0.000213 
455.000000  456.000000  0.000213 
456.000000  457.000000  0.000212 
457.000000  458.000000  0.000212 
458.000000  459.000000  0.000211 
459.000000  460.000000  0.000211 
460.000000  461.000000  0.000210 
461.000000  462.000000  0.000210 
462.000000  463.000000  0.000209 
463.000000  464.000000  0.000209 
464.000000  465.000000  0.000208 
465.000000  466.000000  0.000208 
466.000000  467.000000  0.000207 
467.000000  468.000000  0.000207 
468.000000  469.000000  0.000207 
469.000000  470.000000  0.000206 
470.000000  471.000000  0.000206 
471.000000  472.000000  0.000205 
472.000000  473.000000  0.000205 
473.000000  474.000000  0.000204 
474.000000  475.000000  0.000204 
475.000000  476.000000  0.000203 
476.000000  477.000000  0.000203 
477.000000  478.000000  0.000203 
478.000000  479.000000  0.000202 
479.000000  480.000000  0.000202 
480.000000  481.000000  0.000201 
481.000000  482.000000  0.000201 
482.000000  483.000000  0.000201 
483.000000  484.000000  0.000200 
484.000000  485.000000  0.000200 
485.000000  486.000000  0.000199 
486.000000  487.000000  0.000199 
487.000000  488.000000  0.000199 
488.000000  489.000000  0.000198 
489.000000  490.000000  0.000198 
490.000000  491.000000  0.000198 
491.000000  492.000000  0.000197 
492.000000  493.000000  0.000197 
493.000000  494.000000  0.000197 
494.000000  495.000000  0.000196 
495.000000  496.000000  0.000196 
496.000000  497.000000  0.000196 
497.000000  498.000000  0.000195 
498.000000  499.000000  0.000195 
499.000000  500.000000  0.000195 
500.000000  501.000000  0.000194 
501.000000  502.000000  0.000194 
502.000000  503.000000  0.000194 
503.000000  504.000000  0.000193 
504.000000  505.000000  0.000193 
505.000000  506.000000  0.000193 
506.000000  507.000000  0.000192 
507.000000  508.000000  0.000192 
508.000000  509.000000  0.000192 
509.000000  510.000000  0.000192 
510.000000  511.000000  0.000191 
511.000000  512.000000  0.000191 
512.000000  513.000000  0.000191 
513.000000  514.000000  0.000190 
514.000000  515.000000  0.000190 
515.000000  516.000000  0.000190 
516.000000  517.000000  0.000190 
517.000000  518.000000  0.000189 
518.000000  519.000000  0.000189 
519.000000  520.000000  0.000189 
520.000000  521.000000  0.000189 
521.000000  522.000000  0.000188 
522.000000  523.000000  0.000188 
523.000000  524.000000  0.000188 
524.000000  525.000000  0.000188 
525.000000  526.000000  0.000187 
526.000000  527.000000  0.000187 
527.000000  528.000000  0.000187 
528.000000  529.000000  0.000187 
529.000000  530.000000  0.000186 
530.000000  531.000000  0.000186 
531.000000  532.000000  0.000186 
532.000000  533.000000  0.000186 
533.000000  534.000000  0.000185 
534.000000  535.000000  0.000185 
535.000000  536.000000  0.000185 
536.000000  537.000000  0.000185 
537.000000  538.000000  0.000185 
538.000000  539.000000  0.000184 
539.000000  540.000000  0.000184 
540.000000  541.000000  0.000184 
541.000000  542.000000  0.000184 
542.000000  543.000000  0.000184 
543.000000  544.000000  0.000183 
544.000000  545.000000  0.000183 
545.000000  546.000000  0.000183 
546.000000  547.000000  0.000183 
547.000000  548.000000  0.000183 
548.000000  549.000000  0.000182 
549.000000  550.000000  0.000182 
550.000000  551.000000  0.000182 
551.000000  552.000000  0.000182 
552.000000  553.000000  0.000182 
553.000000  554.000000  0.000181 
554.000000  555.000000  0.000181 
555.000000  556.000000  0.000181 
556.000000  557.000000  0.000181 
557.000000  558.000000  0.000181 
558.000000  559.000000  0.000181 
559.000000  560.000000  0.000180 
560.000000  561.000000  0.000180 
561.000000  562.000000  0.000180 
562.000000  563.000000  0.000180 
563.000000  564.000000  0.000180 
564.000000  565.000000  0.000180 
565.000000  566.000000  0.000179 
566.000000  567.000000  0.000179 
567.000000  568.000000  0.000179 
568.000000  569.000000  0.000179 
569.000000  570.000000  0.000179 
570.000000  571.000000  0.000179 
571.000000  572.000000  0.000178 
572.000000  573.000000  0.000178 
573.000000  574.000000  0.000178 
574.000000  575.000000  0.000178 
575.000000  576.000000  0.000178 
576.000000  577.000000  0.000178 
577.000000  578.000000  0.000178 
578.000000  579.000000  0.000177 
579.000000  580.000000  0.000177 
580.000000  581.000000  0.000177 
581.000000  582.000000  0.000177 
582.000000  583.000000  0.000177 
583.000000  584.000000  0.000177 
584.000000  585.000000  0.000177 
585.000000  586.000000  0.000177 
586.000000  587.000000  0.000176 
587.000000  588.000000  0.000176 
588.000000  589.000000  0.000176 
589.000000  590.000000  0.000176 
590.000000  591.000000  0.000176 
591.000000  592.000000  0.000176 
592.000000  593.000000  0.000176 
593.000000  594.000000  0.000176 
594.000000  595.000000  0.000175 
595.000000  596.000000  0.000175 
596.000000  597.000000  0.000175 
597.000000  598.000000  0.000175 
598.000000  599.000000  0.000175 
599.000000  600.000000  0.000175 
600.000000  601.000000  0.000175 
601.000000  602.000000  0.000175 
602.000000  603.000000  0.000175 
603.000000  604.000000  0.000174 
604.000000  605.000000  0.000174 
605.000000  606.000000  0.000174 
606.000000  607.000000  0.000174 
607.000000  608.000000  0.000174 
608.000000  609.000000  0.000174 
609.000000  610.000000  0.000174 
610.000000  611.000000  0.000174 
611.000000  612.000000  0.000174 
612.000000  613.000000  0.000174 
613.000000  614.000000  0.000173 
614.000000  615.000000  0.000173 
615.000000  616.000000  0.000173 
616.000000  617.000000  0.000173 
617.000000  618.000000  0.000173 
618.000000  619.000000  0.000173 
619.000000  620.000000  0.000173 
620.000000  621.000000  0.000173 
621.000000  622.000000  0.000173 
622.000000  623.000000  0.000173 
623.000000  624.000000  0.000173 
624.000000  625.000000  0.000172 
625.000000  626.000000  0.000172 
626.000000  627.000000  0.000172 
627.000000  628.000000  0.000172 
628.000000  629.000000  0.000172 
629.000000  630.000000  0.000172 
630.000000  631.000000  0.000172 
631.000000  632.000000  0.000172 
632.000000  633.000000  0.000172 
633.000000  634.000000  0.000172 
634.000000  635.000000  0.000172 
635.000000  636.000000  0.000172 
636.000000  637.000000  0.000171 
637.000000  638.000000  0.000171 
638.000000  639.000000  0.000171 
639.000000  640.000000  0.000171 
640.000000  641.000000  0.000171 
641.000000  642.000000  0.000171 
642.000000  643.000000  0.000171 
643.000000  644.000000  0.000171 
644.000000  645.000000  0.000171 
645.000000  646.000000  0.000171 
646.000000  647.000000  0.000171 
647.000000  648.000000  0.000171 
648.000000  649.000000  0.000171 
649.000000  650.000000  0.000171 
650.000000  651.000000  0.000171 
651.000000  652.000000  0.000170 
652.000000  653.000000  0.000170 
653.000000  654.000000  0.000170 
654.000000  655.000000  0.000170 
655.000000  656.000000  0.000170 
656.000000  657.000000  0.000170 
657.000000  658.000000  0.000170 
658.000000  659.000000  0.000170 
659.000000  660.000000  0.000170 
660.000000  661.000000  0.000170 
661.000000  662.000000  0.000170 
662.000000  663.000000  0.000170 
663.000000  664.000000  0.000170 
664.000000  665.000000  0.000170 
665.000000  666.000000  0.000170 
666.000000  667.000000  0.000170 
667.000000  668.000000  0.000170 
668.000000  669.000000  0.000169 
669.000000  670.000000  0.000169 
670.000000  671.000000  0.000169 
671.000000  672.000000  0.000169 
672.000000  673.000000  0.000169 
673.000000  674.000000  0.000169 
674.000000  675.000000  0.000169 
675.000000  676.000000  0.000169 
676.000000  677.000000  0.000169 
677.000000  678.000000  0.000169 
678.000000  679.000000  0.000169 
679.000000  680.000000  0.000169 
680.000000  681.000000  0.000169 
681.000000  682.000000  0.000169 
682.000000  683.000000  0.000169 
683.000000  684.000000  0.000169 
684.000000  685.000000  0.000169 
685.000000  686.000000  0.000169 
686.000000  687.000000  0.000169 
687.000000  688.000000  0.000169 
688.000000  689.000000  0.000169 
689.000000  690.000000  0.000168 
690.000000  691.000000  0.000168 
691.000000  692.000000  0.000168 
692.000000  693.000000  0.000168 
693.000000  694.000000  0.000168 
694.000000  695.000000  0.000168 
695.000000  696.000000  0.000168 
696.000000  697.000000  0.000168 
697.000000  698.000000  0.000168 
698.000000  699.000000  0.000168 
699.000000  700.000000  0.000168 
700.000000  701.000000  0.000168 
701.000000  702.000000  0.000168 
702.000000  703.000000  0.000168 
703.000000  704.000000  0.000168 
704.000000  705.000000  0.000168 
705.000000  706.000000  0.000168 
706.000000  707.000000  0.000168 
707.000000  708.000000  0.000168 
708.000000  709.000000  0.000168 
709.000000  710.000000  0.000168 
710.000000  711.000000  0.000168 
711.000000  712.000000  0.000168 
712.000000  713.000000  0.000168 
713.000000  714.000000  0.000168 
714.000000  715.000000  0.000168 
715.000000  716.000000  0.000168 
716.000000  717.000000  0.000168 
717.000000  718.000000  0.000168 
718.000000  719.000000  0.000167 
719.000000  720.000000  0.000167 
720.000000  721.000000  0.000167 
721.000000  722.000000  0.000167 
722.000000  723.000000  0.000167 
723.000000  724.000000  0.000167 
724.000000  725.000000  0.000167 
725.000000  726.000000  0.000167 
726.000000  727.000000  0.000167 
727.000000  728.000000  0.000167 
728.000000  729.000000  0.000167 
729.000000  730.000000  0.000167 
730.000000  731.000000  0.000167 
731.000000  732.000000  0.000167 
732.000000  733.000000  0.000167 
733.000000  734.000000  0.000167 
734.000000  735.000000  0.000167 
735.000000  736.000000  0.000167 
736.000000  737.000000  0.000167 
737.000000  738.000000  0.000167 
738.000000  739.000000  0.000167 
739.000000  740.000000  0.000167 
740.000000  741.000000  0.000167 
741.000000  742.000000  0.000167 
742.000000  743.000000  0.000167 
743.000000  744.000000  0.000167 
744.000000  745.000000  0.000167 
745.000000  746.000000  0.000167 
746.000000  747.000000  0.000167 
747.000000  748.000000  0.000167 
748.000000  749.000000  0.000167 
749.000000  750.000000  0.000167 
750.000000  751.000000  0.000167 
751.000000  752.000000  0.000167 
752.000000  753.000000  0.000167 
753.000000  754.000000  0.000167 
754.000000  755.000000  0.000167 
755.000000  756.000000  0.000167 
756.000000  757.000000  0.000167 
757.000000  758.000000  0.000167 
758.000000  759.000000  0.000167 
759.000000  760.000000  0.000167 
760.000000  761.000000  0.000167 
761.000000  762.000000  0.000167 
762.000000  763.000000  0.000167 
763.000000  764.000000  0.000167 
764.000000  765.000000  0.000167 
765.000000  766.000000  0.000167 
766.000000  767.000000  0.000167 
767.000000  768.000000  0.000166 
768.000000  769.000000  0.000166 
769.000000  770.000000  0.000166 
770.000000  771.000000  0.000166 
771.000000  772.000000  0.000166 
772.000000  773.000000  0.000166 
773.000000  774.000000  0.000166 
774.000000  775.000000  0.000166 
775.000000  776.000000  0.000166 
776.000000  777.000000  0.000166 
777.000000  778.000000  0.000166 
778.000000  779.000000  0.000166 
779.000000  780.000000  0.000166 
780.000000  781.000000  0.000166 
781.000000  782.000000  0.000166 
782.000000  783.000000  0.000166 
783.000000  784.000000  0.000166 
784.000000  785.000000  0.000166 
785.000000  786.000000  0.000166 
786.000000  787.000000  0.000166 
787.000000  788.000000  0.000166 
788.000000  789.000000  0.000166 
789.000000  790.000000  0.000166 
790.000000  791.000000  0.000166 
791.000000  792.000000  0.000166 
792.000000  793.000000  0.000166 
793.000000  794.000000  0.000166 
794.000000  795.000000  0.000166 
795.000000  796.000000  0.000166 
796.000000  797.000000  0.000166 
797.000000  798.000000  0.000166 
798.000000  799.000000  0.000166 
799.000000  800.000000  0.000166 
