17.000000  18.000000  -0.000000 
18.000000  19.000000  -0.000000 
19.000000  20.000000  -0.000001 
20.000000  21.000000  -0.000001 
21.000000  22.000000  -0.000001 
22.000000  23.000000  -0.000002 
23.000000  24.000000  -0.000002 
24.000000  25.000000  -0.000003 
25.000000  26.000000  -0.000003 
26.000000  27.000000  -0.000004 
27.000000  28.000000  -0.000004 
28.000000  29.000000  -0.000004 
29.000000  30.000000  -0.000004 
30.000000  31.000000  -0.000004 
31.000000  32.000000  -0.000003 
32.000000  33.000000  -0.000001 
33.000000  34.000000  0.000001 
34.000000  35.000000  0.000004 
35.000000  36.000000  0.000008 
36.000000  37.000000  0.000013 
37.000000  38.000000  0.000020 
38.000000  39.000000  0.000027 
39.000000  40.000000  0.000036 
40.000000  41.000000  0.000047 
41.000000  42.000000  0.000058 
42.000000  43.000000  0.000072 
43.000000  44.000000  0.000087 
44.000000  45.000000  0.000103 
45.000000  46.000000  0.000120 
46.000000  47.000000  0.000139 
47.000000  48.000000  0.000159 
48.000000  49.000000  0.000181 
49.000000  50.000000  0.000203 
50.000000  51.000000  0.000227 
51.000000  52.000000  0.000251 
52.000000  53.000000  0.000276 
53.000000  54.000000  0.000302 
54.000000  55.000000  0.000328 
55.000000  56.000000  0.000355 
56.000000  57.000000  0.000382 
57.000000  58.000000  0.000409 
58.000000  59.000000  0.000436 
59.000000  60.000000  0.000463 
60.000000  61.000000  0.000489 
61.000000  62.000000  0.000516 
62.000000  63.000000  0.000542 
63.000000  64.000000  0.000567 
64.000000  65.000000  0.000592 
65.000000  66.000000  0.000616 
66.000000  67.000000  0.000640 
67.000000  68.000000  0.000662 
68.000000  69.000000  0.000684 
69.000000  70.000000  0.000704 
70.000000  71.000000  0.000724 
71.000000  72.000000  0.000743 
72.000000  73.000000  0.000761 
73.000000  74.000000  0.000777 
74.000000  75.000000  0.000793 
75.000000  76.000000  0.000807 
76.000000  77.000000  0.000820 
77.000000  78.000000  0.000831 
78.000000  79.000000  0.000842 
79.000000  80.000000  0.000851 
80.000000  81.000000  0.000860 
81.000000  82.000000  0.000867 
82.000000  83.000000  0.000873 
83.000000  84.000000  0.000878 
84.000000  85.000000  0.000881 
85.000000  86.000000  0.000882 
86.000000  87.000000  0.000883 
87.000000  88.000000  0.000884 
88.000000  89.000000  0.000884 
89.000000  90.000000  0.000883 
90.000000  91.000000  0.000880 
91.000000  92.000000  0.000878 
92.000000  93.000000  0.000874 
93.000000  94.000000  0.000870 
94.000000  95.000000  0.000864 
95.000000  96.000000  0.000859 
96.000000  97.000000  0.000852 
97.000000  98.000000  0.000845 
98.000000  99.000000  0.000838 
99.000000  100.000000  0.000830 
100.000000  101.000000  0.000821 
101.000000  102.000000  0.000812 
102.000000  103.000000  0.000803 
103.000000  104.000000  0.000793 
104.000000  105.000000  0.000783 
105.000000  106.000000  0.000773 
106.000000  107.000000  0.000762 
107.000000  108.000000  0.000752 
108.000000  109.000000  0.000741 
109.000000  110.000000  0.000730 
110.000000  111.000000  0.000718 
111.000000  112.000000  0.000707 
112.000000  113.000000  0.000696 
113.000000  114.000000  0.000684 
114.000000  115.000000  0.000673 
115.000000  116.000000  0.000661 
116.000000  117.000000  0.000650 
117.000000  118.000000  0.000638 
118.000000  119.000000  0.000627 
119.000000  120.000000  0.000616 
120.000000  121.000000  0.000604 
121.000000  122.000000  0.000593 
122.000000  123.000000  0.000582 
123.000000  124.000000  0.000571 
124.000000  125.000000  0.000560 
125.000000  126.000000  0.000549 
126.000000  127.000000  0.000538 
127.000000  128.000000  0.000528 
128.000000  129.000000  0.000518 
129.000000  130.000000  0.000507 
130.000000  131.000000  0.000497 
131.000000  132.000000  0.000487 
132.000000  133.000000  0.000477 
133.000000  134.000000  0.000468 
134.000000  135.000000  0.000458 
135.000000  136.000000  0.000449 
136.000000  137.000000  0.000440 
137.000000  138.000000  0.000431 
138.000000  139.000000  0.000422 
139.000000  140.000000  0.000414 
140.000000  141.000000  0.000405 
141.000000  142.000000  0.000397 
142.000000  143.000000  0.000389 
143.000000  144.000000  0.000381 
144.000000  145.000000  0.000373 
145.000000  146.000000  0.000366 
146.000000  147.000000  0.000358 
147.000000  148.000000  0.000351 
148.000000  149.000000  0.000344 
149.000000  150.000000  0.000337 
150.000000  151.000000  0.000330 
151.000000  152.000000  0.000323 
152.000000  153.000000  0.000317 
153.000000  154.000000  0.000311 
154.000000  155.000000  0.000304 
155.000000  156.000000  0.000298 
156.000000  157.000000  0.000292 
157.000000  158.000000  0.000287 
158.000000  159.000000  0.000281 
159.000000  160.000000  0.000275 
160.000000  161.000000  0.000270 
161.000000  162.000000  0.000265 
162.000000  163.000000  0.000260 
163.000000  164.000000  0.000255 
164.000000  165.000000  0.000250 
165.000000  166.000000  0.000245 
166.000000  167.000000  0.000240 
167.000000  168.000000  0.000236 
168.000000  169.000000  0.000231 
169.000000  170.000000  0.000227 
170.000000  171.000000  0.000223 
171.000000  172.000000  0.000218 
172.000000  173.000000  0.000214 
173.000000  174.000000  0.000210 
174.000000  175.000000  0.000206 
175.000000  176.000000  0.000203 
176.000000  177.000000  0.000199 
177.000000  178.000000  0.000195 
178.000000  179.000000  0.000192 
179.000000  180.000000  0.000188 
180.000000  181.000000  0.000185 
181.000000  182.000000  0.000182 
182.000000  183.000000  0.000178 
183.000000  184.000000  0.000175 
184.000000  185.000000  0.000172 
185.000000  186.000000  0.000169 
186.000000  187.000000  0.000166 
187.000000  188.000000  0.000163 
188.000000  189.000000  0.000160 
189.000000  190.000000  0.000157 
190.000000  191.000000  0.000155 
191.000000  192.000000  0.000152 
192.000000  193.000000  0.000150 
193.000000  194.000000  0.000147 
194.000000  195.000000  0.000144 
195.000000  196.000000  0.000142 
196.000000  197.000000  0.000140 
197.000000  198.000000  0.000137 
198.000000  199.000000  0.000135 
199.000000  200.000000  0.000133 
200.000000  201.000000  0.000131 
201.000000  202.000000  0.000128 
202.000000  203.000000  0.000126 
203.000000  204.000000  0.000124 
204.000000  205.000000  0.000122 
205.000000  206.000000  0.000120 
206.000000  207.000000  0.000118 
207.000000  208.000000  0.000116 
208.000000  209.000000  0.000115 
209.000000  210.000000  0.000113 
210.000000  211.000000  0.000111 
211.000000  212.000000  0.000109 
212.000000  213.000000  0.000107 
213.000000  214.000000  0.000106 
214.000000  215.000000  0.000104 
215.000000  216.000000  0.000102 
216.000000  217.000000  0.000101 
217.000000  218.000000  0.000099 
218.000000  219.000000  0.000098 
219.000000  220.000000  0.000096 
220.000000  221.000000  0.000095 
221.000000  222.000000  0.000093 
222.000000  223.000000  0.000092 
223.000000  224.000000  0.000090 
224.000000  225.000000  0.000089 
225.000000  226.000000  0.000088 
226.000000  227.000000  0.000086 
227.000000  228.000000  0.000085 
228.000000  229.000000  0.000084 
229.000000  230.000000  0.000083 
230.000000  231.000000  0.000081 
231.000000  232.000000  0.000080 
232.000000  233.000000  0.000079 
233.000000  234.000000  0.000078 
234.000000  235.000000  0.000077 
235.000000  236.000000  0.000076 
236.000000  237.000000  0.000075 
237.000000  238.000000  0.000073 
238.000000  239.000000  0.000072 
239.000000  240.000000  0.000071 
240.000000  241.000000  0.000070 
241.000000  242.000000  0.000069 
242.000000  243.000000  0.000068 
243.000000  244.000000  0.000067 
244.000000  245.000000  0.000066 
245.000000  246.000000  0.000066 
246.000000  247.000000  0.000065 
247.000000  248.000000  0.000064 
248.000000  249.000000  0.000063 
249.000000  250.000000  0.000062 
250.000000  251.000000  0.000061 
251.000000  252.000000  0.000060 
252.000000  253.000000  0.000059 
253.000000  254.000000  0.000059 
254.000000  255.000000  0.000058 
255.000000  256.000000  0.000057 
256.000000  257.000000  0.000056 
257.000000  258.000000  0.000056 
258.000000  259.000000  0.000055 
259.000000  260.000000  0.000054 
260.000000  261.000000  0.000053 
261.000000  262.000000  0.000053 
262.000000  263.000000  0.000052 
263.000000  264.000000  0.000051 
264.000000  265.000000  0.000051 
265.000000  266.000000  0.000050 
266.000000  267.000000  0.000049 
267.000000  268.000000  0.000049 
268.000000  269.000000  0.000048 
269.000000  270.000000  0.000047 
270.000000  271.000000  0.000047 
271.000000  272.000000  0.000046 
272.000000  273.000000  0.000046 
273.000000  274.000000  0.000045 
274.000000  275.000000  0.000044 
275.000000  276.000000  0.000044 
276.000000  277.000000  0.000043 
277.000000  278.000000  0.000043 
278.000000  279.000000  0.000042 
279.000000  280.000000  0.000042 
280.000000  281.000000  0.000041 
281.000000  282.000000  0.000041 
282.000000  283.000000  0.000040 
283.000000  284.000000  0.000040 
284.000000  285.000000  0.000039 
285.000000  286.000000  0.000039 
286.000000  287.000000  0.000038 
287.000000  288.000000  0.000038 
288.000000  289.000000  0.000037 
289.000000  290.000000  0.000037 
290.000000  291.000000  0.000036 
291.000000  292.000000  0.000036 
292.000000  293.000000  0.000035 
293.000000  294.000000  0.000035 
294.000000  295.000000  0.000035 
295.000000  296.000000  0.000034 
296.000000  297.000000  0.000034 
297.000000  298.000000  0.000033 
298.000000  299.000000  0.000033 
299.000000  300.000000  0.000033 
300.000000  301.000000  0.000032 
301.000000  302.000000  0.000032 
302.000000  303.000000  0.000032 
303.000000  304.000000  0.000031 
304.000000  305.000000  0.000031 
305.000000  306.000000  0.000030 
306.000000  307.000000  0.000030 
307.000000  308.000000  0.000030 
308.000000  309.000000  0.000029 
309.000000  310.000000  0.000029 
310.000000  311.000000  0.000029 
311.000000  312.000000  0.000028 
312.000000  313.000000  0.000028 
313.000000  314.000000  0.000028 
314.000000  315.000000  0.000027 
315.000000  316.000000  0.000027 
316.000000  317.000000  0.000027 
317.000000  318.000000  0.000027 
318.000000  319.000000  0.000026 
319.000000  320.000000  0.000026 
320.000000  321.000000  0.000026 
321.000000  322.000000  0.000025 
322.000000  323.000000  0.000025 
323.000000  324.000000  0.000025 
324.000000  325.000000  0.000025 
325.000000  326.000000  0.000024 
326.000000  327.000000  0.000024 
327.000000  328.000000  0.000024 
328.000000  329.000000  0.000024 
329.000000  330.000000  0.000023 
330.000000  331.000000  0.000023 
331.000000  332.000000  0.000023 
332.000000  333.000000  0.000023 
333.000000  334.000000  0.000022 
334.000000  335.000000  0.000022 
335.000000  336.000000  0.000022 
336.000000  337.000000  0.000022 
337.000000  338.000000  0.000021 
338.000000  339.000000  0.000021 
339.000000  340.000000  0.000021 
340.000000  341.000000  0.000021 
341.000000  342.000000  0.000021 
342.000000  343.000000  0.000020 
343.000000  344.000000  0.000020 
344.000000  345.000000  0.000020 
345.000000  346.000000  0.000020 
346.000000  347.000000  0.000020 
347.000000  348.000000  0.000019 
348.000000  349.000000  0.000019 
349.000000  350.000000  0.000019 
350.000000  351.000000  0.000019 
351.000000  352.000000  0.000019 
352.000000  353.000000  0.000018 
353.000000  354.000000  0.000018 
354.000000  355.000000  0.000018 
355.000000  356.000000  0.000018 
356.000000  357.000000  0.000018 
357.000000  358.000000  0.000018 
358.000000  359.000000  0.000017 
359.000000  360.000000  0.000017 
360.000000  361.000000  0.000017 
361.000000  362.000000  0.000017 
362.000000  363.000000  0.000017 
363.000000  364.000000  0.000017 
364.000000  365.000000  0.000016 
365.000000  366.000000  0.000016 
366.000000  367.000000  0.000016 
367.000000  368.000000  0.000016 
368.000000  369.000000  0.000016 
369.000000  370.000000  0.000016 
370.000000  371.000000  0.000015 
371.000000  372.000000  0.000015 
372.000000  373.000000  0.000015 
373.000000  374.000000  0.000015 
374.000000  375.000000  0.000015 
375.000000  376.000000  0.000015 
376.000000  377.000000  0.000015 
377.000000  378.000000  0.000015 
378.000000  379.000000  0.000014 
379.000000  380.000000  0.000014 
380.000000  381.000000  0.000014 
381.000000  382.000000  0.000014 
382.000000  383.000000  0.000014 
383.000000  384.000000  0.000014 
384.000000  385.000000  0.000014 
385.000000  386.000000  0.000013 
386.000000  387.000000  0.000013 
387.000000  388.000000  0.000013 
388.000000  389.000000  0.000013 
389.000000  390.000000  0.000013 
390.000000  391.000000  0.000013 
391.000000  392.000000  0.000013 
392.000000  393.000000  0.000013 
393.000000  394.000000  0.000013 
394.000000  395.000000  0.000012 
395.000000  396.000000  0.000012 
396.000000  397.000000  0.000012 
397.000000  398.000000  0.000012 
398.000000  399.000000  0.000012 
399.000000  400.000000  0.000012 
400.000000  401.000000  0.000012 
401.000000  402.000000  0.000012 
402.000000  403.000000  0.000012 
403.000000  404.000000  0.000012 
404.000000  405.000000  0.000011 
405.000000  406.000000  0.000011 
406.000000  407.000000  0.000011 
407.000000  408.000000  0.000011 
408.000000  409.000000  0.000011 
409.000000  410.000000  0.000011 
410.000000  411.000000  0.000011 
411.000000  412.000000  0.000011 
412.000000  413.000000  0.000011 
413.000000  414.000000  0.000011 
414.000000  415.000000  0.000011 
415.000000  416.000000  0.000010 
416.000000  417.000000  0.000010 
417.000000  418.000000  0.000010 
418.000000  419.000000  0.000010 
419.000000  420.000000  0.000010 
420.000000  421.000000  0.000010 
421.000000  422.000000  0.000010 
422.000000  423.000000  0.000010 
423.000000  424.000000  0.000010 
424.000000  425.000000  0.000010 
425.000000  426.000000  0.000010 
426.000000  427.000000  0.000010 
427.000000  428.000000  0.000010 
428.000000  429.000000  0.000009 
429.000000  430.000000  0.000009 
430.000000  431.000000  0.000009 
431.000000  432.000000  0.000009 
432.000000  433.000000  0.000009 
433.000000  434.000000  0.000009 
434.000000  435.000000  0.000009 
435.000000  436.000000  0.000009 
436.000000  437.000000  0.000009 
437.000000  438.000000  0.000009 
438.000000  439.000000  0.000009 
439.000000  440.000000  0.000009 
440.000000  441.000000  0.000009 
441.000000  442.000000  0.000009 
442.000000  443.000000  0.000008 
443.000000  444.000000  0.000008 
444.000000  445.000000  0.000008 
445.000000  446.000000  0.000008 
446.000000  447.000000  0.000008 
447.000000  448.000000  0.000008 
448.000000  449.000000  0.000008 
449.000000  450.000000  0.000008 
450.000000  451.000000  0.000008 
451.000000  452.000000  0.000008 
452.000000  453.000000  0.000008 
453.000000  454.000000  0.000008 
454.000000  455.000000  0.000008 
455.000000  456.000000  0.000008 
456.000000  457.000000  0.000008 
457.000000  458.000000  0.000008 
458.000000  459.000000  0.000008 
459.000000  460.000000  0.000008 
460.000000  461.000000  0.000007 
461.000000  462.000000  0.000007 
462.000000  463.000000  0.000007 
463.000000  464.000000  0.000007 
464.000000  465.000000  0.000007 
465.000000  466.000000  0.000007 
466.000000  467.000000  0.000007 
467.000000  468.000000  0.000007 
468.000000  469.000000  0.000007 
469.000000  470.000000  0.000007 
470.000000  471.000000  0.000007 
471.000000  472.000000  0.000007 
472.000000  473.000000  0.000007 
473.000000  474.000000  0.000007 
474.000000  475.000000  0.000007 
475.000000  476.000000  0.000007 
476.000000  477.000000  0.000007 
477.000000  478.000000  0.000007 
478.000000  479.000000  0.000007 
479.000000  480.000000  0.000007 
480.000000  481.000000  0.000007 
481.000000  482.000000  0.000007 
482.000000  483.000000  0.000006 
483.000000  484.000000  0.000006 
484.000000  485.000000  0.000006 
485.000000  486.000000  0.000006 
486.000000  487.000000  0.000006 
487.000000  488.000000  0.000006 
488.000000  489.000000  0.000006 
489.000000  490.000000  0.000006 
490.000000  491.000000  0.000006 
491.000000  492.000000  0.000006 
492.000000  493.000000  0.000006 
493.000000  494.000000  0.000006 
494.000000  495.000000  0.000006 
495.000000  496.000000  0.000006 
496.000000  497.000000  0.000006 
497.000000  498.000000  0.000006 
498.000000  499.000000  0.000006 
499.000000  500.000000  0.000006 
500.000000  501.000000  0.000006 
501.000000  502.000000  0.000006 
502.000000  503.000000  0.000006 
503.000000  504.000000  0.000006 
504.000000  505.000000  0.000006 
505.000000  506.000000  0.000006 
506.000000  507.000000  0.000006 
507.000000  508.000000  0.000006 
508.000000  509.000000  0.000006 
509.000000  510.000000  0.000006 
510.000000  511.000000  0.000005 
511.000000  512.000000  0.000005 
512.000000  513.000000  0.000005 
513.000000  514.000000  0.000005 
514.000000  515.000000  0.000005 
515.000000  516.000000  0.000005 
516.000000  517.000000  0.000005 
517.000000  518.000000  0.000005 
518.000000  519.000000  0.000005 
519.000000  520.000000  0.000005 
520.000000  521.000000  0.000005 
521.000000  522.000000  0.000005 
522.000000  523.000000  0.000005 
523.000000  524.000000  0.000005 
524.000000  525.000000  0.000005 
525.000000  526.000000  0.000005 
526.000000  527.000000  0.000005 
527.000000  528.000000  0.000005 
528.000000  529.000000  0.000005 
529.000000  530.000000  0.000005 
530.000000  531.000000  0.000005 
531.000000  532.000000  0.000005 
532.000000  533.000000  0.000005 
533.000000  534.000000  0.000005 
534.000000  535.000000  0.000005 
535.000000  536.000000  0.000005 
536.000000  537.000000  0.000005 
537.000000  538.000000  0.000005 
538.000000  539.000000  0.000005 
539.000000  540.000000  0.000005 
540.000000  541.000000  0.000005 
541.000000  542.000000  0.000005 
542.000000  543.000000  0.000005 
543.000000  544.000000  0.000005 
544.000000  545.000000  0.000005 
545.000000  546.000000  0.000005 
546.000000  547.000000  0.000005 
547.000000  548.000000  0.000005 
548.000000  549.000000  0.000005 
549.000000  550.000000  0.000005 
550.000000  551.000000  0.000004 
551.000000  552.000000  0.000004 
552.000000  553.000000  0.000004 
553.000000  554.000000  0.000004 
554.000000  555.000000  0.000004 
555.000000  556.000000  0.000004 
556.000000  557.000000  0.000004 
557.000000  558.000000  0.000004 
558.000000  559.000000  0.000004 
559.000000  560.000000  0.000004 
560.000000  561.000000  0.000004 
561.000000  562.000000  0.000004 
562.000000  563.000000  0.000004 
563.000000  564.000000  0.000004 
564.000000  565.000000  0.000004 
565.000000  566.000000  0.000004 
566.000000  567.000000  0.000004 
567.000000  568.000000  0.000004 
568.000000  569.000000  0.000004 
569.000000  570.000000  0.000004 
570.000000  571.000000  0.000004 
571.000000  572.000000  0.000004 
572.000000  573.000000  0.000004 
573.000000  574.000000  0.000004 
574.000000  575.000000  0.000004 
575.000000  576.000000  0.000004 
576.000000  577.000000  0.000004 
577.000000  578.000000  0.000004 
578.000000  579.000000  0.000004 
579.000000  580.000000  0.000004 
580.000000  581.000000  0.000004 
581.000000  582.000000  0.000004 
582.000000  583.000000  0.000004 
583.000000  584.000000  0.000004 
584.000000  585.000000  0.000004 
585.000000  586.000000  0.000004 
586.000000  587.000000  0.000004 
587.000000  588.000000  0.000004 
588.000000  589.000000  0.000004 
589.000000  590.000000  0.000004 
590.000000  591.000000  0.000004 
591.000000  592.000000  0.000004 
592.000000  593.000000  0.000004 
593.000000  594.000000  0.000004 
594.000000  595.000000  0.000004 
595.000000  596.000000  0.000004 
596.000000  597.000000  0.000004 
597.000000  598.000000  0.000004 
598.000000  599.000000  0.000004 
599.000000  600.000000  0.000004 
600.000000  601.000000  0.000004 
601.000000  602.000000  0.000004 
602.000000  603.000000  0.000004 
603.000000  604.000000  0.000004 
604.000000  605.000000  0.000004 
605.000000  606.000000  0.000004 
606.000000  607.000000  0.000004 
607.000000  608.000000  0.000004 
608.000000  609.000000  0.000004 
609.000000  610.000000  0.000004 
610.000000  611.000000  0.000004 
611.000000  612.000000  0.000004 
612.000000  613.000000  0.000004 
613.000000  614.000000  0.000004 
614.000000  615.000000  0.000004 
615.000000  616.000000  0.000004 
616.000000  617.000000  0.000004 
617.000000  618.000000  0.000004 
618.000000  619.000000  0.000004 
619.000000  620.000000  0.000004 
620.000000  621.000000  0.000004 
621.000000  622.000000  0.000004 
622.000000  623.000000  0.000004 
623.000000  624.000000  0.000003 
624.000000  625.000000  0.000003 
625.000000  626.000000  0.000003 
626.000000  627.000000  0.000003 
627.000000  628.000000  0.000003 
628.000000  629.000000  0.000003 
629.000000  630.000000  0.000003 
630.000000  631.000000  0.000003 
631.000000  632.000000  0.000003 
632.000000  633.000000  0.000003 
633.000000  634.000000  0.000003 
634.000000  635.000000  0.000003 
635.000000  636.000000  0.000003 
636.000000  637.000000  0.000003 
637.000000  638.000000  0.000003 
638.000000  639.000000  0.000003 
639.000000  640.000000  0.000003 
640.000000  641.000000  0.000003 
641.000000  642.000000  0.000003 
642.000000  643.000000  0.000003 
643.000000  644.000000  0.000003 
644.000000  645.000000  0.000003 
645.000000  646.000000  0.000003 
646.000000  647.000000  0.000003 
647.000000  648.000000  0.000003 
648.000000  649.000000  0.000003 
649.000000  650.000000  0.000003 
650.000000  651.000000  0.000003 
651.000000  652.000000  0.000003 
652.000000  653.000000  0.000003 
653.000000  654.000000  0.000003 
654.000000  655.000000  0.000003 
655.000000  656.000000  0.000003 
656.000000  657.000000  0.000003 
657.000000  658.000000  0.000003 
658.000000  659.000000  0.000003 
659.000000  660.000000  0.000003 
660.000000  661.000000  0.000003 
661.000000  662.000000  0.000003 
662.000000  663.000000  0.000003 
663.000000  664.000000  0.000003 
664.000000  665.000000  0.000003 
665.000000  666.000000  0.000003 
666.000000  667.000000  0.000003 
667.000000  668.000000  0.000003 
668.000000  669.000000  0.000003 
669.000000  670.000000  0.000003 
670.000000  671.000000  0.000003 
671.000000  672.000000  0.000003 
672.000000  673.000000  0.000003 
673.000000  674.000000  0.000003 
674.000000  675.000000  0.000003 
675.000000  676.000000  0.000003 
676.000000  677.000000  0.000003 
677.000000  678.000000  0.000003 
678.000000  679.000000  0.000003 
679.000000  680.000000  0.000003 
680.000000  681.000000  0.000003 
681.000000  682.000000  0.000003 
682.000000  683.000000  0.000003 
683.000000  684.000000  0.000003 
684.000000  685.000000  0.000003 
685.000000  686.000000  0.000003 
686.000000  687.000000  0.000003 
687.000000  688.000000  0.000003 
688.000000  689.000000  0.000003 
689.000000  690.000000  0.000003 
690.000000  691.000000  0.000003 
691.000000  692.000000  0.000003 
692.000000  693.000000  0.000003 
693.000000  694.000000  0.000003 
694.000000  695.000000  0.000003 
695.000000  696.000000  0.000003 
696.000000  697.000000  0.000003 
697.000000  698.000000  0.000003 
698.000000  699.000000  0.000003 
699.000000  700.000000  0.000003 
700.000000  701.000000  0.000003 
701.000000  702.000000  0.000003 
702.000000  703.000000  0.000003 
703.000000  704.000000  0.000003 
704.000000  705.000000  0.000003 
705.000000  706.000000  0.000003 
706.000000  707.000000  0.000003 
707.000000  708.000000  0.000003 
708.000000  709.000000  0.000003 
709.000000  710.000000  0.000003 
710.000000  711.000000  0.000003 
711.000000  712.000000  0.000003 
712.000000  713.000000  0.000003 
713.000000  714.000000  0.000003 
714.000000  715.000000  0.000003 
715.000000  716.000000  0.000003 
716.000000  717.000000  0.000003 
717.000000  718.000000  0.000003 
718.000000  719.000000  0.000003 
719.000000  720.000000  0.000003 
720.000000  721.000000  0.000003 
721.000000  722.000000  0.000003 
722.000000  723.000000  0.000003 
723.000000  724.000000  0.000003 
724.000000  725.000000  0.000003 
725.000000  726.000000  0.000003 
726.000000  727.000000  0.000003 
727.000000  728.000000  0.000003 
728.000000  729.000000  0.000003 
729.000000  730.000000  0.000003 
730.000000  731.000000  0.000003 
731.000000  732.000000  0.000003 
732.000000  733.000000  0.000003 
733.000000  734.000000  0.000003 
734.000000  735.000000  0.000003 
735.000000  736.000000  0.000003 
736.000000  737.000000  0.000003 
737.000000  738.000000  0.000003 
738.000000  739.000000  0.000003 
739.000000  740.000000  0.000003 
740.000000  741.000000  0.000003 
741.000000  742.000000  0.000003 
742.000000  743.000000  0.000003 
743.000000  744.000000  0.000003 
744.000000  745.000000  0.000003 
745.000000  746.000000  0.000003 
746.000000  747.000000  0.000003 
747.000000  748.000000  0.000003 
748.000000  749.000000  0.000003 
749.000000  750.000000  0.000003 
750.000000  751.000000  0.000003 
751.000000  752.000000  0.000003 
752.000000  753.000000  0.000003 
753.000000  754.000000  0.000003 
754.000000  755.000000  0.000003 
755.000000  756.000000  0.000003 
756.000000  757.000000  0.000003 
757.000000  758.000000  0.000003 
758.000000  759.000000  0.000003 
759.000000  760.000000  0.000003 
760.000000  761.000000  0.000003 
761.000000  762.000000  0.000003 
762.000000  763.000000  0.000003 
763.000000  764.000000  0.000003 
764.000000  765.000000  0.000003 
765.000000  766.000000  0.000003 
766.000000  767.000000  0.000003 
767.000000  768.000000  0.000003 
768.000000  769.000000  0.000003 
769.000000  770.000000  0.000003 
770.000000  771.000000  0.000003 
771.000000  772.000000  0.000003 
772.000000  773.000000  0.000003 
773.000000  774.000000  0.000003 
774.000000  775.000000  0.000003 
775.000000  776.000000  0.000003 
776.000000  777.000000  0.000003 
777.000000  778.000000  0.000003 
778.000000  779.000000  0.000003 
779.000000  780.000000  0.000003 
780.000000  781.000000  0.000003 
781.000000  782.000000  0.000003 
782.000000  783.000000  0.000003 
783.000000  784.000000  0.000003 
784.000000  785.000000  0.000003 
785.000000  786.000000  0.000003 
786.000000  787.000000  0.000003 
787.000000  788.000000  0.000003 
788.000000  789.000000  0.000003 
789.000000  790.000000  0.000003 
790.000000  791.000000  0.000003 
791.000000  792.000000  0.000003 
792.000000  793.000000  0.000003 
793.000000  794.000000  0.000003 
794.000000  795.000000  0.000003 
795.000000  796.000000  0.000003 
796.000000  797.000000  0.000003 
797.000000  798.000000  0.000003 
798.000000  799.000000  0.000003 
799.000000  800.000000  0.000003 
