17.000000  18.000000  0.005000 
18.000000  19.000000  0.005000 
19.000000  20.000000  0.005000 
20.000000  21.000000  0.005000 
21.000000  22.000000  0.005000 
22.000000  23.000000  0.005000 
23.000000  24.000000  0.005000 
24.000000  25.000000  0.005000 
25.000000  26.000000  0.005000 
26.000000  27.000000  0.005000 
27.000000  28.000000  0.005000 
28.000000  29.000000  0.005000 
29.000000  30.000000  0.004999 
30.000000  31.000000  0.004999 
31.000000  32.000000  0.004998 
32.000000  33.000000  0.004998 
33.000000  34.000000  0.004997 
34.000000  35.000000  0.004995 
35.000000  36.000000  0.004993 
36.000000  37.000000  0.004991 
37.000000  38.000000  0.004988 
38.000000  39.000000  0.004983 
39.000000  40.000000  0.004978 
40.000000  41.000000  0.004972 
41.000000  42.000000  0.004965 
42.000000  43.000000  0.004956 
43.000000  44.000000  0.004946 
44.000000  45.000000  0.004935 
45.000000  46.000000  0.004921 
46.000000  47.000000  0.004906 
47.000000  48.000000  0.004889 
48.000000  49.000000  0.004871 
49.000000  50.000000  0.004850 
50.000000  51.000000  0.004828 
51.000000  52.000000  0.004803 
52.000000  53.000000  0.004777 
53.000000  54.000000  0.004749 
54.000000  55.000000  0.004719 
55.000000  56.000000  0.004687 
56.000000  57.000000  0.004653 
57.000000  58.000000  0.004618 
58.000000  59.000000  0.004581 
59.000000  60.000000  0.004543 
60.000000  61.000000  0.004504 
61.000000  62.000000  0.004463 
62.000000  63.000000  0.004422 
63.000000  64.000000  0.004379 
64.000000  65.000000  0.004336 
65.000000  66.000000  0.004291 
66.000000  67.000000  0.004246 
67.000000  68.000000  0.004201 
68.000000  69.000000  0.004155 
69.000000  70.000000  0.004108 
70.000000  71.000000  0.004062 
71.000000  72.000000  0.004015 
72.000000  73.000000  0.003969 
73.000000  74.000000  0.003922 
74.000000  75.000000  0.003875 
75.000000  76.000000  0.003829 
76.000000  77.000000  0.003782 
77.000000  78.000000  0.003736 
78.000000  79.000000  0.003691 
79.000000  80.000000  0.003646 
80.000000  81.000000  0.003601 
81.000000  82.000000  0.003557 
82.000000  83.000000  0.003513 
83.000000  84.000000  0.003470 
84.000000  85.000000  0.003427 
85.000000  86.000000  0.003381 
86.000000  87.000000  0.003340 
87.000000  88.000000  0.003299 
88.000000  89.000000  0.003259 
89.000000  90.000000  0.003220 
90.000000  91.000000  0.003181 
91.000000  92.000000  0.003143 
92.000000  93.000000  0.003105 
93.000000  94.000000  0.003068 
94.000000  95.000000  0.003032 
95.000000  96.000000  0.002996 
96.000000  97.000000  0.002961 
97.000000  98.000000  0.002927 
98.000000  99.000000  0.002893 
99.000000  100.000000  0.002860 
100.000000  101.000000  0.002827 
101.000000  102.000000  0.002795 
102.000000  103.000000  0.002764 
103.000000  104.000000  0.002733 
104.000000  105.000000  0.002702 
105.000000  106.000000  0.002673 
106.000000  107.000000  0.002643 
107.000000  108.000000  0.002614 
108.000000  109.000000  0.002586 
109.000000  110.000000  0.002558 
110.000000  111.000000  0.002530 
111.000000  112.000000  0.002503 
112.000000  113.000000  0.002476 
113.000000  114.000000  0.002450 
114.000000  115.000000  0.002424 
115.000000  116.000000  0.002398 
116.000000  117.000000  0.002373 
117.000000  118.000000  0.002348 
118.000000  119.000000  0.002323 
119.000000  120.000000  0.002299 
120.000000  121.000000  0.002275 
121.000000  122.000000  0.002251 
122.000000  123.000000  0.002228 
123.000000  124.000000  0.002204 
124.000000  125.000000  0.002181 
125.000000  126.000000  0.002159 
126.000000  127.000000  0.002136 
127.000000  128.000000  0.002114 
128.000000  129.000000  0.002092 
129.000000  130.000000  0.002070 
130.000000  131.000000  0.002048 
131.000000  132.000000  0.002026 
132.000000  133.000000  0.002005 
133.000000  134.000000  0.001983 
134.000000  135.000000  0.001962 
135.000000  136.000000  0.001941 
136.000000  137.000000  0.001921 
137.000000  138.000000  0.001900 
138.000000  139.000000  0.001880 
139.000000  140.000000  0.001859 
140.000000  141.000000  0.001839 
141.000000  142.000000  0.001819 
142.000000  143.000000  0.001799 
143.000000  144.000000  0.001779 
144.000000  145.000000  0.001759 
145.000000  146.000000  0.001740 
146.000000  147.000000  0.001720 
147.000000  148.000000  0.001701 
148.000000  149.000000  0.001682 
149.000000  150.000000  0.001663 
150.000000  151.000000  0.001644 
151.000000  152.000000  0.001625 
152.000000  153.000000  0.001607 
153.000000  154.000000  0.001588 
154.000000  155.000000  0.001570 
155.000000  156.000000  0.001551 
156.000000  157.000000  0.001533 
157.000000  158.000000  0.001515 
158.000000  159.000000  0.001497 
159.000000  160.000000  0.001479 
160.000000  161.000000  0.001462 
161.000000  162.000000  0.001444 
162.000000  163.000000  0.001427 
163.000000  164.000000  0.001409 
164.000000  165.000000  0.001392 
165.000000  166.000000  0.001375 
166.000000  167.000000  0.001358 
167.000000  168.000000  0.001342 
168.000000  169.000000  0.001325 
169.000000  170.000000  0.001309 
170.000000  171.000000  0.001292 
171.000000  172.000000  0.001276 
172.000000  173.000000  0.001260 
173.000000  174.000000  0.001244 
174.000000  175.000000  0.001229 
175.000000  176.000000  0.001213 
176.000000  177.000000  0.001198 
177.000000  178.000000  0.001182 
178.000000  179.000000  0.001167 
179.000000  180.000000  0.001152 
180.000000  181.000000  0.001137 
181.000000  182.000000  0.001123 
182.000000  183.000000  0.001108 
183.000000  184.000000  0.001094 
184.000000  185.000000  0.001080 
185.000000  186.000000  0.001065 
186.000000  187.000000  0.001051 
187.000000  188.000000  0.001038 
188.000000  189.000000  0.001024 
189.000000  190.000000  0.001011 
190.000000  191.000000  0.000997 
191.000000  192.000000  0.000984 
192.000000  193.000000  0.000971 
193.000000  194.000000  0.000958 
194.000000  195.000000  0.000945 
195.000000  196.000000  0.000933 
196.000000  197.000000  0.000920 
197.000000  198.000000  0.000908 
198.000000  199.000000  0.000896 
199.000000  200.000000  0.000884 
200.000000  201.000000  0.000872 
201.000000  202.000000  0.000860 
202.000000  203.000000  0.000849 
203.000000  204.000000  0.000837 
204.000000  205.000000  0.000826 
205.000000  206.000000  0.000815 
206.000000  207.000000  0.000804 
207.000000  208.000000  0.000793 
208.000000  209.000000  0.000782 
209.000000  210.000000  0.000772 
210.000000  211.000000  0.000761 
211.000000  212.000000  0.000751 
212.000000  213.000000  0.000741 
213.000000  214.000000  0.000731 
214.000000  215.000000  0.000721 
215.000000  216.000000  0.000711 
216.000000  217.000000  0.000702 
217.000000  218.000000  0.000692 
218.000000  219.000000  0.000683 
219.000000  220.000000  0.000674 
220.000000  221.000000  0.000664 
221.000000  222.000000  0.000655 
222.000000  223.000000  0.000647 
223.000000  224.000000  0.000638 
224.000000  225.000000  0.000629 
225.000000  226.000000  0.000621 
226.000000  227.000000  0.000612 
227.000000  228.000000  0.000604 
228.000000  229.000000  0.000596 
229.000000  230.000000  0.000588 
230.000000  231.000000  0.000580 
231.000000  232.000000  0.000572 
232.000000  233.000000  0.000565 
233.000000  234.000000  0.000557 
234.000000  235.000000  0.000549 
235.000000  236.000000  0.000542 
236.000000  237.000000  0.000535 
237.000000  238.000000  0.000528 
238.000000  239.000000  0.000521 
239.000000  240.000000  0.000514 
240.000000  241.000000  0.000507 
241.000000  242.000000  0.000500 
242.000000  243.000000  0.000494 
243.000000  244.000000  0.000487 
244.000000  245.000000  0.000480 
245.000000  246.000000  0.000474 
246.000000  247.000000  0.000468 
247.000000  248.000000  0.000462 
248.000000  249.000000  0.000456 
249.000000  250.000000  0.000450 
250.000000  251.000000  0.000444 
251.000000  252.000000  0.000438 
252.000000  253.000000  0.000432 
253.000000  254.000000  0.000427 
254.000000  255.000000  0.000421 
255.000000  256.000000  0.000415 
256.000000  257.000000  0.000410 
257.000000  258.000000  0.000405 
258.000000  259.000000  0.000399 
259.000000  260.000000  0.000394 
260.000000  261.000000  0.000389 
261.000000  262.000000  0.000384 
262.000000  263.000000  0.000379 
263.000000  264.000000  0.000374 
264.000000  265.000000  0.000370 
265.000000  266.000000  0.000365 
266.000000  267.000000  0.000360 
267.000000  268.000000  0.000356 
268.000000  269.000000  0.000351 
269.000000  270.000000  0.000347 
270.000000  271.000000  0.000342 
271.000000  272.000000  0.000338 
272.000000  273.000000  0.000334 
273.000000  274.000000  0.000329 
274.000000  275.000000  0.000325 
275.000000  276.000000  0.000321 
276.000000  277.000000  0.000317 
277.000000  278.000000  0.000313 
278.000000  279.000000  0.000309 
279.000000  280.000000  0.000306 
280.000000  281.000000  0.000302 
281.000000  282.000000  0.000298 
282.000000  283.000000  0.000294 
283.000000  284.000000  0.000291 
284.000000  285.000000  0.000287 
285.000000  286.000000  0.000284 
286.000000  287.000000  0.000280 
287.000000  288.000000  0.000277 
288.000000  289.000000  0.000273 
289.000000  290.000000  0.000270 
290.000000  291.000000  0.000267 
291.000000  292.000000  0.000264 
292.000000  293.000000  0.000260 
293.000000  294.000000  0.000257 
294.000000  295.000000  0.000254 
295.000000  296.000000  0.000251 
296.000000  297.000000  0.000248 
297.000000  298.000000  0.000245 
298.000000  299.000000  0.000242 
299.000000  300.000000  0.000239 
300.000000  301.000000  0.000237 
301.000000  302.000000  0.000234 
302.000000  303.000000  0.000231 
303.000000  304.000000  0.000228 
304.000000  305.000000  0.000226 
305.000000  306.000000  0.000223 
306.000000  307.000000  0.000221 
307.000000  308.000000  0.000218 
308.000000  309.000000  0.000215 
309.000000  310.000000  0.000213 
310.000000  311.000000  0.000211 
311.000000  312.000000  0.000208 
312.000000  313.000000  0.000206 
313.000000  314.000000  0.000203 
314.000000  315.000000  0.000201 
315.000000  316.000000  0.000199 
316.000000  317.000000  0.000197 
317.000000  318.000000  0.000194 
318.000000  319.000000  0.000192 
319.000000  320.000000  0.000190 
320.000000  321.000000  0.000188 
321.000000  322.000000  0.000186 
322.000000  323.000000  0.000184 
323.000000  324.000000  0.000182 
324.000000  325.000000  0.000180 
325.000000  326.000000  0.000178 
326.000000  327.000000  0.000176 
327.000000  328.000000  0.000174 
328.000000  329.000000  0.000172 
329.000000  330.000000  0.000170 
330.000000  331.000000  0.000168 
331.000000  332.000000  0.000166 
332.000000  333.000000  0.000165 
333.000000  334.000000  0.000163 
334.000000  335.000000  0.000161 
335.000000  336.000000  0.000159 
336.000000  337.000000  0.000158 
337.000000  338.000000  0.000156 
338.000000  339.000000  0.000154 
339.000000  340.000000  0.000153 
340.000000  341.000000  0.000151 
341.000000  342.000000  0.000150 
342.000000  343.000000  0.000148 
343.000000  344.000000  0.000146 
344.000000  345.000000  0.000145 
345.000000  346.000000  0.000143 
346.000000  347.000000  0.000142 
347.000000  348.000000  0.000140 
348.000000  349.000000  0.000139 
349.000000  350.000000  0.000138 
350.000000  351.000000  0.000136 
351.000000  352.000000  0.000135 
352.000000  353.000000  0.000133 
353.000000  354.000000  0.000132 
354.000000  355.000000  0.000131 
355.000000  356.000000  0.000129 
356.000000  357.000000  0.000128 
357.000000  358.000000  0.000127 
358.000000  359.000000  0.000125 
359.000000  360.000000  0.000124 
360.000000  361.000000  0.000123 
361.000000  362.000000  0.000122 
362.000000  363.000000  0.000121 
363.000000  364.000000  0.000119 
364.000000  365.000000  0.000118 
365.000000  366.000000  0.000117 
366.000000  367.000000  0.000116 
367.000000  368.000000  0.000115 
368.000000  369.000000  0.000114 
369.000000  370.000000  0.000113 
370.000000  371.000000  0.000111 
371.000000  372.000000  0.000110 
372.000000  373.000000  0.000109 
373.000000  374.000000  0.000108 
374.000000  375.000000  0.000107 
375.000000  376.000000  0.000106 
376.000000  377.000000  0.000105 
377.000000  378.000000  0.000104 
378.000000  379.000000  0.000103 
379.000000  380.000000  0.000102 
380.000000  381.000000  0.000101 
381.000000  382.000000  0.000100 
382.000000  383.000000  0.000099 
383.000000  384.000000  0.000099 
384.000000  385.000000  0.000098 
385.000000  386.000000  0.000097 
386.000000  387.000000  0.000096 
387.000000  388.000000  0.000095 
388.000000  389.000000  0.000094 
389.000000  390.000000  0.000093 
390.000000  391.000000  0.000092 
391.000000  392.000000  0.000092 
392.000000  393.000000  0.000091 
393.000000  394.000000  0.000090 
394.000000  395.000000  0.000089 
395.000000  396.000000  0.000088 
396.000000  397.000000  0.000087 
397.000000  398.000000  0.000087 
398.000000  399.000000  0.000086 
399.000000  400.000000  0.000085 
400.000000  401.000000  0.000084 
401.000000  402.000000  0.000084 
402.000000  403.000000  0.000083 
403.000000  404.000000  0.000082 
404.000000  405.000000  0.000082 
405.000000  406.000000  0.000081 
406.000000  407.000000  0.000080 
407.000000  408.000000  0.000079 
408.000000  409.000000  0.000079 
409.000000  410.000000  0.000078 
410.000000  411.000000  0.000077 
411.000000  412.000000  0.000077 
412.000000  413.000000  0.000076 
413.000000  414.000000  0.000075 
414.000000  415.000000  0.000075 
415.000000  416.000000  0.000074 
416.000000  417.000000  0.000074 
417.000000  418.000000  0.000073 
418.000000  419.000000  0.000072 
419.000000  420.000000  0.000072 
420.000000  421.000000  0.000071 
421.000000  422.000000  0.000071 
422.000000  423.000000  0.000070 
423.000000  424.000000  0.000069 
424.000000  425.000000  0.000069 
425.000000  426.000000  0.000068 
426.000000  427.000000  0.000068 
427.000000  428.000000  0.000067 
428.000000  429.000000  0.000067 
429.000000  430.000000  0.000066 
430.000000  431.000000  0.000066 
431.000000  432.000000  0.000065 
432.000000  433.000000  0.000065 
433.000000  434.000000  0.000064 
434.000000  435.000000  0.000064 
435.000000  436.000000  0.000063 
436.000000  437.000000  0.000063 
437.000000  438.000000  0.000062 
438.000000  439.000000  0.000062 
439.000000  440.000000  0.000061 
440.000000  441.000000  0.000061 
441.000000  442.000000  0.000060 
442.000000  443.000000  0.000060 
443.000000  444.000000  0.000059 
444.000000  445.000000  0.000059 
445.000000  446.000000  0.000058 
446.000000  447.000000  0.000058 
447.000000  448.000000  0.000057 
448.000000  449.000000  0.000057 
449.000000  450.000000  0.000057 
450.000000  451.000000  0.000056 
451.000000  452.000000  0.000056 
452.000000  453.000000  0.000055 
453.000000  454.000000  0.000055 
454.000000  455.000000  0.000055 
455.000000  456.000000  0.000054 
456.000000  457.000000  0.000054 
457.000000  458.000000  0.000053 
458.000000  459.000000  0.000053 
459.000000  460.000000  0.000053 
460.000000  461.000000  0.000052 
461.000000  462.000000  0.000052 
462.000000  463.000000  0.000051 
463.000000  464.000000  0.000051 
464.000000  465.000000  0.000051 
465.000000  466.000000  0.000050 
466.000000  467.000000  0.000050 
467.000000  468.000000  0.000050 
468.000000  469.000000  0.000049 
469.000000  470.000000  0.000049 
470.000000  471.000000  0.000049 
471.000000  472.000000  0.000048 
472.000000  473.000000  0.000048 
473.000000  474.000000  0.000048 
474.000000  475.000000  0.000047 
475.000000  476.000000  0.000047 
476.000000  477.000000  0.000047 
477.000000  478.000000  0.000046 
478.000000  479.000000  0.000046 
479.000000  480.000000  0.000046 
480.000000  481.000000  0.000045 
481.000000  482.000000  0.000045 
482.000000  483.000000  0.000045 
483.000000  484.000000  0.000045 
484.000000  485.000000  0.000044 
485.000000  486.000000  0.000044 
486.000000  487.000000  0.000044 
487.000000  488.000000  0.000043 
488.000000  489.000000  0.000043 
489.000000  490.000000  0.000043 
490.000000  491.000000  0.000043 
491.000000  492.000000  0.000042 
492.000000  493.000000  0.000042 
493.000000  494.000000  0.000042 
494.000000  495.000000  0.000042 
495.000000  496.000000  0.000041 
496.000000  497.000000  0.000041 
497.000000  498.000000  0.000041 
498.000000  499.000000  0.000040 
499.000000  500.000000  0.000040 
500.000000  501.000000  0.000040 
501.000000  502.000000  0.000040 
502.000000  503.000000  0.000040 
503.000000  504.000000  0.000039 
504.000000  505.000000  0.000039 
505.000000  506.000000  0.000039 
506.000000  507.000000  0.000039 
507.000000  508.000000  0.000038 
508.000000  509.000000  0.000038 
509.000000  510.000000  0.000038 
510.000000  511.000000  0.000038 
511.000000  512.000000  0.000037 
512.000000  513.000000  0.000037 
513.000000  514.000000  0.000037 
514.000000  515.000000  0.000037 
515.000000  516.000000  0.000037 
516.000000  517.000000  0.000036 
517.000000  518.000000  0.000036 
518.000000  519.000000  0.000036 
519.000000  520.000000  0.000036 
520.000000  521.000000  0.000036 
521.000000  522.000000  0.000035 
522.000000  523.000000  0.000035 
523.000000  524.000000  0.000035 
524.000000  525.000000  0.000035 
525.000000  526.000000  0.000035 
526.000000  527.000000  0.000034 
527.000000  528.000000  0.000034 
528.000000  529.000000  0.000034 
529.000000  530.000000  0.000034 
530.000000  531.000000  0.000034 
531.000000  532.000000  0.000034 
532.000000  533.000000  0.000033 
533.000000  534.000000  0.000033 
534.000000  535.000000  0.000033 
535.000000  536.000000  0.000033 
536.000000  537.000000  0.000033 
537.000000  538.000000  0.000033 
538.000000  539.000000  0.000032 
539.000000  540.000000  0.000032 
540.000000  541.000000  0.000032 
541.000000  542.000000  0.000032 
542.000000  543.000000  0.000032 
543.000000  544.000000  0.000032 
544.000000  545.000000  0.000031 
545.000000  546.000000  0.000031 
546.000000  547.000000  0.000031 
547.000000  548.000000  0.000031 
548.000000  549.000000  0.000031 
549.000000  550.000000  0.000031 
550.000000  551.000000  0.000031 
551.000000  552.000000  0.000030 
552.000000  553.000000  0.000030 
553.000000  554.000000  0.000030 
554.000000  555.000000  0.000030 
555.000000  556.000000  0.000030 
556.000000  557.000000  0.000030 
557.000000  558.000000  0.000030 
558.000000  559.000000  0.000030 
559.000000  560.000000  0.000029 
560.000000  561.000000  0.000029 
561.000000  562.000000  0.000029 
562.000000  563.000000  0.000029 
563.000000  564.000000  0.000029 
564.000000  565.000000  0.000029 
565.000000  566.000000  0.000029 
566.000000  567.000000  0.000029 
567.000000  568.000000  0.000028 
568.000000  569.000000  0.000028 
569.000000  570.000000  0.000028 
570.000000  571.000000  0.000028 
571.000000  572.000000  0.000028 
572.000000  573.000000  0.000028 
573.000000  574.000000  0.000028 
574.000000  575.000000  0.000028 
575.000000  576.000000  0.000027 
576.000000  577.000000  0.000027 
577.000000  578.000000  0.000027 
578.000000  579.000000  0.000027 
579.000000  580.000000  0.000027 
580.000000  581.000000  0.000027 
581.000000  582.000000  0.000027 
582.000000  583.000000  0.000027 
583.000000  584.000000  0.000027 
584.000000  585.000000  0.000027 
585.000000  586.000000  0.000026 
586.000000  587.000000  0.000026 
587.000000  588.000000  0.000026 
588.000000  589.000000  0.000026 
589.000000  590.000000  0.000026 
590.000000  591.000000  0.000026 
591.000000  592.000000  0.000026 
592.000000  593.000000  0.000026 
593.000000  594.000000  0.000026 
594.000000  595.000000  0.000026 
595.000000  596.000000  0.000026 
596.000000  597.000000  0.000025 
597.000000  598.000000  0.000025 
598.000000  599.000000  0.000025 
599.000000  600.000000  0.000025 
600.000000  601.000000  0.000025 
601.000000  602.000000  0.000025 
602.000000  603.000000  0.000025 
603.000000  604.000000  0.000025 
604.000000  605.000000  0.000025 
605.000000  606.000000  0.000025 
606.000000  607.000000  0.000025 
607.000000  608.000000  0.000025 
608.000000  609.000000  0.000024 
609.000000  610.000000  0.000024 
610.000000  611.000000  0.000024 
611.000000  612.000000  0.000024 
612.000000  613.000000  0.000024 
613.000000  614.000000  0.000024 
614.000000  615.000000  0.000024 
615.000000  616.000000  0.000024 
616.000000  617.000000  0.000024 
617.000000  618.000000  0.000024 
618.000000  619.000000  0.000024 
619.000000  620.000000  0.000024 
620.000000  621.000000  0.000024 
621.000000  622.000000  0.000024 
622.000000  623.000000  0.000023 
623.000000  624.000000  0.000023 
624.000000  625.000000  0.000023 
625.000000  626.000000  0.000023 
626.000000  627.000000  0.000023 
627.000000  628.000000  0.000023 
628.000000  629.000000  0.000023 
629.000000  630.000000  0.000023 
630.000000  631.000000  0.000023 
631.000000  632.000000  0.000023 
632.000000  633.000000  0.000023 
633.000000  634.000000  0.000023 
634.000000  635.000000  0.000023 
635.000000  636.000000  0.000023 
636.000000  637.000000  0.000023 
637.000000  638.000000  0.000023 
638.000000  639.000000  0.000023 
639.000000  640.000000  0.000022 
640.000000  641.000000  0.000022 
641.000000  642.000000  0.000022 
642.000000  643.000000  0.000022 
643.000000  644.000000  0.000022 
644.000000  645.000000  0.000022 
645.000000  646.000000  0.000022 
646.000000  647.000000  0.000022 
647.000000  648.000000  0.000022 
648.000000  649.000000  0.000022 
649.000000  650.000000  0.000022 
650.000000  651.000000  0.000022 
651.000000  652.000000  0.000022 
652.000000  653.000000  0.000022 
653.000000  654.000000  0.000022 
654.000000  655.000000  0.000022 
655.000000  656.000000  0.000022 
656.000000  657.000000  0.000022 
657.000000  658.000000  0.000022 
658.000000  659.000000  0.000022 
659.000000  660.000000  0.000022 
660.000000  661.000000  0.000021 
661.000000  662.000000  0.000021 
662.000000  663.000000  0.000021 
663.000000  664.000000  0.000021 
664.000000  665.000000  0.000021 
665.000000  666.000000  0.000021 
666.000000  667.000000  0.000021 
667.000000  668.000000  0.000021 
668.000000  669.000000  0.000021 
669.000000  670.000000  0.000021 
670.000000  671.000000  0.000021 
671.000000  672.000000  0.000021 
672.000000  673.000000  0.000021 
673.000000  674.000000  0.000021 
674.000000  675.000000  0.000021 
675.000000  676.000000  0.000021 
676.000000  677.000000  0.000021 
677.000000  678.000000  0.000021 
678.000000  679.000000  0.000021 
679.000000  680.000000  0.000021 
680.000000  681.000000  0.000021 
681.000000  682.000000  0.000021 
682.000000  683.000000  0.000021 
683.000000  684.000000  0.000021 
684.000000  685.000000  0.000021 
685.000000  686.000000  0.000021 
686.000000  687.000000  0.000021 
687.000000  688.000000  0.000021 
688.000000  689.000000  0.000020 
689.000000  690.000000  0.000020 
690.000000  691.000000  0.000020 
691.000000  692.000000  0.000020 
692.000000  693.000000  0.000020 
693.000000  694.000000  0.000020 
694.000000  695.000000  0.000020 
695.000000  696.000000  0.000020 
696.000000  697.000000  0.000020 
697.000000  698.000000  0.000020 
698.000000  699.000000  0.000020 
699.000000  700.000000  0.000020 
700.000000  701.000000  0.000020 
701.000000  702.000000  0.000020 
702.000000  703.000000  0.000020 
703.000000  704.000000  0.000020 
704.000000  705.000000  0.000020 
705.000000  706.000000  0.000020 
706.000000  707.000000  0.000020 
707.000000  708.000000  0.000020 
708.000000  709.000000  0.000020 
709.000000  710.000000  0.000020 
710.000000  711.000000  0.000020 
711.000000  712.000000  0.000020 
712.000000  713.000000  0.000020 
713.000000  714.000000  0.000020 
714.000000  715.000000  0.000020 
715.000000  716.000000  0.000020 
716.000000  717.000000  0.000020 
717.000000  718.000000  0.000020 
718.000000  719.000000  0.000020 
719.000000  720.000000  0.000020 
720.000000  721.000000  0.000020 
721.000000  722.000000  0.000020 
722.000000  723.000000  0.000020 
723.000000  724.000000  0.000020 
724.000000  725.000000  0.000020 
725.000000  726.000000  0.000020 
726.000000  727.000000  0.000020 
727.000000  728.000000  0.000020 
728.000000  729.000000  0.000020 
729.000000  730.000000  0.000020 
730.000000  731.000000  0.000020 
731.000000  732.000000  0.000020 
732.000000  733.000000  0.000020 
733.000000  734.000000  0.000020 
734.000000  735.000000  0.000020 
735.000000  736.000000  0.000020 
736.000000  737.000000  0.000020 
737.000000  738.000000  0.000020 
738.000000  739.000000  0.000020 
739.000000  740.000000  0.000019 
740.000000  741.000000  0.000019 
741.000000  742.000000  0.000019 
742.000000  743.000000  0.000019 
743.000000  744.000000  0.000019 
744.000000  745.000000  0.000019 
745.000000  746.000000  0.000019 
746.000000  747.000000  0.000019 
747.000000  748.000000  0.000019 
748.000000  749.000000  0.000019 
749.000000  750.000000  0.000019 
750.000000  751.000000  0.000019 
751.000000  752.000000  0.000019 
752.000000  753.000000  0.000019 
753.000000  754.000000  0.000019 
754.000000  755.000000  0.000019 
755.000000  756.000000  0.000019 
756.000000  757.000000  0.000019 
757.000000  758.000000  0.000019 
758.000000  759.000000  0.000019 
759.000000  760.000000  0.000019 
760.000000  761.000000  0.000019 
761.000000  762.000000  0.000019 
762.000000  763.000000  0.000019 
763.000000  764.000000  0.000019 
764.000000  765.000000  0.000019 
765.000000  766.000000  0.000019 
766.000000  767.000000  0.000019 
767.000000  768.000000  0.000019 
768.000000  769.000000  0.000019 
769.000000  770.000000  0.000019 
770.000000  771.000000  0.000019 
771.000000  772.000000  0.000019 
772.000000  773.000000  0.000019 
773.000000  774.000000  0.000019 
774.000000  775.000000  0.000019 
775.000000  776.000000  0.000019 
776.000000  777.000000  0.000019 
777.000000  778.000000  0.000019 
778.000000  779.000000  0.000019 
779.000000  780.000000  0.000019 
780.000000  781.000000  0.000019 
781.000000  782.000000  0.000019 
782.000000  783.000000  0.000019 
783.000000  784.000000  0.000019 
784.000000  785.000000  0.000019 
785.000000  786.000000  0.000019 
786.000000  787.000000  0.000019 
787.000000  788.000000  0.000019 
788.000000  789.000000  0.000019 
789.000000  790.000000  0.000019 
790.000000  791.000000  0.000019 
791.000000  792.000000  0.000019 
792.000000  793.000000  0.000019 
793.000000  794.000000  0.000019 
794.000000  795.000000  0.000019 
795.000000  796.000000  0.000019 
796.000000  797.000000  0.000019 
797.000000  798.000000  0.000019 
798.000000  799.000000  0.000019 
799.000000  800.000000  0.000019 
