17.000000  18.000000  0.000000 
18.000000  19.000000  0.000000 
19.000000  20.000000  0.000000 
20.000000  21.000000  0.000000 
21.000000  22.000000  0.000000 
22.000000  23.000000  0.000000 
23.000000  24.000000  0.000000 
24.000000  25.000000  0.000000 
25.000000  26.000000  0.000000 
26.000000  27.000000  0.000000 
27.000000  28.000000  0.000000 
28.000000  29.000000  0.000000 
29.000000  30.000000  0.000001 
30.000000  31.000000  0.000001 
31.000000  32.000000  0.000001 
32.000000  33.000000  0.000002 
33.000000  34.000000  0.000003 
34.000000  35.000000  0.000004 
35.000000  36.000000  0.000006 
36.000000  37.000000  0.000008 
37.000000  38.000000  0.000011 
38.000000  39.000000  0.000015 
39.000000  40.000000  0.000019 
40.000000  41.000000  0.000024 
41.000000  42.000000  0.000030 
42.000000  43.000000  0.000038 
43.000000  44.000000  0.000046 
44.000000  45.000000  0.000056 
45.000000  46.000000  0.000067 
46.000000  47.000000  0.000079 
47.000000  48.000000  0.000092 
48.000000  49.000000  0.000107 
49.000000  50.000000  0.000124 
50.000000  51.000000  0.000141 
51.000000  52.000000  0.000160 
52.000000  53.000000  0.000180 
53.000000  54.000000  0.000201 
54.000000  55.000000  0.000224 
55.000000  56.000000  0.000247 
56.000000  57.000000  0.000271 
57.000000  58.000000  0.000296 
58.000000  59.000000  0.000322 
59.000000  60.000000  0.000348 
60.000000  61.000000  0.000375 
61.000000  62.000000  0.000402 
62.000000  63.000000  0.000430 
63.000000  64.000000  0.000457 
64.000000  65.000000  0.000485 
65.000000  66.000000  0.000512 
66.000000  67.000000  0.000540 
67.000000  68.000000  0.000567 
68.000000  69.000000  0.000594 
69.000000  70.000000  0.000620 
70.000000  71.000000  0.000646 
71.000000  72.000000  0.000672 
72.000000  73.000000  0.000696 
73.000000  74.000000  0.000721 
74.000000  75.000000  0.000744 
75.000000  76.000000  0.000767 
76.000000  77.000000  0.000789 
77.000000  78.000000  0.000810 
78.000000  79.000000  0.000831 
79.000000  80.000000  0.000850 
80.000000  81.000000  0.000869 
81.000000  82.000000  0.000887 
82.000000  83.000000  0.000904 
83.000000  84.000000  0.000921 
84.000000  85.000000  0.000936 
85.000000  86.000000  0.000954 
86.000000  87.000000  0.000968 
87.000000  88.000000  0.000981 
88.000000  89.000000  0.000994 
89.000000  90.000000  0.001005 
90.000000  91.000000  0.001016 
91.000000  92.000000  0.001026 
92.000000  93.000000  0.001036 
93.000000  94.000000  0.001045 
94.000000  95.000000  0.001053 
95.000000  96.000000  0.001061 
96.000000  97.000000  0.001068 
97.000000  98.000000  0.001075 
98.000000  99.000000  0.001081 
99.000000  100.000000  0.001087 
100.000000  101.000000  0.001092 
101.000000  102.000000  0.001097 
102.000000  103.000000  0.001102 
103.000000  104.000000  0.001106 
104.000000  105.000000  0.001110 
105.000000  106.000000  0.001114 
106.000000  107.000000  0.001117 
107.000000  108.000000  0.001120 
108.000000  109.000000  0.001123 
109.000000  110.000000  0.001126 
110.000000  111.000000  0.001128 
111.000000  112.000000  0.001131 
112.000000  113.000000  0.001133 
113.000000  114.000000  0.001135 
114.000000  115.000000  0.001137 
115.000000  116.000000  0.001139 
116.000000  117.000000  0.001141 
117.000000  118.000000  0.001142 
118.000000  119.000000  0.001144 
119.000000  120.000000  0.001146 
120.000000  121.000000  0.001147 
121.000000  122.000000  0.001149 
122.000000  123.000000  0.001151 
123.000000  124.000000  0.001152 
124.000000  125.000000  0.001154 
125.000000  126.000000  0.001155 
126.000000  127.000000  0.001157 
127.000000  128.000000  0.001159 
128.000000  129.000000  0.001160 
129.000000  130.000000  0.001162 
130.000000  131.000000  0.001164 
131.000000  132.000000  0.001166 
132.000000  133.000000  0.001168 
133.000000  134.000000  0.001169 
134.000000  135.000000  0.001171 
135.000000  136.000000  0.001173 
136.000000  137.000000  0.001176 
137.000000  138.000000  0.001178 
138.000000  139.000000  0.001180 
139.000000  140.000000  0.001182 
140.000000  141.000000  0.001184 
141.000000  142.000000  0.001187 
142.000000  143.000000  0.001189 
143.000000  144.000000  0.001192 
144.000000  145.000000  0.001194 
145.000000  146.000000  0.001197 
146.000000  147.000000  0.001200 
147.000000  148.000000  0.001202 
148.000000  149.000000  0.001205 
149.000000  150.000000  0.001208 
150.000000  151.000000  0.001211 
151.000000  152.000000  0.001213 
152.000000  153.000000  0.001216 
153.000000  154.000000  0.001219 
154.000000  155.000000  0.001222 
155.000000  156.000000  0.001225 
156.000000  157.000000  0.001228 
157.000000  158.000000  0.001231 
158.000000  159.000000  0.001234 
159.000000  160.000000  0.001237 
160.000000  161.000000  0.001241 
161.000000  162.000000  0.001244 
162.000000  163.000000  0.001247 
163.000000  164.000000  0.001250 
164.000000  165.000000  0.001253 
165.000000  166.000000  0.001256 
166.000000  167.000000  0.001259 
167.000000  168.000000  0.001262 
168.000000  169.000000  0.001265 
169.000000  170.000000  0.001268 
170.000000  171.000000  0.001271 
171.000000  172.000000  0.001274 
172.000000  173.000000  0.001277 
173.000000  174.000000  0.001280 
174.000000  175.000000  0.001283 
175.000000  176.000000  0.001286 
176.000000  177.000000  0.001289 
177.000000  178.000000  0.001292 
178.000000  179.000000  0.001295 
179.000000  180.000000  0.001298 
180.000000  181.000000  0.001300 
181.000000  182.000000  0.001303 
182.000000  183.000000  0.001306 
183.000000  184.000000  0.001308 
184.000000  185.000000  0.001311 
185.000000  186.000000  0.001313 
186.000000  187.000000  0.001315 
187.000000  188.000000  0.001318 
188.000000  189.000000  0.001320 
189.000000  190.000000  0.001322 
190.000000  191.000000  0.001324 
191.000000  192.000000  0.001327 
192.000000  193.000000  0.001329 
193.000000  194.000000  0.001330 
194.000000  195.000000  0.001332 
195.000000  196.000000  0.001334 
196.000000  197.000000  0.001336 
197.000000  198.000000  0.001338 
198.000000  199.000000  0.001339 
199.000000  200.000000  0.001341 
200.000000  201.000000  0.001342 
201.000000  202.000000  0.001344 
202.000000  203.000000  0.001345 
203.000000  204.000000  0.001346 
204.000000  205.000000  0.001347 
205.000000  206.000000  0.001348 
206.000000  207.000000  0.001349 
207.000000  208.000000  0.001350 
208.000000  209.000000  0.001351 
209.000000  210.000000  0.001352 
210.000000  211.000000  0.001353 
211.000000  212.000000  0.001353 
212.000000  213.000000  0.001354 
213.000000  214.000000  0.001354 
214.000000  215.000000  0.001355 
215.000000  216.000000  0.001355 
216.000000  217.000000  0.001355 
217.000000  218.000000  0.001355 
218.000000  219.000000  0.001355 
219.000000  220.000000  0.001355 
220.000000  221.000000  0.001355 
221.000000  222.000000  0.001355 
222.000000  223.000000  0.001355 
223.000000  224.000000  0.001355 
224.000000  225.000000  0.001354 
225.000000  226.000000  0.001354 
226.000000  227.000000  0.001353 
227.000000  228.000000  0.001353 
228.000000  229.000000  0.001352 
229.000000  230.000000  0.001352 
230.000000  231.000000  0.001351 
231.000000  232.000000  0.001350 
232.000000  233.000000  0.001349 
233.000000  234.000000  0.001348 
234.000000  235.000000  0.001347 
235.000000  236.000000  0.001346 
236.000000  237.000000  0.001345 
237.000000  238.000000  0.001344 
238.000000  239.000000  0.001343 
239.000000  240.000000  0.001341 
240.000000  241.000000  0.001340 
241.000000  242.000000  0.001338 
242.000000  243.000000  0.001337 
243.000000  244.000000  0.001336 
244.000000  245.000000  0.001334 
245.000000  246.000000  0.001332 
246.000000  247.000000  0.001331 
247.000000  248.000000  0.001329 
248.000000  249.000000  0.001327 
249.000000  250.000000  0.001325 
250.000000  251.000000  0.001324 
251.000000  252.000000  0.001322 
252.000000  253.000000  0.001320 
253.000000  254.000000  0.001318 
254.000000  255.000000  0.001316 
255.000000  256.000000  0.001314 
256.000000  257.000000  0.001312 
257.000000  258.000000  0.001310 
258.000000  259.000000  0.001308 
259.000000  260.000000  0.001306 
260.000000  261.000000  0.001303 
261.000000  262.000000  0.001301 
262.000000  263.000000  0.001299 
263.000000  264.000000  0.001297 
264.000000  265.000000  0.001294 
265.000000  266.000000  0.001292 
266.000000  267.000000  0.001290 
267.000000  268.000000  0.001287 
268.000000  269.000000  0.001285 
269.000000  270.000000  0.001283 
270.000000  271.000000  0.001280 
271.000000  272.000000  0.001278 
272.000000  273.000000  0.001275 
273.000000  274.000000  0.001273 
274.000000  275.000000  0.001270 
275.000000  276.000000  0.001268 
276.000000  277.000000  0.001265 
277.000000  278.000000  0.001263 
278.000000  279.000000  0.001260 
279.000000  280.000000  0.001258 
280.000000  281.000000  0.001255 
281.000000  282.000000  0.001253 
282.000000  283.000000  0.001250 
283.000000  284.000000  0.001248 
284.000000  285.000000  0.001245 
285.000000  286.000000  0.001242 
286.000000  287.000000  0.001240 
287.000000  288.000000  0.001237 
288.000000  289.000000  0.001235 
289.000000  290.000000  0.001232 
290.000000  291.000000  0.001229 
291.000000  292.000000  0.001227 
292.000000  293.000000  0.001224 
293.000000  294.000000  0.001222 
294.000000  295.000000  0.001219 
295.000000  296.000000  0.001216 
296.000000  297.000000  0.001214 
297.000000  298.000000  0.001211 
298.000000  299.000000  0.001209 
299.000000  300.000000  0.001206 
300.000000  301.000000  0.001204 
301.000000  302.000000  0.001201 
302.000000  303.000000  0.001198 
303.000000  304.000000  0.001196 
304.000000  305.000000  0.001193 
305.000000  306.000000  0.001191 
306.000000  307.000000  0.001188 
307.000000  308.000000  0.001186 
308.000000  309.000000  0.001183 
309.000000  310.000000  0.001181 
310.000000  311.000000  0.001178 
311.000000  312.000000  0.001176 
312.000000  313.000000  0.001173 
313.000000  314.000000  0.001171 
314.000000  315.000000  0.001168 
315.000000  316.000000  0.001166 
316.000000  317.000000  0.001163 
317.000000  318.000000  0.001161 
318.000000  319.000000  0.001158 
319.000000  320.000000  0.001156 
320.000000  321.000000  0.001154 
321.000000  322.000000  0.001151 
322.000000  323.000000  0.001149 
323.000000  324.000000  0.001147 
324.000000  325.000000  0.001144 
325.000000  326.000000  0.001142 
326.000000  327.000000  0.001140 
327.000000  328.000000  0.001137 
328.000000  329.000000  0.001135 
329.000000  330.000000  0.001133 
330.000000  331.000000  0.001130 
331.000000  332.000000  0.001128 
332.000000  333.000000  0.001126 
333.000000  334.000000  0.001124 
334.000000  335.000000  0.001121 
335.000000  336.000000  0.001119 
336.000000  337.000000  0.001117 
337.000000  338.000000  0.001115 
338.000000  339.000000  0.001113 
339.000000  340.000000  0.001111 
340.000000  341.000000  0.001109 
341.000000  342.000000  0.001106 
342.000000  343.000000  0.001104 
343.000000  344.000000  0.001102 
344.000000  345.000000  0.001100 
345.000000  346.000000  0.001098 
346.000000  347.000000  0.001096 
347.000000  348.000000  0.001094 
348.000000  349.000000  0.001092 
349.000000  350.000000  0.001090 
350.000000  351.000000  0.001088 
351.000000  352.000000  0.001086 
352.000000  353.000000  0.001084 
353.000000  354.000000  0.001083 
354.000000  355.000000  0.001081 
355.000000  356.000000  0.001079 
356.000000  357.000000  0.001077 
357.000000  358.000000  0.001075 
358.000000  359.000000  0.001073 
359.000000  360.000000  0.001071 
360.000000  361.000000  0.001070 
361.000000  362.000000  0.001068 
362.000000  363.000000  0.001066 
363.000000  364.000000  0.001064 
364.000000  365.000000  0.001063 
365.000000  366.000000  0.001061 
366.000000  367.000000  0.001059 
367.000000  368.000000  0.001057 
368.000000  369.000000  0.001056 
369.000000  370.000000  0.001054 
370.000000  371.000000  0.001052 
371.000000  372.000000  0.001051 
372.000000  373.000000  0.001049 
373.000000  374.000000  0.001048 
374.000000  375.000000  0.001046 
375.000000  376.000000  0.001044 
376.000000  377.000000  0.001043 
377.000000  378.000000  0.001041 
378.000000  379.000000  0.001040 
379.000000  380.000000  0.001038 
380.000000  381.000000  0.001037 
381.000000  382.000000  0.001035 
382.000000  383.000000  0.001034 
383.000000  384.000000  0.001032 
384.000000  385.000000  0.001031 
385.000000  386.000000  0.001029 
386.000000  387.000000  0.001028 
387.000000  388.000000  0.001027 
388.000000  389.000000  0.001025 
389.000000  390.000000  0.001024 
390.000000  391.000000  0.001022 
391.000000  392.000000  0.001021 
392.000000  393.000000  0.001020 
393.000000  394.000000  0.001018 
394.000000  395.000000  0.001017 
395.000000  396.000000  0.001016 
396.000000  397.000000  0.001015 
397.000000  398.000000  0.001013 
398.000000  399.000000  0.001012 
399.000000  400.000000  0.001011 
400.000000  401.000000  0.001010 
401.000000  402.000000  0.001008 
402.000000  403.000000  0.001007 
403.000000  404.000000  0.001006 
404.000000  405.000000  0.001005 
405.000000  406.000000  0.001004 
406.000000  407.000000  0.001002 
407.000000  408.000000  0.001001 
408.000000  409.000000  0.001000 
409.000000  410.000000  0.000999 
410.000000  411.000000  0.000998 
411.000000  412.000000  0.000997 
412.000000  413.000000  0.000996 
413.000000  414.000000  0.000995 
414.000000  415.000000  0.000994 
415.000000  416.000000  0.000992 
416.000000  417.000000  0.000991 
417.000000  418.000000  0.000990 
418.000000  419.000000  0.000989 
419.000000  420.000000  0.000988 
420.000000  421.000000  0.000987 
421.000000  422.000000  0.000986 
422.000000  423.000000  0.000985 
423.000000  424.000000  0.000984 
424.000000  425.000000  0.000983 
425.000000  426.000000  0.000982 
426.000000  427.000000  0.000981 
427.000000  428.000000  0.000981 
428.000000  429.000000  0.000980 
429.000000  430.000000  0.000979 
430.000000  431.000000  0.000978 
431.000000  432.000000  0.000977 
432.000000  433.000000  0.000976 
433.000000  434.000000  0.000975 
434.000000  435.000000  0.000974 
435.000000  436.000000  0.000973 
436.000000  437.000000  0.000973 
437.000000  438.000000  0.000972 
438.000000  439.000000  0.000971 
439.000000  440.000000  0.000970 
440.000000  441.000000  0.000969 
441.000000  442.000000  0.000968 
442.000000  443.000000  0.000968 
443.000000  444.000000  0.000967 
444.000000  445.000000  0.000966 
445.000000  446.000000  0.000965 
446.000000  447.000000  0.000964 
447.000000  448.000000  0.000964 
448.000000  449.000000  0.000963 
449.000000  450.000000  0.000962 
450.000000  451.000000  0.000962 
451.000000  452.000000  0.000961 
452.000000  453.000000  0.000960 
453.000000  454.000000  0.000959 
454.000000  455.000000  0.000959 
455.000000  456.000000  0.000958 
456.000000  457.000000  0.000957 
457.000000  458.000000  0.000957 
458.000000  459.000000  0.000956 
459.000000  460.000000  0.000955 
460.000000  461.000000  0.000955 
461.000000  462.000000  0.000954 
462.000000  463.000000  0.000953 
463.000000  464.000000  0.000953 
464.000000  465.000000  0.000952 
465.000000  466.000000  0.000951 
466.000000  467.000000  0.000951 
467.000000  468.000000  0.000950 
468.000000  469.000000  0.000950 
469.000000  470.000000  0.000949 
470.000000  471.000000  0.000948 
471.000000  472.000000  0.000948 
472.000000  473.000000  0.000947 
473.000000  474.000000  0.000947 
474.000000  475.000000  0.000946 
475.000000  476.000000  0.000945 
476.000000  477.000000  0.000945 
477.000000  478.000000  0.000944 
478.000000  479.000000  0.000944 
479.000000  480.000000  0.000943 
480.000000  481.000000  0.000943 
481.000000  482.000000  0.000942 
482.000000  483.000000  0.000942 
483.000000  484.000000  0.000941 
484.000000  485.000000  0.000941 
485.000000  486.000000  0.000940 
486.000000  487.000000  0.000940 
487.000000  488.000000  0.000939 
488.000000  489.000000  0.000939 
489.000000  490.000000  0.000938 
490.000000  491.000000  0.000938 
491.000000  492.000000  0.000937 
492.000000  493.000000  0.000937 
493.000000  494.000000  0.000936 
494.000000  495.000000  0.000936 
495.000000  496.000000  0.000935 
496.000000  497.000000  0.000935 
497.000000  498.000000  0.000935 
498.000000  499.000000  0.000934 
499.000000  500.000000  0.000934 
500.000000  501.000000  0.000933 
501.000000  502.000000  0.000933 
502.000000  503.000000  0.000932 
503.000000  504.000000  0.000932 
504.000000  505.000000  0.000932 
505.000000  506.000000  0.000931 
506.000000  507.000000  0.000931 
507.000000  508.000000  0.000930 
508.000000  509.000000  0.000930 
509.000000  510.000000  0.000930 
510.000000  511.000000  0.000929 
511.000000  512.000000  0.000929 
512.000000  513.000000  0.000928 
513.000000  514.000000  0.000928 
514.000000  515.000000  0.000928 
515.000000  516.000000  0.000927 
516.000000  517.000000  0.000927 
517.000000  518.000000  0.000927 
518.000000  519.000000  0.000926 
519.000000  520.000000  0.000926 
520.000000  521.000000  0.000926 
521.000000  522.000000  0.000925 
522.000000  523.000000  0.000925 
523.000000  524.000000  0.000925 
524.000000  525.000000  0.000924 
525.000000  526.000000  0.000924 
526.000000  527.000000  0.000924 
527.000000  528.000000  0.000923 
528.000000  529.000000  0.000923 
529.000000  530.000000  0.000923 
530.000000  531.000000  0.000922 
531.000000  532.000000  0.000922 
532.000000  533.000000  0.000922 
533.000000  534.000000  0.000921 
534.000000  535.000000  0.000921 
535.000000  536.000000  0.000921 
536.000000  537.000000  0.000921 
537.000000  538.000000  0.000920 
538.000000  539.000000  0.000920 
539.000000  540.000000  0.000920 
540.000000  541.000000  0.000919 
541.000000  542.000000  0.000919 
542.000000  543.000000  0.000919 
543.000000  544.000000  0.000919 
544.000000  545.000000  0.000918 
545.000000  546.000000  0.000918 
546.000000  547.000000  0.000918 
547.000000  548.000000  0.000918 
548.000000  549.000000  0.000917 
549.000000  550.000000  0.000917 
550.000000  551.000000  0.000917 
551.000000  552.000000  0.000917 
552.000000  553.000000  0.000916 
553.000000  554.000000  0.000916 
554.000000  555.000000  0.000916 
555.000000  556.000000  0.000916 
556.000000  557.000000  0.000915 
557.000000  558.000000  0.000915 
558.000000  559.000000  0.000915 
559.000000  560.000000  0.000915 
560.000000  561.000000  0.000914 
561.000000  562.000000  0.000914 
562.000000  563.000000  0.000914 
563.000000  564.000000  0.000914 
564.000000  565.000000  0.000913 
565.000000  566.000000  0.000913 
566.000000  567.000000  0.000913 
567.000000  568.000000  0.000913 
568.000000  569.000000  0.000913 
569.000000  570.000000  0.000912 
570.000000  571.000000  0.000912 
571.000000  572.000000  0.000912 
572.000000  573.000000  0.000912 
573.000000  574.000000  0.000912 
574.000000  575.000000  0.000911 
575.000000  576.000000  0.000911 
576.000000  577.000000  0.000911 
577.000000  578.000000  0.000911 
578.000000  579.000000  0.000911 
579.000000  580.000000  0.000911 
580.000000  581.000000  0.000910 
581.000000  582.000000  0.000910 
582.000000  583.000000  0.000910 
583.000000  584.000000  0.000910 
584.000000  585.000000  0.000910 
585.000000  586.000000  0.000909 
586.000000  587.000000  0.000909 
587.000000  588.000000  0.000909 
588.000000  589.000000  0.000909 
589.000000  590.000000  0.000909 
590.000000  591.000000  0.000909 
591.000000  592.000000  0.000908 
592.000000  593.000000  0.000908 
593.000000  594.000000  0.000908 
594.000000  595.000000  0.000908 
595.000000  596.000000  0.000908 
596.000000  597.000000  0.000908 
597.000000  598.000000  0.000907 
598.000000  599.000000  0.000907 
599.000000  600.000000  0.000907 
600.000000  601.000000  0.000907 
601.000000  602.000000  0.000907 
602.000000  603.000000  0.000907 
603.000000  604.000000  0.000907 
604.000000  605.000000  0.000906 
605.000000  606.000000  0.000906 
606.000000  607.000000  0.000906 
607.000000  608.000000  0.000906 
608.000000  609.000000  0.000906 
609.000000  610.000000  0.000906 
610.000000  611.000000  0.000906 
611.000000  612.000000  0.000905 
612.000000  613.000000  0.000905 
613.000000  614.000000  0.000905 
614.000000  615.000000  0.000905 
615.000000  616.000000  0.000905 
616.000000  617.000000  0.000905 
617.000000  618.000000  0.000905 
618.000000  619.000000  0.000905 
619.000000  620.000000  0.000904 
620.000000  621.000000  0.000904 
621.000000  622.000000  0.000904 
622.000000  623.000000  0.000904 
623.000000  624.000000  0.000904 
624.000000  625.000000  0.000904 
625.000000  626.000000  0.000904 
626.000000  627.000000  0.000904 
627.000000  628.000000  0.000904 
628.000000  629.000000  0.000903 
629.000000  630.000000  0.000903 
630.000000  631.000000  0.000903 
631.000000  632.000000  0.000903 
632.000000  633.000000  0.000903 
633.000000  634.000000  0.000903 
634.000000  635.000000  0.000903 
635.000000  636.000000  0.000903 
636.000000  637.000000  0.000903 
637.000000  638.000000  0.000902 
638.000000  639.000000  0.000902 
639.000000  640.000000  0.000902 
640.000000  641.000000  0.000902 
641.000000  642.000000  0.000902 
642.000000  643.000000  0.000902 
643.000000  644.000000  0.000902 
644.000000  645.000000  0.000902 
645.000000  646.000000  0.000902 
646.000000  647.000000  0.000902 
647.000000  648.000000  0.000901 
648.000000  649.000000  0.000901 
649.000000  650.000000  0.000901 
650.000000  651.000000  0.000901 
651.000000  652.000000  0.000901 
652.000000  653.000000  0.000901 
653.000000  654.000000  0.000901 
654.000000  655.000000  0.000901 
655.000000  656.000000  0.000901 
656.000000  657.000000  0.000901 
657.000000  658.000000  0.000901 
658.000000  659.000000  0.000900 
659.000000  660.000000  0.000900 
660.000000  661.000000  0.000900 
661.000000  662.000000  0.000900 
662.000000  663.000000  0.000900 
663.000000  664.000000  0.000900 
664.000000  665.000000  0.000900 
665.000000  666.000000  0.000900 
666.000000  667.000000  0.000900 
667.000000  668.000000  0.000900 
668.000000  669.000000  0.000900 
669.000000  670.000000  0.000900 
670.000000  671.000000  0.000900 
671.000000  672.000000  0.000899 
672.000000  673.000000  0.000899 
673.000000  674.000000  0.000899 
674.000000  675.000000  0.000899 
675.000000  676.000000  0.000899 
676.000000  677.000000  0.000899 
677.000000  678.000000  0.000899 
678.000000  679.000000  0.000899 
679.000000  680.000000  0.000899 
680.000000  681.000000  0.000899 
681.000000  682.000000  0.000899 
682.000000  683.000000  0.000899 
683.000000  684.000000  0.000899 
684.000000  685.000000  0.000899 
685.000000  686.000000  0.000898 
686.000000  687.000000  0.000898 
687.000000  688.000000  0.000898 
688.000000  689.000000  0.000898 
689.000000  690.000000  0.000898 
690.000000  691.000000  0.000898 
691.000000  692.000000  0.000898 
692.000000  693.000000  0.000898 
693.000000  694.000000  0.000898 
694.000000  695.000000  0.000898 
695.000000  696.000000  0.000898 
696.000000  697.000000  0.000898 
697.000000  698.000000  0.000898 
698.000000  699.000000  0.000898 
699.000000  700.000000  0.000898 
700.000000  701.000000  0.000898 
701.000000  702.000000  0.000898 
702.000000  703.000000  0.000897 
703.000000  704.000000  0.000897 
704.000000  705.000000  0.000897 
705.000000  706.000000  0.000897 
706.000000  707.000000  0.000897 
707.000000  708.000000  0.000897 
708.000000  709.000000  0.000897 
709.000000  710.000000  0.000897 
710.000000  711.000000  0.000897 
711.000000  712.000000  0.000897 
712.000000  713.000000  0.000897 
713.000000  714.000000  0.000897 
714.000000  715.000000  0.000897 
715.000000  716.000000  0.000897 
716.000000  717.000000  0.000897 
717.000000  718.000000  0.000897 
718.000000  719.000000  0.000897 
719.000000  720.000000  0.000897 
720.000000  721.000000  0.000897 
721.000000  722.000000  0.000897 
722.000000  723.000000  0.000896 
723.000000  724.000000  0.000896 
724.000000  725.000000  0.000896 
725.000000  726.000000  0.000896 
726.000000  727.000000  0.000896 
727.000000  728.000000  0.000896 
728.000000  729.000000  0.000896 
729.000000  730.000000  0.000896 
730.000000  731.000000  0.000896 
731.000000  732.000000  0.000896 
732.000000  733.000000  0.000896 
733.000000  734.000000  0.000896 
734.000000  735.000000  0.000896 
735.000000  736.000000  0.000896 
736.000000  737.000000  0.000896 
737.000000  738.000000  0.000896 
738.000000  739.000000  0.000896 
739.000000  740.000000  0.000896 
740.000000  741.000000  0.000896 
741.000000  742.000000  0.000896 
742.000000  743.000000  0.000896 
743.000000  744.000000  0.000896 
744.000000  745.000000  0.000896 
745.000000  746.000000  0.000896 
746.000000  747.000000  0.000896 
747.000000  748.000000  0.000895 
748.000000  749.000000  0.000895 
749.000000  750.000000  0.000895 
750.000000  751.000000  0.000895 
751.000000  752.000000  0.000895 
752.000000  753.000000  0.000895 
753.000000  754.000000  0.000895 
754.000000  755.000000  0.000895 
755.000000  756.000000  0.000895 
756.000000  757.000000  0.000895 
757.000000  758.000000  0.000895 
758.000000  759.000000  0.000895 
759.000000  760.000000  0.000895 
760.000000  761.000000  0.000895 
761.000000  762.000000  0.000895 
762.000000  763.000000  0.000895 
763.000000  764.000000  0.000895 
764.000000  765.000000  0.000895 
765.000000  766.000000  0.000895 
766.000000  767.000000  0.000895 
767.000000  768.000000  0.000895 
768.000000  769.000000  0.000895 
769.000000  770.000000  0.000895 
770.000000  771.000000  0.000895 
771.000000  772.000000  0.000895 
772.000000  773.000000  0.000895 
773.000000  774.000000  0.000895 
774.000000  775.000000  0.000895 
775.000000  776.000000  0.000895 
776.000000  777.000000  0.000895 
777.000000  778.000000  0.000895 
778.000000  779.000000  0.000895 
779.000000  780.000000  0.000895 
780.000000  781.000000  0.000895 
781.000000  782.000000  0.000894 
782.000000  783.000000  0.000894 
783.000000  784.000000  0.000894 
784.000000  785.000000  0.000894 
785.000000  786.000000  0.000894 
786.000000  787.000000  0.000894 
787.000000  788.000000  0.000894 
788.000000  789.000000  0.000894 
789.000000  790.000000  0.000894 
790.000000  791.000000  0.000894 
791.000000  792.000000  0.000894 
792.000000  793.000000  0.000894 
793.000000  794.000000  0.000894 
794.000000  795.000000  0.000894 
795.000000  796.000000  0.000894 
796.000000  797.000000  0.000894 
797.000000  798.000000  0.000894 
798.000000  799.000000  0.000894 
799.000000  800.000000  0.000894 
