17.000000  18.000000  -0.000000 
18.000000  19.000000  -0.000000 
19.000000  20.000000  -0.000000 
20.000000  21.000000  -0.000000 
21.000000  22.000000  -0.000000 
22.000000  23.000000  -0.000000 
23.000000  24.000000  -0.000000 
24.000000  25.000000  -0.000000 
25.000000  26.000000  -0.000000 
26.000000  27.000000  -0.000000 
27.000000  28.000000  -0.000000 
28.000000  29.000000  -0.000000 
29.000000  30.000000  -0.000000 
30.000000  31.000000  -0.000000 
31.000000  32.000000  -0.000000 
32.000000  33.000000  -0.000000 
33.000000  34.000000  -0.000000 
34.000000  35.000000  -0.000000 
35.000000  36.000000  -0.000000 
36.000000  37.000000  -0.000000 
37.000000  38.000000  -0.000000 
38.000000  39.000000  -0.000000 
39.000000  40.000000  -0.000000 
40.000000  41.000000  -0.000000 
41.000000  42.000000  -0.000000 
42.000000  43.000000  -0.000000 
43.000000  44.000000  -0.000000 
44.000000  45.000000  -0.000000 
45.000000  46.000000  -0.000000 
46.000000  47.000000  -0.000000 
47.000000  48.000000  -0.000000 
48.000000  49.000000  -0.000000 
49.000000  50.000000  -0.000000 
50.000000  51.000000  -0.000000 
51.000000  52.000000  -0.000000 
52.000000  53.000000  -0.000000 
53.000000  54.000000  -0.000000 
54.000000  55.000000  -0.000000 
55.000000  56.000000  -0.000000 
56.000000  57.000000  -0.000000 
57.000000  58.000000  -0.000000 
58.000000  59.000000  -0.000000 
59.000000  60.000000  -0.000000 
60.000000  61.000000  -0.000000 
61.000000  62.000000  -0.000000 
62.000000  63.000000  -0.000000 
63.000000  64.000000  -0.000000 
64.000000  65.000000  -0.000000 
65.000000  66.000000  -0.000000 
66.000000  67.000000  -0.000000 
67.000000  68.000000  -0.000000 
68.000000  69.000000  -0.000000 
69.000000  70.000000  -0.000000 
70.000000  71.000000  -0.000000 
71.000000  72.000000  -0.000000 
72.000000  73.000000  -0.000000 
73.000000  74.000000  -0.000000 
74.000000  75.000000  -0.000000 
75.000000  76.000000  -0.000000 
76.000000  77.000000  -0.000000 
77.000000  78.000000  -0.000000 
78.000000  79.000000  -0.000000 
79.000000  80.000000  -0.000000 
80.000000  81.000000  -0.000000 
81.000000  82.000000  -0.000000 
82.000000  83.000000  -0.000000 
83.000000  84.000000  -0.000000 
84.000000  85.000000  -0.000000 
85.000000  86.000000  -0.000000 
86.000000  87.000000  -0.000000 
87.000000  88.000000  -0.000000 
88.000000  89.000000  -0.000000 
89.000000  90.000000  -0.000000 
90.000000  91.000000  -0.000000 
91.000000  92.000000  -0.000000 
92.000000  93.000000  -0.000000 
93.000000  94.000000  -0.000000 
94.000000  95.000000  -0.000000 
95.000000  96.000000  -0.000000 
96.000000  97.000000  -0.000000 
97.000000  98.000000  -0.000000 
98.000000  99.000000  -0.000000 
99.000000  100.000000  -0.000000 
100.000000  101.000000  -0.000000 
101.000000  102.000000  -0.000000 
102.000000  103.000000  -0.000000 
103.000000  104.000000  -0.000000 
104.000000  105.000000  -0.000000 
105.000000  106.000000  -0.000000 
106.000000  107.000000  -0.000000 
107.000000  108.000000  -0.000000 
108.000000  109.000000  -0.000000 
109.000000  110.000000  -0.000000 
110.000000  111.000000  -0.000000 
111.000000  112.000000  -0.000000 
112.000000  113.000000  -0.000000 
113.000000  114.000000  -0.000000 
114.000000  115.000000  -0.000000 
115.000000  116.000000  -0.000000 
116.000000  117.000000  -0.000000 
117.000000  118.000000  -0.000000 
118.000000  119.000000  -0.000000 
119.000000  120.000000  -0.000000 
120.000000  121.000000  -0.000000 
121.000000  122.000000  -0.000000 
122.000000  123.000000  -0.000000 
123.000000  124.000000  -0.000000 
124.000000  125.000000  -0.000000 
125.000000  126.000000  -0.000000 
126.000000  127.000000  -0.000000 
127.000000  128.000000  -0.000000 
128.000000  129.000000  -0.000000 
129.000000  130.000000  -0.000000 
130.000000  131.000000  -0.000000 
131.000000  132.000000  -0.000000 
132.000000  133.000000  -0.000000 
133.000000  134.000000  -0.000000 
134.000000  135.000000  -0.000000 
135.000000  136.000000  -0.000000 
136.000000  137.000000  -0.000000 
137.000000  138.000000  -0.000000 
138.000000  139.000000  -0.000000 
139.000000  140.000000  -0.000000 
140.000000  141.000000  -0.000000 
141.000000  142.000000  -0.000000 
142.000000  143.000000  -0.000000 
143.000000  144.000000  -0.000000 
144.000000  145.000000  -0.000000 
145.000000  146.000000  -0.000000 
146.000000  147.000000  -0.000000 
147.000000  148.000000  -0.000000 
148.000000  149.000000  -0.000000 
149.000000  150.000000  -0.000000 
150.000000  151.000000  -0.000000 
151.000000  152.000000  -0.000000 
152.000000  153.000000  -0.000000 
153.000000  154.000000  -0.000000 
154.000000  155.000000  -0.000000 
155.000000  156.000000  -0.000000 
156.000000  157.000000  -0.000000 
157.000000  158.000000  -0.000000 
158.000000  159.000000  -0.000001 
159.000000  160.000000  -0.000001 
160.000000  161.000000  -0.000001 
161.000000  162.000000  -0.000001 
162.000000  163.000000  -0.000001 
163.000000  164.000000  -0.000001 
164.000000  165.000000  -0.000001 
165.000000  166.000000  -0.000001 
166.000000  167.000000  -0.000001 
167.000000  168.000000  -0.000001 
168.000000  169.000000  -0.000001 
169.000000  170.000000  -0.000001 
170.000000  171.000000  -0.000001 
171.000000  172.000000  -0.000001 
172.000000  173.000000  -0.000001 
173.000000  174.000000  -0.000001 
174.000000  175.000000  -0.000001 
175.000000  176.000000  -0.000001 
176.000000  177.000000  -0.000001 
177.000000  178.000000  -0.000001 
178.000000  179.000000  -0.000001 
179.000000  180.000000  -0.000001 
180.000000  181.000000  -0.000001 
181.000000  182.000000  -0.000001 
182.000000  183.000000  -0.000001 
183.000000  184.000000  -0.000001 
184.000000  185.000000  -0.000001 
185.000000  186.000000  -0.000001 
186.000000  187.000000  -0.000001 
187.000000  188.000000  -0.000000 
188.000000  189.000000  -0.000000 
189.000000  190.000000  -0.000000 
190.000000  191.000000  0.000000 
191.000000  192.000000  0.000000 
192.000000  193.000000  0.000001 
193.000000  194.000000  0.000001 
194.000000  195.000000  0.000001 
195.000000  196.000000  0.000002 
196.000000  197.000000  0.000002 
197.000000  198.000000  0.000003 
198.000000  199.000000  0.000003 
199.000000  200.000000  0.000004 
200.000000  201.000000  0.000004 
201.000000  202.000000  0.000005 
202.000000  203.000000  0.000006 
203.000000  204.000000  0.000006 
204.000000  205.000000  0.000007 
205.000000  206.000000  0.000008 
206.000000  207.000000  0.000009 
207.000000  208.000000  0.000010 
208.000000  209.000000  0.000011 
209.000000  210.000000  0.000012 
210.000000  211.000000  0.000013 
211.000000  212.000000  0.000015 
212.000000  213.000000  0.000016 
213.000000  214.000000  0.000017 
214.000000  215.000000  0.000019 
215.000000  216.000000  0.000021 
216.000000  217.000000  0.000022 
217.000000  218.000000  0.000024 
218.000000  219.000000  0.000026 
219.000000  220.000000  0.000028 
220.000000  221.000000  0.000030 
221.000000  222.000000  0.000032 
222.000000  223.000000  0.000034 
223.000000  224.000000  0.000037 
224.000000  225.000000  0.000039 
225.000000  226.000000  0.000042 
226.000000  227.000000  0.000044 
227.000000  228.000000  0.000047 
228.000000  229.000000  0.000050 
229.000000  230.000000  0.000053 
230.000000  231.000000  0.000056 
231.000000  232.000000  0.000059 
232.000000  233.000000  0.000063 
233.000000  234.000000  0.000066 
234.000000  235.000000  0.000070 
235.000000  236.000000  0.000074 
236.000000  237.000000  0.000077 
237.000000  238.000000  0.000081 
238.000000  239.000000  0.000086 
239.000000  240.000000  0.000090 
240.000000  241.000000  0.000094 
241.000000  242.000000  0.000099 
242.000000  243.000000  0.000103 
243.000000  244.000000  0.000108 
244.000000  245.000000  0.000113 
245.000000  246.000000  0.000118 
246.000000  247.000000  0.000123 
247.000000  248.000000  0.000128 
248.000000  249.000000  0.000133 
249.000000  250.000000  0.000139 
250.000000  251.000000  0.000144 
251.000000  252.000000  0.000150 
252.000000  253.000000  0.000156 
253.000000  254.000000  0.000162 
254.000000  255.000000  0.000168 
255.000000  256.000000  0.000174 
256.000000  257.000000  0.000180 
257.000000  258.000000  0.000187 
258.000000  259.000000  0.000193 
259.000000  260.000000  0.000200 
260.000000  261.000000  0.000207 
261.000000  262.000000  0.000214 
262.000000  263.000000  0.000221 
263.000000  264.000000  0.000228 
264.000000  265.000000  0.000235 
265.000000  266.000000  0.000242 
266.000000  267.000000  0.000250 
267.000000  268.000000  0.000257 
268.000000  269.000000  0.000265 
269.000000  270.000000  0.000273 
270.000000  271.000000  0.000280 
271.000000  272.000000  0.000288 
272.000000  273.000000  0.000296 
273.000000  274.000000  0.000304 
274.000000  275.000000  0.000312 
275.000000  276.000000  0.000321 
276.000000  277.000000  0.000329 
277.000000  278.000000  0.000337 
278.000000  279.000000  0.000346 
279.000000  280.000000  0.000354 
280.000000  281.000000  0.000363 
281.000000  282.000000  0.000371 
282.000000  283.000000  0.000380 
283.000000  284.000000  0.000389 
284.000000  285.000000  0.000398 
285.000000  286.000000  0.000407 
286.000000  287.000000  0.000415 
287.000000  288.000000  0.000424 
288.000000  289.000000  0.000433 
289.000000  290.000000  0.000442 
290.000000  291.000000  0.000451 
291.000000  292.000000  0.000460 
292.000000  293.000000  0.000470 
293.000000  294.000000  0.000479 
294.000000  295.000000  0.000488 
295.000000  296.000000  0.000497 
296.000000  297.000000  0.000506 
297.000000  298.000000  0.000515 
298.000000  299.000000  0.000524 
299.000000  300.000000  0.000534 
300.000000  301.000000  0.000543 
301.000000  302.000000  0.000552 
302.000000  303.000000  0.000561 
303.000000  304.000000  0.000570 
304.000000  305.000000  0.000579 
305.000000  306.000000  0.000588 
306.000000  307.000000  0.000598 
307.000000  308.000000  0.000607 
308.000000  309.000000  0.000616 
309.000000  310.000000  0.000625 
310.000000  311.000000  0.000634 
311.000000  312.000000  0.000643 
312.000000  313.000000  0.000651 
313.000000  314.000000  0.000660 
314.000000  315.000000  0.000669 
315.000000  316.000000  0.000678 
316.000000  317.000000  0.000687 
317.000000  318.000000  0.000695 
318.000000  319.000000  0.000704 
319.000000  320.000000  0.000712 
320.000000  321.000000  0.000721 
321.000000  322.000000  0.000729 
322.000000  323.000000  0.000738 
323.000000  324.000000  0.000746 
324.000000  325.000000  0.000754 
325.000000  326.000000  0.000762 
326.000000  327.000000  0.000770 
327.000000  328.000000  0.000778 
328.000000  329.000000  0.000786 
329.000000  330.000000  0.000794 
330.000000  331.000000  0.000802 
331.000000  332.000000  0.000810 
332.000000  333.000000  0.000817 
333.000000  334.000000  0.000825 
334.000000  335.000000  0.000832 
335.000000  336.000000  0.000839 
336.000000  337.000000  0.000847 
337.000000  338.000000  0.000854 
338.000000  339.000000  0.000861 
339.000000  340.000000  0.000868 
340.000000  341.000000  0.000875 
341.000000  342.000000  0.000881 
342.000000  343.000000  0.000888 
343.000000  344.000000  0.000894 
344.000000  345.000000  0.000901 
345.000000  346.000000  0.000907 
346.000000  347.000000  0.000913 
347.000000  348.000000  0.000920 
348.000000  349.000000  0.000926 
349.000000  350.000000  0.000931 
350.000000  351.000000  0.000937 
351.000000  352.000000  0.000943 
352.000000  353.000000  0.000949 
353.000000  354.000000  0.000954 
354.000000  355.000000  0.000959 
355.000000  356.000000  0.000965 
356.000000  357.000000  0.000970 
357.000000  358.000000  0.000975 
358.000000  359.000000  0.000980 
359.000000  360.000000  0.000984 
360.000000  361.000000  0.000989 
361.000000  362.000000  0.000994 
362.000000  363.000000  0.000998 
363.000000  364.000000  0.001003 
364.000000  365.000000  0.001007 
365.000000  366.000000  0.001011 
366.000000  367.000000  0.001015 
367.000000  368.000000  0.001019 
368.000000  369.000000  0.001023 
369.000000  370.000000  0.001026 
370.000000  371.000000  0.001030 
371.000000  372.000000  0.001033 
372.000000  373.000000  0.001037 
373.000000  374.000000  0.001040 
374.000000  375.000000  0.001043 
375.000000  376.000000  0.001046 
376.000000  377.000000  0.001049 
377.000000  378.000000  0.001052 
378.000000  379.000000  0.001055 
379.000000  380.000000  0.001058 
380.000000  381.000000  0.001060 
381.000000  382.000000  0.001063 
382.000000  383.000000  0.001065 
383.000000  384.000000  0.001067 
384.000000  385.000000  0.001069 
385.000000  386.000000  0.001071 
386.000000  387.000000  0.001073 
387.000000  388.000000  0.001075 
388.000000  389.000000  0.001077 
389.000000  390.000000  0.001079 
390.000000  391.000000  0.001080 
391.000000  392.000000  0.001082 
392.000000  393.000000  0.001083 
393.000000  394.000000  0.001084 
394.000000  395.000000  0.001086 
395.000000  396.000000  0.001087 
396.000000  397.000000  0.001088 
397.000000  398.000000  0.001089 
398.000000  399.000000  0.001090 
399.000000  400.000000  0.001091 
400.000000  401.000000  0.001091 
401.000000  402.000000  0.001092 
402.000000  403.000000  0.001093 
403.000000  404.000000  0.001093 
404.000000  405.000000  0.001094 
405.000000  406.000000  0.001094 
406.000000  407.000000  0.001094 
407.000000  408.000000  0.001095 
408.000000  409.000000  0.001095 
409.000000  410.000000  0.001095 
410.000000  411.000000  0.001095 
411.000000  412.000000  0.001095 
412.000000  413.000000  0.001095 
413.000000  414.000000  0.001095 
414.000000  415.000000  0.001095 
415.000000  416.000000  0.001094 
416.000000  417.000000  0.001094 
417.000000  418.000000  0.001094 
418.000000  419.000000  0.001093 
419.000000  420.000000  0.001093 
420.000000  421.000000  0.001092 
421.000000  422.000000  0.001092 
422.000000  423.000000  0.001091 
423.000000  424.000000  0.001091 
424.000000  425.000000  0.001090 
425.000000  426.000000  0.001089 
426.000000  427.000000  0.001089 
427.000000  428.000000  0.001088 
428.000000  429.000000  0.001087 
429.000000  430.000000  0.001086 
430.000000  431.000000  0.001085 
431.000000  432.000000  0.001084 
432.000000  433.000000  0.001083 
433.000000  434.000000  0.001082 
434.000000  435.000000  0.001081 
435.000000  436.000000  0.001080 
436.000000  437.000000  0.001079 
437.000000  438.000000  0.001078 
438.000000  439.000000  0.001077 
439.000000  440.000000  0.001076 
440.000000  441.000000  0.001075 
441.000000  442.000000  0.001074 
442.000000  443.000000  0.001072 
443.000000  444.000000  0.001071 
444.000000  445.000000  0.001070 
445.000000  446.000000  0.001069 
446.000000  447.000000  0.001067 
447.000000  448.000000  0.001066 
448.000000  449.000000  0.001065 
449.000000  450.000000  0.001064 
450.000000  451.000000  0.001062 
451.000000  452.000000  0.001061 
452.000000  453.000000  0.001060 
453.000000  454.000000  0.001058 
454.000000  455.000000  0.001057 
455.000000  456.000000  0.001056 
456.000000  457.000000  0.001054 
457.000000  458.000000  0.001053 
458.000000  459.000000  0.001052 
459.000000  460.000000  0.001050 
460.000000  461.000000  0.001049 
461.000000  462.000000  0.001048 
462.000000  463.000000  0.001046 
463.000000  464.000000  0.001045 
464.000000  465.000000  0.001044 
465.000000  466.000000  0.001042 
466.000000  467.000000  0.001041 
467.000000  468.000000  0.001040 
468.000000  469.000000  0.001038 
469.000000  470.000000  0.001037 
470.000000  471.000000  0.001036 
471.000000  472.000000  0.001035 
472.000000  473.000000  0.001033 
473.000000  474.000000  0.001032 
474.000000  475.000000  0.001031 
475.000000  476.000000  0.001030 
476.000000  477.000000  0.001028 
477.000000  478.000000  0.001027 
478.000000  479.000000  0.001026 
479.000000  480.000000  0.001025 
480.000000  481.000000  0.001024 
481.000000  482.000000  0.001022 
482.000000  483.000000  0.001021 
483.000000  484.000000  0.001020 
484.000000  485.000000  0.001019 
485.000000  486.000000  0.001018 
486.000000  487.000000  0.001017 
487.000000  488.000000  0.001016 
488.000000  489.000000  0.001015 
489.000000  490.000000  0.001014 
490.000000  491.000000  0.001013 
491.000000  492.000000  0.001012 
492.000000  493.000000  0.001011 
493.000000  494.000000  0.001010 
494.000000  495.000000  0.001009 
495.000000  496.000000  0.001008 
496.000000  497.000000  0.001007 
497.000000  498.000000  0.001006 
498.000000  499.000000  0.001006 
499.000000  500.000000  0.001005 
500.000000  501.000000  0.001004 
501.000000  502.000000  0.001003 
502.000000  503.000000  0.001002 
503.000000  504.000000  0.001002 
504.000000  505.000000  0.001001 
505.000000  506.000000  0.001000 
506.000000  507.000000  0.001000 
507.000000  508.000000  0.000999 
508.000000  509.000000  0.000998 
509.000000  510.000000  0.000998 
510.000000  511.000000  0.000997 
511.000000  512.000000  0.000997 
512.000000  513.000000  0.000996 
513.000000  514.000000  0.000996 
514.000000  515.000000  0.000995 
515.000000  516.000000  0.000995 
516.000000  517.000000  0.000994 
517.000000  518.000000  0.000994 
518.000000  519.000000  0.000993 
519.000000  520.000000  0.000993 
520.000000  521.000000  0.000993 
521.000000  522.000000  0.000992 
522.000000  523.000000  0.000992 
523.000000  524.000000  0.000992 
524.000000  525.000000  0.000992 
525.000000  526.000000  0.000991 
526.000000  527.000000  0.000991 
527.000000  528.000000  0.000991 
528.000000  529.000000  0.000991 
529.000000  530.000000  0.000991 
530.000000  531.000000  0.000991 
531.000000  532.000000  0.000991 
532.000000  533.000000  0.000990 
533.000000  534.000000  0.000990 
534.000000  535.000000  0.000990 
535.000000  536.000000  0.000990 
536.000000  537.000000  0.000990 
537.000000  538.000000  0.000990 
538.000000  539.000000  0.000990 
539.000000  540.000000  0.000991 
540.000000  541.000000  0.000991 
541.000000  542.000000  0.000991 
542.000000  543.000000  0.000991 
543.000000  544.000000  0.000991 
544.000000  545.000000  0.000991 
545.000000  546.000000  0.000992 
546.000000  547.000000  0.000992 
547.000000  548.000000  0.000992 
548.000000  549.000000  0.000992 
549.000000  550.000000  0.000993 
550.000000  551.000000  0.000993 
551.000000  552.000000  0.000993 
552.000000  553.000000  0.000994 
553.000000  554.000000  0.000994 
554.000000  555.000000  0.000994 
555.000000  556.000000  0.000995 
556.000000  557.000000  0.000995 
557.000000  558.000000  0.000996 
558.000000  559.000000  0.000996 
559.000000  560.000000  0.000996 
560.000000  561.000000  0.000997 
561.000000  562.000000  0.000997 
562.000000  563.000000  0.000998 
563.000000  564.000000  0.000999 
564.000000  565.000000  0.000999 
565.000000  566.000000  0.001000 
566.000000  567.000000  0.001000 
567.000000  568.000000  0.001001 
568.000000  569.000000  0.001002 
569.000000  570.000000  0.001002 
570.000000  571.000000  0.001003 
571.000000  572.000000  0.001004 
572.000000  573.000000  0.001004 
573.000000  574.000000  0.001005 
574.000000  575.000000  0.001006 
575.000000  576.000000  0.001006 
576.000000  577.000000  0.001007 
577.000000  578.000000  0.001008 
578.000000  579.000000  0.001009 
579.000000  580.000000  0.001010 
580.000000  581.000000  0.001010 
581.000000  582.000000  0.001011 
582.000000  583.000000  0.001012 
583.000000  584.000000  0.001013 
584.000000  585.000000  0.001014 
585.000000  586.000000  0.001015 
586.000000  587.000000  0.001015 
587.000000  588.000000  0.001016 
588.000000  589.000000  0.001017 
589.000000  590.000000  0.001018 
590.000000  591.000000  0.001019 
591.000000  592.000000  0.001020 
592.000000  593.000000  0.001021 
593.000000  594.000000  0.001022 
594.000000  595.000000  0.001023 
595.000000  596.000000  0.001024 
596.000000  597.000000  0.001025 
597.000000  598.000000  0.001026 
598.000000  599.000000  0.001027 
599.000000  600.000000  0.001028 
600.000000  601.000000  0.001029 
601.000000  602.000000  0.001030 
602.000000  603.000000  0.001031 
603.000000  604.000000  0.001032 
604.000000  605.000000  0.001033 
605.000000  606.000000  0.001034 
606.000000  607.000000  0.001036 
607.000000  608.000000  0.001037 
608.000000  609.000000  0.001038 
609.000000  610.000000  0.001039 
610.000000  611.000000  0.001040 
611.000000  612.000000  0.001041 
612.000000  613.000000  0.001042 
613.000000  614.000000  0.001043 
614.000000  615.000000  0.001045 
615.000000  616.000000  0.001046 
616.000000  617.000000  0.001047 
617.000000  618.000000  0.001048 
618.000000  619.000000  0.001049 
619.000000  620.000000  0.001050 
620.000000  621.000000  0.001052 
621.000000  622.000000  0.001053 
622.000000  623.000000  0.001054 
623.000000  624.000000  0.001055 
624.000000  625.000000  0.001057 
625.000000  626.000000  0.001058 
626.000000  627.000000  0.001059 
627.000000  628.000000  0.001060 
628.000000  629.000000  0.001061 
629.000000  630.000000  0.001063 
630.000000  631.000000  0.001064 
631.000000  632.000000  0.001065 
632.000000  633.000000  0.001067 
633.000000  634.000000  0.001068 
634.000000  635.000000  0.001069 
635.000000  636.000000  0.001070 
636.000000  637.000000  0.001072 
637.000000  638.000000  0.001073 
638.000000  639.000000  0.001074 
639.000000  640.000000  0.001075 
640.000000  641.000000  0.001077 
641.000000  642.000000  0.001078 
642.000000  643.000000  0.001079 
643.000000  644.000000  0.001081 
644.000000  645.000000  0.001082 
645.000000  646.000000  0.001083 
646.000000  647.000000  0.001085 
647.000000  648.000000  0.001086 
648.000000  649.000000  0.001087 
649.000000  650.000000  0.001089 
650.000000  651.000000  0.001090 
651.000000  652.000000  0.001091 
652.000000  653.000000  0.001092 
653.000000  654.000000  0.001094 
654.000000  655.000000  0.001095 
655.000000  656.000000  0.001096 
656.000000  657.000000  0.001098 
657.000000  658.000000  0.001099 
658.000000  659.000000  0.001100 
659.000000  660.000000  0.001102 
660.000000  661.000000  0.001103 
661.000000  662.000000  0.001104 
662.000000  663.000000  0.001106 
663.000000  664.000000  0.001107 
664.000000  665.000000  0.001109 
665.000000  666.000000  0.001110 
666.000000  667.000000  0.001111 
667.000000  668.000000  0.001113 
668.000000  669.000000  0.001114 
669.000000  670.000000  0.001115 
670.000000  671.000000  0.001117 
671.000000  672.000000  0.001118 
672.000000  673.000000  0.001119 
673.000000  674.000000  0.001121 
674.000000  675.000000  0.001122 
675.000000  676.000000  0.001123 
676.000000  677.000000  0.001125 
677.000000  678.000000  0.001126 
678.000000  679.000000  0.001127 
679.000000  680.000000  0.001129 
680.000000  681.000000  0.001130 
681.000000  682.000000  0.001131 
682.000000  683.000000  0.001133 
683.000000  684.000000  0.001134 
684.000000  685.000000  0.001135 
685.000000  686.000000  0.001137 
686.000000  687.000000  0.001138 
687.000000  688.000000  0.001139 
688.000000  689.000000  0.001141 
689.000000  690.000000  0.001142 
690.000000  691.000000  0.001143 
691.000000  692.000000  0.001145 
692.000000  693.000000  0.001146 
693.000000  694.000000  0.001147 
694.000000  695.000000  0.001149 
695.000000  696.000000  0.001150 
696.000000  697.000000  0.001151 
697.000000  698.000000  0.001153 
698.000000  699.000000  0.001154 
699.000000  700.000000  0.001155 
700.000000  701.000000  0.001157 
701.000000  702.000000  0.001158 
702.000000  703.000000  0.001159 
703.000000  704.000000  0.001161 
704.000000  705.000000  0.001162 
705.000000  706.000000  0.001163 
706.000000  707.000000  0.001164 
707.000000  708.000000  0.001166 
708.000000  709.000000  0.001167 
709.000000  710.000000  0.001168 
710.000000  711.000000  0.001170 
711.000000  712.000000  0.001171 
712.000000  713.000000  0.001172 
713.000000  714.000000  0.001174 
714.000000  715.000000  0.001175 
715.000000  716.000000  0.001176 
716.000000  717.000000  0.001177 
717.000000  718.000000  0.001179 
718.000000  719.000000  0.001180 
719.000000  720.000000  0.001181 
720.000000  721.000000  0.001182 
721.000000  722.000000  0.001184 
722.000000  723.000000  0.001185 
723.000000  724.000000  0.001186 
724.000000  725.000000  0.001188 
725.000000  726.000000  0.001189 
726.000000  727.000000  0.001190 
727.000000  728.000000  0.001191 
728.000000  729.000000  0.001193 
729.000000  730.000000  0.001194 
730.000000  731.000000  0.001195 
731.000000  732.000000  0.001196 
732.000000  733.000000  0.001198 
733.000000  734.000000  0.001199 
734.000000  735.000000  0.001200 
735.000000  736.000000  0.001201 
736.000000  737.000000  0.001202 
737.000000  738.000000  0.001204 
738.000000  739.000000  0.001205 
739.000000  740.000000  0.001206 
740.000000  741.000000  0.001207 
741.000000  742.000000  0.001209 
742.000000  743.000000  0.001210 
743.000000  744.000000  0.001211 
744.000000  745.000000  0.001212 
745.000000  746.000000  0.001213 
746.000000  747.000000  0.001215 
747.000000  748.000000  0.001216 
748.000000  749.000000  0.001217 
749.000000  750.000000  0.001218 
750.000000  751.000000  0.001219 
751.000000  752.000000  0.001220 
752.000000  753.000000  0.001222 
753.000000  754.000000  0.001223 
754.000000  755.000000  0.001224 
755.000000  756.000000  0.001225 
756.000000  757.000000  0.001226 
757.000000  758.000000  0.001227 
758.000000  759.000000  0.001229 
759.000000  760.000000  0.001230 
760.000000  761.000000  0.001231 
761.000000  762.000000  0.001232 
762.000000  763.000000  0.001233 
763.000000  764.000000  0.001234 
764.000000  765.000000  0.001235 
765.000000  766.000000  0.001237 
766.000000  767.000000  0.001238 
767.000000  768.000000  0.001239 
768.000000  769.000000  0.001240 
769.000000  770.000000  0.001241 
770.000000  771.000000  0.001242 
771.000000  772.000000  0.001243 
772.000000  773.000000  0.001244 
773.000000  774.000000  0.001246 
774.000000  775.000000  0.001247 
775.000000  776.000000  0.001248 
776.000000  777.000000  0.001249 
777.000000  778.000000  0.001250 
778.000000  779.000000  0.001251 
779.000000  780.000000  0.001252 
780.000000  781.000000  0.001253 
781.000000  782.000000  0.001254 
782.000000  783.000000  0.001255 
783.000000  784.000000  0.001256 
784.000000  785.000000  0.001257 
785.000000  786.000000  0.001258 
786.000000  787.000000  0.001260 
787.000000  788.000000  0.001261 
788.000000  789.000000  0.001262 
789.000000  790.000000  0.001263 
790.000000  791.000000  0.001264 
791.000000  792.000000  0.001265 
792.000000  793.000000  0.001266 
793.000000  794.000000  0.001267 
794.000000  795.000000  0.001268 
795.000000  796.000000  0.001269 
796.000000  797.000000  0.001270 
797.000000  798.000000  0.001271 
798.000000  799.000000  0.001272 
799.000000  800.000000  0.001273 
