17.000000  18.000000  -0.000000 
18.000000  19.000000  -0.000000 
19.000000  20.000000  -0.000000 
20.000000  21.000000  -0.000000 
21.000000  22.000000  -0.000000 
22.000000  23.000000  -0.000000 
23.000000  24.000000  -0.000000 
24.000000  25.000000  -0.000000 
25.000000  26.000000  -0.000000 
26.000000  27.000000  -0.000000 
27.000000  28.000000  -0.000000 
28.000000  29.000000  -0.000000 
29.000000  30.000000  -0.000000 
30.000000  31.000000  -0.000000 
31.000000  32.000000  -0.000000 
32.000000  33.000000  -0.000000 
33.000000  34.000000  -0.000000 
34.000000  35.000000  -0.000000 
35.000000  36.000000  -0.000000 
36.000000  37.000000  -0.000000 
37.000000  38.000000  -0.000000 
38.000000  39.000000  -0.000000 
39.000000  40.000000  -0.000000 
40.000000  41.000000  -0.000000 
41.000000  42.000000  -0.000000 
42.000000  43.000000  -0.000000 
43.000000  44.000000  -0.000000 
44.000000  45.000000  -0.000000 
45.000000  46.000000  -0.000000 
46.000000  47.000000  -0.000000 
47.000000  48.000000  -0.000000 
48.000000  49.000000  -0.000000 
49.000000  50.000000  -0.000000 
50.000000  51.000000  -0.000000 
51.000000  52.000000  -0.000000 
52.000000  53.000000  -0.000000 
53.000000  54.000000  -0.000000 
54.000000  55.000000  -0.000000 
55.000000  56.000000  -0.000000 
56.000000  57.000000  -0.000000 
57.000000  58.000000  -0.000000 
58.000000  59.000000  -0.000000 
59.000000  60.000000  -0.000000 
60.000000  61.000000  -0.000000 
61.000000  62.000000  -0.000000 
62.000000  63.000000  -0.000000 
63.000000  64.000000  -0.000000 
64.000000  65.000000  -0.000000 
65.000000  66.000000  -0.000000 
66.000000  67.000000  -0.000000 
67.000000  68.000000  -0.000000 
68.000000  69.000000  -0.000000 
69.000000  70.000000  -0.000000 
70.000000  71.000000  -0.000000 
71.000000  72.000000  -0.000000 
72.000000  73.000000  -0.000000 
73.000000  74.000000  -0.000000 
74.000000  75.000000  -0.000000 
75.000000  76.000000  -0.000000 
76.000000  77.000000  -0.000000 
77.000000  78.000000  -0.000000 
78.000000  79.000000  -0.000000 
79.000000  80.000000  -0.000000 
80.000000  81.000000  -0.000000 
81.000000  82.000000  -0.000000 
82.000000  83.000000  -0.000000 
83.000000  84.000000  -0.000000 
84.000000  85.000000  -0.000000 
85.000000  86.000000  -0.000000 
86.000000  87.000000  -0.000000 
87.000000  88.000000  -0.000000 
88.000000  89.000000  -0.000000 
89.000000  90.000000  -0.000000 
90.000000  91.000000  -0.000000 
91.000000  92.000000  -0.000000 
92.000000  93.000000  -0.000000 
93.000000  94.000000  -0.000000 
94.000000  95.000000  -0.000000 
95.000000  96.000000  -0.000000 
96.000000  97.000000  -0.000000 
97.000000  98.000000  -0.000000 
98.000000  99.000000  -0.000000 
99.000000  100.000000  -0.000000 
100.000000  101.000000  -0.000000 
101.000000  102.000000  -0.000000 
102.000000  103.000000  -0.000000 
103.000000  104.000000  -0.000000 
104.000000  105.000000  -0.000000 
105.000000  106.000000  -0.000000 
106.000000  107.000000  -0.000000 
107.000000  108.000000  -0.000000 
108.000000  109.000000  -0.000000 
109.000000  110.000000  -0.000000 
110.000000  111.000000  -0.000000 
111.000000  112.000000  -0.000000 
112.000000  113.000000  -0.000000 
113.000000  114.000000  -0.000000 
114.000000  115.000000  -0.000000 
115.000000  116.000000  -0.000000 
116.000000  117.000000  -0.000000 
117.000000  118.000000  -0.000000 
118.000000  119.000000  -0.000000 
119.000000  120.000000  -0.000000 
120.000000  121.000000  -0.000000 
121.000000  122.000000  -0.000000 
122.000000  123.000000  -0.000000 
123.000000  124.000000  -0.000000 
124.000000  125.000000  -0.000000 
125.000000  126.000000  -0.000000 
126.000000  127.000000  -0.000000 
127.000000  128.000000  -0.000000 
128.000000  129.000000  -0.000000 
129.000000  130.000000  -0.000000 
130.000000  131.000000  -0.000000 
131.000000  132.000000  -0.000001 
132.000000  133.000000  -0.000001 
133.000000  134.000000  -0.000001 
134.000000  135.000000  -0.000001 
135.000000  136.000000  -0.000001 
136.000000  137.000000  -0.000001 
137.000000  138.000000  -0.000001 
138.000000  139.000000  -0.000001 
139.000000  140.000000  -0.000001 
140.000000  141.000000  -0.000001 
141.000000  142.000000  -0.000001 
142.000000  143.000000  -0.000001 
143.000000  144.000000  -0.000001 
144.000000  145.000000  -0.000001 
145.000000  146.000000  -0.000001 
146.000000  147.000000  -0.000001 
147.000000  148.000000  -0.000001 
148.000000  149.000000  -0.000001 
149.000000  150.000000  -0.000001 
150.000000  151.000000  -0.000001 
151.000000  152.000000  -0.000001 
152.000000  153.000000  -0.000001 
153.000000  154.000000  -0.000000 
154.000000  155.000000  -0.000000 
155.000000  156.000000  -0.000000 
156.000000  157.000000  0.000000 
157.000000  158.000000  0.000000 
158.000000  159.000000  0.000001 
159.000000  160.000000  0.000001 
160.000000  161.000000  0.000001 
161.000000  162.000000  0.000002 
162.000000  163.000000  0.000002 
163.000000  164.000000  0.000003 
164.000000  165.000000  0.000003 
165.000000  166.000000  0.000004 
166.000000  167.000000  0.000005 
167.000000  168.000000  0.000005 
168.000000  169.000000  0.000006 
169.000000  170.000000  0.000007 
170.000000  171.000000  0.000008 
171.000000  172.000000  0.000009 
172.000000  173.000000  0.000010 
173.000000  174.000000  0.000011 
174.000000  175.000000  0.000012 
175.000000  176.000000  0.000013 
176.000000  177.000000  0.000015 
177.000000  178.000000  0.000016 
178.000000  179.000000  0.000018 
179.000000  180.000000  0.000019 
180.000000  181.000000  0.000021 
181.000000  182.000000  0.000023 
182.000000  183.000000  0.000024 
183.000000  184.000000  0.000026 
184.000000  185.000000  0.000028 
185.000000  186.000000  0.000031 
186.000000  187.000000  0.000033 
187.000000  188.000000  0.000035 
188.000000  189.000000  0.000038 
189.000000  190.000000  0.000040 
190.000000  191.000000  0.000043 
191.000000  192.000000  0.000046 
192.000000  193.000000  0.000049 
193.000000  194.000000  0.000052 
194.000000  195.000000  0.000055 
195.000000  196.000000  0.000058 
196.000000  197.000000  0.000061 
197.000000  198.000000  0.000065 
198.000000  199.000000  0.000068 
199.000000  200.000000  0.000072 
200.000000  201.000000  0.000075 
201.000000  202.000000  0.000079 
202.000000  203.000000  0.000083 
203.000000  204.000000  0.000087 
204.000000  205.000000  0.000091 
205.000000  206.000000  0.000096 
206.000000  207.000000  0.000100 
207.000000  208.000000  0.000105 
208.000000  209.000000  0.000109 
209.000000  210.000000  0.000114 
210.000000  211.000000  0.000119 
211.000000  212.000000  0.000123 
212.000000  213.000000  0.000128 
213.000000  214.000000  0.000133 
214.000000  215.000000  0.000138 
215.000000  216.000000  0.000144 
216.000000  217.000000  0.000149 
217.000000  218.000000  0.000154 
218.000000  219.000000  0.000160 
219.000000  220.000000  0.000165 
220.000000  221.000000  0.000171 
221.000000  222.000000  0.000177 
222.000000  223.000000  0.000182 
223.000000  224.000000  0.000188 
224.000000  225.000000  0.000194 
225.000000  226.000000  0.000200 
226.000000  227.000000  0.000206 
227.000000  228.000000  0.000212 
228.000000  229.000000  0.000218 
229.000000  230.000000  0.000224 
230.000000  231.000000  0.000230 
231.000000  232.000000  0.000236 
232.000000  233.000000  0.000242 
233.000000  234.000000  0.000249 
234.000000  235.000000  0.000255 
235.000000  236.000000  0.000261 
236.000000  237.000000  0.000267 
237.000000  238.000000  0.000274 
238.000000  239.000000  0.000280 
239.000000  240.000000  0.000286 
240.000000  241.000000  0.000293 
241.000000  242.000000  0.000299 
242.000000  243.000000  0.000305 
243.000000  244.000000  0.000312 
244.000000  245.000000  0.000318 
245.000000  246.000000  0.000324 
246.000000  247.000000  0.000331 
247.000000  248.000000  0.000337 
248.000000  249.000000  0.000343 
249.000000  250.000000  0.000349 
250.000000  251.000000  0.000356 
251.000000  252.000000  0.000362 
252.000000  253.000000  0.000368 
253.000000  254.000000  0.000374 
254.000000  255.000000  0.000380 
255.000000  256.000000  0.000386 
256.000000  257.000000  0.000392 
257.000000  258.000000  0.000398 
258.000000  259.000000  0.000404 
259.000000  260.000000  0.000410 
260.000000  261.000000  0.000416 
261.000000  262.000000  0.000422 
262.000000  263.000000  0.000427 
263.000000  264.000000  0.000433 
264.000000  265.000000  0.000438 
265.000000  266.000000  0.000444 
266.000000  267.000000  0.000449 
267.000000  268.000000  0.000455 
268.000000  269.000000  0.000460 
269.000000  270.000000  0.000465 
270.000000  271.000000  0.000470 
271.000000  272.000000  0.000475 
272.000000  273.000000  0.000480 
273.000000  274.000000  0.000485 
274.000000  275.000000  0.000490 
275.000000  276.000000  0.000495 
276.000000  277.000000  0.000499 
277.000000  278.000000  0.000504 
278.000000  279.000000  0.000509 
279.000000  280.000000  0.000513 
280.000000  281.000000  0.000517 
281.000000  282.000000  0.000521 
282.000000  283.000000  0.000526 
283.000000  284.000000  0.000530 
284.000000  285.000000  0.000534 
285.000000  286.000000  0.000537 
286.000000  287.000000  0.000541 
287.000000  288.000000  0.000545 
288.000000  289.000000  0.000548 
289.000000  290.000000  0.000552 
290.000000  291.000000  0.000555 
291.000000  292.000000  0.000559 
292.000000  293.000000  0.000562 
293.000000  294.000000  0.000565 
294.000000  295.000000  0.000568 
295.000000  296.000000  0.000571 
296.000000  297.000000  0.000574 
297.000000  298.000000  0.000576 
298.000000  299.000000  0.000579 
299.000000  300.000000  0.000582 
300.000000  301.000000  0.000584 
301.000000  302.000000  0.000586 
302.000000  303.000000  0.000589 
303.000000  304.000000  0.000591 
304.000000  305.000000  0.000593 
305.000000  306.000000  0.000595 
306.000000  307.000000  0.000597 
307.000000  308.000000  0.000599 
308.000000  309.000000  0.000600 
309.000000  310.000000  0.000602 
310.000000  311.000000  0.000604 
311.000000  312.000000  0.000605 
312.000000  313.000000  0.000606 
313.000000  314.000000  0.000608 
314.000000  315.000000  0.000609 
315.000000  316.000000  0.000610 
316.000000  317.000000  0.000611 
317.000000  318.000000  0.000612 
318.000000  319.000000  0.000613 
319.000000  320.000000  0.000613 
320.000000  321.000000  0.000614 
321.000000  322.000000  0.000615 
322.000000  323.000000  0.000615 
323.000000  324.000000  0.000616 
324.000000  325.000000  0.000616 
325.000000  326.000000  0.000616 
326.000000  327.000000  0.000617 
327.000000  328.000000  0.000617 
328.000000  329.000000  0.000617 
329.000000  330.000000  0.000617 
330.000000  331.000000  0.000617 
331.000000  332.000000  0.000617 
332.000000  333.000000  0.000616 
333.000000  334.000000  0.000616 
334.000000  335.000000  0.000616 
335.000000  336.000000  0.000615 
336.000000  337.000000  0.000615 
337.000000  338.000000  0.000614 
338.000000  339.000000  0.000614 
339.000000  340.000000  0.000613 
340.000000  341.000000  0.000612 
341.000000  342.000000  0.000612 
342.000000  343.000000  0.000611 
343.000000  344.000000  0.000610 
344.000000  345.000000  0.000609 
345.000000  346.000000  0.000608 
346.000000  347.000000  0.000607 
347.000000  348.000000  0.000606 
348.000000  349.000000  0.000605 
349.000000  350.000000  0.000603 
350.000000  351.000000  0.000602 
351.000000  352.000000  0.000601 
352.000000  353.000000  0.000599 
353.000000  354.000000  0.000598 
354.000000  355.000000  0.000597 
355.000000  356.000000  0.000595 
356.000000  357.000000  0.000593 
357.000000  358.000000  0.000592 
358.000000  359.000000  0.000590 
359.000000  360.000000  0.000589 
360.000000  361.000000  0.000587 
361.000000  362.000000  0.000585 
362.000000  363.000000  0.000583 
363.000000  364.000000  0.000582 
364.000000  365.000000  0.000580 
365.000000  366.000000  0.000578 
366.000000  367.000000  0.000576 
367.000000  368.000000  0.000574 
368.000000  369.000000  0.000572 
369.000000  370.000000  0.000570 
370.000000  371.000000  0.000568 
371.000000  372.000000  0.000566 
372.000000  373.000000  0.000564 
373.000000  374.000000  0.000562 
374.000000  375.000000  0.000560 
375.000000  376.000000  0.000558 
376.000000  377.000000  0.000555 
377.000000  378.000000  0.000553 
378.000000  379.000000  0.000551 
379.000000  380.000000  0.000549 
380.000000  381.000000  0.000546 
381.000000  382.000000  0.000544 
382.000000  383.000000  0.000542 
383.000000  384.000000  0.000539 
384.000000  385.000000  0.000537 
385.000000  386.000000  0.000535 
386.000000  387.000000  0.000532 
387.000000  388.000000  0.000530 
388.000000  389.000000  0.000528 
389.000000  390.000000  0.000525 
390.000000  391.000000  0.000523 
391.000000  392.000000  0.000520 
392.000000  393.000000  0.000518 
393.000000  394.000000  0.000515 
394.000000  395.000000  0.000513 
395.000000  396.000000  0.000511 
396.000000  397.000000  0.000508 
397.000000  398.000000  0.000506 
398.000000  399.000000  0.000503 
399.000000  400.000000  0.000501 
400.000000  401.000000  0.000498 
401.000000  402.000000  0.000495 
402.000000  403.000000  0.000493 
403.000000  404.000000  0.000490 
404.000000  405.000000  0.000488 
405.000000  406.000000  0.000485 
406.000000  407.000000  0.000483 
407.000000  408.000000  0.000480 
408.000000  409.000000  0.000478 
409.000000  410.000000  0.000475 
410.000000  411.000000  0.000473 
411.000000  412.000000  0.000470 
412.000000  413.000000  0.000468 
413.000000  414.000000  0.000465 
414.000000  415.000000  0.000462 
415.000000  416.000000  0.000460 
416.000000  417.000000  0.000457 
417.000000  418.000000  0.000455 
418.000000  419.000000  0.000452 
419.000000  420.000000  0.000450 
420.000000  421.000000  0.000447 
421.000000  422.000000  0.000445 
422.000000  423.000000  0.000442 
423.000000  424.000000  0.000440 
424.000000  425.000000  0.000437 
425.000000  426.000000  0.000435 
426.000000  427.000000  0.000432 
427.000000  428.000000  0.000430 
428.000000  429.000000  0.000427 
429.000000  430.000000  0.000425 
430.000000  431.000000  0.000422 
431.000000  432.000000  0.000420 
432.000000  433.000000  0.000417 
433.000000  434.000000  0.000415 
434.000000  435.000000  0.000412 
435.000000  436.000000  0.000410 
436.000000  437.000000  0.000407 
437.000000  438.000000  0.000405 
438.000000  439.000000  0.000402 
439.000000  440.000000  0.000400 
440.000000  441.000000  0.000398 
441.000000  442.000000  0.000395 
442.000000  443.000000  0.000393 
443.000000  444.000000  0.000390 
444.000000  445.000000  0.000388 
445.000000  446.000000  0.000386 
446.000000  447.000000  0.000383 
447.000000  448.000000  0.000381 
448.000000  449.000000  0.000379 
449.000000  450.000000  0.000376 
450.000000  451.000000  0.000374 
451.000000  452.000000  0.000372 
452.000000  453.000000  0.000369 
453.000000  454.000000  0.000367 
454.000000  455.000000  0.000365 
455.000000  456.000000  0.000363 
456.000000  457.000000  0.000360 
457.000000  458.000000  0.000358 
458.000000  459.000000  0.000356 
459.000000  460.000000  0.000354 
460.000000  461.000000  0.000352 
461.000000  462.000000  0.000349 
462.000000  463.000000  0.000347 
463.000000  464.000000  0.000345 
464.000000  465.000000  0.000343 
465.000000  466.000000  0.000341 
466.000000  467.000000  0.000339 
467.000000  468.000000  0.000337 
468.000000  469.000000  0.000334 
469.000000  470.000000  0.000332 
470.000000  471.000000  0.000330 
471.000000  472.000000  0.000328 
472.000000  473.000000  0.000326 
473.000000  474.000000  0.000324 
474.000000  475.000000  0.000322 
475.000000  476.000000  0.000320 
476.000000  477.000000  0.000318 
477.000000  478.000000  0.000316 
478.000000  479.000000  0.000314 
479.000000  480.000000  0.000312 
480.000000  481.000000  0.000310 
481.000000  482.000000  0.000308 
482.000000  483.000000  0.000306 
483.000000  484.000000  0.000304 
484.000000  485.000000  0.000302 
485.000000  486.000000  0.000301 
486.000000  487.000000  0.000299 
487.000000  488.000000  0.000297 
488.000000  489.000000  0.000295 
489.000000  490.000000  0.000293 
490.000000  491.000000  0.000291 
491.000000  492.000000  0.000290 
492.000000  493.000000  0.000288 
493.000000  494.000000  0.000286 
494.000000  495.000000  0.000284 
495.000000  496.000000  0.000282 
496.000000  497.000000  0.000281 
497.000000  498.000000  0.000279 
498.000000  499.000000  0.000277 
499.000000  500.000000  0.000276 
500.000000  501.000000  0.000274 
501.000000  502.000000  0.000272 
502.000000  503.000000  0.000270 
503.000000  504.000000  0.000269 
504.000000  505.000000  0.000267 
505.000000  506.000000  0.000266 
506.000000  507.000000  0.000264 
507.000000  508.000000  0.000262 
508.000000  509.000000  0.000261 
509.000000  510.000000  0.000259 
510.000000  511.000000  0.000258 
511.000000  512.000000  0.000256 
512.000000  513.000000  0.000254 
513.000000  514.000000  0.000253 
514.000000  515.000000  0.000251 
515.000000  516.000000  0.000250 
516.000000  517.000000  0.000248 
517.000000  518.000000  0.000247 
518.000000  519.000000  0.000245 
519.000000  520.000000  0.000244 
520.000000  521.000000  0.000242 
521.000000  522.000000  0.000241 
522.000000  523.000000  0.000240 
523.000000  524.000000  0.000238 
524.000000  525.000000  0.000237 
525.000000  526.000000  0.000235 
526.000000  527.000000  0.000234 
527.000000  528.000000  0.000233 
528.000000  529.000000  0.000231 
529.000000  530.000000  0.000230 
530.000000  531.000000  0.000229 
531.000000  532.000000  0.000227 
532.000000  533.000000  0.000226 
533.000000  534.000000  0.000225 
534.000000  535.000000  0.000223 
535.000000  536.000000  0.000222 
536.000000  537.000000  0.000221 
537.000000  538.000000  0.000219 
538.000000  539.000000  0.000218 
539.000000  540.000000  0.000217 
540.000000  541.000000  0.000216 
541.000000  542.000000  0.000215 
542.000000  543.000000  0.000213 
543.000000  544.000000  0.000212 
544.000000  545.000000  0.000211 
545.000000  546.000000  0.000210 
546.000000  547.000000  0.000209 
547.000000  548.000000  0.000207 
548.000000  549.000000  0.000206 
549.000000  550.000000  0.000205 
550.000000  551.000000  0.000204 
551.000000  552.000000  0.000203 
552.000000  553.000000  0.000202 
553.000000  554.000000  0.000201 
554.000000  555.000000  0.000200 
555.000000  556.000000  0.000198 
556.000000  557.000000  0.000197 
557.000000  558.000000  0.000196 
558.000000  559.000000  0.000195 
559.000000  560.000000  0.000194 
560.000000  561.000000  0.000193 
561.000000  562.000000  0.000192 
562.000000  563.000000  0.000191 
563.000000  564.000000  0.000190 
564.000000  565.000000  0.000189 
565.000000  566.000000  0.000188 
566.000000  567.000000  0.000187 
567.000000  568.000000  0.000186 
568.000000  569.000000  0.000185 
569.000000  570.000000  0.000184 
570.000000  571.000000  0.000183 
571.000000  572.000000  0.000182 
572.000000  573.000000  0.000181 
573.000000  574.000000  0.000180 
574.000000  575.000000  0.000179 
575.000000  576.000000  0.000179 
576.000000  577.000000  0.000178 
577.000000  578.000000  0.000177 
578.000000  579.000000  0.000176 
579.000000  580.000000  0.000175 
580.000000  581.000000  0.000174 
581.000000  582.000000  0.000173 
582.000000  583.000000  0.000172 
583.000000  584.000000  0.000171 
584.000000  585.000000  0.000171 
585.000000  586.000000  0.000170 
586.000000  587.000000  0.000169 
587.000000  588.000000  0.000168 
588.000000  589.000000  0.000167 
589.000000  590.000000  0.000167 
590.000000  591.000000  0.000166 
591.000000  592.000000  0.000165 
592.000000  593.000000  0.000164 
593.000000  594.000000  0.000163 
594.000000  595.000000  0.000163 
595.000000  596.000000  0.000162 
596.000000  597.000000  0.000161 
597.000000  598.000000  0.000160 
598.000000  599.000000  0.000160 
599.000000  600.000000  0.000159 
600.000000  601.000000  0.000158 
601.000000  602.000000  0.000157 
602.000000  603.000000  0.000157 
603.000000  604.000000  0.000156 
604.000000  605.000000  0.000155 
605.000000  606.000000  0.000154 
606.000000  607.000000  0.000154 
607.000000  608.000000  0.000153 
608.000000  609.000000  0.000152 
609.000000  610.000000  0.000152 
610.000000  611.000000  0.000151 
611.000000  612.000000  0.000150 
612.000000  613.000000  0.000150 
613.000000  614.000000  0.000149 
614.000000  615.000000  0.000148 
615.000000  616.000000  0.000148 
616.000000  617.000000  0.000147 
617.000000  618.000000  0.000146 
618.000000  619.000000  0.000146 
619.000000  620.000000  0.000145 
620.000000  621.000000  0.000145 
621.000000  622.000000  0.000144 
622.000000  623.000000  0.000143 
623.000000  624.000000  0.000143 
624.000000  625.000000  0.000142 
625.000000  626.000000  0.000142 
626.000000  627.000000  0.000141 
627.000000  628.000000  0.000140 
628.000000  629.000000  0.000140 
629.000000  630.000000  0.000139 
630.000000  631.000000  0.000139 
631.000000  632.000000  0.000138 
632.000000  633.000000  0.000138 
633.000000  634.000000  0.000137 
634.000000  635.000000  0.000136 
635.000000  636.000000  0.000136 
636.000000  637.000000  0.000135 
637.000000  638.000000  0.000135 
638.000000  639.000000  0.000134 
639.000000  640.000000  0.000134 
640.000000  641.000000  0.000133 
641.000000  642.000000  0.000133 
642.000000  643.000000  0.000132 
643.000000  644.000000  0.000132 
644.000000  645.000000  0.000131 
645.000000  646.000000  0.000131 
646.000000  647.000000  0.000130 
647.000000  648.000000  0.000130 
648.000000  649.000000  0.000129 
649.000000  650.000000  0.000129 
650.000000  651.000000  0.000128 
651.000000  652.000000  0.000128 
652.000000  653.000000  0.000127 
653.000000  654.000000  0.000127 
654.000000  655.000000  0.000126 
655.000000  656.000000  0.000126 
656.000000  657.000000  0.000126 
657.000000  658.000000  0.000125 
658.000000  659.000000  0.000125 
659.000000  660.000000  0.000124 
660.000000  661.000000  0.000124 
661.000000  662.000000  0.000123 
662.000000  663.000000  0.000123 
663.000000  664.000000  0.000122 
664.000000  665.000000  0.000122 
665.000000  666.000000  0.000122 
666.000000  667.000000  0.000121 
667.000000  668.000000  0.000121 
668.000000  669.000000  0.000120 
669.000000  670.000000  0.000120 
670.000000  671.000000  0.000120 
671.000000  672.000000  0.000119 
672.000000  673.000000  0.000119 
673.000000  674.000000  0.000118 
674.000000  675.000000  0.000118 
675.000000  676.000000  0.000118 
676.000000  677.000000  0.000117 
677.000000  678.000000  0.000117 
678.000000  679.000000  0.000116 
679.000000  680.000000  0.000116 
680.000000  681.000000  0.000116 
681.000000  682.000000  0.000115 
682.000000  683.000000  0.000115 
683.000000  684.000000  0.000115 
684.000000  685.000000  0.000114 
685.000000  686.000000  0.000114 
686.000000  687.000000  0.000114 
687.000000  688.000000  0.000113 
688.000000  689.000000  0.000113 
689.000000  690.000000  0.000113 
690.000000  691.000000  0.000112 
691.000000  692.000000  0.000112 
692.000000  693.000000  0.000112 
693.000000  694.000000  0.000111 
694.000000  695.000000  0.000111 
695.000000  696.000000  0.000111 
696.000000  697.000000  0.000110 
697.000000  698.000000  0.000110 
698.000000  699.000000  0.000110 
699.000000  700.000000  0.000109 
700.000000  701.000000  0.000109 
701.000000  702.000000  0.000109 
702.000000  703.000000  0.000108 
703.000000  704.000000  0.000108 
704.000000  705.000000  0.000108 
705.000000  706.000000  0.000107 
706.000000  707.000000  0.000107 
707.000000  708.000000  0.000107 
708.000000  709.000000  0.000107 
709.000000  710.000000  0.000106 
710.000000  711.000000  0.000106 
711.000000  712.000000  0.000106 
712.000000  713.000000  0.000105 
713.000000  714.000000  0.000105 
714.000000  715.000000  0.000105 
715.000000  716.000000  0.000105 
716.000000  717.000000  0.000104 
717.000000  718.000000  0.000104 
718.000000  719.000000  0.000104 
719.000000  720.000000  0.000103 
720.000000  721.000000  0.000103 
721.000000  722.000000  0.000103 
722.000000  723.000000  0.000103 
723.000000  724.000000  0.000102 
724.000000  725.000000  0.000102 
725.000000  726.000000  0.000102 
726.000000  727.000000  0.000102 
727.000000  728.000000  0.000101 
728.000000  729.000000  0.000101 
729.000000  730.000000  0.000101 
730.000000  731.000000  0.000101 
731.000000  732.000000  0.000100 
732.000000  733.000000  0.000100 
733.000000  734.000000  0.000100 
734.000000  735.000000  0.000100 
735.000000  736.000000  0.000099 
736.000000  737.000000  0.000099 
737.000000  738.000000  0.000099 
738.000000  739.000000  0.000099 
739.000000  740.000000  0.000099 
740.000000  741.000000  0.000098 
741.000000  742.000000  0.000098 
742.000000  743.000000  0.000098 
743.000000  744.000000  0.000098 
744.000000  745.000000  0.000097 
745.000000  746.000000  0.000097 
746.000000  747.000000  0.000097 
747.000000  748.000000  0.000097 
748.000000  749.000000  0.000097 
749.000000  750.000000  0.000096 
750.000000  751.000000  0.000096 
751.000000  752.000000  0.000096 
752.000000  753.000000  0.000096 
753.000000  754.000000  0.000096 
754.000000  755.000000  0.000095 
755.000000  756.000000  0.000095 
756.000000  757.000000  0.000095 
757.000000  758.000000  0.000095 
758.000000  759.000000  0.000095 
759.000000  760.000000  0.000094 
760.000000  761.000000  0.000094 
761.000000  762.000000  0.000094 
762.000000  763.000000  0.000094 
763.000000  764.000000  0.000094 
764.000000  765.000000  0.000093 
765.000000  766.000000  0.000093 
766.000000  767.000000  0.000093 
767.000000  768.000000  0.000093 
768.000000  769.000000  0.000093 
769.000000  770.000000  0.000092 
770.000000  771.000000  0.000092 
771.000000  772.000000  0.000092 
772.000000  773.000000  0.000092 
773.000000  774.000000  0.000092 
774.000000  775.000000  0.000092 
775.000000  776.000000  0.000091 
776.000000  777.000000  0.000091 
777.000000  778.000000  0.000091 
778.000000  779.000000  0.000091 
779.000000  780.000000  0.000091 
780.000000  781.000000  0.000091 
781.000000  782.000000  0.000090 
782.000000  783.000000  0.000090 
783.000000  784.000000  0.000090 
784.000000  785.000000  0.000090 
785.000000  786.000000  0.000090 
786.000000  787.000000  0.000090 
787.000000  788.000000  0.000090 
788.000000  789.000000  0.000089 
789.000000  790.000000  0.000089 
790.000000  791.000000  0.000089 
791.000000  792.000000  0.000089 
792.000000  793.000000  0.000089 
793.000000  794.000000  0.000089 
794.000000  795.000000  0.000088 
795.000000  796.000000  0.000088 
796.000000  797.000000  0.000088 
797.000000  798.000000  0.000088 
798.000000  799.000000  0.000088 
799.000000  800.000000  0.000088 
