17.000000  18.000000  -0.000000 
18.000000  19.000000  -0.000000 
19.000000  20.000000  -0.000000 
20.000000  21.000000  -0.000000 
21.000000  22.000000  -0.000000 
22.000000  23.000000  -0.000000 
23.000000  24.000000  -0.000000 
24.000000  25.000000  -0.000000 
25.000000  26.000000  -0.000000 
26.000000  27.000000  -0.000000 
27.000000  28.000000  -0.000000 
28.000000  29.000000  -0.000000 
29.000000  30.000000  -0.000000 
30.000000  31.000000  -0.000000 
31.000000  32.000000  -0.000000 
32.000000  33.000000  -0.000000 
33.000000  34.000000  -0.000000 
34.000000  35.000000  -0.000000 
35.000000  36.000000  -0.000000 
36.000000  37.000000  -0.000000 
37.000000  38.000000  -0.000000 
38.000000  39.000000  -0.000000 
39.000000  40.000000  -0.000000 
40.000000  41.000000  -0.000000 
41.000000  42.000000  -0.000000 
42.000000  43.000000  -0.000000 
43.000000  44.000000  -0.000000 
44.000000  45.000000  -0.000000 
45.000000  46.000000  -0.000000 
46.000000  47.000000  -0.000000 
47.000000  48.000000  -0.000000 
48.000000  49.000000  -0.000000 
49.000000  50.000000  -0.000000 
50.000000  51.000000  -0.000000 
51.000000  52.000000  -0.000000 
52.000000  53.000000  -0.000000 
53.000000  54.000000  -0.000000 
54.000000  55.000000  -0.000000 
55.000000  56.000000  -0.000000 
56.000000  57.000000  -0.000000 
57.000000  58.000000  -0.000000 
58.000000  59.000000  -0.000000 
59.000000  60.000000  -0.000000 
60.000000  61.000000  -0.000000 
61.000000  62.000000  -0.000000 
62.000000  63.000000  -0.000000 
63.000000  64.000000  -0.000000 
64.000000  65.000000  -0.000000 
65.000000  66.000000  -0.000000 
66.000000  67.000000  -0.000000 
67.000000  68.000000  -0.000000 
68.000000  69.000000  -0.000000 
69.000000  70.000000  -0.000000 
70.000000  71.000000  -0.000000 
71.000000  72.000000  -0.000000 
72.000000  73.000000  -0.000000 
73.000000  74.000000  -0.000000 
74.000000  75.000000  -0.000000 
75.000000  76.000000  -0.000000 
76.000000  77.000000  -0.000000 
77.000000  78.000000  -0.000000 
78.000000  79.000000  -0.000000 
79.000000  80.000000  -0.000000 
80.000000  81.000000  -0.000000 
81.000000  82.000000  -0.000000 
82.000000  83.000000  -0.000000 
83.000000  84.000000  -0.000000 
84.000000  85.000000  -0.000000 
85.000000  86.000000  -0.000000 
86.000000  87.000000  -0.000000 
87.000000  88.000000  -0.000000 
88.000000  89.000000  -0.000000 
89.000000  90.000000  -0.000000 
90.000000  91.000000  -0.000000 
91.000000  92.000000  -0.000000 
92.000000  93.000000  -0.000000 
93.000000  94.000000  -0.000000 
94.000000  95.000000  -0.000000 
95.000000  96.000000  -0.000000 
96.000000  97.000000  -0.000000 
97.000000  98.000000  -0.000000 
98.000000  99.000000  -0.000000 
99.000000  100.000000  -0.000000 
100.000000  101.000000  -0.000000 
101.000000  102.000000  -0.000000 
102.000000  103.000000  -0.000000 
103.000000  104.000000  -0.000000 
104.000000  105.000000  -0.000000 
105.000000  106.000000  -0.000000 
106.000000  107.000000  -0.000000 
107.000000  108.000000  -0.000000 
108.000000  109.000000  -0.000000 
109.000000  110.000000  -0.000000 
110.000000  111.000000  -0.000000 
111.000000  112.000000  -0.000000 
112.000000  113.000000  -0.000000 
113.000000  114.000000  -0.000000 
114.000000  115.000000  -0.000000 
115.000000  116.000000  -0.000000 
116.000000  117.000000  -0.000000 
117.000000  118.000000  -0.000000 
118.000000  119.000000  -0.000000 
119.000000  120.000000  -0.000000 
120.000000  121.000000  -0.000000 
121.000000  122.000000  -0.000000 
122.000000  123.000000  -0.000000 
123.000000  124.000000  -0.000000 
124.000000  125.000000  -0.000000 
125.000000  126.000000  -0.000000 
126.000000  127.000000  -0.000000 
127.000000  128.000000  -0.000000 
128.000000  129.000000  -0.000000 
129.000000  130.000000  -0.000000 
130.000000  131.000000  -0.000000 
131.000000  132.000000  -0.000000 
132.000000  133.000000  -0.000000 
133.000000  134.000000  -0.000000 
134.000000  135.000000  -0.000000 
135.000000  136.000000  -0.000000 
136.000000  137.000000  -0.000000 
137.000000  138.000000  -0.000000 
138.000000  139.000000  -0.000000 
139.000000  140.000000  -0.000000 
140.000000  141.000000  -0.000000 
141.000000  142.000000  -0.000000 
142.000000  143.000000  -0.000000 
143.000000  144.000000  -0.000000 
144.000000  145.000000  -0.000000 
145.000000  146.000000  -0.000000 
146.000000  147.000000  -0.000000 
147.000000  148.000000  -0.000000 
148.000000  149.000000  -0.000000 
149.000000  150.000000  -0.000000 
150.000000  151.000000  -0.000000 
151.000000  152.000000  -0.000000 
152.000000  153.000000  -0.000000 
153.000000  154.000000  -0.000000 
154.000000  155.000000  -0.000000 
155.000000  156.000000  -0.000000 
156.000000  157.000000  -0.000000 
157.000000  158.000000  -0.000000 
158.000000  159.000000  -0.000000 
159.000000  160.000000  -0.000000 
160.000000  161.000000  -0.000000 
161.000000  162.000000  -0.000000 
162.000000  163.000000  -0.000000 
163.000000  164.000000  -0.000000 
164.000000  165.000000  -0.000000 
165.000000  166.000000  -0.000000 
166.000000  167.000000  -0.000000 
167.000000  168.000000  -0.000000 
168.000000  169.000000  -0.000000 
169.000000  170.000000  -0.000000 
170.000000  171.000000  -0.000000 
171.000000  172.000000  -0.000000 
172.000000  173.000000  -0.000000 
173.000000  174.000000  -0.000000 
174.000000  175.000000  -0.000000 
175.000000  176.000000  -0.000000 
176.000000  177.000000  -0.000000 
177.000000  178.000000  -0.000000 
178.000000  179.000000  -0.000000 
179.000000  180.000000  -0.000000 
180.000000  181.000000  -0.000000 
181.000000  182.000000  -0.000001 
182.000000  183.000000  -0.000001 
183.000000  184.000000  -0.000001 
184.000000  185.000000  -0.000001 
185.000000  186.000000  -0.000001 
186.000000  187.000000  -0.000001 
187.000000  188.000000  -0.000001 
188.000000  189.000000  -0.000001 
189.000000  190.000000  -0.000001 
190.000000  191.000000  -0.000001 
191.000000  192.000000  -0.000001 
192.000000  193.000000  -0.000001 
193.000000  194.000000  -0.000001 
194.000000  195.000000  -0.000002 
195.000000  196.000000  -0.000002 
196.000000  197.000000  -0.000002 
197.000000  198.000000  -0.000002 
198.000000  199.000000  -0.000002 
199.000000  200.000000  -0.000002 
200.000000  201.000000  -0.000002 
201.000000  202.000000  -0.000003 
202.000000  203.000000  -0.000003 
203.000000  204.000000  -0.000003 
204.000000  205.000000  -0.000003 
205.000000  206.000000  -0.000003 
206.000000  207.000000  -0.000004 
207.000000  208.000000  -0.000004 
208.000000  209.000000  -0.000004 
209.000000  210.000000  -0.000004 
210.000000  211.000000  -0.000005 
211.000000  212.000000  -0.000005 
212.000000  213.000000  -0.000005 
213.000000  214.000000  -0.000005 
214.000000  215.000000  -0.000006 
215.000000  216.000000  -0.000006 
216.000000  217.000000  -0.000006 
217.000000  218.000000  -0.000006 
218.000000  219.000000  -0.000007 
219.000000  220.000000  -0.000007 
220.000000  221.000000  -0.000007 
221.000000  222.000000  -0.000008 
222.000000  223.000000  -0.000008 
223.000000  224.000000  -0.000008 
224.000000  225.000000  -0.000009 
225.000000  226.000000  -0.000009 
226.000000  227.000000  -0.000009 
227.000000  228.000000  -0.000009 
228.000000  229.000000  -0.000010 
229.000000  230.000000  -0.000010 
230.000000  231.000000  -0.000010 
231.000000  232.000000  -0.000011 
232.000000  233.000000  -0.000011 
233.000000  234.000000  -0.000011 
234.000000  235.000000  -0.000011 
235.000000  236.000000  -0.000011 
236.000000  237.000000  -0.000012 
237.000000  238.000000  -0.000012 
238.000000  239.000000  -0.000012 
239.000000  240.000000  -0.000012 
240.000000  241.000000  -0.000012 
241.000000  242.000000  -0.000012 
242.000000  243.000000  -0.000012 
243.000000  244.000000  -0.000013 
244.000000  245.000000  -0.000013 
245.000000  246.000000  -0.000012 
246.000000  247.000000  -0.000012 
247.000000  248.000000  -0.000012 
248.000000  249.000000  -0.000012 
249.000000  250.000000  -0.000012 
250.000000  251.000000  -0.000012 
251.000000  252.000000  -0.000011 
252.000000  253.000000  -0.000011 
253.000000  254.000000  -0.000011 
254.000000  255.000000  -0.000010 
255.000000  256.000000  -0.000010 
256.000000  257.000000  -0.000009 
257.000000  258.000000  -0.000009 
258.000000  259.000000  -0.000008 
259.000000  260.000000  -0.000007 
260.000000  261.000000  -0.000006 
261.000000  262.000000  -0.000005 
262.000000  263.000000  -0.000004 
263.000000  264.000000  -0.000003 
264.000000  265.000000  -0.000002 
265.000000  266.000000  -0.000001 
266.000000  267.000000  0.000000 
267.000000  268.000000  0.000002 
268.000000  269.000000  0.000003 
269.000000  270.000000  0.000005 
270.000000  271.000000  0.000007 
271.000000  272.000000  0.000008 
272.000000  273.000000  0.000010 
273.000000  274.000000  0.000012 
274.000000  275.000000  0.000015 
275.000000  276.000000  0.000017 
276.000000  277.000000  0.000019 
277.000000  278.000000  0.000022 
278.000000  279.000000  0.000024 
279.000000  280.000000  0.000027 
280.000000  281.000000  0.000030 
281.000000  282.000000  0.000033 
282.000000  283.000000  0.000036 
283.000000  284.000000  0.000040 
284.000000  285.000000  0.000043 
285.000000  286.000000  0.000047 
286.000000  287.000000  0.000050 
287.000000  288.000000  0.000054 
288.000000  289.000000  0.000058 
289.000000  290.000000  0.000062 
290.000000  291.000000  0.000067 
291.000000  292.000000  0.000071 
292.000000  293.000000  0.000076 
293.000000  294.000000  0.000081 
294.000000  295.000000  0.000086 
295.000000  296.000000  0.000091 
296.000000  297.000000  0.000096 
297.000000  298.000000  0.000101 
298.000000  299.000000  0.000107 
299.000000  300.000000  0.000113 
300.000000  301.000000  0.000119 
301.000000  302.000000  0.000125 
302.000000  303.000000  0.000131 
303.000000  304.000000  0.000137 
304.000000  305.000000  0.000144 
305.000000  306.000000  0.000151 
306.000000  307.000000  0.000158 
307.000000  308.000000  0.000165 
308.000000  309.000000  0.000172 
309.000000  310.000000  0.000180 
310.000000  311.000000  0.000187 
311.000000  312.000000  0.000195 
312.000000  313.000000  0.000203 
313.000000  314.000000  0.000211 
314.000000  315.000000  0.000220 
315.000000  316.000000  0.000228 
316.000000  317.000000  0.000237 
317.000000  318.000000  0.000246 
318.000000  319.000000  0.000255 
319.000000  320.000000  0.000264 
320.000000  321.000000  0.000273 
321.000000  322.000000  0.000283 
322.000000  323.000000  0.000293 
323.000000  324.000000  0.000303 
324.000000  325.000000  0.000313 
325.000000  326.000000  0.000323 
326.000000  327.000000  0.000333 
327.000000  328.000000  0.000344 
328.000000  329.000000  0.000355 
329.000000  330.000000  0.000365 
330.000000  331.000000  0.000376 
331.000000  332.000000  0.000388 
332.000000  333.000000  0.000399 
333.000000  334.000000  0.000410 
334.000000  335.000000  0.000422 
335.000000  336.000000  0.000434 
336.000000  337.000000  0.000446 
337.000000  338.000000  0.000458 
338.000000  339.000000  0.000470 
339.000000  340.000000  0.000482 
340.000000  341.000000  0.000495 
341.000000  342.000000  0.000507 
342.000000  343.000000  0.000520 
343.000000  344.000000  0.000533 
344.000000  345.000000  0.000545 
345.000000  346.000000  0.000558 
346.000000  347.000000  0.000572 
347.000000  348.000000  0.000585 
348.000000  349.000000  0.000598 
349.000000  350.000000  0.000612 
350.000000  351.000000  0.000625 
351.000000  352.000000  0.000639 
352.000000  353.000000  0.000652 
353.000000  354.000000  0.000666 
354.000000  355.000000  0.000680 
355.000000  356.000000  0.000694 
356.000000  357.000000  0.000708 
357.000000  358.000000  0.000722 
358.000000  359.000000  0.000736 
359.000000  360.000000  0.000750 
360.000000  361.000000  0.000765 
361.000000  362.000000  0.000779 
362.000000  363.000000  0.000793 
363.000000  364.000000  0.000807 
364.000000  365.000000  0.000822 
365.000000  366.000000  0.000836 
366.000000  367.000000  0.000851 
367.000000  368.000000  0.000865 
368.000000  369.000000  0.000880 
369.000000  370.000000  0.000894 
370.000000  371.000000  0.000909 
371.000000  372.000000  0.000923 
372.000000  373.000000  0.000937 
373.000000  374.000000  0.000952 
374.000000  375.000000  0.000966 
375.000000  376.000000  0.000981 
376.000000  377.000000  0.000995 
377.000000  378.000000  0.001009 
378.000000  379.000000  0.001024 
379.000000  380.000000  0.001038 
380.000000  381.000000  0.001052 
381.000000  382.000000  0.001066 
382.000000  383.000000  0.001081 
383.000000  384.000000  0.001095 
384.000000  385.000000  0.001109 
385.000000  386.000000  0.001123 
386.000000  387.000000  0.001136 
387.000000  388.000000  0.001150 
388.000000  389.000000  0.001164 
389.000000  390.000000  0.001177 
390.000000  391.000000  0.001191 
391.000000  392.000000  0.001204 
392.000000  393.000000  0.001218 
393.000000  394.000000  0.001231 
394.000000  395.000000  0.001244 
395.000000  396.000000  0.001257 
396.000000  397.000000  0.001270 
397.000000  398.000000  0.001282 
398.000000  399.000000  0.001295 
399.000000  400.000000  0.001307 
400.000000  401.000000  0.001320 
401.000000  402.000000  0.001332 
402.000000  403.000000  0.001344 
403.000000  404.000000  0.001355 
404.000000  405.000000  0.001367 
405.000000  406.000000  0.001379 
406.000000  407.000000  0.001390 
407.000000  408.000000  0.001401 
408.000000  409.000000  0.001412 
409.000000  410.000000  0.001423 
410.000000  411.000000  0.001434 
411.000000  412.000000  0.001444 
412.000000  413.000000  0.001454 
413.000000  414.000000  0.001464 
414.000000  415.000000  0.001474 
415.000000  416.000000  0.001484 
416.000000  417.000000  0.001493 
417.000000  418.000000  0.001502 
418.000000  419.000000  0.001511 
419.000000  420.000000  0.001520 
420.000000  421.000000  0.001529 
421.000000  422.000000  0.001537 
422.000000  423.000000  0.001545 
423.000000  424.000000  0.001553 
424.000000  425.000000  0.001561 
425.000000  426.000000  0.001569 
426.000000  427.000000  0.001576 
427.000000  428.000000  0.001583 
428.000000  429.000000  0.001590 
429.000000  430.000000  0.001596 
430.000000  431.000000  0.001602 
431.000000  432.000000  0.001608 
432.000000  433.000000  0.001614 
433.000000  434.000000  0.001620 
434.000000  435.000000  0.001625 
435.000000  436.000000  0.001630 
436.000000  437.000000  0.001635 
437.000000  438.000000  0.001640 
438.000000  439.000000  0.001644 
439.000000  440.000000  0.001648 
440.000000  441.000000  0.001652 
441.000000  442.000000  0.001655 
442.000000  443.000000  0.001658 
443.000000  444.000000  0.001661 
444.000000  445.000000  0.001664 
445.000000  446.000000  0.001667 
446.000000  447.000000  0.001669 
447.000000  448.000000  0.001671 
448.000000  449.000000  0.001673 
449.000000  450.000000  0.001674 
450.000000  451.000000  0.001675 
451.000000  452.000000  0.001676 
452.000000  453.000000  0.001677 
453.000000  454.000000  0.001677 
454.000000  455.000000  0.001677 
455.000000  456.000000  0.001677 
456.000000  457.000000  0.001677 
457.000000  458.000000  0.001676 
458.000000  459.000000  0.001675 
459.000000  460.000000  0.001674 
460.000000  461.000000  0.001672 
461.000000  462.000000  0.001670 
462.000000  463.000000  0.001668 
463.000000  464.000000  0.001666 
464.000000  465.000000  0.001664 
465.000000  466.000000  0.001661 
466.000000  467.000000  0.001658 
467.000000  468.000000  0.001654 
468.000000  469.000000  0.001651 
469.000000  470.000000  0.001647 
470.000000  471.000000  0.001643 
471.000000  472.000000  0.001639 
472.000000  473.000000  0.001634 
473.000000  474.000000  0.001629 
474.000000  475.000000  0.001624 
475.000000  476.000000  0.001619 
476.000000  477.000000  0.001613 
477.000000  478.000000  0.001608 
478.000000  479.000000  0.001602 
479.000000  480.000000  0.001595 
480.000000  481.000000  0.001589 
481.000000  482.000000  0.001582 
482.000000  483.000000  0.001575 
483.000000  484.000000  0.001568 
484.000000  485.000000  0.001560 
485.000000  486.000000  0.001553 
486.000000  487.000000  0.001545 
487.000000  488.000000  0.001536 
488.000000  489.000000  0.001528 
489.000000  490.000000  0.001519 
490.000000  491.000000  0.001511 
491.000000  492.000000  0.001502 
492.000000  493.000000  0.001492 
493.000000  494.000000  0.001483 
494.000000  495.000000  0.001473 
495.000000  496.000000  0.001463 
496.000000  497.000000  0.001453 
497.000000  498.000000  0.001443 
498.000000  499.000000  0.001432 
499.000000  500.000000  0.001422 
500.000000  501.000000  0.001411 
501.000000  502.000000  0.001400 
502.000000  503.000000  0.001388 
503.000000  504.000000  0.001377 
504.000000  505.000000  0.001365 
505.000000  506.000000  0.001354 
506.000000  507.000000  0.001342 
507.000000  508.000000  0.001329 
508.000000  509.000000  0.001317 
509.000000  510.000000  0.001304 
510.000000  511.000000  0.001292 
511.000000  512.000000  0.001279 
512.000000  513.000000  0.001266 
513.000000  514.000000  0.001253 
514.000000  515.000000  0.001239 
515.000000  516.000000  0.001226 
516.000000  517.000000  0.001212 
517.000000  518.000000  0.001198 
518.000000  519.000000  0.001184 
519.000000  520.000000  0.001170 
520.000000  521.000000  0.001156 
521.000000  522.000000  0.001141 
522.000000  523.000000  0.001127 
523.000000  524.000000  0.001112 
524.000000  525.000000  0.001097 
525.000000  526.000000  0.001082 
526.000000  527.000000  0.001067 
527.000000  528.000000  0.001052 
528.000000  529.000000  0.001036 
529.000000  530.000000  0.001021 
530.000000  531.000000  0.001005 
531.000000  532.000000  0.000989 
532.000000  533.000000  0.000974 
533.000000  534.000000  0.000958 
534.000000  535.000000  0.000942 
535.000000  536.000000  0.000925 
536.000000  537.000000  0.000909 
537.000000  538.000000  0.000893 
538.000000  539.000000  0.000876 
539.000000  540.000000  0.000860 
540.000000  541.000000  0.000843 
541.000000  542.000000  0.000826 
542.000000  543.000000  0.000809 
543.000000  544.000000  0.000792 
544.000000  545.000000  0.000775 
545.000000  546.000000  0.000758 
546.000000  547.000000  0.000741 
547.000000  548.000000  0.000724 
548.000000  549.000000  0.000706 
549.000000  550.000000  0.000689 
550.000000  551.000000  0.000671 
551.000000  552.000000  0.000654 
552.000000  553.000000  0.000636 
553.000000  554.000000  0.000618 
554.000000  555.000000  0.000601 
555.000000  556.000000  0.000583 
556.000000  557.000000  0.000565 
557.000000  558.000000  0.000547 
558.000000  559.000000  0.000529 
559.000000  560.000000  0.000511 
560.000000  561.000000  0.000493 
561.000000  562.000000  0.000474 
562.000000  563.000000  0.000456 
563.000000  564.000000  0.000438 
564.000000  565.000000  0.000420 
565.000000  566.000000  0.000401 
566.000000  567.000000  0.000383 
567.000000  568.000000  0.000364 
568.000000  569.000000  0.000346 
569.000000  570.000000  0.000327 
570.000000  571.000000  0.000309 
571.000000  572.000000  0.000290 
572.000000  573.000000  0.000272 
573.000000  574.000000  0.000253 
574.000000  575.000000  0.000234 
575.000000  576.000000  0.000216 
576.000000  577.000000  0.000197 
577.000000  578.000000  0.000178 
578.000000  579.000000  0.000159 
579.000000  580.000000  0.000141 
580.000000  581.000000  0.000122 
581.000000  582.000000  0.000103 
582.000000  583.000000  0.000084 
583.000000  584.000000  0.000065 
584.000000  585.000000  0.000046 
585.000000  586.000000  0.000028 
586.000000  587.000000  0.000009 
587.000000  588.000000  -0.000010 
588.000000  589.000000  -0.000029 
589.000000  590.000000  -0.000048 
590.000000  591.000000  -0.000067 
591.000000  592.000000  -0.000086 
592.000000  593.000000  -0.000104 
593.000000  594.000000  -0.000123 
594.000000  595.000000  -0.000142 
595.000000  596.000000  -0.000161 
596.000000  597.000000  -0.000180 
597.000000  598.000000  -0.000199 
598.000000  599.000000  -0.000218 
599.000000  600.000000  -0.000236 
600.000000  601.000000  -0.000255 
601.000000  602.000000  -0.000274 
602.000000  603.000000  -0.000293 
603.000000  604.000000  -0.000312 
604.000000  605.000000  -0.000330 
605.000000  606.000000  -0.000349 
606.000000  607.000000  -0.000368 
607.000000  608.000000  -0.000387 
608.000000  609.000000  -0.000405 
609.000000  610.000000  -0.000424 
610.000000  611.000000  -0.000443 
611.000000  612.000000  -0.000461 
612.000000  613.000000  -0.000480 
613.000000  614.000000  -0.000499 
614.000000  615.000000  -0.000517 
615.000000  616.000000  -0.000536 
616.000000  617.000000  -0.000554 
617.000000  618.000000  -0.000573 
618.000000  619.000000  -0.000591 
619.000000  620.000000  -0.000609 
620.000000  621.000000  -0.000628 
621.000000  622.000000  -0.000646 
622.000000  623.000000  -0.000665 
623.000000  624.000000  -0.000683 
624.000000  625.000000  -0.000701 
625.000000  626.000000  -0.000719 
626.000000  627.000000  -0.000738 
627.000000  628.000000  -0.000756 
628.000000  629.000000  -0.000774 
629.000000  630.000000  -0.000792 
630.000000  631.000000  -0.000810 
631.000000  632.000000  -0.000828 
632.000000  633.000000  -0.000846 
633.000000  634.000000  -0.000864 
634.000000  635.000000  -0.000882 
635.000000  636.000000  -0.000900 
636.000000  637.000000  -0.000918 
637.000000  638.000000  -0.000935 
638.000000  639.000000  -0.000953 
639.000000  640.000000  -0.000971 
640.000000  641.000000  -0.000988 
641.000000  642.000000  -0.001006 
642.000000  643.000000  -0.001024 
643.000000  644.000000  -0.001041 
644.000000  645.000000  -0.001059 
645.000000  646.000000  -0.001076 
646.000000  647.000000  -0.001093 
647.000000  648.000000  -0.001111 
648.000000  649.000000  -0.001128 
649.000000  650.000000  -0.001145 
650.000000  651.000000  -0.001163 
651.000000  652.000000  -0.001180 
652.000000  653.000000  -0.001197 
653.000000  654.000000  -0.001214 
654.000000  655.000000  -0.001231 
655.000000  656.000000  -0.001248 
656.000000  657.000000  -0.001265 
657.000000  658.000000  -0.001282 
658.000000  659.000000  -0.001298 
659.000000  660.000000  -0.001315 
660.000000  661.000000  -0.001332 
661.000000  662.000000  -0.001349 
662.000000  663.000000  -0.001365 
663.000000  664.000000  -0.001382 
664.000000  665.000000  -0.001398 
665.000000  666.000000  -0.001415 
666.000000  667.000000  -0.001431 
667.000000  668.000000  -0.001447 
668.000000  669.000000  -0.001464 
669.000000  670.000000  -0.001480 
670.000000  671.000000  -0.001496 
671.000000  672.000000  -0.001512 
672.000000  673.000000  -0.001528 
673.000000  674.000000  -0.001544 
674.000000  675.000000  -0.001560 
675.000000  676.000000  -0.001576 
676.000000  677.000000  -0.001592 
677.000000  678.000000  -0.001608 
678.000000  679.000000  -0.001624 
679.000000  680.000000  -0.001639 
680.000000  681.000000  -0.001655 
681.000000  682.000000  -0.001671 
682.000000  683.000000  -0.001686 
683.000000  684.000000  -0.001702 
684.000000  685.000000  -0.001717 
685.000000  686.000000  -0.001732 
686.000000  687.000000  -0.001748 
687.000000  688.000000  -0.001763 
688.000000  689.000000  -0.001778 
689.000000  690.000000  -0.001793 
690.000000  691.000000  -0.001808 
691.000000  692.000000  -0.001824 
692.000000  693.000000  -0.001839 
693.000000  694.000000  -0.001853 
694.000000  695.000000  -0.001868 
695.000000  696.000000  -0.001883 
696.000000  697.000000  -0.001898 
697.000000  698.000000  -0.001913 
698.000000  699.000000  -0.001927 
699.000000  700.000000  -0.001942 
700.000000  701.000000  -0.001956 
701.000000  702.000000  -0.001971 
702.000000  703.000000  -0.001985 
703.000000  704.000000  -0.002000 
704.000000  705.000000  -0.002014 
705.000000  706.000000  -0.002028 
706.000000  707.000000  -0.002042 
707.000000  708.000000  -0.002057 
708.000000  709.000000  -0.002071 
709.000000  710.000000  -0.002085 
710.000000  711.000000  -0.002099 
711.000000  712.000000  -0.002113 
712.000000  713.000000  -0.002126 
713.000000  714.000000  -0.002140 
714.000000  715.000000  -0.002154 
715.000000  716.000000  -0.002168 
716.000000  717.000000  -0.002181 
717.000000  718.000000  -0.002195 
718.000000  719.000000  -0.002208 
719.000000  720.000000  -0.002222 
720.000000  721.000000  -0.002235 
721.000000  722.000000  -0.002249 
722.000000  723.000000  -0.002262 
723.000000  724.000000  -0.002275 
724.000000  725.000000  -0.002288 
725.000000  726.000000  -0.002302 
726.000000  727.000000  -0.002315 
727.000000  728.000000  -0.002328 
728.000000  729.000000  -0.002341 
729.000000  730.000000  -0.002354 
730.000000  731.000000  -0.002367 
731.000000  732.000000  -0.002379 
732.000000  733.000000  -0.002392 
733.000000  734.000000  -0.002405 
734.000000  735.000000  -0.002417 
735.000000  736.000000  -0.002430 
736.000000  737.000000  -0.002443 
737.000000  738.000000  -0.002455 
738.000000  739.000000  -0.002468 
739.000000  740.000000  -0.002480 
740.000000  741.000000  -0.002492 
741.000000  742.000000  -0.002504 
742.000000  743.000000  -0.002517 
743.000000  744.000000  -0.002529 
744.000000  745.000000  -0.002541 
745.000000  746.000000  -0.002553 
746.000000  747.000000  -0.002565 
747.000000  748.000000  -0.002577 
748.000000  749.000000  -0.002589 
749.000000  750.000000  -0.002601 
750.000000  751.000000  -0.002613 
751.000000  752.000000  -0.002624 
752.000000  753.000000  -0.002636 
753.000000  754.000000  -0.002648 
754.000000  755.000000  -0.002659 
755.000000  756.000000  -0.002671 
756.000000  757.000000  -0.002682 
757.000000  758.000000  -0.002694 
758.000000  759.000000  -0.002705 
759.000000  760.000000  -0.002716 
760.000000  761.000000  -0.002728 
761.000000  762.000000  -0.002739 
762.000000  763.000000  -0.002750 
763.000000  764.000000  -0.002761 
764.000000  765.000000  -0.002772 
765.000000  766.000000  -0.002783 
766.000000  767.000000  -0.002794 
767.000000  768.000000  -0.002805 
768.000000  769.000000  -0.002816 
769.000000  770.000000  -0.002827 
770.000000  771.000000  -0.002838 
771.000000  772.000000  -0.002848 
772.000000  773.000000  -0.002859 
773.000000  774.000000  -0.002870 
774.000000  775.000000  -0.002880 
775.000000  776.000000  -0.002891 
776.000000  777.000000  -0.002901 
777.000000  778.000000  -0.002912 
778.000000  779.000000  -0.002922 
779.000000  780.000000  -0.002932 
780.000000  781.000000  -0.002943 
781.000000  782.000000  -0.002953 
782.000000  783.000000  -0.002963 
783.000000  784.000000  -0.002973 
784.000000  785.000000  -0.002983 
785.000000  786.000000  -0.002993 
786.000000  787.000000  -0.003003 
787.000000  788.000000  -0.003013 
788.000000  789.000000  -0.003023 
789.000000  790.000000  -0.003033 
790.000000  791.000000  -0.003043 
791.000000  792.000000  -0.003053 
792.000000  793.000000  -0.003062 
793.000000  794.000000  -0.003072 
794.000000  795.000000  -0.003082 
795.000000  796.000000  -0.003091 
796.000000  797.000000  -0.003101 
797.000000  798.000000  -0.003110 
798.000000  799.000000  -0.003120 
799.000000  800.000000  -0.003129 
