17.000000  18.000000  -0.000000 
18.000000  19.000000  -0.000000 
19.000000  20.000000  -0.000000 
20.000000  21.000000  -0.000000 
21.000000  22.000000  -0.000000 
22.000000  23.000000  -0.000000 
23.000000  24.000000  -0.000000 
24.000000  25.000000  -0.000000 
25.000000  26.000000  -0.000000 
26.000000  27.000000  -0.000000 
27.000000  28.000000  -0.000000 
28.000000  29.000000  -0.000000 
29.000000  30.000000  -0.000000 
30.000000  31.000000  -0.000000 
31.000000  32.000000  -0.000000 
32.000000  33.000000  -0.000000 
33.000000  34.000000  -0.000000 
34.000000  35.000000  -0.000000 
35.000000  36.000000  -0.000000 
36.000000  37.000000  -0.000000 
37.000000  38.000000  -0.000000 
38.000000  39.000000  -0.000000 
39.000000  40.000000  -0.000000 
40.000000  41.000000  -0.000000 
41.000000  42.000000  -0.000000 
42.000000  43.000000  -0.000000 
43.000000  44.000000  -0.000000 
44.000000  45.000000  -0.000000 
45.000000  46.000000  -0.000000 
46.000000  47.000000  -0.000000 
47.000000  48.000000  -0.000000 
48.000000  49.000000  -0.000000 
49.000000  50.000000  -0.000000 
50.000000  51.000000  -0.000000 
51.000000  52.000000  -0.000000 
52.000000  53.000000  -0.000000 
53.000000  54.000000  -0.000000 
54.000000  55.000000  -0.000000 
55.000000  56.000000  -0.000000 
56.000000  57.000000  -0.000000 
57.000000  58.000000  -0.000000 
58.000000  59.000000  -0.000000 
59.000000  60.000000  -0.000000 
60.000000  61.000000  -0.000000 
61.000000  62.000000  -0.000000 
62.000000  63.000000  -0.000000 
63.000000  64.000000  -0.000000 
64.000000  65.000000  -0.000000 
65.000000  66.000000  -0.000000 
66.000000  67.000000  -0.000000 
67.000000  68.000000  -0.000000 
68.000000  69.000000  -0.000000 
69.000000  70.000000  -0.000000 
70.000000  71.000000  -0.000000 
71.000000  72.000000  -0.000000 
72.000000  73.000000  -0.000000 
73.000000  74.000000  -0.000000 
74.000000  75.000000  -0.000000 
75.000000  76.000000  -0.000000 
76.000000  77.000000  -0.000000 
77.000000  78.000000  -0.000000 
78.000000  79.000000  -0.000000 
79.000000  80.000000  -0.000000 
80.000000  81.000000  -0.000000 
81.000000  82.000000  -0.000000 
82.000000  83.000000  -0.000000 
83.000000  84.000000  -0.000000 
84.000000  85.000000  -0.000000 
85.000000  86.000000  -0.000000 
86.000000  87.000000  -0.000000 
87.000000  88.000000  -0.000000 
88.000000  89.000000  -0.000000 
89.000000  90.000000  -0.000000 
90.000000  91.000000  -0.000000 
91.000000  92.000000  -0.000000 
92.000000  93.000000  -0.000000 
93.000000  94.000000  -0.000000 
94.000000  95.000000  -0.000000 
95.000000  96.000000  -0.000000 
96.000000  97.000000  -0.000000 
97.000000  98.000000  -0.000000 
98.000000  99.000000  -0.000000 
99.000000  100.000000  -0.000000 
100.000000  101.000000  -0.000000 
101.000000  102.000000  -0.000000 
102.000000  103.000000  -0.000000 
103.000000  104.000000  -0.000000 
104.000000  105.000000  -0.000000 
105.000000  106.000000  -0.000000 
106.000000  107.000000  -0.000000 
107.000000  108.000000  -0.000000 
108.000000  109.000000  -0.000000 
109.000000  110.000000  -0.000000 
110.000000  111.000000  -0.000000 
111.000000  112.000000  -0.000000 
112.000000  113.000000  -0.000000 
113.000000  114.000000  -0.000000 
114.000000  115.000000  -0.000000 
115.000000  116.000000  -0.000000 
116.000000  117.000000  -0.000000 
117.000000  118.000000  -0.000000 
118.000000  119.000000  -0.000000 
119.000000  120.000000  -0.000000 
120.000000  121.000000  -0.000000 
121.000000  122.000000  -0.000000 
122.000000  123.000000  -0.000000 
123.000000  124.000000  -0.000000 
124.000000  125.000000  -0.000000 
125.000000  126.000000  -0.000000 
126.000000  127.000000  -0.000000 
127.000000  128.000000  -0.000000 
128.000000  129.000000  -0.000000 
129.000000  130.000000  -0.000000 
130.000000  131.000000  -0.000001 
131.000000  132.000000  -0.000001 
132.000000  133.000000  -0.000001 
133.000000  134.000000  -0.000001 
134.000000  135.000000  -0.000001 
135.000000  136.000000  -0.000001 
136.000000  137.000000  -0.000001 
137.000000  138.000000  -0.000001 
138.000000  139.000000  -0.000001 
139.000000  140.000000  -0.000001 
140.000000  141.000000  -0.000001 
141.000000  142.000000  -0.000001 
142.000000  143.000000  -0.000001 
143.000000  144.000000  -0.000001 
144.000000  145.000000  -0.000001 
145.000000  146.000000  -0.000001 
146.000000  147.000000  -0.000001 
147.000000  148.000000  -0.000001 
148.000000  149.000000  -0.000001 
149.000000  150.000000  -0.000001 
150.000000  151.000000  -0.000001 
151.000000  152.000000  -0.000001 
152.000000  153.000000  -0.000001 
153.000000  154.000000  -0.000000 
154.000000  155.000000  -0.000000 
155.000000  156.000000  -0.000000 
156.000000  157.000000  0.000000 
157.000000  158.000000  0.000000 
158.000000  159.000000  0.000001 
159.000000  160.000000  0.000001 
160.000000  161.000000  0.000002 
161.000000  162.000000  0.000002 
162.000000  163.000000  0.000002 
163.000000  164.000000  0.000003 
164.000000  165.000000  0.000004 
165.000000  166.000000  0.000004 
166.000000  167.000000  0.000005 
167.000000  168.000000  0.000006 
168.000000  169.000000  0.000006 
169.000000  170.000000  0.000007 
170.000000  171.000000  0.000008 
171.000000  172.000000  0.000009 
172.000000  173.000000  0.000010 
173.000000  174.000000  0.000012 
174.000000  175.000000  0.000013 
175.000000  176.000000  0.000014 
176.000000  177.000000  0.000016 
177.000000  178.000000  0.000017 
178.000000  179.000000  0.000019 
179.000000  180.000000  0.000021 
180.000000  181.000000  0.000022 
181.000000  182.000000  0.000024 
182.000000  183.000000  0.000026 
183.000000  184.000000  0.000028 
184.000000  185.000000  0.000031 
185.000000  186.000000  0.000033 
186.000000  187.000000  0.000035 
187.000000  188.000000  0.000038 
188.000000  189.000000  0.000040 
189.000000  190.000000  0.000043 
190.000000  191.000000  0.000046 
191.000000  192.000000  0.000049 
192.000000  193.000000  0.000052 
193.000000  194.000000  0.000055 
194.000000  195.000000  0.000059 
195.000000  196.000000  0.000062 
196.000000  197.000000  0.000066 
197.000000  198.000000  0.000069 
198.000000  199.000000  0.000073 
199.000000  200.000000  0.000077 
200.000000  201.000000  0.000081 
201.000000  202.000000  0.000085 
202.000000  203.000000  0.000090 
203.000000  204.000000  0.000094 
204.000000  205.000000  0.000098 
205.000000  206.000000  0.000103 
206.000000  207.000000  0.000108 
207.000000  208.000000  0.000112 
208.000000  209.000000  0.000117 
209.000000  210.000000  0.000122 
210.000000  211.000000  0.000127 
211.000000  212.000000  0.000133 
212.000000  213.000000  0.000138 
213.000000  214.000000  0.000143 
214.000000  215.000000  0.000149 
215.000000  216.000000  0.000155 
216.000000  217.000000  0.000160 
217.000000  218.000000  0.000166 
218.000000  219.000000  0.000172 
219.000000  220.000000  0.000178 
220.000000  221.000000  0.000184 
221.000000  222.000000  0.000190 
222.000000  223.000000  0.000196 
223.000000  224.000000  0.000202 
224.000000  225.000000  0.000208 
225.000000  226.000000  0.000215 
226.000000  227.000000  0.000221 
227.000000  228.000000  0.000228 
228.000000  229.000000  0.000234 
229.000000  230.000000  0.000241 
230.000000  231.000000  0.000247 
231.000000  232.000000  0.000254 
232.000000  233.000000  0.000261 
233.000000  234.000000  0.000267 
234.000000  235.000000  0.000274 
235.000000  236.000000  0.000281 
236.000000  237.000000  0.000288 
237.000000  238.000000  0.000294 
238.000000  239.000000  0.000301 
239.000000  240.000000  0.000308 
240.000000  241.000000  0.000315 
241.000000  242.000000  0.000322 
242.000000  243.000000  0.000328 
243.000000  244.000000  0.000335 
244.000000  245.000000  0.000342 
245.000000  246.000000  0.000349 
246.000000  247.000000  0.000356 
247.000000  248.000000  0.000362 
248.000000  249.000000  0.000369 
249.000000  250.000000  0.000376 
250.000000  251.000000  0.000383 
251.000000  252.000000  0.000389 
252.000000  253.000000  0.000396 
253.000000  254.000000  0.000402 
254.000000  255.000000  0.000409 
255.000000  256.000000  0.000415 
256.000000  257.000000  0.000422 
257.000000  258.000000  0.000428 
258.000000  259.000000  0.000435 
259.000000  260.000000  0.000441 
260.000000  261.000000  0.000447 
261.000000  262.000000  0.000453 
262.000000  263.000000  0.000459 
263.000000  264.000000  0.000465 
264.000000  265.000000  0.000471 
265.000000  266.000000  0.000477 
266.000000  267.000000  0.000483 
267.000000  268.000000  0.000489 
268.000000  269.000000  0.000495 
269.000000  270.000000  0.000500 
270.000000  271.000000  0.000506 
271.000000  272.000000  0.000511 
272.000000  273.000000  0.000517 
273.000000  274.000000  0.000522 
274.000000  275.000000  0.000527 
275.000000  276.000000  0.000532 
276.000000  277.000000  0.000537 
277.000000  278.000000  0.000542 
278.000000  279.000000  0.000547 
279.000000  280.000000  0.000552 
280.000000  281.000000  0.000556 
281.000000  282.000000  0.000561 
282.000000  283.000000  0.000565 
283.000000  284.000000  0.000570 
284.000000  285.000000  0.000574 
285.000000  286.000000  0.000578 
286.000000  287.000000  0.000582 
287.000000  288.000000  0.000586 
288.000000  289.000000  0.000590 
289.000000  290.000000  0.000594 
290.000000  291.000000  0.000597 
291.000000  292.000000  0.000601 
292.000000  293.000000  0.000604 
293.000000  294.000000  0.000608 
294.000000  295.000000  0.000611 
295.000000  296.000000  0.000614 
296.000000  297.000000  0.000617 
297.000000  298.000000  0.000620 
298.000000  299.000000  0.000623 
299.000000  300.000000  0.000626 
300.000000  301.000000  0.000628 
301.000000  302.000000  0.000631 
302.000000  303.000000  0.000633 
303.000000  304.000000  0.000636 
304.000000  305.000000  0.000638 
305.000000  306.000000  0.000640 
306.000000  307.000000  0.000642 
307.000000  308.000000  0.000644 
308.000000  309.000000  0.000646 
309.000000  310.000000  0.000648 
310.000000  311.000000  0.000649 
311.000000  312.000000  0.000651 
312.000000  313.000000  0.000652 
313.000000  314.000000  0.000654 
314.000000  315.000000  0.000655 
315.000000  316.000000  0.000656 
316.000000  317.000000  0.000657 
317.000000  318.000000  0.000658 
318.000000  319.000000  0.000659 
319.000000  320.000000  0.000660 
320.000000  321.000000  0.000661 
321.000000  322.000000  0.000661 
322.000000  323.000000  0.000662 
323.000000  324.000000  0.000662 
324.000000  325.000000  0.000663 
325.000000  326.000000  0.000663 
326.000000  327.000000  0.000663 
327.000000  328.000000  0.000663 
328.000000  329.000000  0.000664 
329.000000  330.000000  0.000664 
330.000000  331.000000  0.000663 
331.000000  332.000000  0.000663 
332.000000  333.000000  0.000663 
333.000000  334.000000  0.000663 
334.000000  335.000000  0.000662 
335.000000  336.000000  0.000662 
336.000000  337.000000  0.000661 
337.000000  338.000000  0.000661 
338.000000  339.000000  0.000660 
339.000000  340.000000  0.000659 
340.000000  341.000000  0.000659 
341.000000  342.000000  0.000658 
342.000000  343.000000  0.000657 
343.000000  344.000000  0.000656 
344.000000  345.000000  0.000655 
345.000000  346.000000  0.000654 
346.000000  347.000000  0.000653 
347.000000  348.000000  0.000652 
348.000000  349.000000  0.000650 
349.000000  350.000000  0.000649 
350.000000  351.000000  0.000648 
351.000000  352.000000  0.000646 
352.000000  353.000000  0.000645 
353.000000  354.000000  0.000643 
354.000000  355.000000  0.000642 
355.000000  356.000000  0.000640 
356.000000  357.000000  0.000638 
357.000000  358.000000  0.000637 
358.000000  359.000000  0.000635 
359.000000  360.000000  0.000633 
360.000000  361.000000  0.000631 
361.000000  362.000000  0.000630 
362.000000  363.000000  0.000628 
363.000000  364.000000  0.000626 
364.000000  365.000000  0.000624 
365.000000  366.000000  0.000622 
366.000000  367.000000  0.000620 
367.000000  368.000000  0.000618 
368.000000  369.000000  0.000615 
369.000000  370.000000  0.000613 
370.000000  371.000000  0.000611 
371.000000  372.000000  0.000609 
372.000000  373.000000  0.000607 
373.000000  374.000000  0.000604 
374.000000  375.000000  0.000602 
375.000000  376.000000  0.000600 
376.000000  377.000000  0.000597 
377.000000  378.000000  0.000595 
378.000000  379.000000  0.000593 
379.000000  380.000000  0.000590 
380.000000  381.000000  0.000588 
381.000000  382.000000  0.000585 
382.000000  383.000000  0.000583 
383.000000  384.000000  0.000580 
384.000000  385.000000  0.000578 
385.000000  386.000000  0.000575 
386.000000  387.000000  0.000573 
387.000000  388.000000  0.000570 
388.000000  389.000000  0.000568 
389.000000  390.000000  0.000565 
390.000000  391.000000  0.000563 
391.000000  392.000000  0.000560 
392.000000  393.000000  0.000557 
393.000000  394.000000  0.000555 
394.000000  395.000000  0.000552 
395.000000  396.000000  0.000549 
396.000000  397.000000  0.000547 
397.000000  398.000000  0.000544 
398.000000  399.000000  0.000541 
399.000000  400.000000  0.000539 
400.000000  401.000000  0.000536 
401.000000  402.000000  0.000533 
402.000000  403.000000  0.000530 
403.000000  404.000000  0.000528 
404.000000  405.000000  0.000525 
405.000000  406.000000  0.000522 
406.000000  407.000000  0.000520 
407.000000  408.000000  0.000517 
408.000000  409.000000  0.000514 
409.000000  410.000000  0.000511 
410.000000  411.000000  0.000509 
411.000000  412.000000  0.000506 
412.000000  413.000000  0.000503 
413.000000  414.000000  0.000500 
414.000000  415.000000  0.000498 
415.000000  416.000000  0.000495 
416.000000  417.000000  0.000492 
417.000000  418.000000  0.000489 
418.000000  419.000000  0.000487 
419.000000  420.000000  0.000484 
420.000000  421.000000  0.000481 
421.000000  422.000000  0.000479 
422.000000  423.000000  0.000476 
423.000000  424.000000  0.000473 
424.000000  425.000000  0.000470 
425.000000  426.000000  0.000468 
426.000000  427.000000  0.000465 
427.000000  428.000000  0.000462 
428.000000  429.000000  0.000460 
429.000000  430.000000  0.000457 
430.000000  431.000000  0.000454 
431.000000  432.000000  0.000452 
432.000000  433.000000  0.000449 
433.000000  434.000000  0.000446 
434.000000  435.000000  0.000444 
435.000000  436.000000  0.000441 
436.000000  437.000000  0.000438 
437.000000  438.000000  0.000436 
438.000000  439.000000  0.000433 
439.000000  440.000000  0.000431 
440.000000  441.000000  0.000428 
441.000000  442.000000  0.000425 
442.000000  443.000000  0.000423 
443.000000  444.000000  0.000420 
444.000000  445.000000  0.000418 
445.000000  446.000000  0.000415 
446.000000  447.000000  0.000413 
447.000000  448.000000  0.000410 
448.000000  449.000000  0.000408 
449.000000  450.000000  0.000405 
450.000000  451.000000  0.000403 
451.000000  452.000000  0.000400 
452.000000  453.000000  0.000398 
453.000000  454.000000  0.000395 
454.000000  455.000000  0.000393 
455.000000  456.000000  0.000390 
456.000000  457.000000  0.000388 
457.000000  458.000000  0.000386 
458.000000  459.000000  0.000383 
459.000000  460.000000  0.000381 
460.000000  461.000000  0.000378 
461.000000  462.000000  0.000376 
462.000000  463.000000  0.000374 
463.000000  464.000000  0.000371 
464.000000  465.000000  0.000369 
465.000000  466.000000  0.000367 
466.000000  467.000000  0.000364 
467.000000  468.000000  0.000362 
468.000000  469.000000  0.000360 
469.000000  470.000000  0.000358 
470.000000  471.000000  0.000355 
471.000000  472.000000  0.000353 
472.000000  473.000000  0.000351 
473.000000  474.000000  0.000349 
474.000000  475.000000  0.000347 
475.000000  476.000000  0.000345 
476.000000  477.000000  0.000342 
477.000000  478.000000  0.000340 
478.000000  479.000000  0.000338 
479.000000  480.000000  0.000336 
480.000000  481.000000  0.000334 
481.000000  482.000000  0.000332 
482.000000  483.000000  0.000330 
483.000000  484.000000  0.000328 
484.000000  485.000000  0.000326 
485.000000  486.000000  0.000324 
486.000000  487.000000  0.000322 
487.000000  488.000000  0.000320 
488.000000  489.000000  0.000318 
489.000000  490.000000  0.000316 
490.000000  491.000000  0.000314 
491.000000  492.000000  0.000312 
492.000000  493.000000  0.000310 
493.000000  494.000000  0.000308 
494.000000  495.000000  0.000306 
495.000000  496.000000  0.000304 
496.000000  497.000000  0.000302 
497.000000  498.000000  0.000300 
498.000000  499.000000  0.000298 
499.000000  500.000000  0.000297 
500.000000  501.000000  0.000295 
501.000000  502.000000  0.000293 
502.000000  503.000000  0.000291 
503.000000  504.000000  0.000289 
504.000000  505.000000  0.000288 
505.000000  506.000000  0.000286 
506.000000  507.000000  0.000284 
507.000000  508.000000  0.000282 
508.000000  509.000000  0.000281 
509.000000  510.000000  0.000279 
510.000000  511.000000  0.000277 
511.000000  512.000000  0.000276 
512.000000  513.000000  0.000274 
513.000000  514.000000  0.000272 
514.000000  515.000000  0.000271 
515.000000  516.000000  0.000269 
516.000000  517.000000  0.000267 
517.000000  518.000000  0.000266 
518.000000  519.000000  0.000264 
519.000000  520.000000  0.000263 
520.000000  521.000000  0.000261 
521.000000  522.000000  0.000260 
522.000000  523.000000  0.000258 
523.000000  524.000000  0.000256 
524.000000  525.000000  0.000255 
525.000000  526.000000  0.000253 
526.000000  527.000000  0.000252 
527.000000  528.000000  0.000250 
528.000000  529.000000  0.000249 
529.000000  530.000000  0.000248 
530.000000  531.000000  0.000246 
531.000000  532.000000  0.000245 
532.000000  533.000000  0.000243 
533.000000  534.000000  0.000242 
534.000000  535.000000  0.000240 
535.000000  536.000000  0.000239 
536.000000  537.000000  0.000238 
537.000000  538.000000  0.000236 
538.000000  539.000000  0.000235 
539.000000  540.000000  0.000234 
540.000000  541.000000  0.000232 
541.000000  542.000000  0.000231 
542.000000  543.000000  0.000230 
543.000000  544.000000  0.000228 
544.000000  545.000000  0.000227 
545.000000  546.000000  0.000226 
546.000000  547.000000  0.000225 
547.000000  548.000000  0.000223 
548.000000  549.000000  0.000222 
549.000000  550.000000  0.000221 
550.000000  551.000000  0.000220 
551.000000  552.000000  0.000218 
552.000000  553.000000  0.000217 
553.000000  554.000000  0.000216 
554.000000  555.000000  0.000215 
555.000000  556.000000  0.000214 
556.000000  557.000000  0.000213 
557.000000  558.000000  0.000211 
558.000000  559.000000  0.000210 
559.000000  560.000000  0.000209 
560.000000  561.000000  0.000208 
561.000000  562.000000  0.000207 
562.000000  563.000000  0.000206 
563.000000  564.000000  0.000205 
564.000000  565.000000  0.000204 
565.000000  566.000000  0.000202 
566.000000  567.000000  0.000201 
567.000000  568.000000  0.000200 
568.000000  569.000000  0.000199 
569.000000  570.000000  0.000198 
570.000000  571.000000  0.000197 
571.000000  572.000000  0.000196 
572.000000  573.000000  0.000195 
573.000000  574.000000  0.000194 
574.000000  575.000000  0.000193 
575.000000  576.000000  0.000192 
576.000000  577.000000  0.000191 
577.000000  578.000000  0.000190 
578.000000  579.000000  0.000189 
579.000000  580.000000  0.000188 
580.000000  581.000000  0.000187 
581.000000  582.000000  0.000187 
582.000000  583.000000  0.000186 
583.000000  584.000000  0.000185 
584.000000  585.000000  0.000184 
585.000000  586.000000  0.000183 
586.000000  587.000000  0.000182 
587.000000  588.000000  0.000181 
588.000000  589.000000  0.000180 
589.000000  590.000000  0.000179 
590.000000  591.000000  0.000178 
591.000000  592.000000  0.000178 
592.000000  593.000000  0.000177 
593.000000  594.000000  0.000176 
594.000000  595.000000  0.000175 
595.000000  596.000000  0.000174 
596.000000  597.000000  0.000173 
597.000000  598.000000  0.000173 
598.000000  599.000000  0.000172 
599.000000  600.000000  0.000171 
600.000000  601.000000  0.000170 
601.000000  602.000000  0.000169 
602.000000  603.000000  0.000169 
603.000000  604.000000  0.000168 
604.000000  605.000000  0.000167 
605.000000  606.000000  0.000166 
606.000000  607.000000  0.000166 
607.000000  608.000000  0.000165 
608.000000  609.000000  0.000164 
609.000000  610.000000  0.000163 
610.000000  611.000000  0.000163 
611.000000  612.000000  0.000162 
612.000000  613.000000  0.000161 
613.000000  614.000000  0.000161 
614.000000  615.000000  0.000160 
615.000000  616.000000  0.000159 
616.000000  617.000000  0.000158 
617.000000  618.000000  0.000158 
618.000000  619.000000  0.000157 
619.000000  620.000000  0.000156 
620.000000  621.000000  0.000156 
621.000000  622.000000  0.000155 
622.000000  623.000000  0.000154 
623.000000  624.000000  0.000154 
624.000000  625.000000  0.000153 
625.000000  626.000000  0.000152 
626.000000  627.000000  0.000152 
627.000000  628.000000  0.000151 
628.000000  629.000000  0.000151 
629.000000  630.000000  0.000150 
630.000000  631.000000  0.000149 
631.000000  632.000000  0.000149 
632.000000  633.000000  0.000148 
633.000000  634.000000  0.000148 
634.000000  635.000000  0.000147 
635.000000  636.000000  0.000146 
636.000000  637.000000  0.000146 
637.000000  638.000000  0.000145 
638.000000  639.000000  0.000145 
639.000000  640.000000  0.000144 
640.000000  641.000000  0.000144 
641.000000  642.000000  0.000143 
642.000000  643.000000  0.000142 
643.000000  644.000000  0.000142 
644.000000  645.000000  0.000141 
645.000000  646.000000  0.000141 
646.000000  647.000000  0.000140 
647.000000  648.000000  0.000140 
648.000000  649.000000  0.000139 
649.000000  650.000000  0.000139 
650.000000  651.000000  0.000138 
651.000000  652.000000  0.000138 
652.000000  653.000000  0.000137 
653.000000  654.000000  0.000137 
654.000000  655.000000  0.000136 
655.000000  656.000000  0.000136 
656.000000  657.000000  0.000135 
657.000000  658.000000  0.000135 
658.000000  659.000000  0.000134 
659.000000  660.000000  0.000134 
660.000000  661.000000  0.000133 
661.000000  662.000000  0.000133 
662.000000  663.000000  0.000132 
663.000000  664.000000  0.000132 
664.000000  665.000000  0.000131 
665.000000  666.000000  0.000131 
666.000000  667.000000  0.000131 
667.000000  668.000000  0.000130 
668.000000  669.000000  0.000130 
669.000000  670.000000  0.000129 
670.000000  671.000000  0.000129 
671.000000  672.000000  0.000128 
672.000000  673.000000  0.000128 
673.000000  674.000000  0.000128 
674.000000  675.000000  0.000127 
675.000000  676.000000  0.000127 
676.000000  677.000000  0.000126 
677.000000  678.000000  0.000126 
678.000000  679.000000  0.000125 
679.000000  680.000000  0.000125 
680.000000  681.000000  0.000125 
681.000000  682.000000  0.000124 
682.000000  683.000000  0.000124 
683.000000  684.000000  0.000123 
684.000000  685.000000  0.000123 
685.000000  686.000000  0.000123 
686.000000  687.000000  0.000122 
687.000000  688.000000  0.000122 
688.000000  689.000000  0.000122 
689.000000  690.000000  0.000121 
690.000000  691.000000  0.000121 
691.000000  692.000000  0.000120 
692.000000  693.000000  0.000120 
693.000000  694.000000  0.000120 
694.000000  695.000000  0.000119 
695.000000  696.000000  0.000119 
696.000000  697.000000  0.000119 
697.000000  698.000000  0.000118 
698.000000  699.000000  0.000118 
699.000000  700.000000  0.000118 
700.000000  701.000000  0.000117 
701.000000  702.000000  0.000117 
702.000000  703.000000  0.000117 
703.000000  704.000000  0.000116 
704.000000  705.000000  0.000116 
705.000000  706.000000  0.000116 
706.000000  707.000000  0.000115 
707.000000  708.000000  0.000115 
708.000000  709.000000  0.000115 
709.000000  710.000000  0.000114 
710.000000  711.000000  0.000114 
711.000000  712.000000  0.000114 
712.000000  713.000000  0.000114 
713.000000  714.000000  0.000113 
714.000000  715.000000  0.000113 
715.000000  716.000000  0.000113 
716.000000  717.000000  0.000112 
717.000000  718.000000  0.000112 
718.000000  719.000000  0.000112 
719.000000  720.000000  0.000111 
720.000000  721.000000  0.000111 
721.000000  722.000000  0.000111 
722.000000  723.000000  0.000111 
723.000000  724.000000  0.000110 
724.000000  725.000000  0.000110 
725.000000  726.000000  0.000110 
726.000000  727.000000  0.000109 
727.000000  728.000000  0.000109 
728.000000  729.000000  0.000109 
729.000000  730.000000  0.000109 
730.000000  731.000000  0.000108 
731.000000  732.000000  0.000108 
732.000000  733.000000  0.000108 
733.000000  734.000000  0.000108 
734.000000  735.000000  0.000107 
735.000000  736.000000  0.000107 
736.000000  737.000000  0.000107 
737.000000  738.000000  0.000107 
738.000000  739.000000  0.000106 
739.000000  740.000000  0.000106 
740.000000  741.000000  0.000106 
741.000000  742.000000  0.000106 
742.000000  743.000000  0.000105 
743.000000  744.000000  0.000105 
744.000000  745.000000  0.000105 
745.000000  746.000000  0.000105 
746.000000  747.000000  0.000104 
747.000000  748.000000  0.000104 
748.000000  749.000000  0.000104 
749.000000  750.000000  0.000104 
750.000000  751.000000  0.000104 
751.000000  752.000000  0.000103 
752.000000  753.000000  0.000103 
753.000000  754.000000  0.000103 
754.000000  755.000000  0.000103 
755.000000  756.000000  0.000102 
756.000000  757.000000  0.000102 
757.000000  758.000000  0.000102 
758.000000  759.000000  0.000102 
759.000000  760.000000  0.000102 
760.000000  761.000000  0.000101 
761.000000  762.000000  0.000101 
762.000000  763.000000  0.000101 
763.000000  764.000000  0.000101 
764.000000  765.000000  0.000101 
765.000000  766.000000  0.000100 
766.000000  767.000000  0.000100 
767.000000  768.000000  0.000100 
768.000000  769.000000  0.000100 
769.000000  770.000000  0.000100 
770.000000  771.000000  0.000099 
771.000000  772.000000  0.000099 
772.000000  773.000000  0.000099 
773.000000  774.000000  0.000099 
774.000000  775.000000  0.000099 
775.000000  776.000000  0.000099 
776.000000  777.000000  0.000098 
777.000000  778.000000  0.000098 
778.000000  779.000000  0.000098 
779.000000  780.000000  0.000098 
780.000000  781.000000  0.000098 
781.000000  782.000000  0.000097 
782.000000  783.000000  0.000097 
783.000000  784.000000  0.000097 
784.000000  785.000000  0.000097 
785.000000  786.000000  0.000097 
786.000000  787.000000  0.000097 
787.000000  788.000000  0.000096 
788.000000  789.000000  0.000096 
789.000000  790.000000  0.000096 
790.000000  791.000000  0.000096 
791.000000  792.000000  0.000096 
792.000000  793.000000  0.000096 
793.000000  794.000000  0.000095 
794.000000  795.000000  0.000095 
795.000000  796.000000  0.000095 
796.000000  797.000000  0.000095 
797.000000  798.000000  0.000095 
798.000000  799.000000  0.000095 
799.000000  800.000000  0.000095 
