17.000000  18.000000  0.000000 
18.000000  19.000000  0.000000 
19.000000  20.000000  0.000000 
20.000000  21.000000  0.000000 
21.000000  22.000000  0.000000 
22.000000  23.000000  0.000000 
23.000000  24.000000  0.000000 
24.000000  25.000000  0.000000 
25.000000  26.000000  0.000000 
26.000000  27.000000  0.000000 
27.000000  28.000000  0.000000 
28.000000  29.000000  0.000000 
29.000000  30.000000  0.000001 
30.000000  31.000000  0.000001 
31.000000  32.000000  0.000001 
32.000000  33.000000  0.000002 
33.000000  34.000000  0.000003 
34.000000  35.000000  0.000004 
35.000000  36.000000  0.000006 
36.000000  37.000000  0.000008 
37.000000  38.000000  0.000011 
38.000000  39.000000  0.000015 
39.000000  40.000000  0.000019 
40.000000  41.000000  0.000024 
41.000000  42.000000  0.000031 
42.000000  43.000000  0.000039 
43.000000  44.000000  0.000048 
44.000000  45.000000  0.000059 
45.000000  46.000000  0.000071 
46.000000  47.000000  0.000085 
47.000000  48.000000  0.000100 
48.000000  49.000000  0.000118 
49.000000  50.000000  0.000137 
50.000000  51.000000  0.000159 
51.000000  52.000000  0.000182 
52.000000  53.000000  0.000207 
53.000000  54.000000  0.000234 
54.000000  55.000000  0.000263 
55.000000  56.000000  0.000294 
56.000000  57.000000  0.000326 
57.000000  58.000000  0.000361 
58.000000  59.000000  0.000397 
59.000000  60.000000  0.000435 
60.000000  61.000000  0.000474 
61.000000  62.000000  0.000515 
62.000000  63.000000  0.000557 
63.000000  64.000000  0.000600 
64.000000  65.000000  0.000645 
65.000000  66.000000  0.000691 
66.000000  67.000000  0.000737 
67.000000  68.000000  0.000784 
68.000000  69.000000  0.000833 
69.000000  70.000000  0.000881 
70.000000  71.000000  0.000931 
71.000000  72.000000  0.000980 
72.000000  73.000000  0.001030 
73.000000  74.000000  0.001081 
74.000000  75.000000  0.001131 
75.000000  76.000000  0.001182 
76.000000  77.000000  0.001232 
77.000000  78.000000  0.001283 
78.000000  79.000000  0.001334 
79.000000  80.000000  0.001384 
80.000000  81.000000  0.001434 
81.000000  82.000000  0.001484 
82.000000  83.000000  0.001533 
83.000000  84.000000  0.001582 
84.000000  85.000000  0.001631 
85.000000  86.000000  0.001682 
86.000000  87.000000  0.001730 
87.000000  88.000000  0.001777 
88.000000  89.000000  0.001824 
89.000000  90.000000  0.001870 
90.000000  91.000000  0.001916 
91.000000  92.000000  0.001961 
92.000000  93.000000  0.002006 
93.000000  94.000000  0.002049 
94.000000  95.000000  0.002093 
95.000000  96.000000  0.002135 
96.000000  97.000000  0.002177 
97.000000  98.000000  0.002219 
98.000000  99.000000  0.002260 
99.000000  100.000000  0.002300 
100.000000  101.000000  0.002339 
101.000000  102.000000  0.002378 
102.000000  103.000000  0.002417 
103.000000  104.000000  0.002455 
104.000000  105.000000  0.002492 
105.000000  106.000000  0.002529 
106.000000  107.000000  0.002565 
107.000000  108.000000  0.002600 
108.000000  109.000000  0.002635 
109.000000  110.000000  0.002670 
110.000000  111.000000  0.002704 
111.000000  112.000000  0.002737 
112.000000  113.000000  0.002770 
113.000000  114.000000  0.002803 
114.000000  115.000000  0.002835 
115.000000  116.000000  0.002867 
116.000000  117.000000  0.002898 
117.000000  118.000000  0.002929 
118.000000  119.000000  0.002959 
119.000000  120.000000  0.002989 
120.000000  121.000000  0.003018 
121.000000  122.000000  0.003048 
122.000000  123.000000  0.003076 
123.000000  124.000000  0.003105 
124.000000  125.000000  0.003133 
125.000000  126.000000  0.003160 
126.000000  127.000000  0.003188 
127.000000  128.000000  0.003215 
128.000000  129.000000  0.003242 
129.000000  130.000000  0.003268 
130.000000  131.000000  0.003294 
131.000000  132.000000  0.003320 
132.000000  133.000000  0.003345 
133.000000  134.000000  0.003371 
134.000000  135.000000  0.003395 
135.000000  136.000000  0.003420 
136.000000  137.000000  0.003445 
137.000000  138.000000  0.003469 
138.000000  139.000000  0.003493 
139.000000  140.000000  0.003516 
140.000000  141.000000  0.003540 
141.000000  142.000000  0.003563 
142.000000  143.000000  0.003586 
143.000000  144.000000  0.003609 
144.000000  145.000000  0.003631 
145.000000  146.000000  0.003653 
146.000000  147.000000  0.003675 
147.000000  148.000000  0.003697 
148.000000  149.000000  0.003719 
149.000000  150.000000  0.003740 
150.000000  151.000000  0.003762 
151.000000  152.000000  0.003783 
152.000000  153.000000  0.003804 
153.000000  154.000000  0.003824 
154.000000  155.000000  0.003845 
155.000000  156.000000  0.003865 
156.000000  157.000000  0.003885 
157.000000  158.000000  0.003905 
158.000000  159.000000  0.003925 
159.000000  160.000000  0.003945 
160.000000  161.000000  0.003964 
161.000000  162.000000  0.003984 
162.000000  163.000000  0.004003 
163.000000  164.000000  0.004022 
164.000000  165.000000  0.004041 
165.000000  166.000000  0.004059 
166.000000  167.000000  0.004078 
167.000000  168.000000  0.004096 
168.000000  169.000000  0.004114 
169.000000  170.000000  0.004132 
170.000000  171.000000  0.004150 
171.000000  172.000000  0.004168 
172.000000  173.000000  0.004185 
173.000000  174.000000  0.004203 
174.000000  175.000000  0.004220 
175.000000  176.000000  0.004237 
176.000000  177.000000  0.004254 
177.000000  178.000000  0.004271 
178.000000  179.000000  0.004287 
179.000000  180.000000  0.004304 
180.000000  181.000000  0.004320 
181.000000  182.000000  0.004336 
182.000000  183.000000  0.004352 
183.000000  184.000000  0.004368 
184.000000  185.000000  0.004384 
185.000000  186.000000  0.004399 
186.000000  187.000000  0.004415 
187.000000  188.000000  0.004430 
188.000000  189.000000  0.004445 
189.000000  190.000000  0.004460 
190.000000  191.000000  0.004475 
191.000000  192.000000  0.004489 
192.000000  193.000000  0.004503 
193.000000  194.000000  0.004518 
194.000000  195.000000  0.004532 
195.000000  196.000000  0.004546 
196.000000  197.000000  0.004559 
197.000000  198.000000  0.004573 
198.000000  199.000000  0.004586 
199.000000  200.000000  0.004600 
200.000000  201.000000  0.004613 
201.000000  202.000000  0.004625 
202.000000  203.000000  0.004638 
203.000000  204.000000  0.004651 
204.000000  205.000000  0.004663 
205.000000  206.000000  0.004675 
206.000000  207.000000  0.004687 
207.000000  208.000000  0.004699 
208.000000  209.000000  0.004711 
209.000000  210.000000  0.004722 
210.000000  211.000000  0.004734 
211.000000  212.000000  0.004745 
212.000000  213.000000  0.004756 
213.000000  214.000000  0.004767 
214.000000  215.000000  0.004777 
215.000000  216.000000  0.004788 
216.000000  217.000000  0.004798 
217.000000  218.000000  0.004808 
218.000000  219.000000  0.004818 
219.000000  220.000000  0.004828 
220.000000  221.000000  0.004838 
221.000000  222.000000  0.004847 
222.000000  223.000000  0.004857 
223.000000  224.000000  0.004866 
224.000000  225.000000  0.004875 
225.000000  226.000000  0.004884 
226.000000  227.000000  0.004892 
227.000000  228.000000  0.004901 
228.000000  229.000000  0.004909 
229.000000  230.000000  0.004917 
230.000000  231.000000  0.004925 
231.000000  232.000000  0.004933 
232.000000  233.000000  0.004941 
233.000000  234.000000  0.004949 
234.000000  235.000000  0.004956 
235.000000  236.000000  0.004963 
236.000000  237.000000  0.004971 
237.000000  238.000000  0.004978 
238.000000  239.000000  0.004984 
239.000000  240.000000  0.004991 
240.000000  241.000000  0.004998 
241.000000  242.000000  0.005004 
242.000000  243.000000  0.005010 
243.000000  244.000000  0.005017 
244.000000  245.000000  0.005023 
245.000000  246.000000  0.005029 
246.000000  247.000000  0.005034 
247.000000  248.000000  0.005040 
248.000000  249.000000  0.005046 
249.000000  250.000000  0.005051 
250.000000  251.000000  0.005056 
251.000000  252.000000  0.005061 
252.000000  253.000000  0.005066 
253.000000  254.000000  0.005071 
254.000000  255.000000  0.005076 
255.000000  256.000000  0.005081 
256.000000  257.000000  0.005086 
257.000000  258.000000  0.005090 
258.000000  259.000000  0.005095 
259.000000  260.000000  0.005099 
260.000000  261.000000  0.005103 
261.000000  262.000000  0.005107 
262.000000  263.000000  0.005111 
263.000000  264.000000  0.005115 
264.000000  265.000000  0.005119 
265.000000  266.000000  0.005123 
266.000000  267.000000  0.005126 
267.000000  268.000000  0.005130 
268.000000  269.000000  0.005133 
269.000000  270.000000  0.005137 
270.000000  271.000000  0.005140 
271.000000  272.000000  0.005143 
272.000000  273.000000  0.005147 
273.000000  274.000000  0.005150 
274.000000  275.000000  0.005153 
275.000000  276.000000  0.005156 
276.000000  277.000000  0.005158 
277.000000  278.000000  0.005161 
278.000000  279.000000  0.005164 
279.000000  280.000000  0.005167 
280.000000  281.000000  0.005169 
281.000000  282.000000  0.005172 
282.000000  283.000000  0.005175 
283.000000  284.000000  0.005177 
284.000000  285.000000  0.005179 
285.000000  286.000000  0.005182 
286.000000  287.000000  0.005184 
287.000000  288.000000  0.005186 
288.000000  289.000000  0.005189 
289.000000  290.000000  0.005191 
290.000000  291.000000  0.005193 
291.000000  292.000000  0.005195 
292.000000  293.000000  0.005197 
293.000000  294.000000  0.005199 
294.000000  295.000000  0.005201 
295.000000  296.000000  0.005203 
296.000000  297.000000  0.005205 
297.000000  298.000000  0.005207 
298.000000  299.000000  0.005209 
299.000000  300.000000  0.005211 
300.000000  301.000000  0.005212 
301.000000  302.000000  0.005214 
302.000000  303.000000  0.005216 
303.000000  304.000000  0.005218 
304.000000  305.000000  0.005219 
305.000000  306.000000  0.005221 
306.000000  307.000000  0.005222 
307.000000  308.000000  0.005224 
308.000000  309.000000  0.005226 
309.000000  310.000000  0.005227 
310.000000  311.000000  0.005229 
311.000000  312.000000  0.005230 
312.000000  313.000000  0.005232 
313.000000  314.000000  0.005233 
314.000000  315.000000  0.005235 
315.000000  316.000000  0.005236 
316.000000  317.000000  0.005238 
317.000000  318.000000  0.005239 
318.000000  319.000000  0.005241 
319.000000  320.000000  0.005242 
320.000000  321.000000  0.005243 
321.000000  322.000000  0.005245 
322.000000  323.000000  0.005246 
323.000000  324.000000  0.005248 
324.000000  325.000000  0.005249 
325.000000  326.000000  0.005250 
326.000000  327.000000  0.005252 
327.000000  328.000000  0.005253 
328.000000  329.000000  0.005254 
329.000000  330.000000  0.005256 
330.000000  331.000000  0.005257 
331.000000  332.000000  0.005258 
332.000000  333.000000  0.005260 
333.000000  334.000000  0.005261 
334.000000  335.000000  0.005262 
335.000000  336.000000  0.005264 
336.000000  337.000000  0.005265 
337.000000  338.000000  0.005266 
338.000000  339.000000  0.005268 
339.000000  340.000000  0.005269 
340.000000  341.000000  0.005270 
341.000000  342.000000  0.005271 
342.000000  343.000000  0.005273 
343.000000  344.000000  0.005274 
344.000000  345.000000  0.005275 
345.000000  346.000000  0.005277 
346.000000  347.000000  0.005278 
347.000000  348.000000  0.005279 
348.000000  349.000000  0.005281 
349.000000  350.000000  0.005282 
350.000000  351.000000  0.005283 
351.000000  352.000000  0.005284 
352.000000  353.000000  0.005286 
353.000000  354.000000  0.005287 
354.000000  355.000000  0.005288 
355.000000  356.000000  0.005290 
356.000000  357.000000  0.005291 
357.000000  358.000000  0.005292 
358.000000  359.000000  0.005294 
359.000000  360.000000  0.005295 
360.000000  361.000000  0.005296 
361.000000  362.000000  0.005298 
362.000000  363.000000  0.005299 
363.000000  364.000000  0.005300 
364.000000  365.000000  0.005302 
365.000000  366.000000  0.005303 
366.000000  367.000000  0.005304 
367.000000  368.000000  0.005305 
368.000000  369.000000  0.005307 
369.000000  370.000000  0.005308 
370.000000  371.000000  0.005309 
371.000000  372.000000  0.005311 
372.000000  373.000000  0.005312 
373.000000  374.000000  0.005313 
374.000000  375.000000  0.005315 
375.000000  376.000000  0.005316 
376.000000  377.000000  0.005317 
377.000000  378.000000  0.005319 
378.000000  379.000000  0.005320 
379.000000  380.000000  0.005321 
380.000000  381.000000  0.005323 
381.000000  382.000000  0.005324 
382.000000  383.000000  0.005325 
383.000000  384.000000  0.005327 
384.000000  385.000000  0.005328 
385.000000  386.000000  0.005329 
386.000000  387.000000  0.005331 
387.000000  388.000000  0.005332 
388.000000  389.000000  0.005333 
389.000000  390.000000  0.005335 
390.000000  391.000000  0.005336 
391.000000  392.000000  0.005337 
392.000000  393.000000  0.005339 
393.000000  394.000000  0.005340 
394.000000  395.000000  0.005341 
395.000000  396.000000  0.005343 
396.000000  397.000000  0.005344 
397.000000  398.000000  0.005345 
398.000000  399.000000  0.005347 
399.000000  400.000000  0.005348 
400.000000  401.000000  0.005349 
401.000000  402.000000  0.005351 
402.000000  403.000000  0.005352 
403.000000  404.000000  0.005353 
404.000000  405.000000  0.005354 
405.000000  406.000000  0.005356 
406.000000  407.000000  0.005357 
407.000000  408.000000  0.005358 
408.000000  409.000000  0.005360 
409.000000  410.000000  0.005361 
410.000000  411.000000  0.005362 
411.000000  412.000000  0.005363 
412.000000  413.000000  0.005365 
413.000000  414.000000  0.005366 
414.000000  415.000000  0.005367 
415.000000  416.000000  0.005368 
416.000000  417.000000  0.005370 
417.000000  418.000000  0.005371 
418.000000  419.000000  0.005372 
419.000000  420.000000  0.005373 
420.000000  421.000000  0.005375 
421.000000  422.000000  0.005376 
422.000000  423.000000  0.005377 
423.000000  424.000000  0.005378 
424.000000  425.000000  0.005379 
425.000000  426.000000  0.005381 
426.000000  427.000000  0.005382 
427.000000  428.000000  0.005383 
428.000000  429.000000  0.005384 
429.000000  430.000000  0.005385 
430.000000  431.000000  0.005386 
431.000000  432.000000  0.005387 
432.000000  433.000000  0.005389 
433.000000  434.000000  0.005390 
434.000000  435.000000  0.005391 
435.000000  436.000000  0.005392 
436.000000  437.000000  0.005393 
437.000000  438.000000  0.005394 
438.000000  439.000000  0.005395 
439.000000  440.000000  0.005396 
440.000000  441.000000  0.005397 
441.000000  442.000000  0.005398 
442.000000  443.000000  0.005400 
443.000000  444.000000  0.005401 
444.000000  445.000000  0.005402 
445.000000  446.000000  0.005403 
446.000000  447.000000  0.005404 
447.000000  448.000000  0.005405 
448.000000  449.000000  0.005406 
449.000000  450.000000  0.005407 
450.000000  451.000000  0.005408 
451.000000  452.000000  0.005409 
452.000000  453.000000  0.005410 
453.000000  454.000000  0.005410 
454.000000  455.000000  0.005411 
455.000000  456.000000  0.005412 
456.000000  457.000000  0.005413 
457.000000  458.000000  0.005414 
458.000000  459.000000  0.005415 
459.000000  460.000000  0.005416 
460.000000  461.000000  0.005417 
461.000000  462.000000  0.005418 
462.000000  463.000000  0.005419 
463.000000  464.000000  0.005419 
464.000000  465.000000  0.005420 
465.000000  466.000000  0.005421 
466.000000  467.000000  0.005422 
467.000000  468.000000  0.005423 
468.000000  469.000000  0.005424 
469.000000  470.000000  0.005424 
470.000000  471.000000  0.005425 
471.000000  472.000000  0.005426 
472.000000  473.000000  0.005427 
473.000000  474.000000  0.005428 
474.000000  475.000000  0.005428 
475.000000  476.000000  0.005429 
476.000000  477.000000  0.005430 
477.000000  478.000000  0.005430 
478.000000  479.000000  0.005431 
479.000000  480.000000  0.005432 
480.000000  481.000000  0.005433 
481.000000  482.000000  0.005433 
482.000000  483.000000  0.005434 
483.000000  484.000000  0.005435 
484.000000  485.000000  0.005435 
485.000000  486.000000  0.005436 
486.000000  487.000000  0.005436 
487.000000  488.000000  0.005437 
488.000000  489.000000  0.005438 
489.000000  490.000000  0.005438 
490.000000  491.000000  0.005439 
491.000000  492.000000  0.005439 
492.000000  493.000000  0.005440 
493.000000  494.000000  0.005441 
494.000000  495.000000  0.005441 
495.000000  496.000000  0.005442 
496.000000  497.000000  0.005442 
497.000000  498.000000  0.005443 
498.000000  499.000000  0.005443 
499.000000  500.000000  0.005444 
500.000000  501.000000  0.005444 
501.000000  502.000000  0.005445 
502.000000  503.000000  0.005445 
503.000000  504.000000  0.005446 
504.000000  505.000000  0.005446 
505.000000  506.000000  0.005447 
506.000000  507.000000  0.005447 
507.000000  508.000000  0.005447 
508.000000  509.000000  0.005448 
509.000000  510.000000  0.005448 
510.000000  511.000000  0.005449 
511.000000  512.000000  0.005449 
512.000000  513.000000  0.005449 
513.000000  514.000000  0.005450 
514.000000  515.000000  0.005450 
515.000000  516.000000  0.005451 
516.000000  517.000000  0.005451 
517.000000  518.000000  0.005451 
518.000000  519.000000  0.005452 
519.000000  520.000000  0.005452 
520.000000  521.000000  0.005452 
521.000000  522.000000  0.005453 
522.000000  523.000000  0.005453 
523.000000  524.000000  0.005453 
524.000000  525.000000  0.005453 
525.000000  526.000000  0.005454 
526.000000  527.000000  0.005454 
527.000000  528.000000  0.005454 
528.000000  529.000000  0.005455 
529.000000  530.000000  0.005455 
530.000000  531.000000  0.005455 
531.000000  532.000000  0.005455 
532.000000  533.000000  0.005456 
533.000000  534.000000  0.005456 
534.000000  535.000000  0.005456 
535.000000  536.000000  0.005456 
536.000000  537.000000  0.005456 
537.000000  538.000000  0.005457 
538.000000  539.000000  0.005457 
539.000000  540.000000  0.005457 
540.000000  541.000000  0.005457 
541.000000  542.000000  0.005457 
542.000000  543.000000  0.005457 
543.000000  544.000000  0.005458 
544.000000  545.000000  0.005458 
545.000000  546.000000  0.005458 
546.000000  547.000000  0.005458 
547.000000  548.000000  0.005458 
548.000000  549.000000  0.005458 
549.000000  550.000000  0.005458 
550.000000  551.000000  0.005459 
551.000000  552.000000  0.005459 
552.000000  553.000000  0.005459 
553.000000  554.000000  0.005459 
554.000000  555.000000  0.005459 
555.000000  556.000000  0.005459 
556.000000  557.000000  0.005459 
557.000000  558.000000  0.005459 
558.000000  559.000000  0.005459 
559.000000  560.000000  0.005459 
560.000000  561.000000  0.005459 
561.000000  562.000000  0.005459 
562.000000  563.000000  0.005459 
563.000000  564.000000  0.005459 
564.000000  565.000000  0.005460 
565.000000  566.000000  0.005460 
566.000000  567.000000  0.005460 
567.000000  568.000000  0.005460 
568.000000  569.000000  0.005460 
569.000000  570.000000  0.005460 
570.000000  571.000000  0.005460 
571.000000  572.000000  0.005460 
572.000000  573.000000  0.005460 
573.000000  574.000000  0.005460 
574.000000  575.000000  0.005460 
575.000000  576.000000  0.005460 
576.000000  577.000000  0.005460 
577.000000  578.000000  0.005460 
578.000000  579.000000  0.005460 
579.000000  580.000000  0.005460 
580.000000  581.000000  0.005460 
581.000000  582.000000  0.005459 
582.000000  583.000000  0.005459 
583.000000  584.000000  0.005459 
584.000000  585.000000  0.005459 
585.000000  586.000000  0.005459 
586.000000  587.000000  0.005459 
587.000000  588.000000  0.005459 
588.000000  589.000000  0.005459 
589.000000  590.000000  0.005459 
590.000000  591.000000  0.005459 
591.000000  592.000000  0.005459 
592.000000  593.000000  0.005459 
593.000000  594.000000  0.005459 
594.000000  595.000000  0.005459 
595.000000  596.000000  0.005459 
596.000000  597.000000  0.005459 
597.000000  598.000000  0.005458 
598.000000  599.000000  0.005458 
599.000000  600.000000  0.005458 
600.000000  601.000000  0.005458 
601.000000  602.000000  0.005458 
602.000000  603.000000  0.005458 
603.000000  604.000000  0.005458 
604.000000  605.000000  0.005458 
605.000000  606.000000  0.005458 
606.000000  607.000000  0.005457 
607.000000  608.000000  0.005457 
608.000000  609.000000  0.005457 
609.000000  610.000000  0.005457 
610.000000  611.000000  0.005457 
611.000000  612.000000  0.005457 
612.000000  613.000000  0.005457 
613.000000  614.000000  0.005457 
614.000000  615.000000  0.005456 
615.000000  616.000000  0.005456 
616.000000  617.000000  0.005456 
617.000000  618.000000  0.005456 
618.000000  619.000000  0.005456 
619.000000  620.000000  0.005456 
620.000000  621.000000  0.005456 
621.000000  622.000000  0.005455 
622.000000  623.000000  0.005455 
623.000000  624.000000  0.005455 
624.000000  625.000000  0.005455 
625.000000  626.000000  0.005455 
626.000000  627.000000  0.005455 
627.000000  628.000000  0.005455 
628.000000  629.000000  0.005454 
629.000000  630.000000  0.005454 
630.000000  631.000000  0.005454 
631.000000  632.000000  0.005454 
632.000000  633.000000  0.005454 
633.000000  634.000000  0.005454 
634.000000  635.000000  0.005453 
635.000000  636.000000  0.005453 
636.000000  637.000000  0.005453 
637.000000  638.000000  0.005453 
638.000000  639.000000  0.005453 
639.000000  640.000000  0.005453 
640.000000  641.000000  0.005452 
641.000000  642.000000  0.005452 
642.000000  643.000000  0.005452 
643.000000  644.000000  0.005452 
644.000000  645.000000  0.005452 
645.000000  646.000000  0.005451 
646.000000  647.000000  0.005451 
647.000000  648.000000  0.005451 
648.000000  649.000000  0.005451 
649.000000  650.000000  0.005451 
650.000000  651.000000  0.005451 
651.000000  652.000000  0.005450 
652.000000  653.000000  0.005450 
653.000000  654.000000  0.005450 
654.000000  655.000000  0.005450 
655.000000  656.000000  0.005450 
656.000000  657.000000  0.005449 
657.000000  658.000000  0.005449 
658.000000  659.000000  0.005449 
659.000000  660.000000  0.005449 
660.000000  661.000000  0.005449 
661.000000  662.000000  0.005448 
662.000000  663.000000  0.005448 
663.000000  664.000000  0.005448 
664.000000  665.000000  0.005448 
665.000000  666.000000  0.005448 
666.000000  667.000000  0.005447 
667.000000  668.000000  0.005447 
668.000000  669.000000  0.005447 
669.000000  670.000000  0.005447 
670.000000  671.000000  0.005447 
671.000000  672.000000  0.005446 
672.000000  673.000000  0.005446 
673.000000  674.000000  0.005446 
674.000000  675.000000  0.005446 
675.000000  676.000000  0.005446 
676.000000  677.000000  0.005445 
677.000000  678.000000  0.005445 
678.000000  679.000000  0.005445 
679.000000  680.000000  0.005445 
680.000000  681.000000  0.005445 
681.000000  682.000000  0.005444 
682.000000  683.000000  0.005444 
683.000000  684.000000  0.005444 
684.000000  685.000000  0.005444 
685.000000  686.000000  0.005444 
686.000000  687.000000  0.005443 
687.000000  688.000000  0.005443 
688.000000  689.000000  0.005443 
689.000000  690.000000  0.005443 
690.000000  691.000000  0.005443 
691.000000  692.000000  0.005442 
692.000000  693.000000  0.005442 
693.000000  694.000000  0.005442 
694.000000  695.000000  0.005442 
695.000000  696.000000  0.005442 
696.000000  697.000000  0.005441 
697.000000  698.000000  0.005441 
698.000000  699.000000  0.005441 
699.000000  700.000000  0.005441 
700.000000  701.000000  0.005441 
701.000000  702.000000  0.005440 
702.000000  703.000000  0.005440 
703.000000  704.000000  0.005440 
704.000000  705.000000  0.005440 
705.000000  706.000000  0.005440 
706.000000  707.000000  0.005439 
707.000000  708.000000  0.005439 
708.000000  709.000000  0.005439 
709.000000  710.000000  0.005439 
710.000000  711.000000  0.005438 
711.000000  712.000000  0.005438 
712.000000  713.000000  0.005438 
713.000000  714.000000  0.005438 
714.000000  715.000000  0.005438 
715.000000  716.000000  0.005437 
716.000000  717.000000  0.005437 
717.000000  718.000000  0.005437 
718.000000  719.000000  0.005437 
719.000000  720.000000  0.005437 
720.000000  721.000000  0.005436 
721.000000  722.000000  0.005436 
722.000000  723.000000  0.005436 
723.000000  724.000000  0.005436 
724.000000  725.000000  0.005436 
725.000000  726.000000  0.005435 
726.000000  727.000000  0.005435 
727.000000  728.000000  0.005435 
728.000000  729.000000  0.005435 
729.000000  730.000000  0.005435 
730.000000  731.000000  0.005434 
731.000000  732.000000  0.005434 
732.000000  733.000000  0.005434 
733.000000  734.000000  0.005434 
734.000000  735.000000  0.005434 
735.000000  736.000000  0.005433 
736.000000  737.000000  0.005433 
737.000000  738.000000  0.005433 
738.000000  739.000000  0.005433 
739.000000  740.000000  0.005433 
740.000000  741.000000  0.005432 
741.000000  742.000000  0.005432 
742.000000  743.000000  0.005432 
743.000000  744.000000  0.005432 
744.000000  745.000000  0.005432 
745.000000  746.000000  0.005431 
746.000000  747.000000  0.005431 
747.000000  748.000000  0.005431 
748.000000  749.000000  0.005431 
749.000000  750.000000  0.005431 
750.000000  751.000000  0.005430 
751.000000  752.000000  0.005430 
752.000000  753.000000  0.005430 
753.000000  754.000000  0.005430 
754.000000  755.000000  0.005430 
755.000000  756.000000  0.005429 
756.000000  757.000000  0.005429 
757.000000  758.000000  0.005429 
758.000000  759.000000  0.005429 
759.000000  760.000000  0.005429 
760.000000  761.000000  0.005428 
761.000000  762.000000  0.005428 
762.000000  763.000000  0.005428 
763.000000  764.000000  0.005428 
764.000000  765.000000  0.005428 
765.000000  766.000000  0.005427 
766.000000  767.000000  0.005427 
767.000000  768.000000  0.005427 
768.000000  769.000000  0.005427 
769.000000  770.000000  0.005427 
770.000000  771.000000  0.005427 
771.000000  772.000000  0.005426 
772.000000  773.000000  0.005426 
773.000000  774.000000  0.005426 
774.000000  775.000000  0.005426 
775.000000  776.000000  0.005426 
776.000000  777.000000  0.005425 
777.000000  778.000000  0.005425 
778.000000  779.000000  0.005425 
779.000000  780.000000  0.005425 
780.000000  781.000000  0.005425 
781.000000  782.000000  0.005424 
782.000000  783.000000  0.005424 
783.000000  784.000000  0.005424 
784.000000  785.000000  0.005424 
785.000000  786.000000  0.005424 
786.000000  787.000000  0.005424 
787.000000  788.000000  0.005423 
788.000000  789.000000  0.005423 
789.000000  790.000000  0.005423 
790.000000  791.000000  0.005423 
791.000000  792.000000  0.005423 
792.000000  793.000000  0.005422 
793.000000  794.000000  0.005422 
794.000000  795.000000  0.005422 
795.000000  796.000000  0.005422 
796.000000  797.000000  0.005422 
797.000000  798.000000  0.005422 
798.000000  799.000000  0.005421 
799.000000  800.000000  0.005421 
