17.000000  18.000000  -0.000000 
18.000000  19.000000  -0.000000 
19.000000  20.000000  -0.000000 
20.000000  21.000000  -0.000000 
21.000000  22.000000  -0.000000 
22.000000  23.000000  -0.000000 
23.000000  24.000000  -0.000000 
24.000000  25.000000  -0.000000 
25.000000  26.000000  -0.000000 
26.000000  27.000000  -0.000000 
27.000000  28.000000  -0.000000 
28.000000  29.000000  -0.000000 
29.000000  30.000000  -0.000000 
30.000000  31.000000  -0.000000 
31.000000  32.000000  -0.000000 
32.000000  33.000000  -0.000000 
33.000000  34.000000  -0.000000 
34.000000  35.000000  -0.000000 
35.000000  36.000000  -0.000000 
36.000000  37.000000  -0.000000 
37.000000  38.000000  -0.000000 
38.000000  39.000000  -0.000000 
39.000000  40.000000  -0.000000 
40.000000  41.000000  -0.000000 
41.000000  42.000000  -0.000000 
42.000000  43.000000  -0.000000 
43.000000  44.000000  -0.000000 
44.000000  45.000000  -0.000000 
45.000000  46.000000  -0.000000 
46.000000  47.000000  -0.000000 
47.000000  48.000000  -0.000000 
48.000000  49.000000  -0.000000 
49.000000  50.000000  -0.000000 
50.000000  51.000000  -0.000000 
51.000000  52.000000  -0.000000 
52.000000  53.000000  -0.000000 
53.000000  54.000000  -0.000000 
54.000000  55.000000  -0.000000 
55.000000  56.000000  -0.000000 
56.000000  57.000000  -0.000000 
57.000000  58.000000  -0.000000 
58.000000  59.000000  -0.000000 
59.000000  60.000000  -0.000000 
60.000000  61.000000  -0.000000 
61.000000  62.000000  -0.000000 
62.000000  63.000000  -0.000000 
63.000000  64.000000  -0.000000 
64.000000  65.000000  -0.000000 
65.000000  66.000000  -0.000000 
66.000000  67.000000  -0.000000 
67.000000  68.000000  -0.000000 
68.000000  69.000000  -0.000000 
69.000000  70.000000  -0.000000 
70.000000  71.000000  -0.000000 
71.000000  72.000000  -0.000000 
72.000000  73.000000  -0.000000 
73.000000  74.000000  -0.000000 
74.000000  75.000000  -0.000000 
75.000000  76.000000  -0.000000 
76.000000  77.000000  -0.000000 
77.000000  78.000000  -0.000000 
78.000000  79.000000  -0.000000 
79.000000  80.000000  -0.000000 
80.000000  81.000000  -0.000000 
81.000000  82.000000  -0.000000 
82.000000  83.000000  -0.000000 
83.000000  84.000000  -0.000000 
84.000000  85.000000  -0.000000 
85.000000  86.000000  -0.000000 
86.000000  87.000000  -0.000000 
87.000000  88.000000  -0.000000 
88.000000  89.000000  -0.000000 
89.000000  90.000000  -0.000000 
90.000000  91.000000  -0.000000 
91.000000  92.000000  -0.000000 
92.000000  93.000000  -0.000000 
93.000000  94.000000  -0.000000 
94.000000  95.000000  -0.000000 
95.000000  96.000000  -0.000000 
96.000000  97.000000  -0.000000 
97.000000  98.000000  -0.000000 
98.000000  99.000000  -0.000000 
99.000000  100.000000  -0.000000 
100.000000  101.000000  -0.000000 
101.000000  102.000000  -0.000000 
102.000000  103.000000  -0.000000 
103.000000  104.000000  -0.000000 
104.000000  105.000000  -0.000000 
105.000000  106.000000  -0.000000 
106.000000  107.000000  -0.000000 
107.000000  108.000000  -0.000000 
108.000000  109.000000  -0.000000 
109.000000  110.000000  -0.000000 
110.000000  111.000000  -0.000000 
111.000000  112.000000  -0.000000 
112.000000  113.000000  -0.000000 
113.000000  114.000000  -0.000000 
114.000000  115.000000  -0.000000 
115.000000  116.000000  -0.000000 
116.000000  117.000000  -0.000000 
117.000000  118.000000  -0.000000 
118.000000  119.000000  -0.000000 
119.000000  120.000000  -0.000000 
120.000000  121.000000  -0.000000 
121.000000  122.000000  -0.000000 
122.000000  123.000000  -0.000000 
123.000000  124.000000  -0.000000 
124.000000  125.000000  -0.000000 
125.000000  126.000000  -0.000000 
126.000000  127.000000  -0.000000 
127.000000  128.000000  -0.000000 
128.000000  129.000000  -0.000000 
129.000000  130.000000  -0.000000 
130.000000  131.000000  -0.000000 
131.000000  132.000000  -0.000000 
132.000000  133.000000  -0.000000 
133.000000  134.000000  -0.000000 
134.000000  135.000000  -0.000000 
135.000000  136.000000  -0.000000 
136.000000  137.000000  -0.000000 
137.000000  138.000000  -0.000000 
138.000000  139.000000  -0.000000 
139.000000  140.000000  -0.000000 
140.000000  141.000000  -0.000000 
141.000000  142.000000  -0.000000 
142.000000  143.000000  -0.000000 
143.000000  144.000000  -0.000000 
144.000000  145.000000  -0.000000 
145.000000  146.000000  -0.000000 
146.000000  147.000000  -0.000000 
147.000000  148.000000  -0.000000 
148.000000  149.000000  -0.000000 
149.000000  150.000000  -0.000000 
150.000000  151.000000  -0.000000 
151.000000  152.000000  -0.000000 
152.000000  153.000000  -0.000000 
153.000000  154.000000  -0.000000 
154.000000  155.000000  -0.000000 
155.000000  156.000000  -0.000000 
156.000000  157.000000  -0.000000 
157.000000  158.000000  -0.000000 
158.000000  159.000000  -0.000000 
159.000000  160.000000  -0.000000 
160.000000  161.000000  -0.000000 
161.000000  162.000000  -0.000000 
162.000000  163.000000  -0.000000 
163.000000  164.000000  -0.000000 
164.000000  165.000000  -0.000000 
165.000000  166.000000  -0.000000 
166.000000  167.000000  -0.000000 
167.000000  168.000000  -0.000000 
168.000000  169.000000  -0.000000 
169.000000  170.000000  -0.000000 
170.000000  171.000000  -0.000000 
171.000000  172.000000  -0.000000 
172.000000  173.000000  -0.000000 
173.000000  174.000000  -0.000000 
174.000000  175.000000  -0.000000 
175.000000  176.000000  -0.000000 
176.000000  177.000000  -0.000000 
177.000000  178.000000  -0.000000 
178.000000  179.000000  -0.000000 
179.000000  180.000000  -0.000000 
180.000000  181.000000  -0.000000 
181.000000  182.000000  -0.000000 
182.000000  183.000000  -0.000000 
183.000000  184.000000  -0.000000 
184.000000  185.000000  -0.000000 
185.000000  186.000000  -0.000000 
186.000000  187.000000  -0.000000 
187.000000  188.000000  -0.000000 
188.000000  189.000000  -0.000000 
189.000000  190.000000  -0.000000 
190.000000  191.000000  -0.000000 
191.000000  192.000000  -0.000000 
192.000000  193.000000  -0.000000 
193.000000  194.000000  -0.000000 
194.000000  195.000000  -0.000000 
195.000000  196.000000  -0.000000 
196.000000  197.000000  -0.000000 
197.000000  198.000000  -0.000000 
198.000000  199.000000  -0.000000 
199.000000  200.000000  -0.000000 
200.000000  201.000000  -0.000000 
201.000000  202.000000  -0.000000 
202.000000  203.000000  -0.000000 
203.000000  204.000000  -0.000000 
204.000000  205.000000  -0.000000 
205.000000  206.000000  -0.000000 
206.000000  207.000000  -0.000000 
207.000000  208.000000  -0.000000 
208.000000  209.000000  -0.000000 
209.000000  210.000000  -0.000000 
210.000000  211.000000  -0.000000 
211.000000  212.000000  -0.000000 
212.000000  213.000000  -0.000000 
213.000000  214.000000  -0.000000 
214.000000  215.000000  -0.000000 
215.000000  216.000000  -0.000000 
216.000000  217.000000  -0.000000 
217.000000  218.000000  -0.000000 
218.000000  219.000000  -0.000000 
219.000000  220.000000  -0.000000 
220.000000  221.000000  -0.000000 
221.000000  222.000000  -0.000000 
222.000000  223.000000  -0.000000 
223.000000  224.000000  -0.000000 
224.000000  225.000000  -0.000000 
225.000000  226.000000  -0.000000 
226.000000  227.000000  -0.000000 
227.000000  228.000000  -0.000000 
228.000000  229.000000  -0.000000 
229.000000  230.000000  -0.000000 
230.000000  231.000000  -0.000000 
231.000000  232.000000  -0.000001 
232.000000  233.000000  -0.000001 
233.000000  234.000000  -0.000001 
234.000000  235.000000  -0.000001 
235.000000  236.000000  -0.000001 
236.000000  237.000000  -0.000001 
237.000000  238.000000  -0.000001 
238.000000  239.000000  -0.000001 
239.000000  240.000000  -0.000001 
240.000000  241.000000  -0.000001 
241.000000  242.000000  -0.000001 
242.000000  243.000000  -0.000001 
243.000000  244.000000  -0.000001 
244.000000  245.000000  -0.000001 
245.000000  246.000000  -0.000001 
246.000000  247.000000  -0.000001 
247.000000  248.000000  -0.000002 
248.000000  249.000000  -0.000002 
249.000000  250.000000  -0.000002 
250.000000  251.000000  -0.000002 
251.000000  252.000000  -0.000002 
252.000000  253.000000  -0.000002 
253.000000  254.000000  -0.000002 
254.000000  255.000000  -0.000002 
255.000000  256.000000  -0.000003 
256.000000  257.000000  -0.000003 
257.000000  258.000000  -0.000003 
258.000000  259.000000  -0.000003 
259.000000  260.000000  -0.000003 
260.000000  261.000000  -0.000003 
261.000000  262.000000  -0.000003 
262.000000  263.000000  -0.000004 
263.000000  264.000000  -0.000004 
264.000000  265.000000  -0.000004 
265.000000  266.000000  -0.000004 
266.000000  267.000000  -0.000004 
267.000000  268.000000  -0.000005 
268.000000  269.000000  -0.000005 
269.000000  270.000000  -0.000005 
270.000000  271.000000  -0.000005 
271.000000  272.000000  -0.000005 
272.000000  273.000000  -0.000006 
273.000000  274.000000  -0.000006 
274.000000  275.000000  -0.000006 
275.000000  276.000000  -0.000006 
276.000000  277.000000  -0.000006 
277.000000  278.000000  -0.000007 
278.000000  279.000000  -0.000007 
279.000000  280.000000  -0.000007 
280.000000  281.000000  -0.000007 
281.000000  282.000000  -0.000008 
282.000000  283.000000  -0.000008 
283.000000  284.000000  -0.000008 
284.000000  285.000000  -0.000008 
285.000000  286.000000  -0.000008 
286.000000  287.000000  -0.000009 
287.000000  288.000000  -0.000009 
288.000000  289.000000  -0.000009 
289.000000  290.000000  -0.000009 
290.000000  291.000000  -0.000009 
291.000000  292.000000  -0.000010 
292.000000  293.000000  -0.000010 
293.000000  294.000000  -0.000010 
294.000000  295.000000  -0.000010 
295.000000  296.000000  -0.000010 
296.000000  297.000000  -0.000010 
297.000000  298.000000  -0.000010 
298.000000  299.000000  -0.000010 
299.000000  300.000000  -0.000011 
300.000000  301.000000  -0.000011 
301.000000  302.000000  -0.000011 
302.000000  303.000000  -0.000011 
303.000000  304.000000  -0.000011 
304.000000  305.000000  -0.000011 
305.000000  306.000000  -0.000011 
306.000000  307.000000  -0.000010 
307.000000  308.000000  -0.000010 
308.000000  309.000000  -0.000010 
309.000000  310.000000  -0.000010 
310.000000  311.000000  -0.000010 
311.000000  312.000000  -0.000010 
312.000000  313.000000  -0.000009 
313.000000  314.000000  -0.000009 
314.000000  315.000000  -0.000009 
315.000000  316.000000  -0.000008 
316.000000  317.000000  -0.000008 
317.000000  318.000000  -0.000007 
318.000000  319.000000  -0.000007 
319.000000  320.000000  -0.000006 
320.000000  321.000000  -0.000006 
321.000000  322.000000  -0.000005 
322.000000  323.000000  -0.000004 
323.000000  324.000000  -0.000003 
324.000000  325.000000  -0.000002 
325.000000  326.000000  -0.000002 
326.000000  327.000000  -0.000001 
327.000000  328.000000  0.000001 
328.000000  329.000000  0.000002 
329.000000  330.000000  0.000003 
330.000000  331.000000  0.000004 
331.000000  332.000000  0.000006 
332.000000  333.000000  0.000007 
333.000000  334.000000  0.000008 
334.000000  335.000000  0.000010 
335.000000  336.000000  0.000012 
336.000000  337.000000  0.000014 
337.000000  338.000000  0.000015 
338.000000  339.000000  0.000017 
339.000000  340.000000  0.000019 
340.000000  341.000000  0.000022 
341.000000  342.000000  0.000024 
342.000000  343.000000  0.000026 
343.000000  344.000000  0.000029 
344.000000  345.000000  0.000031 
345.000000  346.000000  0.000034 
346.000000  347.000000  0.000037 
347.000000  348.000000  0.000040 
348.000000  349.000000  0.000043 
349.000000  350.000000  0.000046 
350.000000  351.000000  0.000049 
351.000000  352.000000  0.000053 
352.000000  353.000000  0.000057 
353.000000  354.000000  0.000060 
354.000000  355.000000  0.000064 
355.000000  356.000000  0.000068 
356.000000  357.000000  0.000072 
357.000000  358.000000  0.000077 
358.000000  359.000000  0.000081 
359.000000  360.000000  0.000086 
360.000000  361.000000  0.000091 
361.000000  362.000000  0.000095 
362.000000  363.000000  0.000101 
363.000000  364.000000  0.000106 
364.000000  365.000000  0.000111 
365.000000  366.000000  0.000117 
366.000000  367.000000  0.000123 
367.000000  368.000000  0.000129 
368.000000  369.000000  0.000135 
369.000000  370.000000  0.000141 
370.000000  371.000000  0.000148 
371.000000  372.000000  0.000154 
372.000000  373.000000  0.000161 
373.000000  374.000000  0.000168 
374.000000  375.000000  0.000176 
375.000000  376.000000  0.000183 
376.000000  377.000000  0.000191 
377.000000  378.000000  0.000199 
378.000000  379.000000  0.000207 
379.000000  380.000000  0.000215 
380.000000  381.000000  0.000224 
381.000000  382.000000  0.000232 
382.000000  383.000000  0.000241 
383.000000  384.000000  0.000251 
384.000000  385.000000  0.000260 
385.000000  386.000000  0.000270 
386.000000  387.000000  0.000279 
387.000000  388.000000  0.000290 
388.000000  389.000000  0.000300 
389.000000  390.000000  0.000310 
390.000000  391.000000  0.000321 
391.000000  392.000000  0.000332 
392.000000  393.000000  0.000343 
393.000000  394.000000  0.000355 
394.000000  395.000000  0.000367 
395.000000  396.000000  0.000379 
396.000000  397.000000  0.000391 
397.000000  398.000000  0.000403 
398.000000  399.000000  0.000416 
399.000000  400.000000  0.000429 
400.000000  401.000000  0.000442 
401.000000  402.000000  0.000456 
402.000000  403.000000  0.000470 
403.000000  404.000000  0.000484 
404.000000  405.000000  0.000498 
405.000000  406.000000  0.000512 
406.000000  407.000000  0.000527 
407.000000  408.000000  0.000542 
408.000000  409.000000  0.000557 
409.000000  410.000000  0.000573 
410.000000  411.000000  0.000589 
411.000000  412.000000  0.000605 
412.000000  413.000000  0.000621 
413.000000  414.000000  0.000638 
414.000000  415.000000  0.000655 
415.000000  416.000000  0.000672 
416.000000  417.000000  0.000689 
417.000000  418.000000  0.000707 
418.000000  419.000000  0.000725 
419.000000  420.000000  0.000743 
420.000000  421.000000  0.000762 
421.000000  422.000000  0.000780 
422.000000  423.000000  0.000799 
423.000000  424.000000  0.000819 
424.000000  425.000000  0.000838 
425.000000  426.000000  0.000858 
426.000000  427.000000  0.000878 
427.000000  428.000000  0.000898 
428.000000  429.000000  0.000919 
429.000000  430.000000  0.000940 
430.000000  431.000000  0.000961 
431.000000  432.000000  0.000982 
432.000000  433.000000  0.001004 
433.000000  434.000000  0.001026 
434.000000  435.000000  0.001048 
435.000000  436.000000  0.001070 
436.000000  437.000000  0.001093 
437.000000  438.000000  0.001116 
438.000000  439.000000  0.001139 
439.000000  440.000000  0.001162 
440.000000  441.000000  0.001186 
441.000000  442.000000  0.001210 
442.000000  443.000000  0.001234 
443.000000  444.000000  0.001259 
444.000000  445.000000  0.001283 
445.000000  446.000000  0.001308 
446.000000  447.000000  0.001333 
447.000000  448.000000  0.001359 
448.000000  449.000000  0.001384 
449.000000  450.000000  0.001410 
450.000000  451.000000  0.001436 
451.000000  452.000000  0.001463 
452.000000  453.000000  0.001489 
453.000000  454.000000  0.001516 
454.000000  455.000000  0.001543 
455.000000  456.000000  0.001570 
456.000000  457.000000  0.001597 
457.000000  458.000000  0.001625 
458.000000  459.000000  0.001653 
459.000000  460.000000  0.001681 
460.000000  461.000000  0.001709 
461.000000  462.000000  0.001738 
462.000000  463.000000  0.001766 
463.000000  464.000000  0.001795 
464.000000  465.000000  0.001824 
465.000000  466.000000  0.001854 
466.000000  467.000000  0.001883 
467.000000  468.000000  0.001913 
468.000000  469.000000  0.001943 
469.000000  470.000000  0.001973 
470.000000  471.000000  0.002003 
471.000000  472.000000  0.002033 
472.000000  473.000000  0.002064 
473.000000  474.000000  0.002095 
474.000000  475.000000  0.002126 
475.000000  476.000000  0.002157 
476.000000  477.000000  0.002188 
477.000000  478.000000  0.002219 
478.000000  479.000000  0.002251 
479.000000  480.000000  0.002283 
480.000000  481.000000  0.002314 
481.000000  482.000000  0.002346 
482.000000  483.000000  0.002379 
483.000000  484.000000  0.002411 
484.000000  485.000000  0.002443 
485.000000  486.000000  0.002476 
486.000000  487.000000  0.002509 
487.000000  488.000000  0.002541 
488.000000  489.000000  0.002574 
489.000000  490.000000  0.002607 
490.000000  491.000000  0.002641 
491.000000  492.000000  0.002674 
492.000000  493.000000  0.002707 
493.000000  494.000000  0.002741 
494.000000  495.000000  0.002774 
495.000000  496.000000  0.002808 
496.000000  497.000000  0.002842 
497.000000  498.000000  0.002876 
498.000000  499.000000  0.002910 
499.000000  500.000000  0.002944 
500.000000  501.000000  0.002978 
501.000000  502.000000  0.003013 
502.000000  503.000000  0.003047 
503.000000  504.000000  0.003081 
504.000000  505.000000  0.003116 
505.000000  506.000000  0.003151 
506.000000  507.000000  0.003185 
507.000000  508.000000  0.003220 
508.000000  509.000000  0.003255 
509.000000  510.000000  0.003290 
510.000000  511.000000  0.003325 
511.000000  512.000000  0.003360 
512.000000  513.000000  0.003395 
513.000000  514.000000  0.003430 
514.000000  515.000000  0.003465 
515.000000  516.000000  0.003500 
516.000000  517.000000  0.003535 
517.000000  518.000000  0.003570 
518.000000  519.000000  0.003606 
519.000000  520.000000  0.003641 
520.000000  521.000000  0.003676 
521.000000  522.000000  0.003712 
522.000000  523.000000  0.003747 
523.000000  524.000000  0.003782 
524.000000  525.000000  0.003818 
525.000000  526.000000  0.003853 
526.000000  527.000000  0.003889 
527.000000  528.000000  0.003924 
528.000000  529.000000  0.003960 
529.000000  530.000000  0.003995 
530.000000  531.000000  0.004031 
531.000000  532.000000  0.004066 
532.000000  533.000000  0.004101 
533.000000  534.000000  0.004137 
534.000000  535.000000  0.004172 
535.000000  536.000000  0.004208 
536.000000  537.000000  0.004243 
537.000000  538.000000  0.004279 
538.000000  539.000000  0.004314 
539.000000  540.000000  0.004349 
540.000000  541.000000  0.004385 
541.000000  542.000000  0.004420 
542.000000  543.000000  0.004455 
543.000000  544.000000  0.004491 
544.000000  545.000000  0.004526 
545.000000  546.000000  0.004561 
546.000000  547.000000  0.004596 
547.000000  548.000000  0.004631 
548.000000  549.000000  0.004666 
549.000000  550.000000  0.004702 
550.000000  551.000000  0.004737 
551.000000  552.000000  0.004772 
552.000000  553.000000  0.004806 
553.000000  554.000000  0.004841 
554.000000  555.000000  0.004876 
555.000000  556.000000  0.004911 
556.000000  557.000000  0.004946 
557.000000  558.000000  0.004980 
558.000000  559.000000  0.005015 
559.000000  560.000000  0.005050 
560.000000  561.000000  0.005084 
561.000000  562.000000  0.005118 
562.000000  563.000000  0.005153 
563.000000  564.000000  0.005187 
564.000000  565.000000  0.005221 
565.000000  566.000000  0.005256 
566.000000  567.000000  0.005290 
567.000000  568.000000  0.005324 
568.000000  569.000000  0.005358 
569.000000  570.000000  0.005392 
570.000000  571.000000  0.005425 
571.000000  572.000000  0.005459 
572.000000  573.000000  0.005493 
573.000000  574.000000  0.005526 
574.000000  575.000000  0.005560 
575.000000  576.000000  0.005593 
576.000000  577.000000  0.005627 
577.000000  578.000000  0.005660 
578.000000  579.000000  0.005693 
579.000000  580.000000  0.005726 
580.000000  581.000000  0.005759 
581.000000  582.000000  0.005792 
582.000000  583.000000  0.005825 
583.000000  584.000000  0.005858 
584.000000  585.000000  0.005890 
585.000000  586.000000  0.005923 
586.000000  587.000000  0.005955 
587.000000  588.000000  0.005988 
588.000000  589.000000  0.006020 
589.000000  590.000000  0.006052 
590.000000  591.000000  0.006084 
591.000000  592.000000  0.006116 
592.000000  593.000000  0.006148 
593.000000  594.000000  0.006180 
594.000000  595.000000  0.006212 
595.000000  596.000000  0.006243 
596.000000  597.000000  0.006275 
597.000000  598.000000  0.006306 
598.000000  599.000000  0.006337 
599.000000  600.000000  0.006369 
600.000000  601.000000  0.006400 
601.000000  602.000000  0.006431 
602.000000  603.000000  0.006462 
603.000000  604.000000  0.006492 
604.000000  605.000000  0.006523 
605.000000  606.000000  0.006554 
606.000000  607.000000  0.006584 
607.000000  608.000000  0.006615 
608.000000  609.000000  0.006645 
609.000000  610.000000  0.006675 
610.000000  611.000000  0.006705 
611.000000  612.000000  0.006735 
612.000000  613.000000  0.006765 
613.000000  614.000000  0.006795 
614.000000  615.000000  0.006824 
615.000000  616.000000  0.006854 
616.000000  617.000000  0.006883 
617.000000  618.000000  0.006912 
618.000000  619.000000  0.006941 
619.000000  620.000000  0.006971 
620.000000  621.000000  0.007000 
621.000000  622.000000  0.007028 
622.000000  623.000000  0.007057 
623.000000  624.000000  0.007086 
624.000000  625.000000  0.007114 
625.000000  626.000000  0.007143 
626.000000  627.000000  0.007171 
627.000000  628.000000  0.007199 
628.000000  629.000000  0.007227 
629.000000  630.000000  0.007255 
630.000000  631.000000  0.007283 
631.000000  632.000000  0.007311 
632.000000  633.000000  0.007338 
633.000000  634.000000  0.007366 
634.000000  635.000000  0.007393 
635.000000  636.000000  0.007420 
636.000000  637.000000  0.007448 
637.000000  638.000000  0.007475 
638.000000  639.000000  0.007502 
639.000000  640.000000  0.007528 
640.000000  641.000000  0.007555 
641.000000  642.000000  0.007582 
642.000000  643.000000  0.007608 
643.000000  644.000000  0.007635 
644.000000  645.000000  0.007661 
645.000000  646.000000  0.007687 
646.000000  647.000000  0.007713 
647.000000  648.000000  0.007739 
648.000000  649.000000  0.007765 
649.000000  650.000000  0.007791 
650.000000  651.000000  0.007816 
651.000000  652.000000  0.007842 
652.000000  653.000000  0.007867 
653.000000  654.000000  0.007892 
654.000000  655.000000  0.007917 
655.000000  656.000000  0.007942 
656.000000  657.000000  0.007967 
657.000000  658.000000  0.007992 
658.000000  659.000000  0.008017 
659.000000  660.000000  0.008041 
660.000000  661.000000  0.008066 
661.000000  662.000000  0.008090 
662.000000  663.000000  0.008114 
663.000000  664.000000  0.008139 
664.000000  665.000000  0.008163 
665.000000  666.000000  0.008187 
666.000000  667.000000  0.008210 
667.000000  668.000000  0.008234 
668.000000  669.000000  0.008258 
669.000000  670.000000  0.008281 
670.000000  671.000000  0.008304 
671.000000  672.000000  0.008328 
672.000000  673.000000  0.008351 
673.000000  674.000000  0.008374 
674.000000  675.000000  0.008397 
675.000000  676.000000  0.008420 
676.000000  677.000000  0.008442 
677.000000  678.000000  0.008465 
678.000000  679.000000  0.008488 
679.000000  680.000000  0.008510 
680.000000  681.000000  0.008532 
681.000000  682.000000  0.008554 
682.000000  683.000000  0.008576 
683.000000  684.000000  0.008598 
684.000000  685.000000  0.008620 
685.000000  686.000000  0.008642 
686.000000  687.000000  0.008664 
687.000000  688.000000  0.008685 
688.000000  689.000000  0.008707 
689.000000  690.000000  0.008728 
690.000000  691.000000  0.008749 
691.000000  692.000000  0.008771 
692.000000  693.000000  0.008792 
693.000000  694.000000  0.008812 
694.000000  695.000000  0.008833 
695.000000  696.000000  0.008854 
696.000000  697.000000  0.008875 
697.000000  698.000000  0.008895 
698.000000  699.000000  0.008916 
699.000000  700.000000  0.008936 
700.000000  701.000000  0.008956 
701.000000  702.000000  0.008976 
702.000000  703.000000  0.008996 
703.000000  704.000000  0.009016 
704.000000  705.000000  0.009036 
705.000000  706.000000  0.009056 
706.000000  707.000000  0.009075 
707.000000  708.000000  0.009095 
708.000000  709.000000  0.009114 
709.000000  710.000000  0.009134 
710.000000  711.000000  0.009153 
711.000000  712.000000  0.009172 
712.000000  713.000000  0.009191 
713.000000  714.000000  0.009210 
714.000000  715.000000  0.009229 
715.000000  716.000000  0.009248 
716.000000  717.000000  0.009266 
717.000000  718.000000  0.009285 
718.000000  719.000000  0.009303 
719.000000  720.000000  0.009322 
720.000000  721.000000  0.009340 
721.000000  722.000000  0.009358 
722.000000  723.000000  0.009376 
723.000000  724.000000  0.009394 
724.000000  725.000000  0.009412 
725.000000  726.000000  0.009430 
726.000000  727.000000  0.009448 
727.000000  728.000000  0.009466 
728.000000  729.000000  0.009483 
729.000000  730.000000  0.009501 
730.000000  731.000000  0.009518 
731.000000  732.000000  0.009535 
732.000000  733.000000  0.009552 
733.000000  734.000000  0.009570 
734.000000  735.000000  0.009587 
735.000000  736.000000  0.009604 
736.000000  737.000000  0.009620 
737.000000  738.000000  0.009637 
738.000000  739.000000  0.009654 
739.000000  740.000000  0.009670 
740.000000  741.000000  0.009687 
741.000000  742.000000  0.009703 
742.000000  743.000000  0.009720 
743.000000  744.000000  0.009736 
744.000000  745.000000  0.009752 
745.000000  746.000000  0.009768 
746.000000  747.000000  0.009784 
747.000000  748.000000  0.009800 
748.000000  749.000000  0.009816 
749.000000  750.000000  0.009831 
750.000000  751.000000  0.009847 
751.000000  752.000000  0.009863 
752.000000  753.000000  0.009878 
753.000000  754.000000  0.009894 
754.000000  755.000000  0.009909 
755.000000  756.000000  0.009924 
756.000000  757.000000  0.009939 
757.000000  758.000000  0.009954 
758.000000  759.000000  0.009969 
759.000000  760.000000  0.009984 
760.000000  761.000000  0.009999 
761.000000  762.000000  0.010014 
762.000000  763.000000  0.010029 
763.000000  764.000000  0.010043 
764.000000  765.000000  0.010058 
765.000000  766.000000  0.010072 
766.000000  767.000000  0.010087 
767.000000  768.000000  0.010101 
768.000000  769.000000  0.010115 
769.000000  770.000000  0.010129 
770.000000  771.000000  0.010143 
771.000000  772.000000  0.010157 
772.000000  773.000000  0.010171 
773.000000  774.000000  0.010185 
774.000000  775.000000  0.010199 
775.000000  776.000000  0.010212 
776.000000  777.000000  0.010226 
777.000000  778.000000  0.010240 
778.000000  779.000000  0.010253 
779.000000  780.000000  0.010267 
780.000000  781.000000  0.010280 
781.000000  782.000000  0.010293 
782.000000  783.000000  0.010306 
783.000000  784.000000  0.010319 
784.000000  785.000000  0.010332 
785.000000  786.000000  0.010345 
786.000000  787.000000  0.010358 
787.000000  788.000000  0.010371 
788.000000  789.000000  0.010384 
789.000000  790.000000  0.010397 
790.000000  791.000000  0.010409 
791.000000  792.000000  0.010422 
792.000000  793.000000  0.010434 
793.000000  794.000000  0.010447 
794.000000  795.000000  0.010459 
795.000000  796.000000  0.010471 
796.000000  797.000000  0.010484 
797.000000  798.000000  0.010496 
798.000000  799.000000  0.010508 
799.000000  800.000000  0.010520 
