17.000000  18.000000  1.003250 
18.000000  19.000000  1.003796 
19.000000  20.000000  1.004084 
20.000000  21.000000  1.004165 
21.000000  22.000000  1.004083 
22.000000  23.000000  1.003858 
23.000000  24.000000  1.003465 
24.000000  25.000000  1.003049 
25.000000  26.000000  1.002635 
26.000000  27.000000  1.002228 
27.000000  28.000000  1.001846 
28.000000  29.000000  1.001568 
29.000000  30.000000  1.001330 
30.000000  31.000000  1.001114 
31.000000  32.000000  1.000917 
32.000000  33.000000  1.000736 
33.000000  34.000000  1.000560 
34.000000  35.000000  1.000394 
35.000000  36.000000  1.000237 
36.000000  37.000000  1.000088 
37.000000  38.000000  0.999946 
38.000000  39.000000  0.999811 
39.000000  40.000000  0.999682 
40.000000  41.000000  0.999562 
41.000000  42.000000  0.999448 
42.000000  43.000000  0.999338 
43.000000  44.000000  0.999232 
44.000000  45.000000  0.999131 
45.000000  46.000000  0.999033 
46.000000  47.000000  0.998940 
47.000000  48.000000  0.998852 
48.000000  49.000000  0.998768 
49.000000  50.000000  0.998690 
50.000000  51.000000  0.998617 
51.000000  52.000000  0.998550 
52.000000  53.000000  0.998488 
53.000000  54.000000  0.998428 
54.000000  55.000000  0.998374 
55.000000  56.000000  0.998326 
56.000000  57.000000  0.998283 
57.000000  58.000000  0.998247 
58.000000  59.000000  0.998217 
59.000000  60.000000  0.998192 
60.000000  61.000000  0.998172 
61.000000  62.000000  0.998158 
62.000000  63.000000  0.998149 
63.000000  64.000000  0.998144 
64.000000  65.000000  0.998144 
65.000000  66.000000  0.998148 
66.000000  67.000000  0.998155 
67.000000  68.000000  0.998166 
68.000000  69.000000  0.998181 
69.000000  70.000000  0.998198 
70.000000  71.000000  0.998218 
71.000000  72.000000  0.998241 
72.000000  73.000000  0.998266 
73.000000  74.000000  0.998293 
74.000000  75.000000  0.998321 
75.000000  76.000000  0.998351 
76.000000  77.000000  0.998381 
77.000000  78.000000  0.998412 
78.000000  79.000000  0.998444 
79.000000  80.000000  0.998476 
80.000000  81.000000  0.998508 
81.000000  82.000000  0.998540 
82.000000  83.000000  0.998571 
83.000000  84.000000  0.998602 
84.000000  85.000000  0.998633 
85.000000  86.000000  0.998675 
86.000000  87.000000  0.998703 
87.000000  88.000000  0.998731 
88.000000  89.000000  0.998758 
89.000000  90.000000  0.998784 
90.000000  91.000000  0.998809 
91.000000  92.000000  0.998833 
92.000000  93.000000  0.998856 
93.000000  94.000000  0.998877 
94.000000  95.000000  0.998898 
95.000000  96.000000  0.998917 
96.000000  97.000000  0.998934 
97.000000  98.000000  0.998951 
98.000000  99.000000  0.998966 
99.000000  100.000000  0.998980 
100.000000  101.000000  0.998992 
101.000000  102.000000  0.999004 
102.000000  103.000000  0.999014 
103.000000  104.000000  0.999023 
104.000000  105.000000  0.999031 
105.000000  106.000000  0.999037 
106.000000  107.000000  0.999043 
107.000000  108.000000  0.999047 
108.000000  109.000000  0.999051 
109.000000  110.000000  0.999053 
110.000000  111.000000  0.999055 
111.000000  112.000000  0.999056 
112.000000  113.000000  0.999055 
113.000000  114.000000  0.999055 
114.000000  115.000000  0.999053 
115.000000  116.000000  0.999051 
116.000000  117.000000  0.999048 
117.000000  118.000000  0.999044 
118.000000  119.000000  0.999040 
119.000000  120.000000  0.999035 
120.000000  121.000000  0.999030 
121.000000  122.000000  0.999025 
122.000000  123.000000  0.999019 
123.000000  124.000000  0.999013 
124.000000  125.000000  0.999007 
125.000000  126.000000  0.999000 
126.000000  127.000000  0.998993 
127.000000  128.000000  0.998986 
128.000000  129.000000  0.998979 
129.000000  130.000000  0.998972 
130.000000  131.000000  0.998965 
131.000000  132.000000  0.998958 
132.000000  133.000000  0.998950 
133.000000  134.000000  0.998943 
134.000000  135.000000  0.998936 
135.000000  136.000000  0.998929 
136.000000  137.000000  0.998922 
137.000000  138.000000  0.998915 
138.000000  139.000000  0.998908 
139.000000  140.000000  0.998901 
140.000000  141.000000  0.998894 
141.000000  142.000000  0.998887 
142.000000  143.000000  0.998881 
143.000000  144.000000  0.998874 
144.000000  145.000000  0.998868 
145.000000  146.000000  0.998862 
146.000000  147.000000  0.998856 
147.000000  148.000000  0.998850 
148.000000  149.000000  0.998844 
149.000000  150.000000  0.998838 
150.000000  151.000000  0.998833 
151.000000  152.000000  0.998827 
152.000000  153.000000  0.998822 
153.000000  154.000000  0.998816 
154.000000  155.000000  0.998811 
155.000000  156.000000  0.998806 
156.000000  157.000000  0.998801 
157.000000  158.000000  0.998795 
158.000000  159.000000  0.998790 
159.000000  160.000000  0.998785 
160.000000  161.000000  0.998780 
161.000000  162.000000  0.998775 
162.000000  163.000000  0.998769 
163.000000  164.000000  0.998764 
164.000000  165.000000  0.998759 
165.000000  166.000000  0.998754 
166.000000  167.000000  0.998748 
167.000000  168.000000  0.998742 
168.000000  169.000000  0.998737 
169.000000  170.000000  0.998731 
170.000000  171.000000  0.998725 
171.000000  172.000000  0.998719 
172.000000  173.000000  0.998713 
173.000000  174.000000  0.998706 
174.000000  175.000000  0.998700 
175.000000  176.000000  0.998693 
176.000000  177.000000  0.998686 
177.000000  178.000000  0.998679 
178.000000  179.000000  0.998672 
179.000000  180.000000  0.998664 
180.000000  181.000000  0.998657 
181.000000  182.000000  0.998649 
182.000000  183.000000  0.998641 
183.000000  184.000000  0.998632 
184.000000  185.000000  0.998624 
185.000000  186.000000  0.998615 
186.000000  187.000000  0.998606 
187.000000  188.000000  0.998596 
188.000000  189.000000  0.998587 
189.000000  190.000000  0.998577 
190.000000  191.000000  0.998567 
191.000000  192.000000  0.998556 
192.000000  193.000000  0.998545 
193.000000  194.000000  0.998535 
194.000000  195.000000  0.998523 
195.000000  196.000000  0.998512 
196.000000  197.000000  0.998500 
197.000000  198.000000  0.998488 
198.000000  199.000000  0.998476 
199.000000  200.000000  0.998464 
200.000000  201.000000  0.998451 
201.000000  202.000000  0.998438 
202.000000  203.000000  0.998425 
203.000000  204.000000  0.998412 
204.000000  205.000000  0.998398 
205.000000  206.000000  0.998384 
206.000000  207.000000  0.998370 
207.000000  208.000000  0.998356 
208.000000  209.000000  0.998342 
209.000000  210.000000  0.998327 
210.000000  211.000000  0.998312 
211.000000  212.000000  0.998297 
212.000000  213.000000  0.998282 
213.000000  214.000000  0.998267 
214.000000  215.000000  0.998251 
215.000000  216.000000  0.998235 
216.000000  217.000000  0.998219 
217.000000  218.000000  0.998203 
218.000000  219.000000  0.998187 
219.000000  220.000000  0.998171 
220.000000  221.000000  0.998154 
221.000000  222.000000  0.998138 
222.000000  223.000000  0.998121 
223.000000  224.000000  0.998104 
224.000000  225.000000  0.998087 
225.000000  226.000000  0.998070 
226.000000  227.000000  0.998053 
227.000000  228.000000  0.998036 
228.000000  229.000000  0.998018 
229.000000  230.000000  0.998001 
230.000000  231.000000  0.997984 
231.000000  232.000000  0.997966 
232.000000  233.000000  0.997949 
233.000000  234.000000  0.997931 
234.000000  235.000000  0.997913 
235.000000  236.000000  0.997896 
236.000000  237.000000  0.997878 
237.000000  238.000000  0.997861 
238.000000  239.000000  0.997843 
239.000000  240.000000  0.997825 
240.000000  241.000000  0.997808 
241.000000  242.000000  0.997790 
242.000000  243.000000  0.997772 
243.000000  244.000000  0.997755 
244.000000  245.000000  0.997737 
245.000000  246.000000  0.997720 
246.000000  247.000000  0.997702 
247.000000  248.000000  0.997685 
248.000000  249.000000  0.997668 
249.000000  250.000000  0.997650 
250.000000  251.000000  0.997633 
251.000000  252.000000  0.997616 
252.000000  253.000000  0.997599 
253.000000  254.000000  0.997582 
254.000000  255.000000  0.997565 
255.000000  256.000000  0.997548 
256.000000  257.000000  0.997532 
257.000000  258.000000  0.997515 
258.000000  259.000000  0.997499 
259.000000  260.000000  0.997482 
260.000000  261.000000  0.997466 
261.000000  262.000000  0.997450 
262.000000  263.000000  0.997434 
263.000000  264.000000  0.997419 
264.000000  265.000000  0.997403 
265.000000  266.000000  0.997387 
266.000000  267.000000  0.997372 
267.000000  268.000000  0.997357 
268.000000  269.000000  0.997342 
269.000000  270.000000  0.997327 
270.000000  271.000000  0.997312 
271.000000  272.000000  0.997298 
272.000000  273.000000  0.997283 
273.000000  274.000000  0.997269 
274.000000  275.000000  0.997255 
275.000000  276.000000  0.997241 
276.000000  277.000000  0.997228 
277.000000  278.000000  0.997214 
278.000000  279.000000  0.997201 
279.000000  280.000000  0.997188 
280.000000  281.000000  0.997175 
281.000000  282.000000  0.997163 
282.000000  283.000000  0.997150 
283.000000  284.000000  0.997138 
284.000000  285.000000  0.997126 
285.000000  286.000000  0.997114 
286.000000  287.000000  0.997103 
287.000000  288.000000  0.997091 
288.000000  289.000000  0.997080 
289.000000  290.000000  0.997069 
290.000000  291.000000  0.997058 
291.000000  292.000000  0.997048 
292.000000  293.000000  0.997038 
293.000000  294.000000  0.997027 
294.000000  295.000000  0.997018 
295.000000  296.000000  0.997008 
296.000000  297.000000  0.996999 
297.000000  298.000000  0.996990 
298.000000  299.000000  0.996981 
299.000000  300.000000  0.996972 
300.000000  301.000000  0.996963 
301.000000  302.000000  0.996955 
302.000000  303.000000  0.996947 
303.000000  304.000000  0.996940 
304.000000  305.000000  0.996932 
305.000000  306.000000  0.996925 
306.000000  307.000000  0.996918 
307.000000  308.000000  0.996911 
308.000000  309.000000  0.996904 
309.000000  310.000000  0.996898 
310.000000  311.000000  0.996892 
311.000000  312.000000  0.996886 
312.000000  313.000000  0.996880 
313.000000  314.000000  0.996875 
314.000000  315.000000  0.996870 
315.000000  316.000000  0.996865 
316.000000  317.000000  0.996860 
317.000000  318.000000  0.996856 
318.000000  319.000000  0.996852 
319.000000  320.000000  0.996848 
320.000000  321.000000  0.996844 
321.000000  322.000000  0.996840 
322.000000  323.000000  0.996837 
323.000000  324.000000  0.996834 
324.000000  325.000000  0.996831 
325.000000  326.000000  0.996828 
326.000000  327.000000  0.996826 
327.000000  328.000000  0.996824 
328.000000  329.000000  0.996822 
329.000000  330.000000  0.996820 
330.000000  331.000000  0.996819 
331.000000  332.000000  0.996818 
332.000000  333.000000  0.996816 
333.000000  334.000000  0.996816 
334.000000  335.000000  0.996815 
335.000000  336.000000  0.996815 
336.000000  337.000000  0.996814 
337.000000  338.000000  0.996814 
338.000000  339.000000  0.996815 
339.000000  340.000000  0.996815 
340.000000  341.000000  0.996816 
341.000000  342.000000  0.996817 
342.000000  343.000000  0.996818 
343.000000  344.000000  0.996819 
344.000000  345.000000  0.996820 
345.000000  346.000000  0.996822 
346.000000  347.000000  0.996824 
347.000000  348.000000  0.996826 
348.000000  349.000000  0.996828 
349.000000  350.000000  0.996830 
350.000000  351.000000  0.996833 
351.000000  352.000000  0.996836 
352.000000  353.000000  0.996839 
353.000000  354.000000  0.996842 
354.000000  355.000000  0.996845 
355.000000  356.000000  0.996849 
356.000000  357.000000  0.996852 
357.000000  358.000000  0.996856 
358.000000  359.000000  0.996860 
359.000000  360.000000  0.996864 
360.000000  361.000000  0.996869 
361.000000  362.000000  0.996873 
362.000000  363.000000  0.996878 
363.000000  364.000000  0.996882 
364.000000  365.000000  0.996887 
365.000000  366.000000  0.996892 
366.000000  367.000000  0.996898 
367.000000  368.000000  0.996903 
368.000000  369.000000  0.996908 
369.000000  370.000000  0.996914 
370.000000  371.000000  0.996920 
371.000000  372.000000  0.996926 
372.000000  373.000000  0.996932 
373.000000  374.000000  0.996938 
374.000000  375.000000  0.996944 
375.000000  376.000000  0.996951 
376.000000  377.000000  0.996957 
377.000000  378.000000  0.996964 
378.000000  379.000000  0.996970 
379.000000  380.000000  0.996977 
380.000000  381.000000  0.996984 
381.000000  382.000000  0.996991 
382.000000  383.000000  0.996999 
383.000000  384.000000  0.997006 
384.000000  385.000000  0.997013 
385.000000  386.000000  0.997021 
386.000000  387.000000  0.997028 
387.000000  388.000000  0.997036 
388.000000  389.000000  0.997043 
389.000000  390.000000  0.997051 
390.000000  391.000000  0.997059 
391.000000  392.000000  0.997067 
392.000000  393.000000  0.997075 
393.000000  394.000000  0.997083 
394.000000  395.000000  0.997091 
395.000000  396.000000  0.997100 
396.000000  397.000000  0.997108 
397.000000  398.000000  0.997116 
398.000000  399.000000  0.997125 
399.000000  400.000000  0.997133 
400.000000  401.000000  0.997142 
401.000000  402.000000  0.997150 
402.000000  403.000000  0.997159 
403.000000  404.000000  0.997168 
404.000000  405.000000  0.997176 
405.000000  406.000000  0.997185 
406.000000  407.000000  0.997194 
407.000000  408.000000  0.997203 
408.000000  409.000000  0.997212 
409.000000  410.000000  0.997220 
410.000000  411.000000  0.997229 
411.000000  412.000000  0.997238 
412.000000  413.000000  0.997247 
413.000000  414.000000  0.997256 
414.000000  415.000000  0.997265 
415.000000  416.000000  0.997274 
416.000000  417.000000  0.997283 
417.000000  418.000000  0.997292 
418.000000  419.000000  0.997301 
419.000000  420.000000  0.997310 
420.000000  421.000000  0.997320 
421.000000  422.000000  0.997329 
422.000000  423.000000  0.997338 
423.000000  424.000000  0.997347 
424.000000  425.000000  0.997356 
425.000000  426.000000  0.997365 
426.000000  427.000000  0.997374 
427.000000  428.000000  0.997383 
428.000000  429.000000  0.997392 
429.000000  430.000000  0.997401 
430.000000  431.000000  0.997410 
431.000000  432.000000  0.997419 
432.000000  433.000000  0.997428 
433.000000  434.000000  0.997437 
434.000000  435.000000  0.997446 
435.000000  436.000000  0.997455 
436.000000  437.000000  0.997464 
437.000000  438.000000  0.997472 
438.000000  439.000000  0.997481 
439.000000  440.000000  0.997490 
440.000000  441.000000  0.997499 
441.000000  442.000000  0.997507 
442.000000  443.000000  0.997516 
443.000000  444.000000  0.997525 
444.000000  445.000000  0.997533 
445.000000  446.000000  0.997542 
446.000000  447.000000  0.997551 
447.000000  448.000000  0.997559 
448.000000  449.000000  0.997567 
449.000000  450.000000  0.997576 
450.000000  451.000000  0.997584 
451.000000  452.000000  0.997593 
452.000000  453.000000  0.997601 
453.000000  454.000000  0.997609 
454.000000  455.000000  0.997617 
455.000000  456.000000  0.997625 
456.000000  457.000000  0.997633 
457.000000  458.000000  0.997641 
458.000000  459.000000  0.997649 
459.000000  460.000000  0.997657 
460.000000  461.000000  0.997665 
461.000000  462.000000  0.997673 
462.000000  463.000000  0.997681 
463.000000  464.000000  0.997688 
464.000000  465.000000  0.997696 
465.000000  466.000000  0.997703 
466.000000  467.000000  0.997711 
467.000000  468.000000  0.997718 
468.000000  469.000000  0.997726 
469.000000  470.000000  0.997733 
470.000000  471.000000  0.997740 
471.000000  472.000000  0.997748 
472.000000  473.000000  0.997755 
473.000000  474.000000  0.997762 
474.000000  475.000000  0.997769 
475.000000  476.000000  0.997776 
476.000000  477.000000  0.997782 
477.000000  478.000000  0.997789 
478.000000  479.000000  0.997796 
479.000000  480.000000  0.997803 
480.000000  481.000000  0.997809 
481.000000  482.000000  0.997816 
482.000000  483.000000  0.997822 
483.000000  484.000000  0.997829 
484.000000  485.000000  0.997835 
485.000000  486.000000  0.997841 
486.000000  487.000000  0.997847 
487.000000  488.000000  0.997854 
488.000000  489.000000  0.997860 
489.000000  490.000000  0.997866 
490.000000  491.000000  0.997871 
491.000000  492.000000  0.997877 
492.000000  493.000000  0.997883 
493.000000  494.000000  0.997889 
494.000000  495.000000  0.997894 
495.000000  496.000000  0.997900 
496.000000  497.000000  0.997905 
497.000000  498.000000  0.997911 
498.000000  499.000000  0.997916 
499.000000  500.000000  0.997922 
500.000000  501.000000  0.997927 
501.000000  502.000000  0.997932 
502.000000  503.000000  0.997937 
503.000000  504.000000  0.997942 
504.000000  505.000000  0.997947 
505.000000  506.000000  0.997952 
506.000000  507.000000  0.997957 
507.000000  508.000000  0.997961 
508.000000  509.000000  0.997966 
509.000000  510.000000  0.997971 
510.000000  511.000000  0.997975 
511.000000  512.000000  0.997980 
512.000000  513.000000  0.997984 
513.000000  514.000000  0.997988 
514.000000  515.000000  0.997993 
515.000000  516.000000  0.997997 
516.000000  517.000000  0.998001 
517.000000  518.000000  0.998005 
518.000000  519.000000  0.998009 
519.000000  520.000000  0.998013 
520.000000  521.000000  0.998017 
521.000000  522.000000  0.998021 
522.000000  523.000000  0.998025 
523.000000  524.000000  0.998028 
524.000000  525.000000  0.998032 
525.000000  526.000000  0.998035 
526.000000  527.000000  0.998039 
527.000000  528.000000  0.998042 
528.000000  529.000000  0.998046 
529.000000  530.000000  0.998049 
530.000000  531.000000  0.998052 
531.000000  532.000000  0.998056 
532.000000  533.000000  0.998059 
533.000000  534.000000  0.998062 
534.000000  535.000000  0.998065 
535.000000  536.000000  0.998068 
536.000000  537.000000  0.998071 
537.000000  538.000000  0.998074 
538.000000  539.000000  0.998076 
539.000000  540.000000  0.998079 
540.000000  541.000000  0.998082 
541.000000  542.000000  0.998084 
542.000000  543.000000  0.998087 
543.000000  544.000000  0.998090 
544.000000  545.000000  0.998092 
545.000000  546.000000  0.998094 
546.000000  547.000000  0.998097 
547.000000  548.000000  0.998099 
548.000000  549.000000  0.998101 
549.000000  550.000000  0.998104 
550.000000  551.000000  0.998106 
551.000000  552.000000  0.998108 
552.000000  553.000000  0.998110 
553.000000  554.000000  0.998112 
554.000000  555.000000  0.998114 
555.000000  556.000000  0.998116 
556.000000  557.000000  0.998118 
557.000000  558.000000  0.998119 
558.000000  559.000000  0.998121 
559.000000  560.000000  0.998123 
560.000000  561.000000  0.998125 
561.000000  562.000000  0.998126 
562.000000  563.000000  0.998128 
563.000000  564.000000  0.998129 
564.000000  565.000000  0.998131 
565.000000  566.000000  0.998132 
566.000000  567.000000  0.998134 
567.000000  568.000000  0.998135 
568.000000  569.000000  0.998136 
569.000000  570.000000  0.998138 
570.000000  571.000000  0.998139 
571.000000  572.000000  0.998140 
572.000000  573.000000  0.998141 
573.000000  574.000000  0.998143 
574.000000  575.000000  0.998144 
575.000000  576.000000  0.998145 
576.000000  577.000000  0.998146 
577.000000  578.000000  0.998147 
578.000000  579.000000  0.998148 
579.000000  580.000000  0.998149 
580.000000  581.000000  0.998149 
581.000000  582.000000  0.998150 
582.000000  583.000000  0.998151 
583.000000  584.000000  0.998152 
584.000000  585.000000  0.998152 
585.000000  586.000000  0.998153 
586.000000  587.000000  0.998154 
587.000000  588.000000  0.998154 
588.000000  589.000000  0.998155 
589.000000  590.000000  0.998156 
590.000000  591.000000  0.998156 
591.000000  592.000000  0.998157 
592.000000  593.000000  0.998157 
593.000000  594.000000  0.998158 
594.000000  595.000000  0.998158 
595.000000  596.000000  0.998158 
596.000000  597.000000  0.998159 
597.000000  598.000000  0.998159 
598.000000  599.000000  0.998159 
599.000000  600.000000  0.998160 
600.000000  601.000000  0.998160 
601.000000  602.000000  0.998160 
602.000000  603.000000  0.998160 
603.000000  604.000000  0.998160 
604.000000  605.000000  0.998160 
605.000000  606.000000  0.998161 
606.000000  607.000000  0.998161 
607.000000  608.000000  0.998161 
608.000000  609.000000  0.998161 
609.000000  610.000000  0.998161 
610.000000  611.000000  0.998161 
611.000000  612.000000  0.998161 
612.000000  613.000000  0.998161 
613.000000  614.000000  0.998161 
614.000000  615.000000  0.998160 
615.000000  616.000000  0.998160 
616.000000  617.000000  0.998160 
617.000000  618.000000  0.998160 
618.000000  619.000000  0.998160 
619.000000  620.000000  0.998160 
620.000000  621.000000  0.998159 
621.000000  622.000000  0.998159 
622.000000  623.000000  0.998159 
623.000000  624.000000  0.998159 
624.000000  625.000000  0.998158 
625.000000  626.000000  0.998158 
626.000000  627.000000  0.998158 
627.000000  628.000000  0.998157 
628.000000  629.000000  0.998157 
629.000000  630.000000  0.998156 
630.000000  631.000000  0.998156 
631.000000  632.000000  0.998156 
632.000000  633.000000  0.998155 
633.000000  634.000000  0.998155 
634.000000  635.000000  0.998154 
635.000000  636.000000  0.998154 
636.000000  637.000000  0.998153 
637.000000  638.000000  0.998153 
638.000000  639.000000  0.998152 
639.000000  640.000000  0.998152 
640.000000  641.000000  0.998151 
641.000000  642.000000  0.998150 
642.000000  643.000000  0.998150 
643.000000  644.000000  0.998149 
644.000000  645.000000  0.998149 
645.000000  646.000000  0.998148 
646.000000  647.000000  0.998147 
647.000000  648.000000  0.998147 
648.000000  649.000000  0.998146 
649.000000  650.000000  0.998145 
650.000000  651.000000  0.998145 
651.000000  652.000000  0.998144 
652.000000  653.000000  0.998143 
653.000000  654.000000  0.998142 
654.000000  655.000000  0.998142 
655.000000  656.000000  0.998141 
656.000000  657.000000  0.998140 
657.000000  658.000000  0.998139 
658.000000  659.000000  0.998139 
659.000000  660.000000  0.998138 
660.000000  661.000000  0.998137 
661.000000  662.000000  0.998136 
662.000000  663.000000  0.998135 
663.000000  664.000000  0.998134 
664.000000  665.000000  0.998134 
665.000000  666.000000  0.998133 
666.000000  667.000000  0.998132 
667.000000  668.000000  0.998131 
668.000000  669.000000  0.998130 
669.000000  670.000000  0.998129 
670.000000  671.000000  0.998128 
671.000000  672.000000  0.998128 
672.000000  673.000000  0.998127 
673.000000  674.000000  0.998126 
674.000000  675.000000  0.998125 
675.000000  676.000000  0.998124 
676.000000  677.000000  0.998123 
677.000000  678.000000  0.998122 
678.000000  679.000000  0.998121 
679.000000  680.000000  0.998120 
680.000000  681.000000  0.998119 
681.000000  682.000000  0.998118 
682.000000  683.000000  0.998117 
683.000000  684.000000  0.998116 
684.000000  685.000000  0.998115 
685.000000  686.000000  0.998114 
686.000000  687.000000  0.998113 
687.000000  688.000000  0.998112 
688.000000  689.000000  0.998111 
689.000000  690.000000  0.998110 
690.000000  691.000000  0.998109 
691.000000  692.000000  0.998108 
692.000000  693.000000  0.998107 
693.000000  694.000000  0.998106 
694.000000  695.000000  0.998105 
695.000000  696.000000  0.998104 
696.000000  697.000000  0.998103 
697.000000  698.000000  0.998102 
698.000000  699.000000  0.998101 
699.000000  700.000000  0.998100 
700.000000  701.000000  0.998099 
701.000000  702.000000  0.998098 
702.000000  703.000000  0.998097 
703.000000  704.000000  0.998096 
704.000000  705.000000  0.998095 
705.000000  706.000000  0.998094 
706.000000  707.000000  0.998093 
707.000000  708.000000  0.998092 
708.000000  709.000000  0.998091 
709.000000  710.000000  0.998090 
710.000000  711.000000  0.998088 
711.000000  712.000000  0.998087 
712.000000  713.000000  0.998086 
713.000000  714.000000  0.998085 
714.000000  715.000000  0.998084 
715.000000  716.000000  0.998083 
716.000000  717.000000  0.998082 
717.000000  718.000000  0.998081 
718.000000  719.000000  0.998080 
719.000000  720.000000  0.998079 
720.000000  721.000000  0.998078 
721.000000  722.000000  0.998077 
722.000000  723.000000  0.998076 
723.000000  724.000000  0.998074 
724.000000  725.000000  0.998073 
725.000000  726.000000  0.998072 
726.000000  727.000000  0.998071 
727.000000  728.000000  0.998070 
728.000000  729.000000  0.998069 
729.000000  730.000000  0.998068 
730.000000  731.000000  0.998067 
731.000000  732.000000  0.998066 
732.000000  733.000000  0.998065 
733.000000  734.000000  0.998064 
734.000000  735.000000  0.998062 
735.000000  736.000000  0.998061 
736.000000  737.000000  0.998060 
737.000000  738.000000  0.998059 
738.000000  739.000000  0.998058 
739.000000  740.000000  0.998057 
740.000000  741.000000  0.998056 
741.000000  742.000000  0.998055 
742.000000  743.000000  0.998054 
743.000000  744.000000  0.998053 
744.000000  745.000000  0.998051 
745.000000  746.000000  0.998050 
746.000000  747.000000  0.998049 
747.000000  748.000000  0.998048 
748.000000  749.000000  0.998047 
749.000000  750.000000  0.998046 
750.000000  751.000000  0.998045 
751.000000  752.000000  0.998044 
752.000000  753.000000  0.998043 
753.000000  754.000000  0.998042 
754.000000  755.000000  0.998041 
755.000000  756.000000  0.998040 
756.000000  757.000000  0.998038 
757.000000  758.000000  0.998037 
758.000000  759.000000  0.998036 
759.000000  760.000000  0.998035 
760.000000  761.000000  0.998034 
761.000000  762.000000  0.998033 
762.000000  763.000000  0.998032 
763.000000  764.000000  0.998031 
764.000000  765.000000  0.998030 
765.000000  766.000000  0.998029 
766.000000  767.000000  0.998028 
767.000000  768.000000  0.998027 
768.000000  769.000000  0.998026 
769.000000  770.000000  0.998024 
770.000000  771.000000  0.998023 
771.000000  772.000000  0.998022 
772.000000  773.000000  0.998021 
773.000000  774.000000  0.998020 
774.000000  775.000000  0.998019 
775.000000  776.000000  0.998018 
776.000000  777.000000  0.998017 
777.000000  778.000000  0.998016 
778.000000  779.000000  0.998015 
779.000000  780.000000  0.998014 
780.000000  781.000000  0.998013 
781.000000  782.000000  0.998012 
782.000000  783.000000  0.998011 
783.000000  784.000000  0.998010 
784.000000  785.000000  0.998009 
785.000000  786.000000  0.998008 
786.000000  787.000000  0.998007 
787.000000  788.000000  0.998006 
788.000000  789.000000  0.998005 
789.000000  790.000000  0.998004 
790.000000  791.000000  0.998002 
791.000000  792.000000  0.998001 
792.000000  793.000000  0.998000 
793.000000  794.000000  0.997999 
794.000000  795.000000  0.997998 
795.000000  796.000000  0.997997 
796.000000  797.000000  0.997996 
797.000000  798.000000  0.997995 
798.000000  799.000000  0.997994 
799.000000  800.000000  0.997993 
