17.000000  18.000000  0.000000 
18.000000  19.000000  0.000000 
19.000000  20.000000  0.000000 
20.000000  21.000000  0.000000 
21.000000  22.000000  0.000000 
22.000000  23.000000  0.000000 
23.000000  24.000000  0.000000 
24.000000  25.000000  0.000000 
25.000000  26.000000  0.000000 
26.000000  27.000000  0.000000 
27.000000  28.000000  0.000000 
28.000000  29.000000  0.000000 
29.000000  30.000000  0.000000 
30.000000  31.000000  0.000001 
31.000000  32.000000  0.000001 
32.000000  33.000000  0.000002 
33.000000  34.000000  0.000002 
34.000000  35.000000  0.000003 
35.000000  36.000000  0.000005 
36.000000  37.000000  0.000006 
37.000000  38.000000  0.000008 
38.000000  39.000000  0.000011 
39.000000  40.000000  0.000014 
40.000000  41.000000  0.000019 
41.000000  42.000000  0.000023 
42.000000  43.000000  0.000029 
43.000000  44.000000  0.000036 
44.000000  45.000000  0.000044 
45.000000  46.000000  0.000053 
46.000000  47.000000  0.000063 
47.000000  48.000000  0.000074 
48.000000  49.000000  0.000087 
49.000000  50.000000  0.000101 
50.000000  51.000000  0.000116 
51.000000  52.000000  0.000132 
52.000000  53.000000  0.000150 
53.000000  54.000000  0.000169 
54.000000  55.000000  0.000189 
55.000000  56.000000  0.000211 
56.000000  57.000000  0.000233 
57.000000  58.000000  0.000257 
58.000000  59.000000  0.000282 
59.000000  60.000000  0.000308 
60.000000  61.000000  0.000334 
61.000000  62.000000  0.000362 
62.000000  63.000000  0.000390 
63.000000  64.000000  0.000419 
64.000000  65.000000  0.000448 
65.000000  66.000000  0.000478 
66.000000  67.000000  0.000509 
67.000000  68.000000  0.000540 
68.000000  69.000000  0.000571 
69.000000  70.000000  0.000602 
70.000000  71.000000  0.000634 
71.000000  72.000000  0.000665 
72.000000  73.000000  0.000697 
73.000000  74.000000  0.000729 
74.000000  75.000000  0.000760 
75.000000  76.000000  0.000792 
76.000000  77.000000  0.000823 
77.000000  78.000000  0.000855 
78.000000  79.000000  0.000885 
79.000000  80.000000  0.000916 
80.000000  81.000000  0.000946 
81.000000  82.000000  0.000976 
82.000000  83.000000  0.001006 
83.000000  84.000000  0.001035 
84.000000  85.000000  0.001064 
85.000000  86.000000  0.001095 
86.000000  87.000000  0.001123 
87.000000  88.000000  0.001150 
88.000000  89.000000  0.001178 
89.000000  90.000000  0.001204 
90.000000  91.000000  0.001230 
91.000000  92.000000  0.001256 
92.000000  93.000000  0.001281 
93.000000  94.000000  0.001306 
94.000000  95.000000  0.001330 
95.000000  96.000000  0.001353 
96.000000  97.000000  0.001377 
97.000000  98.000000  0.001399 
98.000000  99.000000  0.001422 
99.000000  100.000000  0.001444 
100.000000  101.000000  0.001465 
101.000000  102.000000  0.001486 
102.000000  103.000000  0.001507 
103.000000  104.000000  0.001527 
104.000000  105.000000  0.001546 
105.000000  106.000000  0.001566 
106.000000  107.000000  0.001584 
107.000000  108.000000  0.001603 
108.000000  109.000000  0.001621 
109.000000  110.000000  0.001639 
110.000000  111.000000  0.001656 
111.000000  112.000000  0.001673 
112.000000  113.000000  0.001690 
113.000000  114.000000  0.001706 
114.000000  115.000000  0.001722 
115.000000  116.000000  0.001737 
116.000000  117.000000  0.001753 
117.000000  118.000000  0.001768 
118.000000  119.000000  0.001783 
119.000000  120.000000  0.001797 
120.000000  121.000000  0.001811 
121.000000  122.000000  0.001825 
122.000000  123.000000  0.001839 
123.000000  124.000000  0.001852 
124.000000  125.000000  0.001866 
125.000000  126.000000  0.001879 
126.000000  127.000000  0.001891 
127.000000  128.000000  0.001904 
128.000000  129.000000  0.001916 
129.000000  130.000000  0.001928 
130.000000  131.000000  0.001940 
131.000000  132.000000  0.001952 
132.000000  133.000000  0.001963 
133.000000  134.000000  0.001975 
134.000000  135.000000  0.001986 
135.000000  136.000000  0.001997 
136.000000  137.000000  0.002008 
137.000000  138.000000  0.002019 
138.000000  139.000000  0.002029 
139.000000  140.000000  0.002040 
140.000000  141.000000  0.002050 
141.000000  142.000000  0.002060 
142.000000  143.000000  0.002070 
143.000000  144.000000  0.002080 
144.000000  145.000000  0.002090 
145.000000  146.000000  0.002099 
146.000000  147.000000  0.002109 
147.000000  148.000000  0.002118 
148.000000  149.000000  0.002127 
149.000000  150.000000  0.002136 
150.000000  151.000000  0.002145 
151.000000  152.000000  0.002154 
152.000000  153.000000  0.002163 
153.000000  154.000000  0.002171 
154.000000  155.000000  0.002180 
155.000000  156.000000  0.002188 
156.000000  157.000000  0.002197 
157.000000  158.000000  0.002205 
158.000000  159.000000  0.002213 
159.000000  160.000000  0.002221 
160.000000  161.000000  0.002229 
161.000000  162.000000  0.002237 
162.000000  163.000000  0.002245 
163.000000  164.000000  0.002252 
164.000000  165.000000  0.002260 
165.000000  166.000000  0.002267 
166.000000  167.000000  0.002275 
167.000000  168.000000  0.002282 
168.000000  169.000000  0.002289 
169.000000  170.000000  0.002296 
170.000000  171.000000  0.002303 
171.000000  172.000000  0.002310 
172.000000  173.000000  0.002317 
173.000000  174.000000  0.002324 
174.000000  175.000000  0.002331 
175.000000  176.000000  0.002337 
176.000000  177.000000  0.002344 
177.000000  178.000000  0.002350 
178.000000  179.000000  0.002357 
179.000000  180.000000  0.002363 
180.000000  181.000000  0.002369 
181.000000  182.000000  0.002375 
182.000000  183.000000  0.002381 
183.000000  184.000000  0.002387 
184.000000  185.000000  0.002393 
185.000000  186.000000  0.002399 
186.000000  187.000000  0.002404 
187.000000  188.000000  0.002410 
188.000000  189.000000  0.002416 
189.000000  190.000000  0.002421 
190.000000  191.000000  0.002427 
191.000000  192.000000  0.002432 
192.000000  193.000000  0.002437 
193.000000  194.000000  0.002443 
194.000000  195.000000  0.002448 
195.000000  196.000000  0.002453 
196.000000  197.000000  0.002458 
197.000000  198.000000  0.002463 
198.000000  199.000000  0.002468 
199.000000  200.000000  0.002472 
200.000000  201.000000  0.002477 
201.000000  202.000000  0.002482 
202.000000  203.000000  0.002486 
203.000000  204.000000  0.002491 
204.000000  205.000000  0.002495 
205.000000  206.000000  0.002500 
206.000000  207.000000  0.002504 
207.000000  208.000000  0.002508 
208.000000  209.000000  0.002513 
209.000000  210.000000  0.002517 
210.000000  211.000000  0.002521 
211.000000  212.000000  0.002525 
212.000000  213.000000  0.002529 
213.000000  214.000000  0.002533 
214.000000  215.000000  0.002537 
215.000000  216.000000  0.002541 
216.000000  217.000000  0.002544 
217.000000  218.000000  0.002548 
218.000000  219.000000  0.002552 
219.000000  220.000000  0.002555 
220.000000  221.000000  0.002559 
221.000000  222.000000  0.002562 
222.000000  223.000000  0.002566 
223.000000  224.000000  0.002569 
224.000000  225.000000  0.002573 
225.000000  226.000000  0.002576 
226.000000  227.000000  0.002579 
227.000000  228.000000  0.002582 
228.000000  229.000000  0.002586 
229.000000  230.000000  0.002589 
230.000000  231.000000  0.002592 
231.000000  232.000000  0.002595 
232.000000  233.000000  0.002598 
233.000000  234.000000  0.002601 
234.000000  235.000000  0.002604 
235.000000  236.000000  0.002606 
236.000000  237.000000  0.002609 
237.000000  238.000000  0.002612 
238.000000  239.000000  0.002615 
239.000000  240.000000  0.002617 
240.000000  241.000000  0.002620 
241.000000  242.000000  0.002623 
242.000000  243.000000  0.002625 
243.000000  244.000000  0.002628 
244.000000  245.000000  0.002630 
245.000000  246.000000  0.002633 
246.000000  247.000000  0.002635 
247.000000  248.000000  0.002637 
248.000000  249.000000  0.002640 
249.000000  250.000000  0.002642 
250.000000  251.000000  0.002644 
251.000000  252.000000  0.002646 
252.000000  253.000000  0.002649 
253.000000  254.000000  0.002651 
254.000000  255.000000  0.002653 
255.000000  256.000000  0.002655 
256.000000  257.000000  0.002657 
257.000000  258.000000  0.002659 
258.000000  259.000000  0.002661 
259.000000  260.000000  0.002663 
260.000000  261.000000  0.002665 
261.000000  262.000000  0.002667 
262.000000  263.000000  0.002669 
263.000000  264.000000  0.002671 
264.000000  265.000000  0.002673 
265.000000  266.000000  0.002674 
266.000000  267.000000  0.002676 
267.000000  268.000000  0.002678 
268.000000  269.000000  0.002680 
269.000000  270.000000  0.002681 
270.000000  271.000000  0.002683 
271.000000  272.000000  0.002685 
272.000000  273.000000  0.002686 
273.000000  274.000000  0.002688 
274.000000  275.000000  0.002689 
275.000000  276.000000  0.002691 
276.000000  277.000000  0.002692 
277.000000  278.000000  0.002694 
278.000000  279.000000  0.002695 
279.000000  280.000000  0.002697 
280.000000  281.000000  0.002698 
281.000000  282.000000  0.002700 
282.000000  283.000000  0.002701 
283.000000  284.000000  0.002702 
284.000000  285.000000  0.002704 
285.000000  286.000000  0.002705 
286.000000  287.000000  0.002706 
287.000000  288.000000  0.002708 
288.000000  289.000000  0.002709 
289.000000  290.000000  0.002710 
290.000000  291.000000  0.002712 
291.000000  292.000000  0.002713 
292.000000  293.000000  0.002714 
293.000000  294.000000  0.002715 
294.000000  295.000000  0.002716 
295.000000  296.000000  0.002717 
296.000000  297.000000  0.002719 
297.000000  298.000000  0.002720 
298.000000  299.000000  0.002721 
299.000000  300.000000  0.002722 
300.000000  301.000000  0.002723 
301.000000  302.000000  0.002724 
302.000000  303.000000  0.002725 
303.000000  304.000000  0.002726 
304.000000  305.000000  0.002727 
305.000000  306.000000  0.002728 
306.000000  307.000000  0.002729 
307.000000  308.000000  0.002730 
308.000000  309.000000  0.002731 
309.000000  310.000000  0.002732 
310.000000  311.000000  0.002733 
311.000000  312.000000  0.002734 
312.000000  313.000000  0.002735 
313.000000  314.000000  0.002736 
314.000000  315.000000  0.002736 
315.000000  316.000000  0.002737 
316.000000  317.000000  0.002738 
317.000000  318.000000  0.002739 
318.000000  319.000000  0.002740 
319.000000  320.000000  0.002741 
320.000000  321.000000  0.002741 
321.000000  322.000000  0.002742 
322.000000  323.000000  0.002743 
323.000000  324.000000  0.002744 
324.000000  325.000000  0.002745 
325.000000  326.000000  0.002745 
326.000000  327.000000  0.002746 
327.000000  328.000000  0.002747 
328.000000  329.000000  0.002748 
329.000000  330.000000  0.002748 
330.000000  331.000000  0.002749 
331.000000  332.000000  0.002750 
332.000000  333.000000  0.002750 
333.000000  334.000000  0.002751 
334.000000  335.000000  0.002752 
335.000000  336.000000  0.002752 
336.000000  337.000000  0.002753 
337.000000  338.000000  0.002754 
338.000000  339.000000  0.002754 
339.000000  340.000000  0.002755 
340.000000  341.000000  0.002755 
341.000000  342.000000  0.002756 
342.000000  343.000000  0.002757 
343.000000  344.000000  0.002757 
344.000000  345.000000  0.002758 
345.000000  346.000000  0.002758 
346.000000  347.000000  0.002759 
347.000000  348.000000  0.002760 
348.000000  349.000000  0.002760 
349.000000  350.000000  0.002761 
350.000000  351.000000  0.002761 
351.000000  352.000000  0.002762 
352.000000  353.000000  0.002762 
353.000000  354.000000  0.002763 
354.000000  355.000000  0.002763 
355.000000  356.000000  0.002764 
356.000000  357.000000  0.002764 
357.000000  358.000000  0.002765 
358.000000  359.000000  0.002765 
359.000000  360.000000  0.002766 
360.000000  361.000000  0.002766 
361.000000  362.000000  0.002767 
362.000000  363.000000  0.002767 
363.000000  364.000000  0.002767 
364.000000  365.000000  0.002768 
365.000000  366.000000  0.002768 
366.000000  367.000000  0.002769 
367.000000  368.000000  0.002769 
368.000000  369.000000  0.002770 
369.000000  370.000000  0.002770 
370.000000  371.000000  0.002770 
371.000000  372.000000  0.002771 
372.000000  373.000000  0.002771 
373.000000  374.000000  0.002772 
374.000000  375.000000  0.002772 
375.000000  376.000000  0.002772 
376.000000  377.000000  0.002773 
377.000000  378.000000  0.002773 
378.000000  379.000000  0.002774 
379.000000  380.000000  0.002774 
380.000000  381.000000  0.002774 
381.000000  382.000000  0.002775 
382.000000  383.000000  0.002775 
383.000000  384.000000  0.002775 
384.000000  385.000000  0.002776 
385.000000  386.000000  0.002776 
386.000000  387.000000  0.002776 
387.000000  388.000000  0.002777 
388.000000  389.000000  0.002777 
389.000000  390.000000  0.002777 
390.000000  391.000000  0.002778 
391.000000  392.000000  0.002778 
392.000000  393.000000  0.002778 
393.000000  394.000000  0.002779 
394.000000  395.000000  0.002779 
395.000000  396.000000  0.002779 
396.000000  397.000000  0.002780 
397.000000  398.000000  0.002780 
398.000000  399.000000  0.002780 
399.000000  400.000000  0.002780 
400.000000  401.000000  0.002781 
401.000000  402.000000  0.002781 
402.000000  403.000000  0.002781 
403.000000  404.000000  0.002782 
404.000000  405.000000  0.002782 
405.000000  406.000000  0.002782 
406.000000  407.000000  0.002782 
407.000000  408.000000  0.002783 
408.000000  409.000000  0.002783 
409.000000  410.000000  0.002783 
410.000000  411.000000  0.002783 
411.000000  412.000000  0.002784 
412.000000  413.000000  0.002784 
413.000000  414.000000  0.002784 
414.000000  415.000000  0.002784 
415.000000  416.000000  0.002785 
416.000000  417.000000  0.002785 
417.000000  418.000000  0.002785 
418.000000  419.000000  0.002785 
419.000000  420.000000  0.002786 
420.000000  421.000000  0.002786 
421.000000  422.000000  0.002786 
422.000000  423.000000  0.002786 
423.000000  424.000000  0.002787 
424.000000  425.000000  0.002787 
425.000000  426.000000  0.002787 
426.000000  427.000000  0.002787 
427.000000  428.000000  0.002787 
428.000000  429.000000  0.002788 
429.000000  430.000000  0.002788 
430.000000  431.000000  0.002788 
431.000000  432.000000  0.002788 
432.000000  433.000000  0.002788 
433.000000  434.000000  0.002789 
434.000000  435.000000  0.002789 
435.000000  436.000000  0.002789 
436.000000  437.000000  0.002789 
437.000000  438.000000  0.002789 
438.000000  439.000000  0.002790 
439.000000  440.000000  0.002790 
440.000000  441.000000  0.002790 
441.000000  442.000000  0.002790 
442.000000  443.000000  0.002790 
443.000000  444.000000  0.002790 
444.000000  445.000000  0.002791 
445.000000  446.000000  0.002791 
446.000000  447.000000  0.002791 
447.000000  448.000000  0.002791 
448.000000  449.000000  0.002791 
449.000000  450.000000  0.002791 
450.000000  451.000000  0.002792 
451.000000  452.000000  0.002792 
452.000000  453.000000  0.002792 
453.000000  454.000000  0.002792 
454.000000  455.000000  0.002792 
455.000000  456.000000  0.002792 
456.000000  457.000000  0.002793 
457.000000  458.000000  0.002793 
458.000000  459.000000  0.002793 
459.000000  460.000000  0.002793 
460.000000  461.000000  0.002793 
461.000000  462.000000  0.002793 
462.000000  463.000000  0.002793 
463.000000  464.000000  0.002794 
464.000000  465.000000  0.002794 
465.000000  466.000000  0.002794 
466.000000  467.000000  0.002794 
467.000000  468.000000  0.002794 
468.000000  469.000000  0.002794 
469.000000  470.000000  0.002794 
470.000000  471.000000  0.002794 
471.000000  472.000000  0.002795 
472.000000  473.000000  0.002795 
473.000000  474.000000  0.002795 
474.000000  475.000000  0.002795 
475.000000  476.000000  0.002795 
476.000000  477.000000  0.002795 
477.000000  478.000000  0.002795 
478.000000  479.000000  0.002795 
479.000000  480.000000  0.002796 
480.000000  481.000000  0.002796 
481.000000  482.000000  0.002796 
482.000000  483.000000  0.002796 
483.000000  484.000000  0.002796 
484.000000  485.000000  0.002796 
485.000000  486.000000  0.002796 
486.000000  487.000000  0.002796 
487.000000  488.000000  0.002797 
488.000000  489.000000  0.002797 
489.000000  490.000000  0.002797 
490.000000  491.000000  0.002797 
491.000000  492.000000  0.002797 
492.000000  493.000000  0.002797 
493.000000  494.000000  0.002797 
494.000000  495.000000  0.002797 
495.000000  496.000000  0.002797 
496.000000  497.000000  0.002797 
497.000000  498.000000  0.002798 
498.000000  499.000000  0.002798 
499.000000  500.000000  0.002798 
500.000000  501.000000  0.002798 
501.000000  502.000000  0.002798 
502.000000  503.000000  0.002798 
503.000000  504.000000  0.002798 
504.000000  505.000000  0.002798 
505.000000  506.000000  0.002798 
506.000000  507.000000  0.002798 
507.000000  508.000000  0.002798 
508.000000  509.000000  0.002799 
509.000000  510.000000  0.002799 
510.000000  511.000000  0.002799 
511.000000  512.000000  0.002799 
512.000000  513.000000  0.002799 
513.000000  514.000000  0.002799 
514.000000  515.000000  0.002799 
515.000000  516.000000  0.002799 
516.000000  517.000000  0.002799 
517.000000  518.000000  0.002799 
518.000000  519.000000  0.002799 
519.000000  520.000000  0.002799 
520.000000  521.000000  0.002800 
521.000000  522.000000  0.002800 
522.000000  523.000000  0.002800 
523.000000  524.000000  0.002800 
524.000000  525.000000  0.002800 
525.000000  526.000000  0.002800 
526.000000  527.000000  0.002800 
527.000000  528.000000  0.002800 
528.000000  529.000000  0.002800 
529.000000  530.000000  0.002800 
530.000000  531.000000  0.002800 
531.000000  532.000000  0.002800 
532.000000  533.000000  0.002800 
533.000000  534.000000  0.002800 
534.000000  535.000000  0.002800 
535.000000  536.000000  0.002801 
536.000000  537.000000  0.002801 
537.000000  538.000000  0.002801 
538.000000  539.000000  0.002801 
539.000000  540.000000  0.002801 
540.000000  541.000000  0.002801 
541.000000  542.000000  0.002801 
542.000000  543.000000  0.002801 
543.000000  544.000000  0.002801 
544.000000  545.000000  0.002801 
545.000000  546.000000  0.002801 
546.000000  547.000000  0.002801 
547.000000  548.000000  0.002801 
548.000000  549.000000  0.002801 
549.000000  550.000000  0.002801 
550.000000  551.000000  0.002801 
551.000000  552.000000  0.002802 
552.000000  553.000000  0.002802 
553.000000  554.000000  0.002802 
554.000000  555.000000  0.002802 
555.000000  556.000000  0.002802 
556.000000  557.000000  0.002802 
557.000000  558.000000  0.002802 
558.000000  559.000000  0.002802 
559.000000  560.000000  0.002802 
560.000000  561.000000  0.002802 
561.000000  562.000000  0.002802 
562.000000  563.000000  0.002802 
563.000000  564.000000  0.002802 
564.000000  565.000000  0.002802 
565.000000  566.000000  0.002802 
566.000000  567.000000  0.002802 
567.000000  568.000000  0.002802 
568.000000  569.000000  0.002802 
569.000000  570.000000  0.002802 
570.000000  571.000000  0.002802 
571.000000  572.000000  0.002802 
572.000000  573.000000  0.002803 
573.000000  574.000000  0.002803 
574.000000  575.000000  0.002803 
575.000000  576.000000  0.002803 
576.000000  577.000000  0.002803 
577.000000  578.000000  0.002803 
578.000000  579.000000  0.002803 
579.000000  580.000000  0.002803 
580.000000  581.000000  0.002803 
581.000000  582.000000  0.002803 
582.000000  583.000000  0.002803 
583.000000  584.000000  0.002803 
584.000000  585.000000  0.002803 
585.000000  586.000000  0.002803 
586.000000  587.000000  0.002803 
587.000000  588.000000  0.002803 
588.000000  589.000000  0.002803 
589.000000  590.000000  0.002803 
590.000000  591.000000  0.002803 
591.000000  592.000000  0.002803 
592.000000  593.000000  0.002803 
593.000000  594.000000  0.002803 
594.000000  595.000000  0.002803 
595.000000  596.000000  0.002803 
596.000000  597.000000  0.002803 
597.000000  598.000000  0.002803 
598.000000  599.000000  0.002804 
599.000000  600.000000  0.002804 
600.000000  601.000000  0.002804 
601.000000  602.000000  0.002804 
602.000000  603.000000  0.002804 
603.000000  604.000000  0.002804 
604.000000  605.000000  0.002804 
605.000000  606.000000  0.002804 
606.000000  607.000000  0.002804 
607.000000  608.000000  0.002804 
608.000000  609.000000  0.002804 
609.000000  610.000000  0.002804 
610.000000  611.000000  0.002804 
611.000000  612.000000  0.002804 
612.000000  613.000000  0.002804 
613.000000  614.000000  0.002804 
614.000000  615.000000  0.002804 
615.000000  616.000000  0.002804 
616.000000  617.000000  0.002804 
617.000000  618.000000  0.002804 
618.000000  619.000000  0.002804 
619.000000  620.000000  0.002804 
620.000000  621.000000  0.002804 
621.000000  622.000000  0.002804 
622.000000  623.000000  0.002804 
623.000000  624.000000  0.002804 
624.000000  625.000000  0.002804 
625.000000  626.000000  0.002804 
626.000000  627.000000  0.002804 
627.000000  628.000000  0.002804 
628.000000  629.000000  0.002804 
629.000000  630.000000  0.002804 
630.000000  631.000000  0.002804 
631.000000  632.000000  0.002804 
632.000000  633.000000  0.002804 
633.000000  634.000000  0.002804 
634.000000  635.000000  0.002804 
635.000000  636.000000  0.002804 
636.000000  637.000000  0.002805 
637.000000  638.000000  0.002805 
638.000000  639.000000  0.002805 
639.000000  640.000000  0.002805 
640.000000  641.000000  0.002805 
641.000000  642.000000  0.002805 
642.000000  643.000000  0.002805 
643.000000  644.000000  0.002805 
644.000000  645.000000  0.002805 
645.000000  646.000000  0.002805 
646.000000  647.000000  0.002805 
647.000000  648.000000  0.002805 
648.000000  649.000000  0.002805 
649.000000  650.000000  0.002805 
650.000000  651.000000  0.002805 
651.000000  652.000000  0.002805 
652.000000  653.000000  0.002805 
653.000000  654.000000  0.002805 
654.000000  655.000000  0.002805 
655.000000  656.000000  0.002805 
656.000000  657.000000  0.002805 
657.000000  658.000000  0.002805 
658.000000  659.000000  0.002805 
659.000000  660.000000  0.002805 
660.000000  661.000000  0.002805 
661.000000  662.000000  0.002805 
662.000000  663.000000  0.002805 
663.000000  664.000000  0.002805 
664.000000  665.000000  0.002805 
665.000000  666.000000  0.002805 
666.000000  667.000000  0.002805 
667.000000  668.000000  0.002805 
668.000000  669.000000  0.002805 
669.000000  670.000000  0.002805 
670.000000  671.000000  0.002805 
671.000000  672.000000  0.002805 
672.000000  673.000000  0.002805 
673.000000  674.000000  0.002805 
674.000000  675.000000  0.002805 
675.000000  676.000000  0.002805 
676.000000  677.000000  0.002805 
677.000000  678.000000  0.002805 
678.000000  679.000000  0.002805 
679.000000  680.000000  0.002805 
680.000000  681.000000  0.002805 
681.000000  682.000000  0.002805 
682.000000  683.000000  0.002805 
683.000000  684.000000  0.002805 
684.000000  685.000000  0.002805 
685.000000  686.000000  0.002805 
686.000000  687.000000  0.002805 
687.000000  688.000000  0.002805 
688.000000  689.000000  0.002805 
689.000000  690.000000  0.002805 
690.000000  691.000000  0.002805 
691.000000  692.000000  0.002805 
692.000000  693.000000  0.002805 
693.000000  694.000000  0.002805 
694.000000  695.000000  0.002805 
695.000000  696.000000  0.002805 
696.000000  697.000000  0.002805 
697.000000  698.000000  0.002805 
698.000000  699.000000  0.002805 
699.000000  700.000000  0.002805 
700.000000  701.000000  0.002805 
701.000000  702.000000  0.002805 
702.000000  703.000000  0.002805 
703.000000  704.000000  0.002805 
704.000000  705.000000  0.002805 
705.000000  706.000000  0.002805 
706.000000  707.000000  0.002805 
707.000000  708.000000  0.002805 
708.000000  709.000000  0.002805 
709.000000  710.000000  0.002806 
710.000000  711.000000  0.002806 
711.000000  712.000000  0.002806 
712.000000  713.000000  0.002806 
713.000000  714.000000  0.002806 
714.000000  715.000000  0.002806 
715.000000  716.000000  0.002806 
716.000000  717.000000  0.002806 
717.000000  718.000000  0.002806 
718.000000  719.000000  0.002806 
719.000000  720.000000  0.002806 
720.000000  721.000000  0.002806 
721.000000  722.000000  0.002806 
722.000000  723.000000  0.002806 
723.000000  724.000000  0.002806 
724.000000  725.000000  0.002806 
725.000000  726.000000  0.002806 
726.000000  727.000000  0.002806 
727.000000  728.000000  0.002806 
728.000000  729.000000  0.002806 
729.000000  730.000000  0.002806 
730.000000  731.000000  0.002806 
731.000000  732.000000  0.002806 
732.000000  733.000000  0.002806 
733.000000  734.000000  0.002806 
734.000000  735.000000  0.002806 
735.000000  736.000000  0.002806 
736.000000  737.000000  0.002806 
737.000000  738.000000  0.002806 
738.000000  739.000000  0.002806 
739.000000  740.000000  0.002806 
740.000000  741.000000  0.002806 
741.000000  742.000000  0.002806 
742.000000  743.000000  0.002806 
743.000000  744.000000  0.002806 
744.000000  745.000000  0.002806 
745.000000  746.000000  0.002806 
746.000000  747.000000  0.002806 
747.000000  748.000000  0.002806 
748.000000  749.000000  0.002806 
749.000000  750.000000  0.002806 
750.000000  751.000000  0.002806 
751.000000  752.000000  0.002806 
752.000000  753.000000  0.002806 
753.000000  754.000000  0.002806 
754.000000  755.000000  0.002806 
755.000000  756.000000  0.002806 
756.000000  757.000000  0.002806 
757.000000  758.000000  0.002806 
758.000000  759.000000  0.002806 
759.000000  760.000000  0.002806 
760.000000  761.000000  0.002806 
761.000000  762.000000  0.002806 
762.000000  763.000000  0.002806 
763.000000  764.000000  0.002806 
764.000000  765.000000  0.002806 
765.000000  766.000000  0.002806 
766.000000  767.000000  0.002806 
767.000000  768.000000  0.002806 
768.000000  769.000000  0.002806 
769.000000  770.000000  0.002806 
770.000000  771.000000  0.002806 
771.000000  772.000000  0.002806 
772.000000  773.000000  0.002806 
773.000000  774.000000  0.002806 
774.000000  775.000000  0.002806 
775.000000  776.000000  0.002806 
776.000000  777.000000  0.002806 
777.000000  778.000000  0.002806 
778.000000  779.000000  0.002806 
779.000000  780.000000  0.002806 
780.000000  781.000000  0.002806 
781.000000  782.000000  0.002806 
782.000000  783.000000  0.002806 
783.000000  784.000000  0.002806 
784.000000  785.000000  0.002806 
785.000000  786.000000  0.002806 
786.000000  787.000000  0.002806 
787.000000  788.000000  0.002806 
788.000000  789.000000  0.002806 
789.000000  790.000000  0.002806 
790.000000  791.000000  0.002806 
791.000000  792.000000  0.002806 
792.000000  793.000000  0.002806 
793.000000  794.000000  0.002806 
794.000000  795.000000  0.002806 
795.000000  796.000000  0.002806 
796.000000  797.000000  0.002806 
797.000000  798.000000  0.002806 
798.000000  799.000000  0.002806 
799.000000  800.000000  0.002806 
