17.000000  18.000000  -0.000000 
18.000000  19.000000  -0.000000 
19.000000  20.000000  -0.000000 
20.000000  21.000000  -0.000000 
21.000000  22.000000  -0.000000 
22.000000  23.000000  -0.000000 
23.000000  24.000000  -0.000000 
24.000000  25.000000  -0.000000 
25.000000  26.000000  -0.000000 
26.000000  27.000000  -0.000000 
27.000000  28.000000  -0.000000 
28.000000  29.000000  -0.000000 
29.000000  30.000000  -0.000000 
30.000000  31.000000  -0.000000 
31.000000  32.000000  -0.000000 
32.000000  33.000000  -0.000000 
33.000000  34.000000  -0.000000 
34.000000  35.000000  -0.000000 
35.000000  36.000000  -0.000000 
36.000000  37.000000  -0.000000 
37.000000  38.000000  -0.000000 
38.000000  39.000000  -0.000000 
39.000000  40.000000  -0.000000 
40.000000  41.000000  -0.000000 
41.000000  42.000000  -0.000000 
42.000000  43.000000  -0.000000 
43.000000  44.000000  -0.000000 
44.000000  45.000000  -0.000000 
45.000000  46.000000  -0.000000 
46.000000  47.000000  -0.000000 
47.000000  48.000000  -0.000000 
48.000000  49.000000  -0.000000 
49.000000  50.000000  -0.000000 
50.000000  51.000000  -0.000000 
51.000000  52.000000  -0.000000 
52.000000  53.000000  -0.000000 
53.000000  54.000000  -0.000000 
54.000000  55.000000  -0.000000 
55.000000  56.000000  -0.000000 
56.000000  57.000000  -0.000000 
57.000000  58.000000  -0.000000 
58.000000  59.000000  -0.000000 
59.000000  60.000000  -0.000000 
60.000000  61.000000  -0.000000 
61.000000  62.000000  -0.000000 
62.000000  63.000000  -0.000000 
63.000000  64.000000  -0.000000 
64.000000  65.000000  -0.000000 
65.000000  66.000000  -0.000000 
66.000000  67.000000  -0.000000 
67.000000  68.000000  -0.000000 
68.000000  69.000000  -0.000000 
69.000000  70.000000  -0.000000 
70.000000  71.000000  -0.000000 
71.000000  72.000000  -0.000000 
72.000000  73.000000  -0.000000 
73.000000  74.000000  -0.000000 
74.000000  75.000000  -0.000000 
75.000000  76.000000  -0.000000 
76.000000  77.000000  -0.000000 
77.000000  78.000000  -0.000000 
78.000000  79.000000  -0.000000 
79.000000  80.000000  -0.000000 
80.000000  81.000000  -0.000000 
81.000000  82.000000  -0.000000 
82.000000  83.000000  -0.000000 
83.000000  84.000000  -0.000000 
84.000000  85.000000  -0.000000 
85.000000  86.000000  -0.000000 
86.000000  87.000000  -0.000000 
87.000000  88.000000  -0.000000 
88.000000  89.000000  -0.000000 
89.000000  90.000000  -0.000000 
90.000000  91.000000  -0.000000 
91.000000  92.000000  -0.000000 
92.000000  93.000000  -0.000000 
93.000000  94.000000  -0.000000 
94.000000  95.000000  -0.000000 
95.000000  96.000000  -0.000000 
96.000000  97.000000  -0.000000 
97.000000  98.000000  -0.000000 
98.000000  99.000000  -0.000000 
99.000000  100.000000  -0.000000 
100.000000  101.000000  -0.000000 
101.000000  102.000000  -0.000000 
102.000000  103.000000  -0.000000 
103.000000  104.000000  -0.000000 
104.000000  105.000000  -0.000000 
105.000000  106.000000  -0.000000 
106.000000  107.000000  -0.000000 
107.000000  108.000000  -0.000000 
108.000000  109.000000  -0.000000 
109.000000  110.000000  -0.000000 
110.000000  111.000000  -0.000000 
111.000000  112.000000  -0.000000 
112.000000  113.000000  -0.000000 
113.000000  114.000000  -0.000000 
114.000000  115.000000  -0.000000 
115.000000  116.000000  -0.000000 
116.000000  117.000000  -0.000000 
117.000000  118.000000  -0.000000 
118.000000  119.000000  -0.000000 
119.000000  120.000000  -0.000000 
120.000000  121.000000  -0.000000 
121.000000  122.000000  -0.000000 
122.000000  123.000000  -0.000000 
123.000000  124.000000  -0.000000 
124.000000  125.000000  -0.000000 
125.000000  126.000000  -0.000000 
126.000000  127.000000  -0.000000 
127.000000  128.000000  -0.000000 
128.000000  129.000000  -0.000000 
129.000000  130.000000  -0.000000 
130.000000  131.000000  -0.000000 
131.000000  132.000000  -0.000000 
132.000000  133.000000  -0.000000 
133.000000  134.000000  -0.000000 
134.000000  135.000000  -0.000000 
135.000000  136.000000  -0.000000 
136.000000  137.000000  -0.000000 
137.000000  138.000000  -0.000000 
138.000000  139.000000  -0.000000 
139.000000  140.000000  -0.000000 
140.000000  141.000000  -0.000000 
141.000000  142.000000  -0.000000 
142.000000  143.000000  -0.000000 
143.000000  144.000000  -0.000000 
144.000000  145.000000  -0.000000 
145.000000  146.000000  -0.000000 
146.000000  147.000000  -0.000000 
147.000000  148.000000  -0.000000 
148.000000  149.000000  -0.000000 
149.000000  150.000000  -0.000000 
150.000000  151.000000  -0.000000 
151.000000  152.000000  -0.000000 
152.000000  153.000000  -0.000000 
153.000000  154.000000  -0.000000 
154.000000  155.000000  -0.000000 
155.000000  156.000000  -0.000000 
156.000000  157.000000  -0.000000 
157.000000  158.000000  -0.000000 
158.000000  159.000000  -0.000001 
159.000000  160.000000  -0.000001 
160.000000  161.000000  -0.000001 
161.000000  162.000000  -0.000001 
162.000000  163.000000  -0.000001 
163.000000  164.000000  -0.000001 
164.000000  165.000000  -0.000001 
165.000000  166.000000  -0.000001 
166.000000  167.000000  -0.000001 
167.000000  168.000000  -0.000001 
168.000000  169.000000  -0.000001 
169.000000  170.000000  -0.000001 
170.000000  171.000000  -0.000001 
171.000000  172.000000  -0.000001 
172.000000  173.000000  -0.000001 
173.000000  174.000000  -0.000001 
174.000000  175.000000  -0.000001 
175.000000  176.000000  -0.000001 
176.000000  177.000000  -0.000001 
177.000000  178.000000  -0.000001 
178.000000  179.000000  -0.000001 
179.000000  180.000000  -0.000001 
180.000000  181.000000  -0.000001 
181.000000  182.000000  -0.000001 
182.000000  183.000000  -0.000001 
183.000000  184.000000  -0.000001 
184.000000  185.000000  -0.000001 
185.000000  186.000000  -0.000001 
186.000000  187.000000  -0.000001 
187.000000  188.000000  -0.000000 
188.000000  189.000000  -0.000000 
189.000000  190.000000  -0.000000 
190.000000  191.000000  0.000000 
191.000000  192.000000  0.000000 
192.000000  193.000000  0.000001 
193.000000  194.000000  0.000001 
194.000000  195.000000  0.000001 
195.000000  196.000000  0.000002 
196.000000  197.000000  0.000002 
197.000000  198.000000  0.000003 
198.000000  199.000000  0.000003 
199.000000  200.000000  0.000004 
200.000000  201.000000  0.000004 
201.000000  202.000000  0.000005 
202.000000  203.000000  0.000006 
203.000000  204.000000  0.000006 
204.000000  205.000000  0.000007 
205.000000  206.000000  0.000008 
206.000000  207.000000  0.000009 
207.000000  208.000000  0.000010 
208.000000  209.000000  0.000011 
209.000000  210.000000  0.000012 
210.000000  211.000000  0.000014 
211.000000  212.000000  0.000015 
212.000000  213.000000  0.000016 
213.000000  214.000000  0.000018 
214.000000  215.000000  0.000019 
215.000000  216.000000  0.000021 
216.000000  217.000000  0.000023 
217.000000  218.000000  0.000024 
218.000000  219.000000  0.000026 
219.000000  220.000000  0.000028 
220.000000  221.000000  0.000030 
221.000000  222.000000  0.000033 
222.000000  223.000000  0.000035 
223.000000  224.000000  0.000037 
224.000000  225.000000  0.000040 
225.000000  226.000000  0.000043 
226.000000  227.000000  0.000045 
227.000000  228.000000  0.000048 
228.000000  229.000000  0.000051 
229.000000  230.000000  0.000054 
230.000000  231.000000  0.000057 
231.000000  232.000000  0.000061 
232.000000  233.000000  0.000064 
233.000000  234.000000  0.000068 
234.000000  235.000000  0.000071 
235.000000  236.000000  0.000075 
236.000000  237.000000  0.000079 
237.000000  238.000000  0.000083 
238.000000  239.000000  0.000087 
239.000000  240.000000  0.000091 
240.000000  241.000000  0.000096 
241.000000  242.000000  0.000100 
242.000000  243.000000  0.000105 
243.000000  244.000000  0.000110 
244.000000  245.000000  0.000115 
245.000000  246.000000  0.000120 
246.000000  247.000000  0.000125 
247.000000  248.000000  0.000130 
248.000000  249.000000  0.000136 
249.000000  250.000000  0.000141 
250.000000  251.000000  0.000147 
251.000000  252.000000  0.000153 
252.000000  253.000000  0.000159 
253.000000  254.000000  0.000165 
254.000000  255.000000  0.000171 
255.000000  256.000000  0.000177 
256.000000  257.000000  0.000184 
257.000000  258.000000  0.000190 
258.000000  259.000000  0.000197 
259.000000  260.000000  0.000204 
260.000000  261.000000  0.000211 
261.000000  262.000000  0.000218 
262.000000  263.000000  0.000225 
263.000000  264.000000  0.000232 
264.000000  265.000000  0.000239 
265.000000  266.000000  0.000247 
266.000000  267.000000  0.000254 
267.000000  268.000000  0.000262 
268.000000  269.000000  0.000270 
269.000000  270.000000  0.000278 
270.000000  271.000000  0.000285 
271.000000  272.000000  0.000293 
272.000000  273.000000  0.000302 
273.000000  274.000000  0.000310 
274.000000  275.000000  0.000318 
275.000000  276.000000  0.000326 
276.000000  277.000000  0.000335 
277.000000  278.000000  0.000343 
278.000000  279.000000  0.000352 
279.000000  280.000000  0.000361 
280.000000  281.000000  0.000369 
281.000000  282.000000  0.000378 
282.000000  283.000000  0.000387 
283.000000  284.000000  0.000396 
284.000000  285.000000  0.000405 
285.000000  286.000000  0.000414 
286.000000  287.000000  0.000423 
287.000000  288.000000  0.000432 
288.000000  289.000000  0.000441 
289.000000  290.000000  0.000450 
290.000000  291.000000  0.000459 
291.000000  292.000000  0.000469 
292.000000  293.000000  0.000478 
293.000000  294.000000  0.000487 
294.000000  295.000000  0.000496 
295.000000  296.000000  0.000506 
296.000000  297.000000  0.000515 
297.000000  298.000000  0.000524 
298.000000  299.000000  0.000534 
299.000000  300.000000  0.000543 
300.000000  301.000000  0.000552 
301.000000  302.000000  0.000562 
302.000000  303.000000  0.000571 
303.000000  304.000000  0.000580 
304.000000  305.000000  0.000590 
305.000000  306.000000  0.000599 
306.000000  307.000000  0.000608 
307.000000  308.000000  0.000617 
308.000000  309.000000  0.000627 
309.000000  310.000000  0.000636 
310.000000  311.000000  0.000645 
311.000000  312.000000  0.000654 
312.000000  313.000000  0.000663 
313.000000  314.000000  0.000672 
314.000000  315.000000  0.000681 
315.000000  316.000000  0.000690 
316.000000  317.000000  0.000699 
317.000000  318.000000  0.000708 
318.000000  319.000000  0.000716 
319.000000  320.000000  0.000725 
320.000000  321.000000  0.000734 
321.000000  322.000000  0.000742 
322.000000  323.000000  0.000751 
323.000000  324.000000  0.000759 
324.000000  325.000000  0.000768 
325.000000  326.000000  0.000776 
326.000000  327.000000  0.000784 
327.000000  328.000000  0.000792 
328.000000  329.000000  0.000800 
329.000000  330.000000  0.000808 
330.000000  331.000000  0.000816 
331.000000  332.000000  0.000824 
332.000000  333.000000  0.000832 
333.000000  334.000000  0.000839 
334.000000  335.000000  0.000847 
335.000000  336.000000  0.000854 
336.000000  337.000000  0.000861 
337.000000  338.000000  0.000869 
338.000000  339.000000  0.000876 
339.000000  340.000000  0.000883 
340.000000  341.000000  0.000890 
341.000000  342.000000  0.000897 
342.000000  343.000000  0.000903 
343.000000  344.000000  0.000910 
344.000000  345.000000  0.000917 
345.000000  346.000000  0.000923 
346.000000  347.000000  0.000929 
347.000000  348.000000  0.000936 
348.000000  349.000000  0.000942 
349.000000  350.000000  0.000948 
350.000000  351.000000  0.000954 
351.000000  352.000000  0.000959 
352.000000  353.000000  0.000965 
353.000000  354.000000  0.000971 
354.000000  355.000000  0.000976 
355.000000  356.000000  0.000981 
356.000000  357.000000  0.000986 
357.000000  358.000000  0.000992 
358.000000  359.000000  0.000997 
359.000000  360.000000  0.001001 
360.000000  361.000000  0.001006 
361.000000  362.000000  0.001011 
362.000000  363.000000  0.001015 
363.000000  364.000000  0.001020 
364.000000  365.000000  0.001024 
365.000000  366.000000  0.001028 
366.000000  367.000000  0.001032 
367.000000  368.000000  0.001036 
368.000000  369.000000  0.001040 
369.000000  370.000000  0.001044 
370.000000  371.000000  0.001048 
371.000000  372.000000  0.001051 
372.000000  373.000000  0.001055 
373.000000  374.000000  0.001058 
374.000000  375.000000  0.001061 
375.000000  376.000000  0.001064 
376.000000  377.000000  0.001067 
377.000000  378.000000  0.001070 
378.000000  379.000000  0.001073 
379.000000  380.000000  0.001076 
380.000000  381.000000  0.001078 
381.000000  382.000000  0.001081 
382.000000  383.000000  0.001083 
383.000000  384.000000  0.001085 
384.000000  385.000000  0.001087 
385.000000  386.000000  0.001090 
386.000000  387.000000  0.001092 
387.000000  388.000000  0.001093 
388.000000  389.000000  0.001095 
389.000000  390.000000  0.001097 
390.000000  391.000000  0.001098 
391.000000  392.000000  0.001100 
392.000000  393.000000  0.001101 
393.000000  394.000000  0.001103 
394.000000  395.000000  0.001104 
395.000000  396.000000  0.001105 
396.000000  397.000000  0.001106 
397.000000  398.000000  0.001107 
398.000000  399.000000  0.001108 
399.000000  400.000000  0.001109 
400.000000  401.000000  0.001110 
401.000000  402.000000  0.001110 
402.000000  403.000000  0.001111 
403.000000  404.000000  0.001112 
404.000000  405.000000  0.001112 
405.000000  406.000000  0.001112 
406.000000  407.000000  0.001113 
407.000000  408.000000  0.001113 
408.000000  409.000000  0.001113 
409.000000  410.000000  0.001113 
410.000000  411.000000  0.001113 
411.000000  412.000000  0.001113 
412.000000  413.000000  0.001113 
413.000000  414.000000  0.001113 
414.000000  415.000000  0.001113 
415.000000  416.000000  0.001113 
416.000000  417.000000  0.001112 
417.000000  418.000000  0.001112 
418.000000  419.000000  0.001112 
419.000000  420.000000  0.001111 
420.000000  421.000000  0.001111 
421.000000  422.000000  0.001110 
422.000000  423.000000  0.001110 
423.000000  424.000000  0.001109 
424.000000  425.000000  0.001108 
425.000000  426.000000  0.001107 
426.000000  427.000000  0.001107 
427.000000  428.000000  0.001106 
428.000000  429.000000  0.001105 
429.000000  430.000000  0.001104 
430.000000  431.000000  0.001103 
431.000000  432.000000  0.001102 
432.000000  433.000000  0.001101 
433.000000  434.000000  0.001100 
434.000000  435.000000  0.001099 
435.000000  436.000000  0.001098 
436.000000  437.000000  0.001097 
437.000000  438.000000  0.001096 
438.000000  439.000000  0.001095 
439.000000  440.000000  0.001094 
440.000000  441.000000  0.001093 
441.000000  442.000000  0.001091 
442.000000  443.000000  0.001090 
443.000000  444.000000  0.001089 
444.000000  445.000000  0.001088 
445.000000  446.000000  0.001086 
446.000000  447.000000  0.001085 
447.000000  448.000000  0.001084 
448.000000  449.000000  0.001083 
449.000000  450.000000  0.001081 
450.000000  451.000000  0.001080 
451.000000  452.000000  0.001079 
452.000000  453.000000  0.001077 
453.000000  454.000000  0.001076 
454.000000  455.000000  0.001075 
455.000000  456.000000  0.001073 
456.000000  457.000000  0.001072 
457.000000  458.000000  0.001071 
458.000000  459.000000  0.001069 
459.000000  460.000000  0.001068 
460.000000  461.000000  0.001066 
461.000000  462.000000  0.001065 
462.000000  463.000000  0.001064 
463.000000  464.000000  0.001062 
464.000000  465.000000  0.001061 
465.000000  466.000000  0.001060 
466.000000  467.000000  0.001058 
467.000000  468.000000  0.001057 
468.000000  469.000000  0.001056 
469.000000  470.000000  0.001054 
470.000000  471.000000  0.001053 
471.000000  472.000000  0.001052 
472.000000  473.000000  0.001051 
473.000000  474.000000  0.001049 
474.000000  475.000000  0.001048 
475.000000  476.000000  0.001047 
476.000000  477.000000  0.001046 
477.000000  478.000000  0.001044 
478.000000  479.000000  0.001043 
479.000000  480.000000  0.001042 
480.000000  481.000000  0.001041 
481.000000  482.000000  0.001040 
482.000000  483.000000  0.001039 
483.000000  484.000000  0.001037 
484.000000  485.000000  0.001036 
485.000000  486.000000  0.001035 
486.000000  487.000000  0.001034 
487.000000  488.000000  0.001033 
488.000000  489.000000  0.001032 
489.000000  490.000000  0.001031 
490.000000  491.000000  0.001030 
491.000000  492.000000  0.001029 
492.000000  493.000000  0.001028 
493.000000  494.000000  0.001027 
494.000000  495.000000  0.001026 
495.000000  496.000000  0.001025 
496.000000  497.000000  0.001024 
497.000000  498.000000  0.001024 
498.000000  499.000000  0.001023 
499.000000  500.000000  0.001022 
500.000000  501.000000  0.001021 
501.000000  502.000000  0.001020 
502.000000  503.000000  0.001020 
503.000000  504.000000  0.001019 
504.000000  505.000000  0.001018 
505.000000  506.000000  0.001018 
506.000000  507.000000  0.001017 
507.000000  508.000000  0.001016 
508.000000  509.000000  0.001016 
509.000000  510.000000  0.001015 
510.000000  511.000000  0.001015 
511.000000  512.000000  0.001014 
512.000000  513.000000  0.001013 
513.000000  514.000000  0.001013 
514.000000  515.000000  0.001013 
515.000000  516.000000  0.001012 
516.000000  517.000000  0.001012 
517.000000  518.000000  0.001011 
518.000000  519.000000  0.001011 
519.000000  520.000000  0.001011 
520.000000  521.000000  0.001010 
521.000000  522.000000  0.001010 
522.000000  523.000000  0.001010 
523.000000  524.000000  0.001009 
524.000000  525.000000  0.001009 
525.000000  526.000000  0.001009 
526.000000  527.000000  0.001009 
527.000000  528.000000  0.001009 
528.000000  529.000000  0.001008 
529.000000  530.000000  0.001008 
530.000000  531.000000  0.001008 
531.000000  532.000000  0.001008 
532.000000  533.000000  0.001008 
533.000000  534.000000  0.001008 
534.000000  535.000000  0.001008 
535.000000  536.000000  0.001008 
536.000000  537.000000  0.001008 
537.000000  538.000000  0.001008 
538.000000  539.000000  0.001008 
539.000000  540.000000  0.001008 
540.000000  541.000000  0.001009 
541.000000  542.000000  0.001009 
542.000000  543.000000  0.001009 
543.000000  544.000000  0.001009 
544.000000  545.000000  0.001009 
545.000000  546.000000  0.001010 
546.000000  547.000000  0.001010 
547.000000  548.000000  0.001010 
548.000000  549.000000  0.001010 
549.000000  550.000000  0.001011 
550.000000  551.000000  0.001011 
551.000000  552.000000  0.001011 
552.000000  553.000000  0.001012 
553.000000  554.000000  0.001012 
554.000000  555.000000  0.001013 
555.000000  556.000000  0.001013 
556.000000  557.000000  0.001014 
557.000000  558.000000  0.001014 
558.000000  559.000000  0.001015 
559.000000  560.000000  0.001015 
560.000000  561.000000  0.001016 
561.000000  562.000000  0.001016 
562.000000  563.000000  0.001017 
563.000000  564.000000  0.001017 
564.000000  565.000000  0.001018 
565.000000  566.000000  0.001019 
566.000000  567.000000  0.001019 
567.000000  568.000000  0.001020 
568.000000  569.000000  0.001021 
569.000000  570.000000  0.001021 
570.000000  571.000000  0.001022 
571.000000  572.000000  0.001023 
572.000000  573.000000  0.001023 
573.000000  574.000000  0.001024 
574.000000  575.000000  0.001025 
575.000000  576.000000  0.001026 
576.000000  577.000000  0.001026 
577.000000  578.000000  0.001027 
578.000000  579.000000  0.001028 
579.000000  580.000000  0.001029 
580.000000  581.000000  0.001030 
581.000000  582.000000  0.001031 
582.000000  583.000000  0.001032 
583.000000  584.000000  0.001032 
584.000000  585.000000  0.001033 
585.000000  586.000000  0.001034 
586.000000  587.000000  0.001035 
587.000000  588.000000  0.001036 
588.000000  589.000000  0.001037 
589.000000  590.000000  0.001038 
590.000000  591.000000  0.001039 
591.000000  592.000000  0.001040 
592.000000  593.000000  0.001041 
593.000000  594.000000  0.001042 
594.000000  595.000000  0.001043 
595.000000  596.000000  0.001044 
596.000000  597.000000  0.001045 
597.000000  598.000000  0.001046 
598.000000  599.000000  0.001047 
599.000000  600.000000  0.001048 
600.000000  601.000000  0.001049 
601.000000  602.000000  0.001051 
602.000000  603.000000  0.001052 
603.000000  604.000000  0.001053 
604.000000  605.000000  0.001054 
605.000000  606.000000  0.001055 
606.000000  607.000000  0.001056 
607.000000  608.000000  0.001057 
608.000000  609.000000  0.001058 
609.000000  610.000000  0.001060 
610.000000  611.000000  0.001061 
611.000000  612.000000  0.001062 
612.000000  613.000000  0.001063 
613.000000  614.000000  0.001064 
614.000000  615.000000  0.001066 
615.000000  616.000000  0.001067 
616.000000  617.000000  0.001068 
617.000000  618.000000  0.001069 
618.000000  619.000000  0.001071 
619.000000  620.000000  0.001072 
620.000000  621.000000  0.001073 
621.000000  622.000000  0.001074 
622.000000  623.000000  0.001076 
623.000000  624.000000  0.001077 
624.000000  625.000000  0.001078 
625.000000  626.000000  0.001079 
626.000000  627.000000  0.001081 
627.000000  628.000000  0.001082 
628.000000  629.000000  0.001083 
629.000000  630.000000  0.001085 
630.000000  631.000000  0.001086 
631.000000  632.000000  0.001087 
632.000000  633.000000  0.001088 
633.000000  634.000000  0.001090 
634.000000  635.000000  0.001091 
635.000000  636.000000  0.001092 
636.000000  637.000000  0.001094 
637.000000  638.000000  0.001095 
638.000000  639.000000  0.001096 
639.000000  640.000000  0.001098 
640.000000  641.000000  0.001099 
641.000000  642.000000  0.001100 
642.000000  643.000000  0.001102 
643.000000  644.000000  0.001103 
644.000000  645.000000  0.001104 
645.000000  646.000000  0.001106 
646.000000  647.000000  0.001107 
647.000000  648.000000  0.001109 
648.000000  649.000000  0.001110 
649.000000  650.000000  0.001111 
650.000000  651.000000  0.001113 
651.000000  652.000000  0.001114 
652.000000  653.000000  0.001115 
653.000000  654.000000  0.001117 
654.000000  655.000000  0.001118 
655.000000  656.000000  0.001120 
656.000000  657.000000  0.001121 
657.000000  658.000000  0.001122 
658.000000  659.000000  0.001124 
659.000000  660.000000  0.001125 
660.000000  661.000000  0.001126 
661.000000  662.000000  0.001128 
662.000000  663.000000  0.001129 
663.000000  664.000000  0.001131 
664.000000  665.000000  0.001132 
665.000000  666.000000  0.001133 
666.000000  667.000000  0.001135 
667.000000  668.000000  0.001136 
668.000000  669.000000  0.001138 
669.000000  670.000000  0.001139 
670.000000  671.000000  0.001140 
671.000000  672.000000  0.001142 
672.000000  673.000000  0.001143 
673.000000  674.000000  0.001145 
674.000000  675.000000  0.001146 
675.000000  676.000000  0.001147 
676.000000  677.000000  0.001149 
677.000000  678.000000  0.001150 
678.000000  679.000000  0.001152 
679.000000  680.000000  0.001153 
680.000000  681.000000  0.001154 
681.000000  682.000000  0.001156 
682.000000  683.000000  0.001157 
683.000000  684.000000  0.001158 
684.000000  685.000000  0.001160 
685.000000  686.000000  0.001161 
686.000000  687.000000  0.001163 
687.000000  688.000000  0.001164 
688.000000  689.000000  0.001165 
689.000000  690.000000  0.001167 
690.000000  691.000000  0.001168 
691.000000  692.000000  0.001170 
692.000000  693.000000  0.001171 
693.000000  694.000000  0.001172 
694.000000  695.000000  0.001174 
695.000000  696.000000  0.001175 
696.000000  697.000000  0.001176 
697.000000  698.000000  0.001178 
698.000000  699.000000  0.001179 
699.000000  700.000000  0.001180 
700.000000  701.000000  0.001182 
701.000000  702.000000  0.001183 
702.000000  703.000000  0.001185 
703.000000  704.000000  0.001186 
704.000000  705.000000  0.001187 
705.000000  706.000000  0.001189 
706.000000  707.000000  0.001190 
707.000000  708.000000  0.001191 
708.000000  709.000000  0.001193 
709.000000  710.000000  0.001194 
710.000000  711.000000  0.001195 
711.000000  712.000000  0.001197 
712.000000  713.000000  0.001198 
713.000000  714.000000  0.001199 
714.000000  715.000000  0.001201 
715.000000  716.000000  0.001202 
716.000000  717.000000  0.001203 
717.000000  718.000000  0.001205 
718.000000  719.000000  0.001206 
719.000000  720.000000  0.001207 
720.000000  721.000000  0.001209 
721.000000  722.000000  0.001210 
722.000000  723.000000  0.001211 
723.000000  724.000000  0.001213 
724.000000  725.000000  0.001214 
725.000000  726.000000  0.001215 
726.000000  727.000000  0.001216 
727.000000  728.000000  0.001218 
728.000000  729.000000  0.001219 
729.000000  730.000000  0.001220 
730.000000  731.000000  0.001222 
731.000000  732.000000  0.001223 
732.000000  733.000000  0.001224 
733.000000  734.000000  0.001225 
734.000000  735.000000  0.001227 
735.000000  736.000000  0.001228 
736.000000  737.000000  0.001229 
737.000000  738.000000  0.001231 
738.000000  739.000000  0.001232 
739.000000  740.000000  0.001233 
740.000000  741.000000  0.001234 
741.000000  742.000000  0.001236 
742.000000  743.000000  0.001237 
743.000000  744.000000  0.001238 
744.000000  745.000000  0.001239 
745.000000  746.000000  0.001241 
746.000000  747.000000  0.001242 
747.000000  748.000000  0.001243 
748.000000  749.000000  0.001244 
749.000000  750.000000  0.001245 
750.000000  751.000000  0.001247 
751.000000  752.000000  0.001248 
752.000000  753.000000  0.001249 
753.000000  754.000000  0.001250 
754.000000  755.000000  0.001251 
755.000000  756.000000  0.001253 
756.000000  757.000000  0.001254 
757.000000  758.000000  0.001255 
758.000000  759.000000  0.001256 
759.000000  760.000000  0.001257 
760.000000  761.000000  0.001259 
761.000000  762.000000  0.001260 
762.000000  763.000000  0.001261 
763.000000  764.000000  0.001262 
764.000000  765.000000  0.001263 
765.000000  766.000000  0.001265 
766.000000  767.000000  0.001266 
767.000000  768.000000  0.001267 
768.000000  769.000000  0.001268 
769.000000  770.000000  0.001269 
770.000000  771.000000  0.001270 
771.000000  772.000000  0.001271 
772.000000  773.000000  0.001273 
773.000000  774.000000  0.001274 
774.000000  775.000000  0.001275 
775.000000  776.000000  0.001276 
776.000000  777.000000  0.001277 
777.000000  778.000000  0.001278 
778.000000  779.000000  0.001279 
779.000000  780.000000  0.001280 
780.000000  781.000000  0.001282 
781.000000  782.000000  0.001283 
782.000000  783.000000  0.001284 
783.000000  784.000000  0.001285 
784.000000  785.000000  0.001286 
785.000000  786.000000  0.001287 
786.000000  787.000000  0.001288 
787.000000  788.000000  0.001289 
788.000000  789.000000  0.001290 
789.000000  790.000000  0.001291 
790.000000  791.000000  0.001292 
791.000000  792.000000  0.001294 
792.000000  793.000000  0.001295 
793.000000  794.000000  0.001296 
794.000000  795.000000  0.001297 
795.000000  796.000000  0.001298 
796.000000  797.000000  0.001299 
797.000000  798.000000  0.001300 
798.000000  799.000000  0.001301 
799.000000  800.000000  0.001302 
