17.000000  18.000000  0.000000 
18.000000  19.000000  0.000000 
19.000000  20.000000  0.000000 
20.000000  21.000000  0.000000 
21.000000  22.000000  0.000000 
22.000000  23.000000  0.000000 
23.000000  24.000000  0.000000 
24.000000  25.000000  0.000000 
25.000000  26.000000  0.000000 
26.000000  27.000000  0.000000 
27.000000  28.000000  0.000000 
28.000000  29.000000  0.000000 
29.000000  30.000000  0.000001 
30.000000  31.000000  0.000001 
31.000000  32.000000  0.000002 
32.000000  33.000000  0.000003 
33.000000  34.000000  0.000004 
34.000000  35.000000  0.000006 
35.000000  36.000000  0.000008 
36.000000  37.000000  0.000011 
37.000000  38.000000  0.000015 
38.000000  39.000000  0.000020 
39.000000  40.000000  0.000026 
40.000000  41.000000  0.000033 
41.000000  42.000000  0.000042 
42.000000  43.000000  0.000052 
43.000000  44.000000  0.000064 
44.000000  45.000000  0.000078 
45.000000  46.000000  0.000094 
46.000000  47.000000  0.000112 
47.000000  48.000000  0.000132 
48.000000  49.000000  0.000154 
49.000000  50.000000  0.000179 
50.000000  51.000000  0.000206 
51.000000  52.000000  0.000235 
52.000000  53.000000  0.000267 
53.000000  54.000000  0.000300 
54.000000  55.000000  0.000336 
55.000000  56.000000  0.000375 
56.000000  57.000000  0.000415 
57.000000  58.000000  0.000457 
58.000000  59.000000  0.000501 
59.000000  60.000000  0.000547 
60.000000  61.000000  0.000594 
61.000000  62.000000  0.000643 
62.000000  63.000000  0.000693 
63.000000  64.000000  0.000744 
64.000000  65.000000  0.000797 
65.000000  66.000000  0.000850 
66.000000  67.000000  0.000904 
67.000000  68.000000  0.000959 
68.000000  69.000000  0.001014 
69.000000  70.000000  0.001070 
70.000000  71.000000  0.001126 
71.000000  72.000000  0.001182 
72.000000  73.000000  0.001239 
73.000000  74.000000  0.001295 
74.000000  75.000000  0.001351 
75.000000  76.000000  0.001407 
76.000000  77.000000  0.001463 
77.000000  78.000000  0.001518 
78.000000  79.000000  0.001573 
79.000000  80.000000  0.001628 
80.000000  81.000000  0.001682 
81.000000  82.000000  0.001735 
82.000000  83.000000  0.001788 
83.000000  84.000000  0.001840 
84.000000  85.000000  0.001891 
85.000000  86.000000  0.001946 
86.000000  87.000000  0.001996 
87.000000  88.000000  0.002044 
88.000000  89.000000  0.002092 
89.000000  90.000000  0.002140 
90.000000  91.000000  0.002186 
91.000000  92.000000  0.002231 
92.000000  93.000000  0.002276 
93.000000  94.000000  0.002320 
94.000000  95.000000  0.002363 
95.000000  96.000000  0.002405 
96.000000  97.000000  0.002446 
97.000000  98.000000  0.002487 
98.000000  99.000000  0.002526 
99.000000  100.000000  0.002565 
100.000000  101.000000  0.002603 
101.000000  102.000000  0.002641 
102.000000  103.000000  0.002677 
103.000000  104.000000  0.002713 
104.000000  105.000000  0.002748 
105.000000  106.000000  0.002782 
106.000000  107.000000  0.002815 
107.000000  108.000000  0.002848 
108.000000  109.000000  0.002880 
109.000000  110.000000  0.002912 
110.000000  111.000000  0.002942 
111.000000  112.000000  0.002973 
112.000000  113.000000  0.003002 
113.000000  114.000000  0.003031 
114.000000  115.000000  0.003060 
115.000000  116.000000  0.003087 
116.000000  117.000000  0.003115 
117.000000  118.000000  0.003141 
118.000000  119.000000  0.003168 
119.000000  120.000000  0.003193 
120.000000  121.000000  0.003219 
121.000000  122.000000  0.003243 
122.000000  123.000000  0.003268 
123.000000  124.000000  0.003292 
124.000000  125.000000  0.003315 
125.000000  126.000000  0.003338 
126.000000  127.000000  0.003361 
127.000000  128.000000  0.003383 
128.000000  129.000000  0.003405 
129.000000  130.000000  0.003426 
130.000000  131.000000  0.003448 
131.000000  132.000000  0.003468 
132.000000  133.000000  0.003489 
133.000000  134.000000  0.003509 
134.000000  135.000000  0.003529 
135.000000  136.000000  0.003549 
136.000000  137.000000  0.003568 
137.000000  138.000000  0.003587 
138.000000  139.000000  0.003606 
139.000000  140.000000  0.003624 
140.000000  141.000000  0.003642 
141.000000  142.000000  0.003660 
142.000000  143.000000  0.003678 
143.000000  144.000000  0.003696 
144.000000  145.000000  0.003713 
145.000000  146.000000  0.003730 
146.000000  147.000000  0.003747 
147.000000  148.000000  0.003763 
148.000000  149.000000  0.003780 
149.000000  150.000000  0.003796 
150.000000  151.000000  0.003812 
151.000000  152.000000  0.003828 
152.000000  153.000000  0.003843 
153.000000  154.000000  0.003859 
154.000000  155.000000  0.003874 
155.000000  156.000000  0.003889 
156.000000  157.000000  0.003904 
157.000000  158.000000  0.003918 
158.000000  159.000000  0.003933 
159.000000  160.000000  0.003947 
160.000000  161.000000  0.003961 
161.000000  162.000000  0.003975 
162.000000  163.000000  0.003989 
163.000000  164.000000  0.004002 
164.000000  165.000000  0.004016 
165.000000  166.000000  0.004029 
166.000000  167.000000  0.004042 
167.000000  168.000000  0.004055 
168.000000  169.000000  0.004068 
169.000000  170.000000  0.004080 
170.000000  171.000000  0.004093 
171.000000  172.000000  0.004105 
172.000000  173.000000  0.004117 
173.000000  174.000000  0.004129 
174.000000  175.000000  0.004141 
175.000000  176.000000  0.004153 
176.000000  177.000000  0.004165 
177.000000  178.000000  0.004176 
178.000000  179.000000  0.004187 
179.000000  180.000000  0.004198 
180.000000  181.000000  0.004209 
181.000000  182.000000  0.004220 
182.000000  183.000000  0.004231 
183.000000  184.000000  0.004242 
184.000000  185.000000  0.004252 
185.000000  186.000000  0.004262 
186.000000  187.000000  0.004273 
187.000000  188.000000  0.004283 
188.000000  189.000000  0.004293 
189.000000  190.000000  0.004302 
190.000000  191.000000  0.004312 
191.000000  192.000000  0.004321 
192.000000  193.000000  0.004331 
193.000000  194.000000  0.004340 
194.000000  195.000000  0.004349 
195.000000  196.000000  0.004358 
196.000000  197.000000  0.004367 
197.000000  198.000000  0.004376 
198.000000  199.000000  0.004385 
199.000000  200.000000  0.004393 
200.000000  201.000000  0.004402 
201.000000  202.000000  0.004410 
202.000000  203.000000  0.004418 
203.000000  204.000000  0.004426 
204.000000  205.000000  0.004434 
205.000000  206.000000  0.004442 
206.000000  207.000000  0.004450 
207.000000  208.000000  0.004457 
208.000000  209.000000  0.004465 
209.000000  210.000000  0.004472 
210.000000  211.000000  0.004480 
211.000000  212.000000  0.004487 
212.000000  213.000000  0.004494 
213.000000  214.000000  0.004501 
214.000000  215.000000  0.004508 
215.000000  216.000000  0.004515 
216.000000  217.000000  0.004521 
217.000000  218.000000  0.004528 
218.000000  219.000000  0.004534 
219.000000  220.000000  0.004541 
220.000000  221.000000  0.004547 
221.000000  222.000000  0.004553 
222.000000  223.000000  0.004559 
223.000000  224.000000  0.004565 
224.000000  225.000000  0.004571 
225.000000  226.000000  0.004577 
226.000000  227.000000  0.004583 
227.000000  228.000000  0.004589 
228.000000  229.000000  0.004594 
229.000000  230.000000  0.004600 
230.000000  231.000000  0.004605 
231.000000  232.000000  0.004611 
232.000000  233.000000  0.004616 
233.000000  234.000000  0.004621 
234.000000  235.000000  0.004626 
235.000000  236.000000  0.004631 
236.000000  237.000000  0.004636 
237.000000  238.000000  0.004641 
238.000000  239.000000  0.004646 
239.000000  240.000000  0.004651 
240.000000  241.000000  0.004655 
241.000000  242.000000  0.004660 
242.000000  243.000000  0.004665 
243.000000  244.000000  0.004669 
244.000000  245.000000  0.004673 
245.000000  246.000000  0.004678 
246.000000  247.000000  0.004682 
247.000000  248.000000  0.004686 
248.000000  249.000000  0.004690 
249.000000  250.000000  0.004694 
250.000000  251.000000  0.004699 
251.000000  252.000000  0.004702 
252.000000  253.000000  0.004706 
253.000000  254.000000  0.004710 
254.000000  255.000000  0.004714 
255.000000  256.000000  0.004718 
256.000000  257.000000  0.004721 
257.000000  258.000000  0.004725 
258.000000  259.000000  0.004729 
259.000000  260.000000  0.004732 
260.000000  261.000000  0.004736 
261.000000  262.000000  0.004739 
262.000000  263.000000  0.004742 
263.000000  264.000000  0.004746 
264.000000  265.000000  0.004749 
265.000000  266.000000  0.004752 
266.000000  267.000000  0.004755 
267.000000  268.000000  0.004758 
268.000000  269.000000  0.004761 
269.000000  270.000000  0.004764 
270.000000  271.000000  0.004767 
271.000000  272.000000  0.004770 
272.000000  273.000000  0.004773 
273.000000  274.000000  0.004776 
274.000000  275.000000  0.004779 
275.000000  276.000000  0.004782 
276.000000  277.000000  0.004784 
277.000000  278.000000  0.004787 
278.000000  279.000000  0.004790 
279.000000  280.000000  0.004792 
280.000000  281.000000  0.004795 
281.000000  282.000000  0.004797 
282.000000  283.000000  0.004800 
283.000000  284.000000  0.004802 
284.000000  285.000000  0.004805 
285.000000  286.000000  0.004807 
286.000000  287.000000  0.004809 
287.000000  288.000000  0.004812 
288.000000  289.000000  0.004814 
289.000000  290.000000  0.004816 
290.000000  291.000000  0.004818 
291.000000  292.000000  0.004820 
292.000000  293.000000  0.004823 
293.000000  294.000000  0.004825 
294.000000  295.000000  0.004827 
295.000000  296.000000  0.004829 
296.000000  297.000000  0.004831 
297.000000  298.000000  0.004833 
298.000000  299.000000  0.004835 
299.000000  300.000000  0.004837 
300.000000  301.000000  0.004839 
301.000000  302.000000  0.004840 
302.000000  303.000000  0.004842 
303.000000  304.000000  0.004844 
304.000000  305.000000  0.004846 
305.000000  306.000000  0.004848 
306.000000  307.000000  0.004849 
307.000000  308.000000  0.004851 
308.000000  309.000000  0.004853 
309.000000  310.000000  0.004855 
310.000000  311.000000  0.004856 
311.000000  312.000000  0.004858 
312.000000  313.000000  0.004859 
313.000000  314.000000  0.004861 
314.000000  315.000000  0.004863 
315.000000  316.000000  0.004864 
316.000000  317.000000  0.004866 
317.000000  318.000000  0.004867 
318.000000  319.000000  0.004869 
319.000000  320.000000  0.004870 
320.000000  321.000000  0.004871 
321.000000  322.000000  0.004873 
322.000000  323.000000  0.004874 
323.000000  324.000000  0.004876 
324.000000  325.000000  0.004877 
325.000000  326.000000  0.004878 
326.000000  327.000000  0.004880 
327.000000  328.000000  0.004881 
328.000000  329.000000  0.004882 
329.000000  330.000000  0.004883 
330.000000  331.000000  0.004885 
331.000000  332.000000  0.004886 
332.000000  333.000000  0.004887 
333.000000  334.000000  0.004888 
334.000000  335.000000  0.004889 
335.000000  336.000000  0.004891 
336.000000  337.000000  0.004892 
337.000000  338.000000  0.004893 
338.000000  339.000000  0.004894 
339.000000  340.000000  0.004895 
340.000000  341.000000  0.004896 
341.000000  342.000000  0.004897 
342.000000  343.000000  0.004898 
343.000000  344.000000  0.004899 
344.000000  345.000000  0.004900 
345.000000  346.000000  0.004901 
346.000000  347.000000  0.004902 
347.000000  348.000000  0.004903 
348.000000  349.000000  0.004904 
349.000000  350.000000  0.004905 
350.000000  351.000000  0.004906 
351.000000  352.000000  0.004907 
352.000000  353.000000  0.004908 
353.000000  354.000000  0.004909 
354.000000  355.000000  0.004910 
355.000000  356.000000  0.004911 
356.000000  357.000000  0.004912 
357.000000  358.000000  0.004913 
358.000000  359.000000  0.004913 
359.000000  360.000000  0.004914 
360.000000  361.000000  0.004915 
361.000000  362.000000  0.004916 
362.000000  363.000000  0.004917 
363.000000  364.000000  0.004918 
364.000000  365.000000  0.004918 
365.000000  366.000000  0.004919 
366.000000  367.000000  0.004920 
367.000000  368.000000  0.004921 
368.000000  369.000000  0.004921 
369.000000  370.000000  0.004922 
370.000000  371.000000  0.004923 
371.000000  372.000000  0.004924 
372.000000  373.000000  0.004924 
373.000000  374.000000  0.004925 
374.000000  375.000000  0.004926 
375.000000  376.000000  0.004926 
376.000000  377.000000  0.004927 
377.000000  378.000000  0.004928 
378.000000  379.000000  0.004928 
379.000000  380.000000  0.004929 
380.000000  381.000000  0.004930 
381.000000  382.000000  0.004930 
382.000000  383.000000  0.004931 
383.000000  384.000000  0.004932 
384.000000  385.000000  0.004932 
385.000000  386.000000  0.004933 
386.000000  387.000000  0.004934 
387.000000  388.000000  0.004934 
388.000000  389.000000  0.004935 
389.000000  390.000000  0.004935 
390.000000  391.000000  0.004936 
391.000000  392.000000  0.004936 
392.000000  393.000000  0.004937 
393.000000  394.000000  0.004938 
394.000000  395.000000  0.004938 
395.000000  396.000000  0.004939 
396.000000  397.000000  0.004939 
397.000000  398.000000  0.004940 
398.000000  399.000000  0.004940 
399.000000  400.000000  0.004941 
400.000000  401.000000  0.004941 
401.000000  402.000000  0.004942 
402.000000  403.000000  0.004942 
403.000000  404.000000  0.004943 
404.000000  405.000000  0.004943 
405.000000  406.000000  0.004944 
406.000000  407.000000  0.004944 
407.000000  408.000000  0.004945 
408.000000  409.000000  0.004945 
409.000000  410.000000  0.004946 
410.000000  411.000000  0.004946 
411.000000  412.000000  0.004946 
412.000000  413.000000  0.004947 
413.000000  414.000000  0.004947 
414.000000  415.000000  0.004948 
415.000000  416.000000  0.004948 
416.000000  417.000000  0.004949 
417.000000  418.000000  0.004949 
418.000000  419.000000  0.004949 
419.000000  420.000000  0.004950 
420.000000  421.000000  0.004950 
421.000000  422.000000  0.004951 
422.000000  423.000000  0.004951 
423.000000  424.000000  0.004951 
424.000000  425.000000  0.004952 
425.000000  426.000000  0.004952 
426.000000  427.000000  0.004953 
427.000000  428.000000  0.004953 
428.000000  429.000000  0.004953 
429.000000  430.000000  0.004954 
430.000000  431.000000  0.004954 
431.000000  432.000000  0.004954 
432.000000  433.000000  0.004955 
433.000000  434.000000  0.004955 
434.000000  435.000000  0.004955 
435.000000  436.000000  0.004956 
436.000000  437.000000  0.004956 
437.000000  438.000000  0.004956 
438.000000  439.000000  0.004957 
439.000000  440.000000  0.004957 
440.000000  441.000000  0.004957 
441.000000  442.000000  0.004958 
442.000000  443.000000  0.004958 
443.000000  444.000000  0.004958 
444.000000  445.000000  0.004959 
445.000000  446.000000  0.004959 
446.000000  447.000000  0.004959 
447.000000  448.000000  0.004960 
448.000000  449.000000  0.004960 
449.000000  450.000000  0.004960 
450.000000  451.000000  0.004960 
451.000000  452.000000  0.004961 
452.000000  453.000000  0.004961 
453.000000  454.000000  0.004961 
454.000000  455.000000  0.004962 
455.000000  456.000000  0.004962 
456.000000  457.000000  0.004962 
457.000000  458.000000  0.004962 
458.000000  459.000000  0.004963 
459.000000  460.000000  0.004963 
460.000000  461.000000  0.004963 
461.000000  462.000000  0.004963 
462.000000  463.000000  0.004964 
463.000000  464.000000  0.004964 
464.000000  465.000000  0.004964 
465.000000  466.000000  0.004964 
466.000000  467.000000  0.004965 
467.000000  468.000000  0.004965 
468.000000  469.000000  0.004965 
469.000000  470.000000  0.004965 
470.000000  471.000000  0.004966 
471.000000  472.000000  0.004966 
472.000000  473.000000  0.004966 
473.000000  474.000000  0.004966 
474.000000  475.000000  0.004966 
475.000000  476.000000  0.004967 
476.000000  477.000000  0.004967 
477.000000  478.000000  0.004967 
478.000000  479.000000  0.004967 
479.000000  480.000000  0.004968 
480.000000  481.000000  0.004968 
481.000000  482.000000  0.004968 
482.000000  483.000000  0.004968 
483.000000  484.000000  0.004968 
484.000000  485.000000  0.004969 
485.000000  486.000000  0.004969 
486.000000  487.000000  0.004969 
487.000000  488.000000  0.004969 
488.000000  489.000000  0.004969 
489.000000  490.000000  0.004970 
490.000000  491.000000  0.004970 
491.000000  492.000000  0.004970 
492.000000  493.000000  0.004970 
493.000000  494.000000  0.004970 
494.000000  495.000000  0.004970 
495.000000  496.000000  0.004971 
496.000000  497.000000  0.004971 
497.000000  498.000000  0.004971 
498.000000  499.000000  0.004971 
499.000000  500.000000  0.004971 
500.000000  501.000000  0.004971 
501.000000  502.000000  0.004972 
502.000000  503.000000  0.004972 
503.000000  504.000000  0.004972 
504.000000  505.000000  0.004972 
505.000000  506.000000  0.004972 
506.000000  507.000000  0.004972 
507.000000  508.000000  0.004973 
508.000000  509.000000  0.004973 
509.000000  510.000000  0.004973 
510.000000  511.000000  0.004973 
511.000000  512.000000  0.004973 
512.000000  513.000000  0.004973 
513.000000  514.000000  0.004974 
514.000000  515.000000  0.004974 
515.000000  516.000000  0.004974 
516.000000  517.000000  0.004974 
517.000000  518.000000  0.004974 
518.000000  519.000000  0.004974 
519.000000  520.000000  0.004974 
520.000000  521.000000  0.004974 
521.000000  522.000000  0.004975 
522.000000  523.000000  0.004975 
523.000000  524.000000  0.004975 
524.000000  525.000000  0.004975 
525.000000  526.000000  0.004975 
526.000000  527.000000  0.004975 
527.000000  528.000000  0.004975 
528.000000  529.000000  0.004976 
529.000000  530.000000  0.004976 
530.000000  531.000000  0.004976 
531.000000  532.000000  0.004976 
532.000000  533.000000  0.004976 
533.000000  534.000000  0.004976 
534.000000  535.000000  0.004976 
535.000000  536.000000  0.004976 
536.000000  537.000000  0.004976 
537.000000  538.000000  0.004977 
538.000000  539.000000  0.004977 
539.000000  540.000000  0.004977 
540.000000  541.000000  0.004977 
541.000000  542.000000  0.004977 
542.000000  543.000000  0.004977 
543.000000  544.000000  0.004977 
544.000000  545.000000  0.004977 
545.000000  546.000000  0.004977 
546.000000  547.000000  0.004978 
547.000000  548.000000  0.004978 
548.000000  549.000000  0.004978 
549.000000  550.000000  0.004978 
550.000000  551.000000  0.004978 
551.000000  552.000000  0.004978 
552.000000  553.000000  0.004978 
553.000000  554.000000  0.004978 
554.000000  555.000000  0.004978 
555.000000  556.000000  0.004978 
556.000000  557.000000  0.004979 
557.000000  558.000000  0.004979 
558.000000  559.000000  0.004979 
559.000000  560.000000  0.004979 
560.000000  561.000000  0.004979 
561.000000  562.000000  0.004979 
562.000000  563.000000  0.004979 
563.000000  564.000000  0.004979 
564.000000  565.000000  0.004979 
565.000000  566.000000  0.004979 
566.000000  567.000000  0.004979 
567.000000  568.000000  0.004979 
568.000000  569.000000  0.004980 
569.000000  570.000000  0.004980 
570.000000  571.000000  0.004980 
571.000000  572.000000  0.004980 
572.000000  573.000000  0.004980 
573.000000  574.000000  0.004980 
574.000000  575.000000  0.004980 
575.000000  576.000000  0.004980 
576.000000  577.000000  0.004980 
577.000000  578.000000  0.004980 
578.000000  579.000000  0.004980 
579.000000  580.000000  0.004980 
580.000000  581.000000  0.004980 
581.000000  582.000000  0.004981 
582.000000  583.000000  0.004981 
583.000000  584.000000  0.004981 
584.000000  585.000000  0.004981 
585.000000  586.000000  0.004981 
586.000000  587.000000  0.004981 
587.000000  588.000000  0.004981 
588.000000  589.000000  0.004981 
589.000000  590.000000  0.004981 
590.000000  591.000000  0.004981 
591.000000  592.000000  0.004981 
592.000000  593.000000  0.004981 
593.000000  594.000000  0.004981 
594.000000  595.000000  0.004981 
595.000000  596.000000  0.004981 
596.000000  597.000000  0.004981 
597.000000  598.000000  0.004982 
598.000000  599.000000  0.004982 
599.000000  600.000000  0.004982 
600.000000  601.000000  0.004982 
601.000000  602.000000  0.004982 
602.000000  603.000000  0.004982 
603.000000  604.000000  0.004982 
604.000000  605.000000  0.004982 
605.000000  606.000000  0.004982 
606.000000  607.000000  0.004982 
607.000000  608.000000  0.004982 
608.000000  609.000000  0.004982 
609.000000  610.000000  0.004982 
610.000000  611.000000  0.004982 
611.000000  612.000000  0.004982 
612.000000  613.000000  0.004982 
613.000000  614.000000  0.004982 
614.000000  615.000000  0.004982 
615.000000  616.000000  0.004983 
616.000000  617.000000  0.004983 
617.000000  618.000000  0.004983 
618.000000  619.000000  0.004983 
619.000000  620.000000  0.004983 
620.000000  621.000000  0.004983 
621.000000  622.000000  0.004983 
622.000000  623.000000  0.004983 
623.000000  624.000000  0.004983 
624.000000  625.000000  0.004983 
625.000000  626.000000  0.004983 
626.000000  627.000000  0.004983 
627.000000  628.000000  0.004983 
628.000000  629.000000  0.004983 
629.000000  630.000000  0.004983 
630.000000  631.000000  0.004983 
631.000000  632.000000  0.004983 
632.000000  633.000000  0.004983 
633.000000  634.000000  0.004983 
634.000000  635.000000  0.004983 
635.000000  636.000000  0.004983 
636.000000  637.000000  0.004983 
637.000000  638.000000  0.004983 
638.000000  639.000000  0.004983 
639.000000  640.000000  0.004984 
640.000000  641.000000  0.004984 
641.000000  642.000000  0.004984 
642.000000  643.000000  0.004984 
643.000000  644.000000  0.004984 
644.000000  645.000000  0.004984 
645.000000  646.000000  0.004984 
646.000000  647.000000  0.004984 
647.000000  648.000000  0.004984 
648.000000  649.000000  0.004984 
649.000000  650.000000  0.004984 
650.000000  651.000000  0.004984 
651.000000  652.000000  0.004984 
652.000000  653.000000  0.004984 
653.000000  654.000000  0.004984 
654.000000  655.000000  0.004984 
655.000000  656.000000  0.004984 
656.000000  657.000000  0.004984 
657.000000  658.000000  0.004984 
658.000000  659.000000  0.004984 
659.000000  660.000000  0.004984 
660.000000  661.000000  0.004984 
661.000000  662.000000  0.004984 
662.000000  663.000000  0.004984 
663.000000  664.000000  0.004984 
664.000000  665.000000  0.004984 
665.000000  666.000000  0.004984 
666.000000  667.000000  0.004984 
667.000000  668.000000  0.004984 
668.000000  669.000000  0.004984 
669.000000  670.000000  0.004984 
670.000000  671.000000  0.004984 
671.000000  672.000000  0.004984 
672.000000  673.000000  0.004984 
673.000000  674.000000  0.004985 
674.000000  675.000000  0.004985 
675.000000  676.000000  0.004985 
676.000000  677.000000  0.004985 
677.000000  678.000000  0.004985 
678.000000  679.000000  0.004985 
679.000000  680.000000  0.004985 
680.000000  681.000000  0.004985 
681.000000  682.000000  0.004985 
682.000000  683.000000  0.004985 
683.000000  684.000000  0.004985 
684.000000  685.000000  0.004985 
685.000000  686.000000  0.004985 
686.000000  687.000000  0.004985 
687.000000  688.000000  0.004985 
688.000000  689.000000  0.004985 
689.000000  690.000000  0.004985 
690.000000  691.000000  0.004985 
691.000000  692.000000  0.004985 
692.000000  693.000000  0.004985 
693.000000  694.000000  0.004985 
694.000000  695.000000  0.004985 
695.000000  696.000000  0.004985 
696.000000  697.000000  0.004985 
697.000000  698.000000  0.004985 
698.000000  699.000000  0.004985 
699.000000  700.000000  0.004985 
700.000000  701.000000  0.004985 
701.000000  702.000000  0.004985 
702.000000  703.000000  0.004985 
703.000000  704.000000  0.004985 
704.000000  705.000000  0.004985 
705.000000  706.000000  0.004985 
706.000000  707.000000  0.004985 
707.000000  708.000000  0.004985 
708.000000  709.000000  0.004985 
709.000000  710.000000  0.004985 
710.000000  711.000000  0.004985 
711.000000  712.000000  0.004985 
712.000000  713.000000  0.004985 
713.000000  714.000000  0.004985 
714.000000  715.000000  0.004985 
715.000000  716.000000  0.004985 
716.000000  717.000000  0.004985 
717.000000  718.000000  0.004985 
718.000000  719.000000  0.004985 
719.000000  720.000000  0.004985 
720.000000  721.000000  0.004985 
721.000000  722.000000  0.004985 
722.000000  723.000000  0.004985 
723.000000  724.000000  0.004985 
724.000000  725.000000  0.004985 
725.000000  726.000000  0.004985 
726.000000  727.000000  0.004985 
727.000000  728.000000  0.004985 
728.000000  729.000000  0.004985 
729.000000  730.000000  0.004985 
730.000000  731.000000  0.004985 
731.000000  732.000000  0.004985 
732.000000  733.000000  0.004985 
733.000000  734.000000  0.004985 
734.000000  735.000000  0.004985 
735.000000  736.000000  0.004985 
736.000000  737.000000  0.004985 
737.000000  738.000000  0.004985 
738.000000  739.000000  0.004985 
739.000000  740.000000  0.004985 
740.000000  741.000000  0.004985 
741.000000  742.000000  0.004985 
742.000000  743.000000  0.004985 
743.000000  744.000000  0.004985 
744.000000  745.000000  0.004985 
745.000000  746.000000  0.004985 
746.000000  747.000000  0.004985 
747.000000  748.000000  0.004985 
748.000000  749.000000  0.004985 
749.000000  750.000000  0.004985 
750.000000  751.000000  0.004986 
751.000000  752.000000  0.004986 
752.000000  753.000000  0.004986 
753.000000  754.000000  0.004986 
754.000000  755.000000  0.004986 
755.000000  756.000000  0.004986 
756.000000  757.000000  0.004986 
757.000000  758.000000  0.004986 
758.000000  759.000000  0.004986 
759.000000  760.000000  0.004986 
760.000000  761.000000  0.004986 
761.000000  762.000000  0.004986 
762.000000  763.000000  0.004986 
763.000000  764.000000  0.004986 
764.000000  765.000000  0.004986 
765.000000  766.000000  0.004986 
766.000000  767.000000  0.004986 
767.000000  768.000000  0.004986 
768.000000  769.000000  0.004986 
769.000000  770.000000  0.004986 
770.000000  771.000000  0.004986 
771.000000  772.000000  0.004986 
772.000000  773.000000  0.004986 
773.000000  774.000000  0.004986 
774.000000  775.000000  0.004986 
775.000000  776.000000  0.004986 
776.000000  777.000000  0.004986 
777.000000  778.000000  0.004986 
778.000000  779.000000  0.004986 
779.000000  780.000000  0.004986 
780.000000  781.000000  0.004986 
781.000000  782.000000  0.004986 
782.000000  783.000000  0.004986 
783.000000  784.000000  0.004986 
784.000000  785.000000  0.004986 
785.000000  786.000000  0.004986 
786.000000  787.000000  0.004986 
787.000000  788.000000  0.004986 
788.000000  789.000000  0.004986 
789.000000  790.000000  0.004986 
790.000000  791.000000  0.004986 
791.000000  792.000000  0.004986 
792.000000  793.000000  0.004986 
793.000000  794.000000  0.004986 
794.000000  795.000000  0.004986 
795.000000  796.000000  0.004986 
796.000000  797.000000  0.004986 
797.000000  798.000000  0.004986 
798.000000  799.000000  0.004986 
799.000000  800.000000  0.004986 
