20.000000  21.000000  0.963904 
21.000000  22.000000  0.963509 
22.000000  23.000000  0.963156 
23.000000  24.000000  0.962846 
24.000000  25.000000  0.962578 
25.000000  26.000000  0.962352 
26.000000  27.000000  0.962165 
27.000000  28.000000  0.962018 
28.000000  29.000000  0.961909 
29.000000  30.000000  0.961836 
30.000000  31.000000  0.961797 
31.000000  32.000000  0.961792 
32.000000  33.000000  0.961817 
33.000000  34.000000  0.961871 
34.000000  35.000000  0.961953 
35.000000  36.000000  0.962060 
36.000000  37.000000  0.962191 
37.000000  38.000000  0.962343 
38.000000  39.000000  0.962515 
39.000000  40.000000  0.962705 
40.000000  41.000000  0.962911 
41.000000  42.000000  0.963131 
42.000000  43.000000  0.963364 
43.000000  44.000000  0.963608 
44.000000  45.000000  0.963861 
45.000000  46.000000  0.964122 
46.000000  47.000000  0.964390 
47.000000  48.000000  0.964662 
48.000000  49.000000  0.964939 
49.000000  50.000000  0.965219 
50.000000  51.000000  0.965500 
51.000000  52.000000  0.965782 
52.000000  53.000000  0.966064 
53.000000  54.000000  0.966345 
54.000000  55.000000  0.966625 
55.000000  56.000000  0.966902 
56.000000  57.000000  0.967176 
57.000000  58.000000  0.967447 
58.000000  59.000000  0.967714 
59.000000  60.000000  0.967977 
60.000000  61.000000  0.968235 
61.000000  62.000000  0.968489 
62.000000  63.000000  0.968736 
63.000000  64.000000  0.968979 
64.000000  65.000000  0.969215 
65.000000  66.000000  0.969446 
66.000000  67.000000  0.969671 
67.000000  68.000000  0.969889 
68.000000  69.000000  0.970101 
69.000000  70.000000  0.970307 
70.000000  71.000000  0.970506 
71.000000  72.000000  0.970699 
72.000000  73.000000  0.970886 
73.000000  74.000000  0.971066 
74.000000  75.000000  0.971240 
75.000000  76.000000  0.971407 
76.000000  77.000000  0.971568 
77.000000  78.000000  0.971723 
78.000000  79.000000  0.971872 
79.000000  80.000000  0.972015 
80.000000  81.000000  0.972152 
81.000000  82.000000  0.972283 
82.000000  83.000000  0.972408 
83.000000  84.000000  0.972528 
84.000000  85.000000  0.972642 
85.000000  86.000000  0.972751 
86.000000  87.000000  0.972855 
87.000000  88.000000  0.972954 
88.000000  89.000000  0.973048 
89.000000  90.000000  0.973138 
90.000000  91.000000  0.973223 
91.000000  92.000000  0.973303 
92.000000  93.000000  0.973379 
93.000000  94.000000  0.973452 
94.000000  95.000000  0.973520 
95.000000  96.000000  0.973585 
96.000000  97.000000  0.973646 
97.000000  98.000000  0.973703 
98.000000  99.000000  0.973758 
99.000000  100.000000  0.973809 
100.000000  101.000000  0.973857 
101.000000  102.000000  0.973903 
102.000000  103.000000  0.973946 
103.000000  104.000000  0.973986 
104.000000  105.000000  0.974024 
105.000000  106.000000  0.974060 
106.000000  107.000000  0.974094 
107.000000  108.000000  0.974126 
108.000000  109.000000  0.974156 
109.000000  110.000000  0.974184 
110.000000  111.000000  0.974211 
111.000000  112.000000  0.974236 
112.000000  113.000000  0.974260 
113.000000  114.000000  0.974282 
114.000000  115.000000  0.974304 
115.000000  116.000000  0.974325 
116.000000  117.000000  0.974344 
117.000000  118.000000  0.974363 
118.000000  119.000000  0.974381 
119.000000  120.000000  0.974399 
120.000000  121.000000  0.974416 
121.000000  122.000000  0.974433 
122.000000  123.000000  0.974449 
123.000000  124.000000  0.974465 
124.000000  125.000000  0.974481 
125.000000  126.000000  0.974496 
126.000000  127.000000  0.974512 
127.000000  128.000000  0.974528 
128.000000  129.000000  0.974544 
129.000000  130.000000  0.974560 
130.000000  131.000000  0.974576 
131.000000  132.000000  0.974592 
132.000000  133.000000  0.974609 
133.000000  134.000000  0.974626 
134.000000  135.000000  0.974644 
135.000000  136.000000  0.974662 
136.000000  137.000000  0.974680 
137.000000  138.000000  0.974699 
138.000000  139.000000  0.974719 
139.000000  140.000000  0.974739 
140.000000  141.000000  0.974759 
141.000000  142.000000  0.974781 
142.000000  143.000000  0.974803 
143.000000  144.000000  0.974826 
144.000000  145.000000  0.974849 
145.000000  146.000000  0.974874 
146.000000  147.000000  0.974899 
147.000000  148.000000  0.974925 
148.000000  149.000000  0.974951 
149.000000  150.000000  0.974979 
150.000000  151.000000  0.975007 
151.000000  152.000000  0.975036 
152.000000  153.000000  0.975065 
153.000000  154.000000  0.975096 
154.000000  155.000000  0.975127 
155.000000  156.000000  0.975159 
156.000000  157.000000  0.975192 
157.000000  158.000000  0.975226 
158.000000  159.000000  0.975260 
159.000000  160.000000  0.975296 
160.000000  161.000000  0.975332 
161.000000  162.000000  0.975368 
162.000000  163.000000  0.975406 
163.000000  164.000000  0.975444 
164.000000  165.000000  0.975483 
165.000000  166.000000  0.975522 
166.000000  167.000000  0.975562 
167.000000  168.000000  0.975603 
168.000000  169.000000  0.975645 
169.000000  170.000000  0.975687 
170.000000  171.000000  0.975729 
171.000000  172.000000  0.975773 
172.000000  173.000000  0.975816 
173.000000  174.000000  0.975861 
174.000000  175.000000  0.975906 
175.000000  176.000000  0.975951 
176.000000  177.000000  0.975997 
177.000000  178.000000  0.976043 
178.000000  179.000000  0.976090 
179.000000  180.000000  0.976137 
180.000000  181.000000  0.976184 
181.000000  182.000000  0.976232 
182.000000  183.000000  0.976280 
183.000000  184.000000  0.976329 
184.000000  185.000000  0.976378 
185.000000  186.000000  0.976427 
186.000000  187.000000  0.976476 
187.000000  188.000000  0.976526 
188.000000  189.000000  0.976576 
189.000000  190.000000  0.976626 
190.000000  191.000000  0.976676 
191.000000  192.000000  0.976726 
192.000000  193.000000  0.976777 
193.000000  194.000000  0.976827 
194.000000  195.000000  0.976878 
195.000000  196.000000  0.976929 
196.000000  197.000000  0.976980 
197.000000  198.000000  0.977031 
198.000000  199.000000  0.977082 
199.000000  200.000000  0.977134 
200.000000  201.000000  0.977185 
201.000000  202.000000  0.977236 
202.000000  203.000000  0.977287 
203.000000  204.000000  0.977339 
204.000000  205.000000  0.977390 
205.000000  206.000000  0.977441 
206.000000  207.000000  0.977492 
207.000000  208.000000  0.977543 
208.000000  209.000000  0.977594 
209.000000  210.000000  0.977645 
210.000000  211.000000  0.977696 
211.000000  212.000000  0.977747 
212.000000  213.000000  0.977798 
213.000000  214.000000  0.977848 
214.000000  215.000000  0.977899 
215.000000  216.000000  0.977949 
216.000000  217.000000  0.977999 
217.000000  218.000000  0.978050 
218.000000  219.000000  0.978100 
219.000000  220.000000  0.978150 
220.000000  221.000000  0.978199 
221.000000  222.000000  0.978249 
222.000000  223.000000  0.978298 
223.000000  224.000000  0.978348 
224.000000  225.000000  0.978397 
225.000000  226.000000  0.978446 
226.000000  227.000000  0.978495 
227.000000  228.000000  0.978543 
228.000000  229.000000  0.978592 
229.000000  230.000000  0.978640 
230.000000  231.000000  0.978688 
231.000000  232.000000  0.978736 
232.000000  233.000000  0.978784 
233.000000  234.000000  0.978832 
234.000000  235.000000  0.978879 
235.000000  236.000000  0.978926 
236.000000  237.000000  0.978973 
237.000000  238.000000  0.979020 
238.000000  239.000000  0.979067 
239.000000  240.000000  0.979113 
240.000000  241.000000  0.979159 
241.000000  242.000000  0.979205 
242.000000  243.000000  0.979251 
243.000000  244.000000  0.979297 
244.000000  245.000000  0.979342 
245.000000  246.000000  0.979388 
246.000000  247.000000  0.979433 
247.000000  248.000000  0.979478 
248.000000  249.000000  0.979522 
249.000000  250.000000  0.979567 
250.000000  251.000000  0.979611 
251.000000  252.000000  0.979655 
252.000000  253.000000  0.979699 
253.000000  254.000000  0.979742 
254.000000  255.000000  0.979786 
255.000000  256.000000  0.979829 
256.000000  257.000000  0.979872 
257.000000  258.000000  0.979914 
258.000000  259.000000  0.979957 
259.000000  260.000000  0.979999 
260.000000  261.000000  0.980041 
261.000000  262.000000  0.980082 
262.000000  263.000000  0.980124 
263.000000  264.000000  0.980165 
264.000000  265.000000  0.980206 
265.000000  266.000000  0.980246 
266.000000  267.000000  0.980287 
267.000000  268.000000  0.980327 
268.000000  269.000000  0.980367 
269.000000  270.000000  0.980406 
270.000000  271.000000  0.980445 
271.000000  272.000000  0.980484 
272.000000  273.000000  0.980523 
273.000000  274.000000  0.980561 
274.000000  275.000000  0.980599 
275.000000  276.000000  0.980637 
276.000000  277.000000  0.980675 
277.000000  278.000000  0.980712 
278.000000  279.000000  0.980749 
279.000000  280.000000  0.980785 
280.000000  281.000000  0.980821 
281.000000  282.000000  0.980857 
282.000000  283.000000  0.980892 
283.000000  284.000000  0.980928 
284.000000  285.000000  0.980962 
285.000000  286.000000  0.980997 
286.000000  287.000000  0.981031 
287.000000  288.000000  0.981064 
288.000000  289.000000  0.981098 
289.000000  290.000000  0.981130 
290.000000  291.000000  0.981163 
291.000000  292.000000  0.981195 
292.000000  293.000000  0.981227 
293.000000  294.000000  0.981258 
294.000000  295.000000  0.981289 
295.000000  296.000000  0.981319 
296.000000  297.000000  0.981349 
297.000000  298.000000  0.981378 
298.000000  299.000000  0.981408 
299.000000  300.000000  0.981436 
300.000000  301.000000  0.981464 
301.000000  302.000000  0.981492 
302.000000  303.000000  0.981519 
303.000000  304.000000  0.981546 
304.000000  305.000000  0.981572 
305.000000  306.000000  0.981598 
306.000000  307.000000  0.981623 
307.000000  308.000000  0.981648 
308.000000  309.000000  0.981672 
309.000000  310.000000  0.981696 
310.000000  311.000000  0.981720 
311.000000  312.000000  0.981742 
312.000000  313.000000  0.981764 
313.000000  314.000000  0.981786 
314.000000  315.000000  0.981807 
315.000000  316.000000  0.981828 
316.000000  317.000000  0.981848 
317.000000  318.000000  0.981868 
318.000000  319.000000  0.981886 
319.000000  320.000000  0.981905 
320.000000  321.000000  0.981923 
321.000000  322.000000  0.981940 
322.000000  323.000000  0.981957 
323.000000  324.000000  0.981973 
324.000000  325.000000  0.981988 
325.000000  326.000000  0.982003 
326.000000  327.000000  0.982018 
327.000000  328.000000  0.982031 
328.000000  329.000000  0.982045 
329.000000  330.000000  0.982057 
330.000000  331.000000  0.982069 
331.000000  332.000000  0.982080 
332.000000  333.000000  0.982091 
333.000000  334.000000  0.982101 
334.000000  335.000000  0.982111 
335.000000  336.000000  0.982120 
336.000000  337.000000  0.982128 
337.000000  338.000000  0.982136 
338.000000  339.000000  0.982143 
339.000000  340.000000  0.982149 
340.000000  341.000000  0.982155 
341.000000  342.000000  0.982160 
342.000000  343.000000  0.982165 
343.000000  344.000000  0.982169 
344.000000  345.000000  0.982172 
345.000000  346.000000  0.982175 
346.000000  347.000000  0.982177 
347.000000  348.000000  0.982178 
348.000000  349.000000  0.982179 
349.000000  350.000000  0.982179 
350.000000  351.000000  0.982178 
351.000000  352.000000  0.982177 
352.000000  353.000000  0.982176 
353.000000  354.000000  0.982173 
354.000000  355.000000  0.982170 
355.000000  356.000000  0.982167 
356.000000  357.000000  0.982162 
357.000000  358.000000  0.982157 
358.000000  359.000000  0.982152 
359.000000  360.000000  0.982146 
360.000000  361.000000  0.982139 
361.000000  362.000000  0.982132 
362.000000  363.000000  0.982124 
363.000000  364.000000  0.982115 
364.000000  365.000000  0.982106 
365.000000  366.000000  0.982096 
366.000000  367.000000  0.982086 
367.000000  368.000000  0.982075 
368.000000  369.000000  0.982063 
369.000000  370.000000  0.982051 
370.000000  371.000000  0.982039 
371.000000  372.000000  0.982025 
372.000000  373.000000  0.982011 
373.000000  374.000000  0.981997 
374.000000  375.000000  0.981982 
375.000000  376.000000  0.981966 
376.000000  377.000000  0.981950 
377.000000  378.000000  0.981933 
378.000000  379.000000  0.981916 
379.000000  380.000000  0.981898 
380.000000  381.000000  0.981880 
381.000000  382.000000  0.981861 
382.000000  383.000000  0.981842 
383.000000  384.000000  0.981822 
384.000000  385.000000  0.981801 
385.000000  386.000000  0.981780 
386.000000  387.000000  0.981759 
387.000000  388.000000  0.981737 
388.000000  389.000000  0.981714 
389.000000  390.000000  0.981692 
390.000000  391.000000  0.981668 
391.000000  392.000000  0.981644 
392.000000  393.000000  0.981620 
393.000000  394.000000  0.981595 
394.000000  395.000000  0.981570 
395.000000  396.000000  0.981544 
396.000000  397.000000  0.981518 
397.000000  398.000000  0.981491 
398.000000  399.000000  0.981464 
399.000000  400.000000  0.981437 
400.000000  401.000000  0.981409 
401.000000  402.000000  0.981381 
402.000000  403.000000  0.981352 
403.000000  404.000000  0.981324 
404.000000  405.000000  0.981294 
405.000000  406.000000  0.981264 
406.000000  407.000000  0.981234 
407.000000  408.000000  0.981204 
408.000000  409.000000  0.981173 
409.000000  410.000000  0.981142 
410.000000  411.000000  0.981111 
411.000000  412.000000  0.981079 
412.000000  413.000000  0.981047 
413.000000  414.000000  0.981015 
414.000000  415.000000  0.980982 
415.000000  416.000000  0.980949 
416.000000  417.000000  0.980916 
417.000000  418.000000  0.980883 
418.000000  419.000000  0.980849 
419.000000  420.000000  0.980815 
420.000000  421.000000  0.980781 
421.000000  422.000000  0.980747 
422.000000  423.000000  0.980712 
423.000000  424.000000  0.980678 
424.000000  425.000000  0.980643 
425.000000  426.000000  0.980608 
426.000000  427.000000  0.980572 
427.000000  428.000000  0.980537 
428.000000  429.000000  0.980501 
429.000000  430.000000  0.980465 
430.000000  431.000000  0.980430 
431.000000  432.000000  0.980393 
432.000000  433.000000  0.980357 
433.000000  434.000000  0.980321 
434.000000  435.000000  0.980285 
435.000000  436.000000  0.980248 
436.000000  437.000000  0.980212 
437.000000  438.000000  0.980175 
438.000000  439.000000  0.980138 
439.000000  440.000000  0.980102 
440.000000  441.000000  0.980065 
441.000000  442.000000  0.980028 
442.000000  443.000000  0.979991 
443.000000  444.000000  0.979954 
444.000000  445.000000  0.979918 
445.000000  446.000000  0.979881 
446.000000  447.000000  0.979844 
447.000000  448.000000  0.979807 
448.000000  449.000000  0.979770 
449.000000  450.000000  0.979734 
450.000000  451.000000  0.979697 
451.000000  452.000000  0.979660 
452.000000  453.000000  0.979624 
453.000000  454.000000  0.979587 
454.000000  455.000000  0.979551 
455.000000  456.000000  0.979515 
456.000000  457.000000  0.979478 
457.000000  458.000000  0.979442 
458.000000  459.000000  0.979406 
459.000000  460.000000  0.979371 
460.000000  461.000000  0.979335 
461.000000  462.000000  0.979299 
462.000000  463.000000  0.979264 
463.000000  464.000000  0.979229 
464.000000  465.000000  0.979194 
465.000000  466.000000  0.979159 
466.000000  467.000000  0.979124 
467.000000  468.000000  0.979089 
468.000000  469.000000  0.979055 
469.000000  470.000000  0.979021 
470.000000  471.000000  0.978987 
471.000000  472.000000  0.978954 
472.000000  473.000000  0.978920 
473.000000  474.000000  0.978887 
474.000000  475.000000  0.978854 
475.000000  476.000000  0.978821 
476.000000  477.000000  0.978789 
477.000000  478.000000  0.978757 
478.000000  479.000000  0.978725 
479.000000  480.000000  0.978693 
480.000000  481.000000  0.978662 
481.000000  482.000000  0.978631 
482.000000  483.000000  0.978600 
483.000000  484.000000  0.978570 
484.000000  485.000000  0.978540 
485.000000  486.000000  0.978510 
486.000000  487.000000  0.978481 
487.000000  488.000000  0.978452 
488.000000  489.000000  0.978423 
489.000000  490.000000  0.978394 
490.000000  491.000000  0.978366 
491.000000  492.000000  0.978339 
492.000000  493.000000  0.978311 
493.000000  494.000000  0.978284 
494.000000  495.000000  0.978258 
495.000000  496.000000  0.978231 
496.000000  497.000000  0.978205 
497.000000  498.000000  0.978180 
498.000000  499.000000  0.978155 
499.000000  500.000000  0.978130 
500.000000  501.000000  0.978106 
501.000000  502.000000  0.978082 
502.000000  503.000000  0.978058 
503.000000  504.000000  0.978035 
504.000000  505.000000  0.978013 
505.000000  506.000000  0.977990 
506.000000  507.000000  0.977969 
507.000000  508.000000  0.977947 
508.000000  509.000000  0.977926 
509.000000  510.000000  0.977906 
510.000000  511.000000  0.977886 
511.000000  512.000000  0.977866 
512.000000  513.000000  0.977847 
513.000000  514.000000  0.977828 
514.000000  515.000000  0.977809 
515.000000  516.000000  0.977791 
516.000000  517.000000  0.977774 
517.000000  518.000000  0.977757 
518.000000  519.000000  0.977740 
519.000000  520.000000  0.977724 
520.000000  521.000000  0.977709 
521.000000  522.000000  0.977693 
522.000000  523.000000  0.977679 
523.000000  524.000000  0.977664 
524.000000  525.000000  0.977650 
525.000000  526.000000  0.977637 
526.000000  527.000000  0.977624 
527.000000  528.000000  0.977612 
528.000000  529.000000  0.977600 
529.000000  530.000000  0.977588 
530.000000  531.000000  0.977577 
531.000000  532.000000  0.977567 
532.000000  533.000000  0.977557 
533.000000  534.000000  0.977547 
534.000000  535.000000  0.977538 
535.000000  536.000000  0.977529 
536.000000  537.000000  0.977521 
537.000000  538.000000  0.977513 
538.000000  539.000000  0.977506 
539.000000  540.000000  0.977499 
540.000000  541.000000  0.977492 
541.000000  542.000000  0.977487 
542.000000  543.000000  0.977481 
543.000000  544.000000  0.977476 
544.000000  545.000000  0.977472 
545.000000  546.000000  0.977468 
546.000000  547.000000  0.977464 
547.000000  548.000000  0.977461 
548.000000  549.000000  0.977458 
549.000000  550.000000  0.977456 
550.000000  551.000000  0.977454 
551.000000  552.000000  0.977453 
552.000000  553.000000  0.977452 
553.000000  554.000000  0.977452 
554.000000  555.000000  0.977452 
555.000000  556.000000  0.977452 
556.000000  557.000000  0.977453 
557.000000  558.000000  0.977454 
558.000000  559.000000  0.977456 
559.000000  560.000000  0.977459 
560.000000  561.000000  0.977461 
561.000000  562.000000  0.977464 
562.000000  563.000000  0.977468 
563.000000  564.000000  0.977472 
564.000000  565.000000  0.977476 
565.000000  566.000000  0.977481 
566.000000  567.000000  0.977486 
567.000000  568.000000  0.977492 
568.000000  569.000000  0.977498 
569.000000  570.000000  0.977505 
570.000000  571.000000  0.977512 
571.000000  572.000000  0.977519 
572.000000  573.000000  0.977527 
573.000000  574.000000  0.977535 
574.000000  575.000000  0.977544 
575.000000  576.000000  0.977553 
576.000000  577.000000  0.977562 
577.000000  578.000000  0.977572 
578.000000  579.000000  0.977582 
579.000000  580.000000  0.977592 
580.000000  581.000000  0.977603 
581.000000  582.000000  0.977614 
582.000000  583.000000  0.977626 
583.000000  584.000000  0.977638 
584.000000  585.000000  0.977650 
585.000000  586.000000  0.977663 
586.000000  587.000000  0.977676 
587.000000  588.000000  0.977690 
588.000000  589.000000  0.977704 
589.000000  590.000000  0.977718 
590.000000  591.000000  0.977732 
591.000000  592.000000  0.977747 
592.000000  593.000000  0.977762 
593.000000  594.000000  0.977778 
594.000000  595.000000  0.977794 
595.000000  596.000000  0.977810 
596.000000  597.000000  0.977826 
597.000000  598.000000  0.977843 
598.000000  599.000000  0.977861 
599.000000  600.000000  0.977878 
600.000000  601.000000  0.977896 
601.000000  602.000000  0.977914 
602.000000  603.000000  0.977932 
603.000000  604.000000  0.977951 
604.000000  605.000000  0.977970 
605.000000  606.000000  0.977989 
606.000000  607.000000  0.978009 
607.000000  608.000000  0.978029 
608.000000  609.000000  0.978049 
609.000000  610.000000  0.978069 
610.000000  611.000000  0.978090 
611.000000  612.000000  0.978111 
612.000000  613.000000  0.978132 
613.000000  614.000000  0.978154 
614.000000  615.000000  0.978176 
615.000000  616.000000  0.978198 
616.000000  617.000000  0.978220 
617.000000  618.000000  0.978242 
618.000000  619.000000  0.978265 
619.000000  620.000000  0.978288 
620.000000  621.000000  0.978311 
621.000000  622.000000  0.978335 
622.000000  623.000000  0.978359 
623.000000  624.000000  0.978383 
624.000000  625.000000  0.978407 
625.000000  626.000000  0.978431 
626.000000  627.000000  0.978456 
627.000000  628.000000  0.978480 
628.000000  629.000000  0.978505 
629.000000  630.000000  0.978531 
630.000000  631.000000  0.978556 
631.000000  632.000000  0.978582 
632.000000  633.000000  0.978607 
633.000000  634.000000  0.978633 
634.000000  635.000000  0.978660 
635.000000  636.000000  0.978686 
636.000000  637.000000  0.978713 
637.000000  638.000000  0.978739 
638.000000  639.000000  0.978766 
639.000000  640.000000  0.978793 
640.000000  641.000000  0.978820 
641.000000  642.000000  0.978848 
642.000000  643.000000  0.978875 
643.000000  644.000000  0.978903 
644.000000  645.000000  0.978931 
645.000000  646.000000  0.978959 
646.000000  647.000000  0.978987 
647.000000  648.000000  0.979015 
648.000000  649.000000  0.979044 
649.000000  650.000000  0.979072 
650.000000  651.000000  0.979101 
651.000000  652.000000  0.979130 
652.000000  653.000000  0.979159 
653.000000  654.000000  0.979188 
654.000000  655.000000  0.979217 
655.000000  656.000000  0.979247 
656.000000  657.000000  0.979276 
657.000000  658.000000  0.979306 
658.000000  659.000000  0.979335 
659.000000  660.000000  0.979365 
660.000000  661.000000  0.979395 
661.000000  662.000000  0.979425 
662.000000  663.000000  0.979455 
663.000000  664.000000  0.979485 
664.000000  665.000000  0.979516 
665.000000  666.000000  0.979546 
666.000000  667.000000  0.979576 
667.000000  668.000000  0.979607 
668.000000  669.000000  0.979638 
669.000000  670.000000  0.979668 
670.000000  671.000000  0.979699 
671.000000  672.000000  0.979730 
672.000000  673.000000  0.979761 
673.000000  674.000000  0.979792 
674.000000  675.000000  0.979823 
675.000000  676.000000  0.979854 
676.000000  677.000000  0.979885 
677.000000  678.000000  0.979916 
678.000000  679.000000  0.979948 
679.000000  680.000000  0.979979 
680.000000  681.000000  0.980010 
681.000000  682.000000  0.980042 
682.000000  683.000000  0.980073 
683.000000  684.000000  0.980105 
684.000000  685.000000  0.980137 
685.000000  686.000000  0.980168 
686.000000  687.000000  0.980200 
687.000000  688.000000  0.980232 
688.000000  689.000000  0.980263 
689.000000  690.000000  0.980295 
690.000000  691.000000  0.980327 
691.000000  692.000000  0.980359 
692.000000  693.000000  0.980391 
693.000000  694.000000  0.980422 
694.000000  695.000000  0.980454 
695.000000  696.000000  0.980486 
696.000000  697.000000  0.980518 
697.000000  698.000000  0.980550 
698.000000  699.000000  0.980582 
699.000000  700.000000  0.980614 
700.000000  701.000000  0.980646 
701.000000  702.000000  0.980678 
702.000000  703.000000  0.980710 
703.000000  704.000000  0.980742 
704.000000  705.000000  0.980774 
705.000000  706.000000  0.980806 
706.000000  707.000000  0.980838 
707.000000  708.000000  0.980870 
708.000000  709.000000  0.980902 
709.000000  710.000000  0.980934 
710.000000  711.000000  0.980966 
711.000000  712.000000  0.980998 
712.000000  713.000000  0.981030 
713.000000  714.000000  0.981062 
714.000000  715.000000  0.981094 
715.000000  716.000000  0.981126 
716.000000  717.000000  0.981158 
717.000000  718.000000  0.981190 
718.000000  719.000000  0.981222 
719.000000  720.000000  0.981254 
720.000000  721.000000  0.981285 
721.000000  722.000000  0.981317 
722.000000  723.000000  0.981349 
723.000000  724.000000  0.981381 
724.000000  725.000000  0.981413 
725.000000  726.000000  0.981444 
726.000000  727.000000  0.981476 
727.000000  728.000000  0.981508 
728.000000  729.000000  0.981539 
729.000000  730.000000  0.981571 
730.000000  731.000000  0.981602 
731.000000  732.000000  0.981634 
732.000000  733.000000  0.981665 
733.000000  734.000000  0.981697 
734.000000  735.000000  0.981728 
735.000000  736.000000  0.981760 
736.000000  737.000000  0.981791 
737.000000  738.000000  0.981822 
738.000000  739.000000  0.981854 
739.000000  740.000000  0.981885 
740.000000  741.000000  0.981916 
741.000000  742.000000  0.981947 
742.000000  743.000000  0.981978 
743.000000  744.000000  0.982009 
744.000000  745.000000  0.982040 
745.000000  746.000000  0.982071 
746.000000  747.000000  0.982102 
747.000000  748.000000  0.982133 
748.000000  749.000000  0.982164 
749.000000  750.000000  0.982194 
750.000000  751.000000  0.982225 
751.000000  752.000000  0.982256 
752.000000  753.000000  0.982286 
753.000000  754.000000  0.982317 
754.000000  755.000000  0.982347 
755.000000  756.000000  0.982378 
756.000000  757.000000  0.982408 
757.000000  758.000000  0.982438 
758.000000  759.000000  0.982468 
759.000000  760.000000  0.982499 
760.000000  761.000000  0.982529 
761.000000  762.000000  0.982559 
762.000000  763.000000  0.982589 
763.000000  764.000000  0.982619 
764.000000  765.000000  0.982648 
765.000000  766.000000  0.982678 
766.000000  767.000000  0.982708 
767.000000  768.000000  0.982738 
768.000000  769.000000  0.982767 
769.000000  770.000000  0.982797 
770.000000  771.000000  0.982826 
771.000000  772.000000  0.982855 
772.000000  773.000000  0.982885 
773.000000  774.000000  0.982914 
774.000000  775.000000  0.982943 
775.000000  776.000000  0.982972 
776.000000  777.000000  0.983001 
777.000000  778.000000  0.983030 
778.000000  779.000000  0.983059 
779.000000  780.000000  0.983088 
780.000000  781.000000  0.983117 
781.000000  782.000000  0.983145 
782.000000  783.000000  0.983174 
783.000000  784.000000  0.983203 
784.000000  785.000000  0.983231 
785.000000  786.000000  0.983259 
786.000000  787.000000  0.983288 
787.000000  788.000000  0.983316 
788.000000  789.000000  0.983344 
789.000000  790.000000  0.983372 
790.000000  791.000000  0.983400 
791.000000  792.000000  0.983428 
792.000000  793.000000  0.983456 
793.000000  794.000000  0.983484 
794.000000  795.000000  0.983512 
795.000000  796.000000  0.983539 
796.000000  797.000000  0.983567 
797.000000  798.000000  0.983594 
798.000000  799.000000  0.983622 
799.000000  800.000000  0.983649 
800.000000  801.000000  0.983676 
801.000000  802.000000  0.983704 
802.000000  803.000000  0.983731 
803.000000  804.000000  0.983758 
804.000000  805.000000  0.983785 
805.000000  806.000000  0.983811 
806.000000  807.000000  0.983838 
807.000000  808.000000  0.983865 
808.000000  809.000000  0.983892 
809.000000  810.000000  0.983918 
810.000000  811.000000  0.983945 
811.000000  812.000000  0.983971 
812.000000  813.000000  0.983997 
813.000000  814.000000  0.984024 
814.000000  815.000000  0.984050 
815.000000  816.000000  0.984076 
816.000000  817.000000  0.984102 
817.000000  818.000000  0.984128 
818.000000  819.000000  0.984153 
819.000000  820.000000  0.984179 
820.000000  821.000000  0.984205 
821.000000  822.000000  0.984230 
822.000000  823.000000  0.984256 
823.000000  824.000000  0.984281 
824.000000  825.000000  0.984307 
825.000000  826.000000  0.984332 
826.000000  827.000000  0.984357 
827.000000  828.000000  0.984382 
828.000000  829.000000  0.984407 
829.000000  830.000000  0.984432 
830.000000  831.000000  0.984457 
831.000000  832.000000  0.984482 
832.000000  833.000000  0.984507 
833.000000  834.000000  0.984531 
834.000000  835.000000  0.984556 
835.000000  836.000000  0.984580 
836.000000  837.000000  0.984604 
837.000000  838.000000  0.984629 
838.000000  839.000000  0.984653 
839.000000  840.000000  0.984677 
840.000000  841.000000  0.984701 
841.000000  842.000000  0.984725 
842.000000  843.000000  0.984749 
843.000000  844.000000  0.984773 
844.000000  845.000000  0.984796 
845.000000  846.000000  0.984820 
846.000000  847.000000  0.984844 
847.000000  848.000000  0.984867 
848.000000  849.000000  0.984891 
849.000000  850.000000  0.984914 
850.000000  851.000000  0.984937 
851.000000  852.000000  0.984960 
852.000000  853.000000  0.984983 
853.000000  854.000000  0.985006 
854.000000  855.000000  0.985029 
855.000000  856.000000  0.985052 
856.000000  857.000000  0.985075 
857.000000  858.000000  0.985097 
858.000000  859.000000  0.985120 
859.000000  860.000000  0.985142 
860.000000  861.000000  0.985165 
861.000000  862.000000  0.985187 
862.000000  863.000000  0.985210 
863.000000  864.000000  0.985232 
864.000000  865.000000  0.985254 
865.000000  866.000000  0.985276 
866.000000  867.000000  0.985298 
867.000000  868.000000  0.985320 
868.000000  869.000000  0.985341 
869.000000  870.000000  0.985363 
870.000000  871.000000  0.985385 
871.000000  872.000000  0.985406 
872.000000  873.000000  0.985428 
873.000000  874.000000  0.985449 
874.000000  875.000000  0.985470 
875.000000  876.000000  0.985492 
876.000000  877.000000  0.985513 
877.000000  878.000000  0.985534 
878.000000  879.000000  0.985555 
879.000000  880.000000  0.985576 
880.000000  881.000000  0.985597 
881.000000  882.000000  0.985617 
882.000000  883.000000  0.985638 
883.000000  884.000000  0.985659 
884.000000  885.000000  0.985679 
885.000000  886.000000  0.985700 
886.000000  887.000000  0.985720 
887.000000  888.000000  0.985740 
888.000000  889.000000  0.985761 
889.000000  890.000000  0.985781 
890.000000  891.000000  0.985801 
891.000000  892.000000  0.985821 
892.000000  893.000000  0.985841 
893.000000  894.000000  0.985861 
894.000000  895.000000  0.985880 
895.000000  896.000000  0.985900 
896.000000  897.000000  0.985920 
897.000000  898.000000  0.985939 
898.000000  899.000000  0.985959 
899.000000  900.000000  0.985978 
900.000000  901.000000  0.985997 
901.000000  902.000000  0.986017 
902.000000  903.000000  0.986036 
903.000000  904.000000  0.986055 
904.000000  905.000000  0.986074 
905.000000  906.000000  0.986093 
906.000000  907.000000  0.986112 
907.000000  908.000000  0.986130 
908.000000  909.000000  0.986149 
909.000000  910.000000  0.986168 
910.000000  911.000000  0.986186 
911.000000  912.000000  0.986205 
912.000000  913.000000  0.986223 
913.000000  914.000000  0.986242 
914.000000  915.000000  0.986260 
915.000000  916.000000  0.986278 
916.000000  917.000000  0.986296 
917.000000  918.000000  0.986314 
918.000000  919.000000  0.986332 
919.000000  920.000000  0.986350 
920.000000  921.000000  0.986368 
921.000000  922.000000  0.986386 
922.000000  923.000000  0.986404 
923.000000  924.000000  0.986421 
924.000000  925.000000  0.986439 
925.000000  926.000000  0.986456 
926.000000  927.000000  0.986474 
927.000000  928.000000  0.986491 
928.000000  929.000000  0.986508 
929.000000  930.000000  0.986526 
930.000000  931.000000  0.986543 
931.000000  932.000000  0.986560 
932.000000  933.000000  0.986577 
933.000000  934.000000  0.986594 
934.000000  935.000000  0.986611 
935.000000  936.000000  0.986628 
936.000000  937.000000  0.986644 
937.000000  938.000000  0.986661 
