20.000000  21.000000  0.000024 
21.000000  22.000000  0.000027 
22.000000  23.000000  0.000030 
23.000000  24.000000  0.000034 
24.000000  25.000000  0.000037 
25.000000  26.000000  0.000041 
26.000000  27.000000  0.000045 
27.000000  28.000000  0.000049 
28.000000  29.000000  0.000052 
29.000000  30.000000  0.000056 
30.000000  31.000000  0.000060 
31.000000  32.000000  0.000064 
32.000000  33.000000  0.000068 
33.000000  34.000000  0.000072 
34.000000  35.000000  0.000076 
35.000000  36.000000  0.000080 
36.000000  37.000000  0.000084 
37.000000  38.000000  0.000088 
38.000000  39.000000  0.000093 
39.000000  40.000000  0.000097 
40.000000  41.000000  0.000101 
41.000000  42.000000  0.000105 
42.000000  43.000000  0.000109 
43.000000  44.000000  0.000113 
44.000000  45.000000  0.000117 
45.000000  46.000000  0.000121 
46.000000  47.000000  0.000124 
47.000000  48.000000  0.000128 
48.000000  49.000000  0.000132 
49.000000  50.000000  0.000136 
50.000000  51.000000  0.000139 
51.000000  52.000000  0.000143 
52.000000  53.000000  0.000146 
53.000000  54.000000  0.000150 
54.000000  55.000000  0.000153 
55.000000  56.000000  0.000156 
56.000000  57.000000  0.000160 
57.000000  58.000000  0.000163 
58.000000  59.000000  0.000166 
59.000000  60.000000  0.000169 
60.000000  61.000000  0.000171 
61.000000  62.000000  0.000174 
62.000000  63.000000  0.000177 
63.000000  64.000000  0.000179 
64.000000  65.000000  0.000181 
65.000000  66.000000  0.000184 
66.000000  67.000000  0.000186 
67.000000  68.000000  0.000188 
68.000000  69.000000  0.000190 
69.000000  70.000000  0.000192 
70.000000  71.000000  0.000194 
71.000000  72.000000  0.000195 
72.000000  73.000000  0.000197 
73.000000  74.000000  0.000199 
74.000000  75.000000  0.000200 
75.000000  76.000000  0.000201 
76.000000  77.000000  0.000203 
77.000000  78.000000  0.000204 
78.000000  79.000000  0.000205 
79.000000  80.000000  0.000206 
80.000000  81.000000  0.000207 
81.000000  82.000000  0.000208 
82.000000  83.000000  0.000209 
83.000000  84.000000  0.000210 
84.000000  85.000000  0.000210 
85.000000  86.000000  0.000211 
86.000000  87.000000  0.000212 
87.000000  88.000000  0.000212 
88.000000  89.000000  0.000213 
89.000000  90.000000  0.000213 
90.000000  91.000000  0.000214 
91.000000  92.000000  0.000214 
92.000000  93.000000  0.000215 
93.000000  94.000000  0.000215 
94.000000  95.000000  0.000215 
95.000000  96.000000  0.000216 
96.000000  97.000000  0.000216 
97.000000  98.000000  0.000216 
98.000000  99.000000  0.000217 
99.000000  100.000000  0.000217 
100.000000  101.000000  0.000217 
101.000000  102.000000  0.000217 
102.000000  103.000000  0.000218 
103.000000  104.000000  0.000218 
104.000000  105.000000  0.000218 
105.000000  106.000000  0.000218 
106.000000  107.000000  0.000218 
107.000000  108.000000  0.000219 
108.000000  109.000000  0.000219 
109.000000  110.000000  0.000219 
110.000000  111.000000  0.000219 
111.000000  112.000000  0.000220 
112.000000  113.000000  0.000220 
113.000000  114.000000  0.000220 
114.000000  115.000000  0.000220 
115.000000  116.000000  0.000221 
116.000000  117.000000  0.000221 
117.000000  118.000000  0.000221 
118.000000  119.000000  0.000222 
119.000000  120.000000  0.000222 
120.000000  121.000000  0.000222 
121.000000  122.000000  0.000223 
122.000000  123.000000  0.000223 
123.000000  124.000000  0.000223 
124.000000  125.000000  0.000224 
125.000000  126.000000  0.000224 
126.000000  127.000000  0.000225 
127.000000  128.000000  0.000225 
128.000000  129.000000  0.000226 
129.000000  130.000000  0.000226 
130.000000  131.000000  0.000227 
131.000000  132.000000  0.000227 
132.000000  133.000000  0.000228 
133.000000  134.000000  0.000228 
134.000000  135.000000  0.000229 
135.000000  136.000000  0.000229 
136.000000  137.000000  0.000230 
137.000000  138.000000  0.000230 
138.000000  139.000000  0.000231 
139.000000  140.000000  0.000232 
140.000000  141.000000  0.000232 
141.000000  142.000000  0.000233 
142.000000  143.000000  0.000234 
143.000000  144.000000  0.000234 
144.000000  145.000000  0.000235 
145.000000  146.000000  0.000236 
146.000000  147.000000  0.000236 
147.000000  148.000000  0.000237 
148.000000  149.000000  0.000238 
149.000000  150.000000  0.000239 
150.000000  151.000000  0.000239 
151.000000  152.000000  0.000240 
152.000000  153.000000  0.000241 
153.000000  154.000000  0.000242 
154.000000  155.000000  0.000242 
155.000000  156.000000  0.000243 
156.000000  157.000000  0.000244 
157.000000  158.000000  0.000245 
158.000000  159.000000  0.000245 
159.000000  160.000000  0.000246 
160.000000  161.000000  0.000247 
161.000000  162.000000  0.000248 
162.000000  163.000000  0.000249 
163.000000  164.000000  0.000249 
164.000000  165.000000  0.000250 
165.000000  166.000000  0.000251 
166.000000  167.000000  0.000252 
167.000000  168.000000  0.000253 
168.000000  169.000000  0.000253 
169.000000  170.000000  0.000254 
170.000000  171.000000  0.000255 
171.000000  172.000000  0.000256 
172.000000  173.000000  0.000257 
173.000000  174.000000  0.000257 
174.000000  175.000000  0.000258 
175.000000  176.000000  0.000259 
176.000000  177.000000  0.000260 
177.000000  178.000000  0.000261 
178.000000  179.000000  0.000261 
179.000000  180.000000  0.000262 
180.000000  181.000000  0.000263 
181.000000  182.000000  0.000264 
182.000000  183.000000  0.000264 
183.000000  184.000000  0.000265 
184.000000  185.000000  0.000266 
185.000000  186.000000  0.000267 
186.000000  187.000000  0.000267 
187.000000  188.000000  0.000268 
188.000000  189.000000  0.000269 
189.000000  190.000000  0.000270 
190.000000  191.000000  0.000270 
191.000000  192.000000  0.000271 
192.000000  193.000000  0.000272 
193.000000  194.000000  0.000272 
194.000000  195.000000  0.000273 
195.000000  196.000000  0.000274 
196.000000  197.000000  0.000275 
197.000000  198.000000  0.000275 
198.000000  199.000000  0.000276 
199.000000  200.000000  0.000276 
200.000000  201.000000  0.000277 
201.000000  202.000000  0.000278 
202.000000  203.000000  0.000278 
203.000000  204.000000  0.000279 
204.000000  205.000000  0.000280 
205.000000  206.000000  0.000280 
206.000000  207.000000  0.000281 
207.000000  208.000000  0.000281 
208.000000  209.000000  0.000282 
209.000000  210.000000  0.000283 
210.000000  211.000000  0.000283 
211.000000  212.000000  0.000284 
212.000000  213.000000  0.000284 
213.000000  214.000000  0.000285 
214.000000  215.000000  0.000285 
215.000000  216.000000  0.000286 
216.000000  217.000000  0.000286 
217.000000  218.000000  0.000287 
218.000000  219.000000  0.000287 
219.000000  220.000000  0.000288 
220.000000  221.000000  0.000288 
221.000000  222.000000  0.000289 
222.000000  223.000000  0.000289 
223.000000  224.000000  0.000290 
224.000000  225.000000  0.000290 
225.000000  226.000000  0.000291 
226.000000  227.000000  0.000291 
227.000000  228.000000  0.000291 
228.000000  229.000000  0.000292 
229.000000  230.000000  0.000292 
230.000000  231.000000  0.000293 
231.000000  232.000000  0.000293 
232.000000  233.000000  0.000293 
233.000000  234.000000  0.000294 
234.000000  235.000000  0.000294 
235.000000  236.000000  0.000294 
236.000000  237.000000  0.000295 
237.000000  238.000000  0.000295 
238.000000  239.000000  0.000296 
239.000000  240.000000  0.000296 
240.000000  241.000000  0.000296 
241.000000  242.000000  0.000297 
242.000000  243.000000  0.000297 
243.000000  244.000000  0.000297 
244.000000  245.000000  0.000297 
245.000000  246.000000  0.000298 
246.000000  247.000000  0.000298 
247.000000  248.000000  0.000298 
248.000000  249.000000  0.000299 
249.000000  250.000000  0.000299 
250.000000  251.000000  0.000299 
251.000000  252.000000  0.000299 
252.000000  253.000000  0.000300 
253.000000  254.000000  0.000300 
254.000000  255.000000  0.000300 
255.000000  256.000000  0.000300 
256.000000  257.000000  0.000301 
257.000000  258.000000  0.000301 
258.000000  259.000000  0.000301 
259.000000  260.000000  0.000301 
260.000000  261.000000  0.000301 
261.000000  262.000000  0.000302 
262.000000  263.000000  0.000302 
263.000000  264.000000  0.000302 
264.000000  265.000000  0.000302 
265.000000  266.000000  0.000302 
266.000000  267.000000  0.000303 
267.000000  268.000000  0.000303 
268.000000  269.000000  0.000303 
269.000000  270.000000  0.000303 
270.000000  271.000000  0.000303 
271.000000  272.000000  0.000304 
272.000000  273.000000  0.000304 
273.000000  274.000000  0.000304 
274.000000  275.000000  0.000304 
275.000000  276.000000  0.000304 
276.000000  277.000000  0.000304 
277.000000  278.000000  0.000305 
278.000000  279.000000  0.000305 
279.000000  280.000000  0.000305 
280.000000  281.000000  0.000305 
281.000000  282.000000  0.000305 
282.000000  283.000000  0.000305 
283.000000  284.000000  0.000306 
284.000000  285.000000  0.000306 
285.000000  286.000000  0.000306 
286.000000  287.000000  0.000306 
287.000000  288.000000  0.000306 
288.000000  289.000000  0.000306 
289.000000  290.000000  0.000307 
290.000000  291.000000  0.000307 
291.000000  292.000000  0.000307 
292.000000  293.000000  0.000307 
293.000000  294.000000  0.000307 
294.000000  295.000000  0.000307 
295.000000  296.000000  0.000307 
296.000000  297.000000  0.000308 
297.000000  298.000000  0.000308 
298.000000  299.000000  0.000308 
299.000000  300.000000  0.000308 
300.000000  301.000000  0.000308 
301.000000  302.000000  0.000308 
302.000000  303.000000  0.000308 
303.000000  304.000000  0.000309 
304.000000  305.000000  0.000309 
305.000000  306.000000  0.000309 
306.000000  307.000000  0.000309 
307.000000  308.000000  0.000309 
308.000000  309.000000  0.000309 
309.000000  310.000000  0.000309 
310.000000  311.000000  0.000310 
311.000000  312.000000  0.000310 
312.000000  313.000000  0.000310 
313.000000  314.000000  0.000310 
314.000000  315.000000  0.000310 
315.000000  316.000000  0.000310 
316.000000  317.000000  0.000311 
317.000000  318.000000  0.000311 
318.000000  319.000000  0.000311 
319.000000  320.000000  0.000311 
320.000000  321.000000  0.000311 
321.000000  322.000000  0.000311 
322.000000  323.000000  0.000311 
323.000000  324.000000  0.000312 
324.000000  325.000000  0.000312 
325.000000  326.000000  0.000312 
326.000000  327.000000  0.000312 
327.000000  328.000000  0.000312 
328.000000  329.000000  0.000312 
329.000000  330.000000  0.000313 
330.000000  331.000000  0.000313 
331.000000  332.000000  0.000313 
332.000000  333.000000  0.000313 
333.000000  334.000000  0.000313 
334.000000  335.000000  0.000313 
335.000000  336.000000  0.000313 
336.000000  337.000000  0.000314 
337.000000  338.000000  0.000314 
338.000000  339.000000  0.000314 
339.000000  340.000000  0.000314 
340.000000  341.000000  0.000314 
341.000000  342.000000  0.000314 
342.000000  343.000000  0.000315 
343.000000  344.000000  0.000315 
344.000000  345.000000  0.000315 
345.000000  346.000000  0.000315 
346.000000  347.000000  0.000315 
347.000000  348.000000  0.000316 
348.000000  349.000000  0.000316 
349.000000  350.000000  0.000316 
350.000000  351.000000  0.000316 
351.000000  352.000000  0.000316 
352.000000  353.000000  0.000316 
353.000000  354.000000  0.000317 
354.000000  355.000000  0.000317 
355.000000  356.000000  0.000317 
356.000000  357.000000  0.000317 
357.000000  358.000000  0.000317 
358.000000  359.000000  0.000317 
359.000000  360.000000  0.000318 
360.000000  361.000000  0.000318 
361.000000  362.000000  0.000318 
362.000000  363.000000  0.000318 
363.000000  364.000000  0.000318 
364.000000  365.000000  0.000319 
365.000000  366.000000  0.000319 
366.000000  367.000000  0.000319 
367.000000  368.000000  0.000319 
368.000000  369.000000  0.000319 
369.000000  370.000000  0.000319 
370.000000  371.000000  0.000320 
371.000000  372.000000  0.000320 
372.000000  373.000000  0.000320 
373.000000  374.000000  0.000320 
374.000000  375.000000  0.000320 
375.000000  376.000000  0.000321 
376.000000  377.000000  0.000321 
377.000000  378.000000  0.000321 
378.000000  379.000000  0.000321 
379.000000  380.000000  0.000321 
380.000000  381.000000  0.000322 
381.000000  382.000000  0.000322 
382.000000  383.000000  0.000322 
383.000000  384.000000  0.000322 
384.000000  385.000000  0.000322 
385.000000  386.000000  0.000322 
386.000000  387.000000  0.000323 
387.000000  388.000000  0.000323 
388.000000  389.000000  0.000323 
389.000000  390.000000  0.000323 
390.000000  391.000000  0.000323 
391.000000  392.000000  0.000324 
392.000000  393.000000  0.000324 
393.000000  394.000000  0.000324 
394.000000  395.000000  0.000324 
395.000000  396.000000  0.000324 
396.000000  397.000000  0.000325 
397.000000  398.000000  0.000325 
398.000000  399.000000  0.000325 
399.000000  400.000000  0.000325 
400.000000  401.000000  0.000325 
401.000000  402.000000  0.000325 
402.000000  403.000000  0.000326 
403.000000  404.000000  0.000326 
404.000000  405.000000  0.000326 
405.000000  406.000000  0.000326 
406.000000  407.000000  0.000326 
407.000000  408.000000  0.000327 
408.000000  409.000000  0.000327 
409.000000  410.000000  0.000327 
410.000000  411.000000  0.000327 
411.000000  412.000000  0.000327 
412.000000  413.000000  0.000327 
413.000000  414.000000  0.000328 
414.000000  415.000000  0.000328 
415.000000  416.000000  0.000328 
416.000000  417.000000  0.000328 
417.000000  418.000000  0.000328 
418.000000  419.000000  0.000329 
419.000000  420.000000  0.000329 
420.000000  421.000000  0.000329 
421.000000  422.000000  0.000329 
422.000000  423.000000  0.000329 
423.000000  424.000000  0.000329 
424.000000  425.000000  0.000330 
425.000000  426.000000  0.000330 
426.000000  427.000000  0.000330 
427.000000  428.000000  0.000330 
428.000000  429.000000  0.000330 
429.000000  430.000000  0.000331 
430.000000  431.000000  0.000331 
431.000000  432.000000  0.000331 
432.000000  433.000000  0.000331 
433.000000  434.000000  0.000331 
434.000000  435.000000  0.000331 
435.000000  436.000000  0.000332 
436.000000  437.000000  0.000332 
437.000000  438.000000  0.000332 
438.000000  439.000000  0.000332 
439.000000  440.000000  0.000332 
440.000000  441.000000  0.000332 
441.000000  442.000000  0.000333 
442.000000  443.000000  0.000333 
443.000000  444.000000  0.000333 
444.000000  445.000000  0.000333 
445.000000  446.000000  0.000333 
446.000000  447.000000  0.000333 
447.000000  448.000000  0.000334 
448.000000  449.000000  0.000334 
449.000000  450.000000  0.000334 
450.000000  451.000000  0.000334 
451.000000  452.000000  0.000334 
452.000000  453.000000  0.000334 
453.000000  454.000000  0.000335 
454.000000  455.000000  0.000335 
455.000000  456.000000  0.000335 
456.000000  457.000000  0.000335 
457.000000  458.000000  0.000335 
458.000000  459.000000  0.000335 
459.000000  460.000000  0.000336 
460.000000  461.000000  0.000336 
461.000000  462.000000  0.000336 
462.000000  463.000000  0.000336 
463.000000  464.000000  0.000336 
464.000000  465.000000  0.000336 
465.000000  466.000000  0.000336 
466.000000  467.000000  0.000337 
467.000000  468.000000  0.000337 
468.000000  469.000000  0.000337 
469.000000  470.000000  0.000337 
470.000000  471.000000  0.000337 
471.000000  472.000000  0.000337 
472.000000  473.000000  0.000338 
473.000000  474.000000  0.000338 
474.000000  475.000000  0.000338 
475.000000  476.000000  0.000338 
476.000000  477.000000  0.000338 
477.000000  478.000000  0.000338 
478.000000  479.000000  0.000338 
479.000000  480.000000  0.000339 
480.000000  481.000000  0.000339 
481.000000  482.000000  0.000339 
482.000000  483.000000  0.000339 
483.000000  484.000000  0.000339 
484.000000  485.000000  0.000339 
485.000000  486.000000  0.000339 
486.000000  487.000000  0.000340 
487.000000  488.000000  0.000340 
488.000000  489.000000  0.000340 
489.000000  490.000000  0.000340 
490.000000  491.000000  0.000340 
491.000000  492.000000  0.000340 
492.000000  493.000000  0.000340 
493.000000  494.000000  0.000341 
494.000000  495.000000  0.000341 
495.000000  496.000000  0.000341 
496.000000  497.000000  0.000341 
497.000000  498.000000  0.000341 
498.000000  499.000000  0.000341 
499.000000  500.000000  0.000341 
500.000000  501.000000  0.000341 
501.000000  502.000000  0.000342 
502.000000  503.000000  0.000342 
503.000000  504.000000  0.000342 
504.000000  505.000000  0.000342 
505.000000  506.000000  0.000342 
506.000000  507.000000  0.000342 
507.000000  508.000000  0.000342 
508.000000  509.000000  0.000342 
509.000000  510.000000  0.000343 
510.000000  511.000000  0.000343 
511.000000  512.000000  0.000343 
512.000000  513.000000  0.000343 
513.000000  514.000000  0.000343 
514.000000  515.000000  0.000343 
515.000000  516.000000  0.000343 
516.000000  517.000000  0.000343 
517.000000  518.000000  0.000344 
518.000000  519.000000  0.000344 
519.000000  520.000000  0.000344 
520.000000  521.000000  0.000344 
521.000000  522.000000  0.000344 
522.000000  523.000000  0.000344 
523.000000  524.000000  0.000344 
524.000000  525.000000  0.000344 
525.000000  526.000000  0.000345 
526.000000  527.000000  0.000345 
527.000000  528.000000  0.000345 
528.000000  529.000000  0.000345 
529.000000  530.000000  0.000345 
530.000000  531.000000  0.000345 
531.000000  532.000000  0.000345 
532.000000  533.000000  0.000345 
533.000000  534.000000  0.000345 
534.000000  535.000000  0.000346 
535.000000  536.000000  0.000346 
536.000000  537.000000  0.000346 
537.000000  538.000000  0.000346 
538.000000  539.000000  0.000346 
539.000000  540.000000  0.000346 
540.000000  541.000000  0.000346 
541.000000  542.000000  0.000346 
542.000000  543.000000  0.000346 
543.000000  544.000000  0.000346 
544.000000  545.000000  0.000347 
545.000000  546.000000  0.000347 
546.000000  547.000000  0.000347 
547.000000  548.000000  0.000347 
548.000000  549.000000  0.000347 
549.000000  550.000000  0.000347 
550.000000  551.000000  0.000347 
551.000000  552.000000  0.000347 
552.000000  553.000000  0.000347 
553.000000  554.000000  0.000348 
554.000000  555.000000  0.000348 
555.000000  556.000000  0.000348 
556.000000  557.000000  0.000348 
557.000000  558.000000  0.000348 
558.000000  559.000000  0.000348 
559.000000  560.000000  0.000348 
560.000000  561.000000  0.000348 
561.000000  562.000000  0.000348 
562.000000  563.000000  0.000348 
563.000000  564.000000  0.000348 
564.000000  565.000000  0.000349 
565.000000  566.000000  0.000349 
566.000000  567.000000  0.000349 
567.000000  568.000000  0.000349 
568.000000  569.000000  0.000349 
569.000000  570.000000  0.000349 
570.000000  571.000000  0.000349 
571.000000  572.000000  0.000349 
572.000000  573.000000  0.000349 
573.000000  574.000000  0.000349 
574.000000  575.000000  0.000349 
575.000000  576.000000  0.000350 
576.000000  577.000000  0.000350 
577.000000  578.000000  0.000350 
578.000000  579.000000  0.000350 
579.000000  580.000000  0.000350 
580.000000  581.000000  0.000350 
581.000000  582.000000  0.000350 
582.000000  583.000000  0.000350 
583.000000  584.000000  0.000350 
584.000000  585.000000  0.000350 
585.000000  586.000000  0.000350 
586.000000  587.000000  0.000351 
587.000000  588.000000  0.000351 
588.000000  589.000000  0.000351 
589.000000  590.000000  0.000351 
590.000000  591.000000  0.000351 
591.000000  592.000000  0.000351 
592.000000  593.000000  0.000351 
593.000000  594.000000  0.000351 
594.000000  595.000000  0.000351 
595.000000  596.000000  0.000351 
596.000000  597.000000  0.000351 
597.000000  598.000000  0.000351 
598.000000  599.000000  0.000351 
599.000000  600.000000  0.000352 
600.000000  601.000000  0.000352 
601.000000  602.000000  0.000352 
602.000000  603.000000  0.000352 
603.000000  604.000000  0.000352 
604.000000  605.000000  0.000352 
605.000000  606.000000  0.000352 
606.000000  607.000000  0.000352 
607.000000  608.000000  0.000352 
608.000000  609.000000  0.000352 
609.000000  610.000000  0.000352 
610.000000  611.000000  0.000352 
611.000000  612.000000  0.000352 
612.000000  613.000000  0.000353 
613.000000  614.000000  0.000353 
614.000000  615.000000  0.000353 
615.000000  616.000000  0.000353 
616.000000  617.000000  0.000353 
617.000000  618.000000  0.000353 
618.000000  619.000000  0.000353 
619.000000  620.000000  0.000353 
620.000000  621.000000  0.000353 
621.000000  622.000000  0.000353 
622.000000  623.000000  0.000353 
623.000000  624.000000  0.000353 
624.000000  625.000000  0.000353 
625.000000  626.000000  0.000353 
626.000000  627.000000  0.000353 
627.000000  628.000000  0.000354 
628.000000  629.000000  0.000354 
629.000000  630.000000  0.000354 
630.000000  631.000000  0.000354 
631.000000  632.000000  0.000354 
632.000000  633.000000  0.000354 
633.000000  634.000000  0.000354 
634.000000  635.000000  0.000354 
635.000000  636.000000  0.000354 
636.000000  637.000000  0.000354 
637.000000  638.000000  0.000354 
638.000000  639.000000  0.000354 
639.000000  640.000000  0.000354 
640.000000  641.000000  0.000354 
641.000000  642.000000  0.000354 
642.000000  643.000000  0.000355 
643.000000  644.000000  0.000355 
644.000000  645.000000  0.000355 
645.000000  646.000000  0.000355 
646.000000  647.000000  0.000355 
647.000000  648.000000  0.000355 
648.000000  649.000000  0.000355 
649.000000  650.000000  0.000355 
650.000000  651.000000  0.000355 
651.000000  652.000000  0.000355 
652.000000  653.000000  0.000355 
653.000000  654.000000  0.000355 
654.000000  655.000000  0.000355 
655.000000  656.000000  0.000355 
656.000000  657.000000  0.000355 
657.000000  658.000000  0.000355 
658.000000  659.000000  0.000355 
659.000000  660.000000  0.000356 
660.000000  661.000000  0.000356 
661.000000  662.000000  0.000356 
662.000000  663.000000  0.000356 
663.000000  664.000000  0.000356 
664.000000  665.000000  0.000356 
665.000000  666.000000  0.000356 
666.000000  667.000000  0.000356 
667.000000  668.000000  0.000356 
668.000000  669.000000  0.000356 
669.000000  670.000000  0.000356 
670.000000  671.000000  0.000356 
671.000000  672.000000  0.000356 
672.000000  673.000000  0.000356 
673.000000  674.000000  0.000356 
674.000000  675.000000  0.000356 
675.000000  676.000000  0.000356 
676.000000  677.000000  0.000356 
677.000000  678.000000  0.000356 
678.000000  679.000000  0.000357 
679.000000  680.000000  0.000357 
680.000000  681.000000  0.000357 
681.000000  682.000000  0.000357 
682.000000  683.000000  0.000357 
683.000000  684.000000  0.000357 
684.000000  685.000000  0.000357 
685.000000  686.000000  0.000357 
686.000000  687.000000  0.000357 
687.000000  688.000000  0.000357 
688.000000  689.000000  0.000357 
689.000000  690.000000  0.000357 
690.000000  691.000000  0.000357 
691.000000  692.000000  0.000357 
692.000000  693.000000  0.000357 
693.000000  694.000000  0.000357 
694.000000  695.000000  0.000357 
695.000000  696.000000  0.000357 
696.000000  697.000000  0.000357 
697.000000  698.000000  0.000357 
698.000000  699.000000  0.000357 
699.000000  700.000000  0.000357 
700.000000  701.000000  0.000358 
701.000000  702.000000  0.000358 
702.000000  703.000000  0.000358 
703.000000  704.000000  0.000358 
704.000000  705.000000  0.000358 
705.000000  706.000000  0.000358 
706.000000  707.000000  0.000358 
707.000000  708.000000  0.000358 
708.000000  709.000000  0.000358 
709.000000  710.000000  0.000358 
710.000000  711.000000  0.000358 
711.000000  712.000000  0.000358 
712.000000  713.000000  0.000358 
713.000000  714.000000  0.000358 
714.000000  715.000000  0.000358 
715.000000  716.000000  0.000358 
716.000000  717.000000  0.000358 
717.000000  718.000000  0.000358 
718.000000  719.000000  0.000358 
719.000000  720.000000  0.000358 
720.000000  721.000000  0.000358 
721.000000  722.000000  0.000358 
722.000000  723.000000  0.000358 
723.000000  724.000000  0.000358 
724.000000  725.000000  0.000359 
725.000000  726.000000  0.000359 
726.000000  727.000000  0.000359 
727.000000  728.000000  0.000359 
728.000000  729.000000  0.000359 
729.000000  730.000000  0.000359 
730.000000  731.000000  0.000359 
731.000000  732.000000  0.000359 
732.000000  733.000000  0.000359 
733.000000  734.000000  0.000359 
734.000000  735.000000  0.000359 
735.000000  736.000000  0.000359 
736.000000  737.000000  0.000359 
737.000000  738.000000  0.000359 
738.000000  739.000000  0.000359 
739.000000  740.000000  0.000359 
740.000000  741.000000  0.000359 
741.000000  742.000000  0.000359 
742.000000  743.000000  0.000359 
743.000000  744.000000  0.000359 
744.000000  745.000000  0.000359 
745.000000  746.000000  0.000359 
746.000000  747.000000  0.000359 
747.000000  748.000000  0.000359 
748.000000  749.000000  0.000359 
749.000000  750.000000  0.000359 
750.000000  751.000000  0.000359 
751.000000  752.000000  0.000359 
752.000000  753.000000  0.000360 
753.000000  754.000000  0.000360 
754.000000  755.000000  0.000360 
755.000000  756.000000  0.000360 
756.000000  757.000000  0.000360 
757.000000  758.000000  0.000360 
758.000000  759.000000  0.000360 
759.000000  760.000000  0.000360 
760.000000  761.000000  0.000360 
761.000000  762.000000  0.000360 
762.000000  763.000000  0.000360 
763.000000  764.000000  0.000360 
764.000000  765.000000  0.000360 
765.000000  766.000000  0.000360 
766.000000  767.000000  0.000360 
767.000000  768.000000  0.000360 
768.000000  769.000000  0.000360 
769.000000  770.000000  0.000360 
770.000000  771.000000  0.000360 
771.000000  772.000000  0.000360 
772.000000  773.000000  0.000360 
773.000000  774.000000  0.000360 
774.000000  775.000000  0.000360 
775.000000  776.000000  0.000360 
776.000000  777.000000  0.000360 
777.000000  778.000000  0.000360 
778.000000  779.000000  0.000360 
779.000000  780.000000  0.000360 
780.000000  781.000000  0.000360 
781.000000  782.000000  0.000360 
782.000000  783.000000  0.000360 
783.000000  784.000000  0.000360 
784.000000  785.000000  0.000360 
785.000000  786.000000  0.000360 
786.000000  787.000000  0.000361 
787.000000  788.000000  0.000361 
788.000000  789.000000  0.000361 
789.000000  790.000000  0.000361 
790.000000  791.000000  0.000361 
791.000000  792.000000  0.000361 
792.000000  793.000000  0.000361 
793.000000  794.000000  0.000361 
794.000000  795.000000  0.000361 
795.000000  796.000000  0.000361 
796.000000  797.000000  0.000361 
797.000000  798.000000  0.000361 
798.000000  799.000000  0.000361 
799.000000  800.000000  0.000361 
800.000000  801.000000  0.000361 
801.000000  802.000000  0.000361 
802.000000  803.000000  0.000361 
803.000000  804.000000  0.000361 
804.000000  805.000000  0.000361 
805.000000  806.000000  0.000361 
806.000000  807.000000  0.000361 
807.000000  808.000000  0.000361 
808.000000  809.000000  0.000361 
809.000000  810.000000  0.000361 
810.000000  811.000000  0.000361 
811.000000  812.000000  0.000361 
812.000000  813.000000  0.000361 
813.000000  814.000000  0.000361 
814.000000  815.000000  0.000361 
815.000000  816.000000  0.000361 
816.000000  817.000000  0.000361 
817.000000  818.000000  0.000361 
818.000000  819.000000  0.000361 
819.000000  820.000000  0.000361 
820.000000  821.000000  0.000361 
821.000000  822.000000  0.000361 
822.000000  823.000000  0.000361 
823.000000  824.000000  0.000361 
824.000000  825.000000  0.000361 
825.000000  826.000000  0.000361 
826.000000  827.000000  0.000361 
827.000000  828.000000  0.000361 
828.000000  829.000000  0.000362 
829.000000  830.000000  0.000362 
830.000000  831.000000  0.000362 
831.000000  832.000000  0.000362 
832.000000  833.000000  0.000362 
833.000000  834.000000  0.000362 
834.000000  835.000000  0.000362 
835.000000  836.000000  0.000362 
836.000000  837.000000  0.000362 
837.000000  838.000000  0.000362 
838.000000  839.000000  0.000362 
839.000000  840.000000  0.000362 
840.000000  841.000000  0.000362 
841.000000  842.000000  0.000362 
842.000000  843.000000  0.000362 
843.000000  844.000000  0.000362 
844.000000  845.000000  0.000362 
845.000000  846.000000  0.000362 
846.000000  847.000000  0.000362 
847.000000  848.000000  0.000362 
848.000000  849.000000  0.000362 
849.000000  850.000000  0.000362 
850.000000  851.000000  0.000362 
851.000000  852.000000  0.000362 
852.000000  853.000000  0.000362 
853.000000  854.000000  0.000362 
854.000000  855.000000  0.000362 
855.000000  856.000000  0.000362 
856.000000  857.000000  0.000362 
857.000000  858.000000  0.000362 
858.000000  859.000000  0.000362 
859.000000  860.000000  0.000362 
860.000000  861.000000  0.000362 
861.000000  862.000000  0.000362 
862.000000  863.000000  0.000362 
863.000000  864.000000  0.000362 
864.000000  865.000000  0.000362 
865.000000  866.000000  0.000362 
866.000000  867.000000  0.000362 
867.000000  868.000000  0.000362 
868.000000  869.000000  0.000362 
869.000000  870.000000  0.000362 
870.000000  871.000000  0.000362 
871.000000  872.000000  0.000362 
872.000000  873.000000  0.000362 
873.000000  874.000000  0.000362 
874.000000  875.000000  0.000362 
875.000000  876.000000  0.000362 
876.000000  877.000000  0.000362 
877.000000  878.000000  0.000362 
878.000000  879.000000  0.000362 
879.000000  880.000000  0.000362 
880.000000  881.000000  0.000362 
881.000000  882.000000  0.000362 
882.000000  883.000000  0.000362 
883.000000  884.000000  0.000363 
884.000000  885.000000  0.000363 
885.000000  886.000000  0.000363 
886.000000  887.000000  0.000363 
887.000000  888.000000  0.000363 
888.000000  889.000000  0.000363 
889.000000  890.000000  0.000363 
890.000000  891.000000  0.000363 
891.000000  892.000000  0.000363 
892.000000  893.000000  0.000363 
893.000000  894.000000  0.000363 
894.000000  895.000000  0.000363 
895.000000  896.000000  0.000363 
896.000000  897.000000  0.000363 
897.000000  898.000000  0.000363 
898.000000  899.000000  0.000363 
899.000000  900.000000  0.000363 
900.000000  901.000000  0.000363 
901.000000  902.000000  0.000363 
902.000000  903.000000  0.000363 
903.000000  904.000000  0.000363 
904.000000  905.000000  0.000363 
905.000000  906.000000  0.000363 
906.000000  907.000000  0.000363 
907.000000  908.000000  0.000363 
908.000000  909.000000  0.000363 
909.000000  910.000000  0.000363 
910.000000  911.000000  0.000363 
911.000000  912.000000  0.000363 
912.000000  913.000000  0.000363 
913.000000  914.000000  0.000363 
914.000000  915.000000  0.000363 
915.000000  916.000000  0.000363 
916.000000  917.000000  0.000363 
917.000000  918.000000  0.000363 
918.000000  919.000000  0.000363 
919.000000  920.000000  0.000363 
920.000000  921.000000  0.000363 
921.000000  922.000000  0.000363 
922.000000  923.000000  0.000363 
923.000000  924.000000  0.000363 
924.000000  925.000000  0.000363 
925.000000  926.000000  0.000363 
926.000000  927.000000  0.000363 
927.000000  928.000000  0.000363 
928.000000  929.000000  0.000363 
929.000000  930.000000  0.000363 
930.000000  931.000000  0.000363 
931.000000  932.000000  0.000363 
932.000000  933.000000  0.000363 
933.000000  934.000000  0.000363 
934.000000  935.000000  0.000363 
935.000000  936.000000  0.000363 
936.000000  937.000000  0.000363 
937.000000  938.000000  0.000363 
