20.000000  21.000000  0.001248 
21.000000  22.000000  0.001413 
22.000000  23.000000  0.001582 
23.000000  24.000000  0.001755 
24.000000  25.000000  0.001929 
25.000000  26.000000  0.002103 
26.000000  27.000000  0.002275 
27.000000  28.000000  0.002444 
28.000000  29.000000  0.002608 
29.000000  30.000000  0.002766 
30.000000  31.000000  0.002916 
31.000000  32.000000  0.003060 
32.000000  33.000000  0.003194 
33.000000  34.000000  0.003320 
34.000000  35.000000  0.003436 
35.000000  36.000000  0.003543 
36.000000  37.000000  0.003641 
37.000000  38.000000  0.003729 
38.000000  39.000000  0.003808 
39.000000  40.000000  0.003878 
40.000000  41.000000  0.003939 
41.000000  42.000000  0.003992 
42.000000  43.000000  0.004038 
43.000000  44.000000  0.004076 
44.000000  45.000000  0.004107 
45.000000  46.000000  0.004132 
46.000000  47.000000  0.004152 
47.000000  48.000000  0.004166 
48.000000  49.000000  0.004175 
49.000000  50.000000  0.004180 
50.000000  51.000000  0.004181 
51.000000  52.000000  0.004178 
52.000000  53.000000  0.004173 
53.000000  54.000000  0.004164 
54.000000  55.000000  0.004153 
55.000000  56.000000  0.004140 
56.000000  57.000000  0.004126 
57.000000  58.000000  0.004109 
58.000000  59.000000  0.004091 
59.000000  60.000000  0.004072 
60.000000  61.000000  0.004052 
61.000000  62.000000  0.004031 
62.000000  63.000000  0.004010 
63.000000  64.000000  0.003988 
64.000000  65.000000  0.003965 
65.000000  66.000000  0.003943 
66.000000  67.000000  0.003920 
67.000000  68.000000  0.003896 
68.000000  69.000000  0.003873 
69.000000  70.000000  0.003850 
70.000000  71.000000  0.003827 
71.000000  72.000000  0.003803 
72.000000  73.000000  0.003780 
73.000000  74.000000  0.003757 
74.000000  75.000000  0.003735 
75.000000  76.000000  0.003712 
76.000000  77.000000  0.003690 
77.000000  78.000000  0.003668 
78.000000  79.000000  0.003646 
79.000000  80.000000  0.003624 
80.000000  81.000000  0.003603 
81.000000  82.000000  0.003582 
82.000000  83.000000  0.003562 
83.000000  84.000000  0.003541 
84.000000  85.000000  0.003522 
85.000000  86.000000  0.003502 
86.000000  87.000000  0.003483 
87.000000  88.000000  0.003464 
88.000000  89.000000  0.003445 
89.000000  90.000000  0.003427 
90.000000  91.000000  0.003410 
91.000000  92.000000  0.003392 
92.000000  93.000000  0.003375 
93.000000  94.000000  0.003359 
94.000000  95.000000  0.003343 
95.000000  96.000000  0.003327 
96.000000  97.000000  0.003312 
97.000000  98.000000  0.003297 
98.000000  99.000000  0.003283 
99.000000  100.000000  0.003268 
100.000000  101.000000  0.003255 
101.000000  102.000000  0.003242 
102.000000  103.000000  0.003229 
103.000000  104.000000  0.003216 
104.000000  105.000000  0.003204 
105.000000  106.000000  0.003193 
106.000000  107.000000  0.003181 
107.000000  108.000000  0.003171 
108.000000  109.000000  0.003160 
109.000000  110.000000  0.003150 
110.000000  111.000000  0.003141 
111.000000  112.000000  0.003131 
112.000000  113.000000  0.003122 
113.000000  114.000000  0.003114 
114.000000  115.000000  0.003106 
115.000000  116.000000  0.003098 
116.000000  117.000000  0.003090 
117.000000  118.000000  0.003083 
118.000000  119.000000  0.003076 
119.000000  120.000000  0.003070 
120.000000  121.000000  0.003064 
121.000000  122.000000  0.003058 
122.000000  123.000000  0.003052 
123.000000  124.000000  0.003047 
124.000000  125.000000  0.003042 
125.000000  126.000000  0.003037 
126.000000  127.000000  0.003033 
127.000000  128.000000  0.003029 
128.000000  129.000000  0.003025 
129.000000  130.000000  0.003021 
130.000000  131.000000  0.003017 
131.000000  132.000000  0.003014 
132.000000  133.000000  0.003011 
133.000000  134.000000  0.003008 
134.000000  135.000000  0.003006 
135.000000  136.000000  0.003003 
136.000000  137.000000  0.003001 
137.000000  138.000000  0.002999 
138.000000  139.000000  0.002997 
139.000000  140.000000  0.002995 
140.000000  141.000000  0.002994 
141.000000  142.000000  0.002992 
142.000000  143.000000  0.002991 
143.000000  144.000000  0.002990 
144.000000  145.000000  0.002989 
145.000000  146.000000  0.002988 
146.000000  147.000000  0.002987 
147.000000  148.000000  0.002986 
148.000000  149.000000  0.002986 
149.000000  150.000000  0.002985 
150.000000  151.000000  0.002985 
151.000000  152.000000  0.002985 
152.000000  153.000000  0.002985 
153.000000  154.000000  0.002985 
154.000000  155.000000  0.002985 
155.000000  156.000000  0.002985 
156.000000  157.000000  0.002985 
157.000000  158.000000  0.002985 
158.000000  159.000000  0.002986 
159.000000  160.000000  0.002986 
160.000000  161.000000  0.002986 
161.000000  162.000000  0.002987 
162.000000  163.000000  0.002987 
163.000000  164.000000  0.002988 
164.000000  165.000000  0.002989 
165.000000  166.000000  0.002989 
166.000000  167.000000  0.002990 
167.000000  168.000000  0.002991 
168.000000  169.000000  0.002991 
169.000000  170.000000  0.002992 
170.000000  171.000000  0.002993 
171.000000  172.000000  0.002994 
172.000000  173.000000  0.002995 
173.000000  174.000000  0.002995 
174.000000  175.000000  0.002996 
175.000000  176.000000  0.002997 
176.000000  177.000000  0.002998 
177.000000  178.000000  0.002999 
178.000000  179.000000  0.003000 
179.000000  180.000000  0.003001 
180.000000  181.000000  0.003002 
181.000000  182.000000  0.003003 
182.000000  183.000000  0.003004 
183.000000  184.000000  0.003004 
184.000000  185.000000  0.003005 
185.000000  186.000000  0.003006 
186.000000  187.000000  0.003007 
187.000000  188.000000  0.003008 
188.000000  189.000000  0.003009 
189.000000  190.000000  0.003010 
190.000000  191.000000  0.003010 
191.000000  192.000000  0.003011 
192.000000  193.000000  0.003012 
193.000000  194.000000  0.003012 
194.000000  195.000000  0.003013 
195.000000  196.000000  0.003014 
196.000000  197.000000  0.003014 
197.000000  198.000000  0.003015 
198.000000  199.000000  0.003015 
199.000000  200.000000  0.003016 
200.000000  201.000000  0.003016 
201.000000  202.000000  0.003017 
202.000000  203.000000  0.003017 
203.000000  204.000000  0.003018 
204.000000  205.000000  0.003018 
205.000000  206.000000  0.003018 
206.000000  207.000000  0.003018 
207.000000  208.000000  0.003018 
208.000000  209.000000  0.003018 
209.000000  210.000000  0.003018 
210.000000  211.000000  0.003018 
211.000000  212.000000  0.003018 
212.000000  213.000000  0.003018 
213.000000  214.000000  0.003018 
214.000000  215.000000  0.003018 
215.000000  216.000000  0.003017 
216.000000  217.000000  0.003017 
217.000000  218.000000  0.003016 
218.000000  219.000000  0.003016 
219.000000  220.000000  0.003015 
220.000000  221.000000  0.003014 
221.000000  222.000000  0.003014 
222.000000  223.000000  0.003013 
223.000000  224.000000  0.003012 
224.000000  225.000000  0.003011 
225.000000  226.000000  0.003010 
226.000000  227.000000  0.003009 
227.000000  228.000000  0.003008 
228.000000  229.000000  0.003007 
229.000000  230.000000  0.003005 
230.000000  231.000000  0.003004 
231.000000  232.000000  0.003003 
232.000000  233.000000  0.003001 
233.000000  234.000000  0.002999 
234.000000  235.000000  0.002998 
235.000000  236.000000  0.002996 
236.000000  237.000000  0.002994 
237.000000  238.000000  0.002992 
238.000000  239.000000  0.002990 
239.000000  240.000000  0.002988 
240.000000  241.000000  0.002986 
241.000000  242.000000  0.002984 
242.000000  243.000000  0.002982 
243.000000  244.000000  0.002979 
244.000000  245.000000  0.002977 
245.000000  246.000000  0.002975 
246.000000  247.000000  0.002972 
247.000000  248.000000  0.002969 
248.000000  249.000000  0.002967 
249.000000  250.000000  0.002964 
250.000000  251.000000  0.002961 
251.000000  252.000000  0.002958 
252.000000  253.000000  0.002955 
253.000000  254.000000  0.002952 
254.000000  255.000000  0.002949 
255.000000  256.000000  0.002946 
256.000000  257.000000  0.002943 
257.000000  258.000000  0.002939 
258.000000  259.000000  0.002936 
259.000000  260.000000  0.002933 
260.000000  261.000000  0.002929 
261.000000  262.000000  0.002926 
262.000000  263.000000  0.002922 
263.000000  264.000000  0.002918 
264.000000  265.000000  0.002914 
265.000000  266.000000  0.002911 
266.000000  267.000000  0.002907 
267.000000  268.000000  0.002903 
268.000000  269.000000  0.002899 
269.000000  270.000000  0.002895 
270.000000  271.000000  0.002891 
271.000000  272.000000  0.002887 
272.000000  273.000000  0.002882 
273.000000  274.000000  0.002878 
274.000000  275.000000  0.002874 
275.000000  276.000000  0.002869 
276.000000  277.000000  0.002865 
277.000000  278.000000  0.002861 
278.000000  279.000000  0.002856 
279.000000  280.000000  0.002851 
280.000000  281.000000  0.002847 
281.000000  282.000000  0.002842 
282.000000  283.000000  0.002838 
283.000000  284.000000  0.002833 
284.000000  285.000000  0.002828 
285.000000  286.000000  0.002823 
286.000000  287.000000  0.002818 
287.000000  288.000000  0.002813 
288.000000  289.000000  0.002809 
289.000000  290.000000  0.002804 
290.000000  291.000000  0.002799 
291.000000  292.000000  0.002794 
292.000000  293.000000  0.002788 
293.000000  294.000000  0.002783 
294.000000  295.000000  0.002778 
295.000000  296.000000  0.002773 
296.000000  297.000000  0.002768 
297.000000  298.000000  0.002763 
298.000000  299.000000  0.002757 
299.000000  300.000000  0.002752 
300.000000  301.000000  0.002747 
301.000000  302.000000  0.002742 
302.000000  303.000000  0.002736 
303.000000  304.000000  0.002731 
304.000000  305.000000  0.002725 
305.000000  306.000000  0.002720 
306.000000  307.000000  0.002715 
307.000000  308.000000  0.002709 
308.000000  309.000000  0.002704 
309.000000  310.000000  0.002698 
310.000000  311.000000  0.002693 
311.000000  312.000000  0.002687 
312.000000  313.000000  0.002682 
313.000000  314.000000  0.002676 
314.000000  315.000000  0.002671 
315.000000  316.000000  0.002665 
316.000000  317.000000  0.002660 
317.000000  318.000000  0.002654 
318.000000  319.000000  0.002649 
319.000000  320.000000  0.002643 
320.000000  321.000000  0.002637 
321.000000  322.000000  0.002632 
322.000000  323.000000  0.002626 
323.000000  324.000000  0.002621 
324.000000  325.000000  0.002615 
325.000000  326.000000  0.002609 
326.000000  327.000000  0.002604 
327.000000  328.000000  0.002598 
328.000000  329.000000  0.002593 
329.000000  330.000000  0.002587 
330.000000  331.000000  0.002581 
331.000000  332.000000  0.002576 
332.000000  333.000000  0.002570 
333.000000  334.000000  0.002565 
334.000000  335.000000  0.002559 
335.000000  336.000000  0.002553 
336.000000  337.000000  0.002548 
337.000000  338.000000  0.002542 
338.000000  339.000000  0.002537 
339.000000  340.000000  0.002531 
340.000000  341.000000  0.002526 
341.000000  342.000000  0.002520 
342.000000  343.000000  0.002515 
343.000000  344.000000  0.002509 
344.000000  345.000000  0.002504 
345.000000  346.000000  0.002498 
346.000000  347.000000  0.002493 
347.000000  348.000000  0.002487 
348.000000  349.000000  0.002482 
349.000000  350.000000  0.002476 
350.000000  351.000000  0.002471 
351.000000  352.000000  0.002466 
352.000000  353.000000  0.002460 
353.000000  354.000000  0.002455 
354.000000  355.000000  0.002450 
355.000000  356.000000  0.002444 
356.000000  357.000000  0.002439 
357.000000  358.000000  0.002434 
358.000000  359.000000  0.002428 
359.000000  360.000000  0.002423 
360.000000  361.000000  0.002418 
361.000000  362.000000  0.002413 
362.000000  363.000000  0.002407 
363.000000  364.000000  0.002402 
364.000000  365.000000  0.002397 
365.000000  366.000000  0.002392 
366.000000  367.000000  0.002387 
367.000000  368.000000  0.002382 
368.000000  369.000000  0.002377 
369.000000  370.000000  0.002371 
370.000000  371.000000  0.002366 
371.000000  372.000000  0.002361 
372.000000  373.000000  0.002356 
373.000000  374.000000  0.002351 
374.000000  375.000000  0.002346 
375.000000  376.000000  0.002342 
376.000000  377.000000  0.002337 
377.000000  378.000000  0.002332 
378.000000  379.000000  0.002327 
379.000000  380.000000  0.002322 
380.000000  381.000000  0.002317 
381.000000  382.000000  0.002313 
382.000000  383.000000  0.002308 
383.000000  384.000000  0.002303 
384.000000  385.000000  0.002298 
385.000000  386.000000  0.002294 
386.000000  387.000000  0.002289 
387.000000  388.000000  0.002284 
388.000000  389.000000  0.002280 
389.000000  390.000000  0.002275 
390.000000  391.000000  0.002271 
391.000000  392.000000  0.002266 
392.000000  393.000000  0.002262 
393.000000  394.000000  0.002257 
394.000000  395.000000  0.002253 
395.000000  396.000000  0.002248 
396.000000  397.000000  0.002244 
397.000000  398.000000  0.002240 
398.000000  399.000000  0.002235 
399.000000  400.000000  0.002231 
400.000000  401.000000  0.002227 
401.000000  402.000000  0.002223 
402.000000  403.000000  0.002218 
403.000000  404.000000  0.002214 
404.000000  405.000000  0.002210 
405.000000  406.000000  0.002206 
406.000000  407.000000  0.002202 
407.000000  408.000000  0.002198 
408.000000  409.000000  0.002194 
409.000000  410.000000  0.002190 
410.000000  411.000000  0.002186 
411.000000  412.000000  0.002182 
412.000000  413.000000  0.002178 
413.000000  414.000000  0.002174 
414.000000  415.000000  0.002170 
415.000000  416.000000  0.002166 
416.000000  417.000000  0.002162 
417.000000  418.000000  0.002158 
418.000000  419.000000  0.002155 
419.000000  420.000000  0.002151 
420.000000  421.000000  0.002147 
421.000000  422.000000  0.002144 
422.000000  423.000000  0.002140 
423.000000  424.000000  0.002136 
424.000000  425.000000  0.002133 
425.000000  426.000000  0.002129 
426.000000  427.000000  0.002126 
427.000000  428.000000  0.002122 
428.000000  429.000000  0.002119 
429.000000  430.000000  0.002115 
430.000000  431.000000  0.002112 
431.000000  432.000000  0.002108 
432.000000  433.000000  0.002105 
433.000000  434.000000  0.002101 
434.000000  435.000000  0.002098 
435.000000  436.000000  0.002095 
436.000000  437.000000  0.002092 
437.000000  438.000000  0.002088 
438.000000  439.000000  0.002085 
439.000000  440.000000  0.002082 
440.000000  441.000000  0.002079 
441.000000  442.000000  0.002076 
442.000000  443.000000  0.002072 
443.000000  444.000000  0.002069 
444.000000  445.000000  0.002066 
445.000000  446.000000  0.002063 
446.000000  447.000000  0.002060 
447.000000  448.000000  0.002057 
448.000000  449.000000  0.002054 
449.000000  450.000000  0.002051 
450.000000  451.000000  0.002049 
451.000000  452.000000  0.002046 
452.000000  453.000000  0.002043 
453.000000  454.000000  0.002040 
454.000000  455.000000  0.002037 
455.000000  456.000000  0.002034 
456.000000  457.000000  0.002032 
457.000000  458.000000  0.002029 
458.000000  459.000000  0.002026 
459.000000  460.000000  0.002023 
460.000000  461.000000  0.002021 
461.000000  462.000000  0.002018 
462.000000  463.000000  0.002016 
463.000000  464.000000  0.002013 
464.000000  465.000000  0.002010 
465.000000  466.000000  0.002008 
466.000000  467.000000  0.002005 
467.000000  468.000000  0.002003 
468.000000  469.000000  0.002000 
469.000000  470.000000  0.001998 
470.000000  471.000000  0.001996 
471.000000  472.000000  0.001993 
472.000000  473.000000  0.001991 
473.000000  474.000000  0.001988 
474.000000  475.000000  0.001986 
475.000000  476.000000  0.001984 
476.000000  477.000000  0.001982 
477.000000  478.000000  0.001979 
478.000000  479.000000  0.001977 
479.000000  480.000000  0.001975 
480.000000  481.000000  0.001973 
481.000000  482.000000  0.001970 
482.000000  483.000000  0.001968 
483.000000  484.000000  0.001966 
484.000000  485.000000  0.001964 
485.000000  486.000000  0.001962 
486.000000  487.000000  0.001960 
487.000000  488.000000  0.001958 
488.000000  489.000000  0.001956 
489.000000  490.000000  0.001954 
490.000000  491.000000  0.001952 
491.000000  492.000000  0.001950 
492.000000  493.000000  0.001948 
493.000000  494.000000  0.001946 
494.000000  495.000000  0.001944 
495.000000  496.000000  0.001942 
496.000000  497.000000  0.001940 
497.000000  498.000000  0.001939 
498.000000  499.000000  0.001937 
499.000000  500.000000  0.001935 
500.000000  501.000000  0.001933 
501.000000  502.000000  0.001931 
502.000000  503.000000  0.001930 
503.000000  504.000000  0.001928 
504.000000  505.000000  0.001926 
505.000000  506.000000  0.001924 
506.000000  507.000000  0.001923 
507.000000  508.000000  0.001921 
508.000000  509.000000  0.001919 
509.000000  510.000000  0.001918 
510.000000  511.000000  0.001916 
511.000000  512.000000  0.001915 
512.000000  513.000000  0.001913 
513.000000  514.000000  0.001911 
514.000000  515.000000  0.001910 
515.000000  516.000000  0.001908 
516.000000  517.000000  0.001907 
517.000000  518.000000  0.001905 
518.000000  519.000000  0.001904 
519.000000  520.000000  0.001902 
520.000000  521.000000  0.001901 
521.000000  522.000000  0.001900 
522.000000  523.000000  0.001898 
523.000000  524.000000  0.001897 
524.000000  525.000000  0.001895 
525.000000  526.000000  0.001894 
526.000000  527.000000  0.001893 
527.000000  528.000000  0.001891 
528.000000  529.000000  0.001890 
529.000000  530.000000  0.001889 
530.000000  531.000000  0.001888 
531.000000  532.000000  0.001886 
532.000000  533.000000  0.001885 
533.000000  534.000000  0.001884 
534.000000  535.000000  0.001883 
535.000000  536.000000  0.001881 
536.000000  537.000000  0.001880 
537.000000  538.000000  0.001879 
538.000000  539.000000  0.001878 
539.000000  540.000000  0.001877 
540.000000  541.000000  0.001875 
541.000000  542.000000  0.001874 
542.000000  543.000000  0.001873 
543.000000  544.000000  0.001872 
544.000000  545.000000  0.001871 
545.000000  546.000000  0.001870 
546.000000  547.000000  0.001869 
547.000000  548.000000  0.001868 
548.000000  549.000000  0.001867 
549.000000  550.000000  0.001866 
550.000000  551.000000  0.001865 
551.000000  552.000000  0.001864 
552.000000  553.000000  0.001863 
553.000000  554.000000  0.001862 
554.000000  555.000000  0.001861 
555.000000  556.000000  0.001860 
556.000000  557.000000  0.001859 
557.000000  558.000000  0.001858 
558.000000  559.000000  0.001857 
559.000000  560.000000  0.001856 
560.000000  561.000000  0.001855 
561.000000  562.000000  0.001854 
562.000000  563.000000  0.001853 
563.000000  564.000000  0.001852 
564.000000  565.000000  0.001852 
565.000000  566.000000  0.001851 
566.000000  567.000000  0.001850 
567.000000  568.000000  0.001849 
568.000000  569.000000  0.001848 
569.000000  570.000000  0.001848 
570.000000  571.000000  0.001847 
571.000000  572.000000  0.001846 
572.000000  573.000000  0.001845 
573.000000  574.000000  0.001844 
574.000000  575.000000  0.001844 
575.000000  576.000000  0.001843 
576.000000  577.000000  0.001842 
577.000000  578.000000  0.001841 
578.000000  579.000000  0.001841 
579.000000  580.000000  0.001840 
580.000000  581.000000  0.001839 
581.000000  582.000000  0.001839 
582.000000  583.000000  0.001838 
583.000000  584.000000  0.001837 
584.000000  585.000000  0.001837 
585.000000  586.000000  0.001836 
586.000000  587.000000  0.001835 
587.000000  588.000000  0.001835 
588.000000  589.000000  0.001834 
589.000000  590.000000  0.001833 
590.000000  591.000000  0.001833 
591.000000  592.000000  0.001832 
592.000000  593.000000  0.001832 
593.000000  594.000000  0.001831 
594.000000  595.000000  0.001830 
595.000000  596.000000  0.001830 
596.000000  597.000000  0.001829 
597.000000  598.000000  0.001829 
598.000000  599.000000  0.001828 
599.000000  600.000000  0.001828 
600.000000  601.000000  0.001827 
601.000000  602.000000  0.001826 
602.000000  603.000000  0.001826 
603.000000  604.000000  0.001825 
604.000000  605.000000  0.001825 
605.000000  606.000000  0.001824 
606.000000  607.000000  0.001824 
607.000000  608.000000  0.001823 
608.000000  609.000000  0.001823 
609.000000  610.000000  0.001822 
610.000000  611.000000  0.001822 
611.000000  612.000000  0.001821 
612.000000  613.000000  0.001821 
613.000000  614.000000  0.001821 
614.000000  615.000000  0.001820 
615.000000  616.000000  0.001820 
616.000000  617.000000  0.001819 
617.000000  618.000000  0.001819 
618.000000  619.000000  0.001818 
619.000000  620.000000  0.001818 
620.000000  621.000000  0.001818 
621.000000  622.000000  0.001817 
622.000000  623.000000  0.001817 
623.000000  624.000000  0.001816 
624.000000  625.000000  0.001816 
625.000000  626.000000  0.001816 
626.000000  627.000000  0.001815 
627.000000  628.000000  0.001815 
628.000000  629.000000  0.001814 
629.000000  630.000000  0.001814 
630.000000  631.000000  0.001814 
631.000000  632.000000  0.001813 
632.000000  633.000000  0.001813 
633.000000  634.000000  0.001813 
634.000000  635.000000  0.001812 
635.000000  636.000000  0.001812 
636.000000  637.000000  0.001812 
637.000000  638.000000  0.001811 
638.000000  639.000000  0.001811 
639.000000  640.000000  0.001811 
640.000000  641.000000  0.001810 
641.000000  642.000000  0.001810 
642.000000  643.000000  0.001810 
643.000000  644.000000  0.001809 
644.000000  645.000000  0.001809 
645.000000  646.000000  0.001809 
646.000000  647.000000  0.001809 
647.000000  648.000000  0.001808 
648.000000  649.000000  0.001808 
649.000000  650.000000  0.001808 
650.000000  651.000000  0.001808 
651.000000  652.000000  0.001807 
652.000000  653.000000  0.001807 
653.000000  654.000000  0.001807 
654.000000  655.000000  0.001806 
655.000000  656.000000  0.001806 
656.000000  657.000000  0.001806 
657.000000  658.000000  0.001806 
658.000000  659.000000  0.001805 
659.000000  660.000000  0.001805 
660.000000  661.000000  0.001805 
661.000000  662.000000  0.001805 
662.000000  663.000000  0.001805 
663.000000  664.000000  0.001804 
664.000000  665.000000  0.001804 
665.000000  666.000000  0.001804 
666.000000  667.000000  0.001804 
667.000000  668.000000  0.001803 
668.000000  669.000000  0.001803 
669.000000  670.000000  0.001803 
670.000000  671.000000  0.001803 
671.000000  672.000000  0.001803 
672.000000  673.000000  0.001802 
673.000000  674.000000  0.001802 
674.000000  675.000000  0.001802 
675.000000  676.000000  0.001802 
676.000000  677.000000  0.001802 
677.000000  678.000000  0.001802 
678.000000  679.000000  0.001801 
679.000000  680.000000  0.001801 
680.000000  681.000000  0.001801 
681.000000  682.000000  0.001801 
682.000000  683.000000  0.001801 
683.000000  684.000000  0.001801 
684.000000  685.000000  0.001800 
685.000000  686.000000  0.001800 
686.000000  687.000000  0.001800 
687.000000  688.000000  0.001800 
688.000000  689.000000  0.001800 
689.000000  690.000000  0.001800 
690.000000  691.000000  0.001799 
691.000000  692.000000  0.001799 
692.000000  693.000000  0.001799 
693.000000  694.000000  0.001799 
694.000000  695.000000  0.001799 
695.000000  696.000000  0.001799 
696.000000  697.000000  0.001799 
697.000000  698.000000  0.001799 
698.000000  699.000000  0.001798 
699.000000  700.000000  0.001798 
700.000000  701.000000  0.001798 
701.000000  702.000000  0.001798 
702.000000  703.000000  0.001798 
703.000000  704.000000  0.001798 
704.000000  705.000000  0.001798 
705.000000  706.000000  0.001798 
706.000000  707.000000  0.001797 
707.000000  708.000000  0.001797 
708.000000  709.000000  0.001797 
709.000000  710.000000  0.001797 
710.000000  711.000000  0.001797 
711.000000  712.000000  0.001797 
712.000000  713.000000  0.001797 
713.000000  714.000000  0.001797 
714.000000  715.000000  0.001797 
715.000000  716.000000  0.001797 
716.000000  717.000000  0.001796 
717.000000  718.000000  0.001796 
718.000000  719.000000  0.001796 
719.000000  720.000000  0.001796 
720.000000  721.000000  0.001796 
721.000000  722.000000  0.001796 
722.000000  723.000000  0.001796 
723.000000  724.000000  0.001796 
724.000000  725.000000  0.001796 
725.000000  726.000000  0.001796 
726.000000  727.000000  0.001796 
727.000000  728.000000  0.001796 
728.000000  729.000000  0.001795 
729.000000  730.000000  0.001795 
730.000000  731.000000  0.001795 
731.000000  732.000000  0.001795 
732.000000  733.000000  0.001795 
733.000000  734.000000  0.001795 
734.000000  735.000000  0.001795 
735.000000  736.000000  0.001795 
736.000000  737.000000  0.001795 
737.000000  738.000000  0.001795 
738.000000  739.000000  0.001795 
739.000000  740.000000  0.001795 
740.000000  741.000000  0.001795 
741.000000  742.000000  0.001795 
742.000000  743.000000  0.001795 
743.000000  744.000000  0.001794 
744.000000  745.000000  0.001794 
745.000000  746.000000  0.001794 
746.000000  747.000000  0.001794 
747.000000  748.000000  0.001794 
748.000000  749.000000  0.001794 
749.000000  750.000000  0.001794 
750.000000  751.000000  0.001794 
751.000000  752.000000  0.001794 
752.000000  753.000000  0.001794 
753.000000  754.000000  0.001794 
754.000000  755.000000  0.001794 
755.000000  756.000000  0.001794 
756.000000  757.000000  0.001794 
757.000000  758.000000  0.001794 
758.000000  759.000000  0.001794 
759.000000  760.000000  0.001794 
760.000000  761.000000  0.001794 
761.000000  762.000000  0.001794 
762.000000  763.000000  0.001794 
763.000000  764.000000  0.001794 
764.000000  765.000000  0.001794 
765.000000  766.000000  0.001794 
766.000000  767.000000  0.001794 
767.000000  768.000000  0.001793 
768.000000  769.000000  0.001793 
769.000000  770.000000  0.001793 
770.000000  771.000000  0.001793 
771.000000  772.000000  0.001793 
772.000000  773.000000  0.001793 
773.000000  774.000000  0.001793 
774.000000  775.000000  0.001793 
775.000000  776.000000  0.001793 
776.000000  777.000000  0.001793 
777.000000  778.000000  0.001793 
778.000000  779.000000  0.001793 
779.000000  780.000000  0.001793 
780.000000  781.000000  0.001793 
781.000000  782.000000  0.001793 
782.000000  783.000000  0.001793 
783.000000  784.000000  0.001793 
784.000000  785.000000  0.001793 
785.000000  786.000000  0.001793 
786.000000  787.000000  0.001793 
787.000000  788.000000  0.001793 
788.000000  789.000000  0.001793 
789.000000  790.000000  0.001793 
790.000000  791.000000  0.001793 
791.000000  792.000000  0.001793 
792.000000  793.000000  0.001793 
793.000000  794.000000  0.001793 
794.000000  795.000000  0.001793 
795.000000  796.000000  0.001793 
796.000000  797.000000  0.001793 
797.000000  798.000000  0.001793 
798.000000  799.000000  0.001793 
799.000000  800.000000  0.001793 
800.000000  801.000000  0.001793 
801.000000  802.000000  0.001793 
802.000000  803.000000  0.001793 
803.000000  804.000000  0.001793 
804.000000  805.000000  0.001793 
805.000000  806.000000  0.001793 
806.000000  807.000000  0.001793 
807.000000  808.000000  0.001793 
808.000000  809.000000  0.001793 
809.000000  810.000000  0.001793 
810.000000  811.000000  0.001793 
811.000000  812.000000  0.001793 
812.000000  813.000000  0.001793 
813.000000  814.000000  0.001793 
814.000000  815.000000  0.001793 
815.000000  816.000000  0.001793 
816.000000  817.000000  0.001793 
817.000000  818.000000  0.001793 
818.000000  819.000000  0.001793 
819.000000  820.000000  0.001793 
820.000000  821.000000  0.001793 
821.000000  822.000000  0.001793 
822.000000  823.000000  0.001793 
823.000000  824.000000  0.001793 
824.000000  825.000000  0.001793 
825.000000  826.000000  0.001793 
826.000000  827.000000  0.001793 
827.000000  828.000000  0.001793 
828.000000  829.000000  0.001793 
829.000000  830.000000  0.001793 
830.000000  831.000000  0.001793 
831.000000  832.000000  0.001793 
832.000000  833.000000  0.001793 
833.000000  834.000000  0.001793 
834.000000  835.000000  0.001793 
835.000000  836.000000  0.001793 
836.000000  837.000000  0.001793 
837.000000  838.000000  0.001793 
838.000000  839.000000  0.001793 
839.000000  840.000000  0.001793 
840.000000  841.000000  0.001793 
841.000000  842.000000  0.001793 
842.000000  843.000000  0.001793 
843.000000  844.000000  0.001793 
844.000000  845.000000  0.001793 
845.000000  846.000000  0.001793 
846.000000  847.000000  0.001793 
847.000000  848.000000  0.001793 
848.000000  849.000000  0.001793 
849.000000  850.000000  0.001793 
850.000000  851.000000  0.001793 
851.000000  852.000000  0.001793 
852.000000  853.000000  0.001793 
853.000000  854.000000  0.001793 
854.000000  855.000000  0.001793 
855.000000  856.000000  0.001793 
856.000000  857.000000  0.001793 
857.000000  858.000000  0.001793 
858.000000  859.000000  0.001793 
859.000000  860.000000  0.001793 
860.000000  861.000000  0.001793 
861.000000  862.000000  0.001793 
862.000000  863.000000  0.001793 
863.000000  864.000000  0.001793 
864.000000  865.000000  0.001793 
865.000000  866.000000  0.001793 
866.000000  867.000000  0.001793 
867.000000  868.000000  0.001793 
868.000000  869.000000  0.001793 
869.000000  870.000000  0.001793 
870.000000  871.000000  0.001793 
871.000000  872.000000  0.001793 
872.000000  873.000000  0.001793 
873.000000  874.000000  0.001794 
874.000000  875.000000  0.001794 
875.000000  876.000000  0.001794 
876.000000  877.000000  0.001794 
877.000000  878.000000  0.001794 
878.000000  879.000000  0.001794 
879.000000  880.000000  0.001794 
880.000000  881.000000  0.001794 
881.000000  882.000000  0.001794 
882.000000  883.000000  0.001794 
883.000000  884.000000  0.001794 
884.000000  885.000000  0.001794 
885.000000  886.000000  0.001794 
886.000000  887.000000  0.001794 
887.000000  888.000000  0.001794 
888.000000  889.000000  0.001794 
889.000000  890.000000  0.001794 
890.000000  891.000000  0.001794 
891.000000  892.000000  0.001794 
892.000000  893.000000  0.001794 
893.000000  894.000000  0.001794 
894.000000  895.000000  0.001794 
895.000000  896.000000  0.001794 
896.000000  897.000000  0.001794 
897.000000  898.000000  0.001794 
898.000000  899.000000  0.001794 
899.000000  900.000000  0.001794 
900.000000  901.000000  0.001794 
901.000000  902.000000  0.001794 
902.000000  903.000000  0.001794 
903.000000  904.000000  0.001794 
904.000000  905.000000  0.001794 
905.000000  906.000000  0.001794 
906.000000  907.000000  0.001794 
907.000000  908.000000  0.001794 
908.000000  909.000000  0.001794 
909.000000  910.000000  0.001794 
910.000000  911.000000  0.001794 
911.000000  912.000000  0.001794 
912.000000  913.000000  0.001794 
913.000000  914.000000  0.001794 
914.000000  915.000000  0.001794 
915.000000  916.000000  0.001794 
916.000000  917.000000  0.001794 
917.000000  918.000000  0.001794 
918.000000  919.000000  0.001795 
919.000000  920.000000  0.001795 
920.000000  921.000000  0.001795 
921.000000  922.000000  0.001795 
922.000000  923.000000  0.001795 
923.000000  924.000000  0.001795 
924.000000  925.000000  0.001795 
925.000000  926.000000  0.001795 
926.000000  927.000000  0.001795 
927.000000  928.000000  0.001795 
928.000000  929.000000  0.001795 
929.000000  930.000000  0.001795 
930.000000  931.000000  0.001795 
931.000000  932.000000  0.001795 
932.000000  933.000000  0.001795 
933.000000  934.000000  0.001795 
934.000000  935.000000  0.001795 
935.000000  936.000000  0.001795 
936.000000  937.000000  0.001795 
937.000000  938.000000  0.001795 
