20.000000  21.000000  0.000616 
21.000000  22.000000  0.000687 
22.000000  23.000000  0.000760 
23.000000  24.000000  0.000834 
24.000000  25.000000  0.000908 
25.000000  26.000000  0.000983 
26.000000  27.000000  0.001057 
27.000000  28.000000  0.001130 
28.000000  29.000000  0.001203 
29.000000  30.000000  0.001274 
30.000000  31.000000  0.001345 
31.000000  32.000000  0.001414 
32.000000  33.000000  0.001482 
33.000000  34.000000  0.001548 
34.000000  35.000000  0.001613 
35.000000  36.000000  0.001675 
36.000000  37.000000  0.001736 
37.000000  38.000000  0.001794 
38.000000  39.000000  0.001850 
39.000000  40.000000  0.001903 
40.000000  41.000000  0.001954 
41.000000  42.000000  0.002002 
42.000000  43.000000  0.002047 
43.000000  44.000000  0.002089 
44.000000  45.000000  0.002129 
45.000000  46.000000  0.002165 
46.000000  47.000000  0.002198 
47.000000  48.000000  0.002228 
48.000000  49.000000  0.002255 
49.000000  50.000000  0.002279 
50.000000  51.000000  0.002300 
51.000000  52.000000  0.002318 
52.000000  53.000000  0.002333 
53.000000  54.000000  0.002345 
54.000000  55.000000  0.002355 
55.000000  56.000000  0.002362 
56.000000  57.000000  0.002366 
57.000000  58.000000  0.002368 
58.000000  59.000000  0.002368 
59.000000  60.000000  0.002366 
60.000000  61.000000  0.002362 
61.000000  62.000000  0.002356 
62.000000  63.000000  0.002348 
63.000000  64.000000  0.002339 
64.000000  65.000000  0.002328 
65.000000  66.000000  0.002316 
66.000000  67.000000  0.002303 
67.000000  68.000000  0.002289 
68.000000  69.000000  0.002274 
69.000000  70.000000  0.002257 
70.000000  71.000000  0.002241 
71.000000  72.000000  0.002223 
72.000000  73.000000  0.002205 
73.000000  74.000000  0.002186 
74.000000  75.000000  0.002167 
75.000000  76.000000  0.002148 
76.000000  77.000000  0.002128 
77.000000  78.000000  0.002108 
78.000000  79.000000  0.002088 
79.000000  80.000000  0.002068 
80.000000  81.000000  0.002047 
81.000000  82.000000  0.002027 
82.000000  83.000000  0.002007 
83.000000  84.000000  0.001986 
84.000000  85.000000  0.001966 
85.000000  86.000000  0.001946 
86.000000  87.000000  0.001926 
87.000000  88.000000  0.001906 
88.000000  89.000000  0.001887 
89.000000  90.000000  0.001867 
90.000000  91.000000  0.001848 
91.000000  92.000000  0.001829 
92.000000  93.000000  0.001810 
93.000000  94.000000  0.001792 
94.000000  95.000000  0.001774 
95.000000  96.000000  0.001756 
96.000000  97.000000  0.001738 
97.000000  98.000000  0.001720 
98.000000  99.000000  0.001703 
99.000000  100.000000  0.001686 
100.000000  101.000000  0.001670 
101.000000  102.000000  0.001653 
102.000000  103.000000  0.001637 
103.000000  104.000000  0.001621 
104.000000  105.000000  0.001605 
105.000000  106.000000  0.001590 
106.000000  107.000000  0.001575 
107.000000  108.000000  0.001560 
108.000000  109.000000  0.001545 
109.000000  110.000000  0.001531 
110.000000  111.000000  0.001517 
111.000000  112.000000  0.001503 
112.000000  113.000000  0.001489 
113.000000  114.000000  0.001475 
114.000000  115.000000  0.001462 
115.000000  116.000000  0.001449 
116.000000  117.000000  0.001436 
117.000000  118.000000  0.001423 
118.000000  119.000000  0.001411 
119.000000  120.000000  0.001399 
120.000000  121.000000  0.001386 
121.000000  122.000000  0.001374 
122.000000  123.000000  0.001363 
123.000000  124.000000  0.001351 
124.000000  125.000000  0.001339 
125.000000  126.000000  0.001328 
126.000000  127.000000  0.001317 
127.000000  128.000000  0.001306 
128.000000  129.000000  0.001295 
129.000000  130.000000  0.001284 
130.000000  131.000000  0.001274 
131.000000  132.000000  0.001263 
132.000000  133.000000  0.001253 
133.000000  134.000000  0.001243 
134.000000  135.000000  0.001233 
135.000000  136.000000  0.001223 
136.000000  137.000000  0.001213 
137.000000  138.000000  0.001203 
138.000000  139.000000  0.001194 
139.000000  140.000000  0.001184 
140.000000  141.000000  0.001175 
141.000000  142.000000  0.001166 
142.000000  143.000000  0.001157 
143.000000  144.000000  0.001148 
144.000000  145.000000  0.001139 
145.000000  146.000000  0.001130 
146.000000  147.000000  0.001122 
147.000000  148.000000  0.001113 
148.000000  149.000000  0.001105 
149.000000  150.000000  0.001097 
150.000000  151.000000  0.001089 
151.000000  152.000000  0.001081 
152.000000  153.000000  0.001073 
153.000000  154.000000  0.001065 
154.000000  155.000000  0.001058 
155.000000  156.000000  0.001050 
156.000000  157.000000  0.001043 
157.000000  158.000000  0.001036 
158.000000  159.000000  0.001029 
159.000000  160.000000  0.001022 
160.000000  161.000000  0.001015 
161.000000  162.000000  0.001008 
162.000000  163.000000  0.001002 
163.000000  164.000000  0.000995 
164.000000  165.000000  0.000989 
165.000000  166.000000  0.000983 
166.000000  167.000000  0.000977 
167.000000  168.000000  0.000971 
168.000000  169.000000  0.000965 
169.000000  170.000000  0.000959 
170.000000  171.000000  0.000953 
171.000000  172.000000  0.000948 
172.000000  173.000000  0.000943 
173.000000  174.000000  0.000937 
174.000000  175.000000  0.000932 
175.000000  176.000000  0.000927 
176.000000  177.000000  0.000922 
177.000000  178.000000  0.000918 
178.000000  179.000000  0.000913 
179.000000  180.000000  0.000908 
180.000000  181.000000  0.000904 
181.000000  182.000000  0.000900 
182.000000  183.000000  0.000896 
183.000000  184.000000  0.000891 
184.000000  185.000000  0.000887 
185.000000  186.000000  0.000884 
186.000000  187.000000  0.000880 
187.000000  188.000000  0.000876 
188.000000  189.000000  0.000873 
189.000000  190.000000  0.000869 
190.000000  191.000000  0.000866 
191.000000  192.000000  0.000863 
192.000000  193.000000  0.000859 
193.000000  194.000000  0.000856 
194.000000  195.000000  0.000854 
195.000000  196.000000  0.000851 
196.000000  197.000000  0.000848 
197.000000  198.000000  0.000845 
198.000000  199.000000  0.000843 
199.000000  200.000000  0.000840 
200.000000  201.000000  0.000838 
201.000000  202.000000  0.000835 
202.000000  203.000000  0.000833 
203.000000  204.000000  0.000831 
204.000000  205.000000  0.000829 
205.000000  206.000000  0.000827 
206.000000  207.000000  0.000825 
207.000000  208.000000  0.000823 
208.000000  209.000000  0.000822 
209.000000  210.000000  0.000820 
210.000000  211.000000  0.000818 
211.000000  212.000000  0.000817 
212.000000  213.000000  0.000815 
213.000000  214.000000  0.000814 
214.000000  215.000000  0.000812 
215.000000  216.000000  0.000811 
216.000000  217.000000  0.000810 
217.000000  218.000000  0.000809 
218.000000  219.000000  0.000807 
219.000000  220.000000  0.000806 
220.000000  221.000000  0.000805 
221.000000  222.000000  0.000804 
222.000000  223.000000  0.000803 
223.000000  224.000000  0.000803 
224.000000  225.000000  0.000802 
225.000000  226.000000  0.000801 
226.000000  227.000000  0.000800 
227.000000  228.000000  0.000800 
228.000000  229.000000  0.000799 
229.000000  230.000000  0.000798 
230.000000  231.000000  0.000798 
231.000000  232.000000  0.000797 
232.000000  233.000000  0.000797 
233.000000  234.000000  0.000796 
234.000000  235.000000  0.000796 
235.000000  236.000000  0.000795 
236.000000  237.000000  0.000795 
237.000000  238.000000  0.000794 
238.000000  239.000000  0.000794 
239.000000  240.000000  0.000794 
240.000000  241.000000  0.000794 
241.000000  242.000000  0.000793 
242.000000  243.000000  0.000793 
243.000000  244.000000  0.000793 
244.000000  245.000000  0.000793 
245.000000  246.000000  0.000792 
246.000000  247.000000  0.000792 
247.000000  248.000000  0.000792 
248.000000  249.000000  0.000792 
249.000000  250.000000  0.000792 
250.000000  251.000000  0.000792 
251.000000  252.000000  0.000792 
252.000000  253.000000  0.000792 
253.000000  254.000000  0.000792 
254.000000  255.000000  0.000792 
255.000000  256.000000  0.000792 
256.000000  257.000000  0.000792 
257.000000  258.000000  0.000791 
258.000000  259.000000  0.000791 
259.000000  260.000000  0.000791 
260.000000  261.000000  0.000791 
261.000000  262.000000  0.000792 
262.000000  263.000000  0.000792 
263.000000  264.000000  0.000792 
264.000000  265.000000  0.000792 
265.000000  266.000000  0.000792 
266.000000  267.000000  0.000792 
267.000000  268.000000  0.000792 
268.000000  269.000000  0.000792 
269.000000  270.000000  0.000792 
270.000000  271.000000  0.000792 
271.000000  272.000000  0.000792 
272.000000  273.000000  0.000792 
273.000000  274.000000  0.000792 
274.000000  275.000000  0.000792 
275.000000  276.000000  0.000792 
276.000000  277.000000  0.000792 
277.000000  278.000000  0.000792 
278.000000  279.000000  0.000792 
279.000000  280.000000  0.000792 
280.000000  281.000000  0.000792 
281.000000  282.000000  0.000792 
282.000000  283.000000  0.000792 
283.000000  284.000000  0.000792 
284.000000  285.000000  0.000792 
285.000000  286.000000  0.000792 
286.000000  287.000000  0.000792 
287.000000  288.000000  0.000792 
288.000000  289.000000  0.000792 
289.000000  290.000000  0.000792 
290.000000  291.000000  0.000792 
291.000000  292.000000  0.000792 
292.000000  293.000000  0.000792 
293.000000  294.000000  0.000791 
294.000000  295.000000  0.000791 
295.000000  296.000000  0.000791 
296.000000  297.000000  0.000791 
297.000000  298.000000  0.000791 
298.000000  299.000000  0.000791 
299.000000  300.000000  0.000791 
300.000000  301.000000  0.000791 
301.000000  302.000000  0.000790 
302.000000  303.000000  0.000790 
303.000000  304.000000  0.000790 
304.000000  305.000000  0.000790 
305.000000  306.000000  0.000790 
306.000000  307.000000  0.000789 
307.000000  308.000000  0.000789 
308.000000  309.000000  0.000789 
309.000000  310.000000  0.000789 
310.000000  311.000000  0.000788 
311.000000  312.000000  0.000788 
312.000000  313.000000  0.000788 
313.000000  314.000000  0.000787 
314.000000  315.000000  0.000787 
315.000000  316.000000  0.000787 
316.000000  317.000000  0.000786 
317.000000  318.000000  0.000786 
318.000000  319.000000  0.000786 
319.000000  320.000000  0.000785 
320.000000  321.000000  0.000785 
321.000000  322.000000  0.000784 
322.000000  323.000000  0.000784 
323.000000  324.000000  0.000783 
324.000000  325.000000  0.000783 
325.000000  326.000000  0.000782 
326.000000  327.000000  0.000782 
327.000000  328.000000  0.000781 
328.000000  329.000000  0.000781 
329.000000  330.000000  0.000780 
330.000000  331.000000  0.000780 
331.000000  332.000000  0.000779 
332.000000  333.000000  0.000778 
333.000000  334.000000  0.000778 
334.000000  335.000000  0.000777 
335.000000  336.000000  0.000777 
336.000000  337.000000  0.000776 
337.000000  338.000000  0.000775 
338.000000  339.000000  0.000774 
339.000000  340.000000  0.000774 
340.000000  341.000000  0.000773 
341.000000  342.000000  0.000772 
342.000000  343.000000  0.000772 
343.000000  344.000000  0.000771 
344.000000  345.000000  0.000770 
345.000000  346.000000  0.000769 
346.000000  347.000000  0.000768 
347.000000  348.000000  0.000767 
348.000000  349.000000  0.000767 
349.000000  350.000000  0.000766 
350.000000  351.000000  0.000765 
351.000000  352.000000  0.000764 
352.000000  353.000000  0.000763 
353.000000  354.000000  0.000762 
354.000000  355.000000  0.000761 
355.000000  356.000000  0.000760 
356.000000  357.000000  0.000759 
357.000000  358.000000  0.000758 
358.000000  359.000000  0.000757 
359.000000  360.000000  0.000756 
360.000000  361.000000  0.000755 
361.000000  362.000000  0.000754 
362.000000  363.000000  0.000753 
363.000000  364.000000  0.000751 
364.000000  365.000000  0.000750 
365.000000  366.000000  0.000749 
366.000000  367.000000  0.000748 
367.000000  368.000000  0.000747 
368.000000  369.000000  0.000746 
369.000000  370.000000  0.000744 
370.000000  371.000000  0.000743 
371.000000  372.000000  0.000742 
372.000000  373.000000  0.000741 
373.000000  374.000000  0.000739 
374.000000  375.000000  0.000738 
375.000000  376.000000  0.000737 
376.000000  377.000000  0.000735 
377.000000  378.000000  0.000734 
378.000000  379.000000  0.000733 
379.000000  380.000000  0.000731 
380.000000  381.000000  0.000730 
381.000000  382.000000  0.000729 
382.000000  383.000000  0.000727 
383.000000  384.000000  0.000726 
384.000000  385.000000  0.000724 
385.000000  386.000000  0.000723 
386.000000  387.000000  0.000721 
387.000000  388.000000  0.000720 
388.000000  389.000000  0.000718 
389.000000  390.000000  0.000717 
390.000000  391.000000  0.000715 
391.000000  392.000000  0.000714 
392.000000  393.000000  0.000712 
393.000000  394.000000  0.000710 
394.000000  395.000000  0.000709 
395.000000  396.000000  0.000707 
396.000000  397.000000  0.000706 
397.000000  398.000000  0.000704 
398.000000  399.000000  0.000702 
399.000000  400.000000  0.000701 
400.000000  401.000000  0.000699 
401.000000  402.000000  0.000697 
402.000000  403.000000  0.000696 
403.000000  404.000000  0.000694 
404.000000  405.000000  0.000692 
405.000000  406.000000  0.000690 
406.000000  407.000000  0.000689 
407.000000  408.000000  0.000687 
408.000000  409.000000  0.000685 
409.000000  410.000000  0.000683 
410.000000  411.000000  0.000681 
411.000000  412.000000  0.000680 
412.000000  413.000000  0.000678 
413.000000  414.000000  0.000676 
414.000000  415.000000  0.000674 
415.000000  416.000000  0.000672 
416.000000  417.000000  0.000670 
417.000000  418.000000  0.000668 
418.000000  419.000000  0.000667 
419.000000  420.000000  0.000665 
420.000000  421.000000  0.000663 
421.000000  422.000000  0.000661 
422.000000  423.000000  0.000659 
423.000000  424.000000  0.000657 
424.000000  425.000000  0.000655 
425.000000  426.000000  0.000653 
426.000000  427.000000  0.000651 
427.000000  428.000000  0.000649 
428.000000  429.000000  0.000647 
429.000000  430.000000  0.000645 
430.000000  431.000000  0.000643 
431.000000  432.000000  0.000641 
432.000000  433.000000  0.000639 
433.000000  434.000000  0.000637 
434.000000  435.000000  0.000635 
435.000000  436.000000  0.000633 
436.000000  437.000000  0.000631 
437.000000  438.000000  0.000629 
438.000000  439.000000  0.000627 
439.000000  440.000000  0.000625 
440.000000  441.000000  0.000623 
441.000000  442.000000  0.000621 
442.000000  443.000000  0.000618 
443.000000  444.000000  0.000616 
444.000000  445.000000  0.000614 
445.000000  446.000000  0.000612 
446.000000  447.000000  0.000610 
447.000000  448.000000  0.000608 
448.000000  449.000000  0.000606 
449.000000  450.000000  0.000604 
450.000000  451.000000  0.000601 
451.000000  452.000000  0.000599 
452.000000  453.000000  0.000597 
453.000000  454.000000  0.000595 
454.000000  455.000000  0.000593 
455.000000  456.000000  0.000591 
456.000000  457.000000  0.000589 
457.000000  458.000000  0.000586 
458.000000  459.000000  0.000584 
459.000000  460.000000  0.000582 
460.000000  461.000000  0.000580 
461.000000  462.000000  0.000578 
462.000000  463.000000  0.000575 
463.000000  464.000000  0.000573 
464.000000  465.000000  0.000571 
465.000000  466.000000  0.000569 
466.000000  467.000000  0.000567 
467.000000  468.000000  0.000565 
468.000000  469.000000  0.000562 
469.000000  470.000000  0.000560 
470.000000  471.000000  0.000558 
471.000000  472.000000  0.000556 
472.000000  473.000000  0.000554 
473.000000  474.000000  0.000551 
474.000000  475.000000  0.000549 
475.000000  476.000000  0.000547 
476.000000  477.000000  0.000545 
477.000000  478.000000  0.000542 
478.000000  479.000000  0.000540 
479.000000  480.000000  0.000538 
480.000000  481.000000  0.000536 
481.000000  482.000000  0.000534 
482.000000  483.000000  0.000531 
483.000000  484.000000  0.000529 
484.000000  485.000000  0.000527 
485.000000  486.000000  0.000525 
486.000000  487.000000  0.000523 
487.000000  488.000000  0.000520 
488.000000  489.000000  0.000518 
489.000000  490.000000  0.000516 
490.000000  491.000000  0.000514 
491.000000  492.000000  0.000512 
492.000000  493.000000  0.000509 
493.000000  494.000000  0.000507 
494.000000  495.000000  0.000505 
495.000000  496.000000  0.000503 
496.000000  497.000000  0.000501 
497.000000  498.000000  0.000499 
498.000000  499.000000  0.000496 
499.000000  500.000000  0.000494 
500.000000  501.000000  0.000492 
501.000000  502.000000  0.000490 
502.000000  503.000000  0.000488 
503.000000  504.000000  0.000486 
504.000000  505.000000  0.000483 
505.000000  506.000000  0.000481 
506.000000  507.000000  0.000479 
507.000000  508.000000  0.000477 
508.000000  509.000000  0.000475 
509.000000  510.000000  0.000473 
510.000000  511.000000  0.000471 
511.000000  512.000000  0.000468 
512.000000  513.000000  0.000466 
513.000000  514.000000  0.000464 
514.000000  515.000000  0.000462 
515.000000  516.000000  0.000460 
516.000000  517.000000  0.000458 
517.000000  518.000000  0.000456 
518.000000  519.000000  0.000454 
519.000000  520.000000  0.000452 
520.000000  521.000000  0.000450 
521.000000  522.000000  0.000448 
522.000000  523.000000  0.000446 
523.000000  524.000000  0.000443 
524.000000  525.000000  0.000441 
525.000000  526.000000  0.000439 
526.000000  527.000000  0.000437 
527.000000  528.000000  0.000435 
528.000000  529.000000  0.000433 
529.000000  530.000000  0.000431 
530.000000  531.000000  0.000429 
531.000000  532.000000  0.000427 
532.000000  533.000000  0.000425 
533.000000  534.000000  0.000423 
534.000000  535.000000  0.000421 
535.000000  536.000000  0.000419 
536.000000  537.000000  0.000417 
537.000000  538.000000  0.000415 
538.000000  539.000000  0.000413 
539.000000  540.000000  0.000411 
540.000000  541.000000  0.000410 
541.000000  542.000000  0.000408 
542.000000  543.000000  0.000406 
543.000000  544.000000  0.000404 
544.000000  545.000000  0.000402 
545.000000  546.000000  0.000400 
546.000000  547.000000  0.000398 
547.000000  548.000000  0.000396 
548.000000  549.000000  0.000394 
549.000000  550.000000  0.000392 
550.000000  551.000000  0.000391 
551.000000  552.000000  0.000389 
552.000000  553.000000  0.000387 
553.000000  554.000000  0.000385 
554.000000  555.000000  0.000383 
555.000000  556.000000  0.000381 
556.000000  557.000000  0.000380 
557.000000  558.000000  0.000378 
558.000000  559.000000  0.000376 
559.000000  560.000000  0.000374 
560.000000  561.000000  0.000372 
561.000000  562.000000  0.000371 
562.000000  563.000000  0.000369 
563.000000  564.000000  0.000367 
564.000000  565.000000  0.000365 
565.000000  566.000000  0.000364 
566.000000  567.000000  0.000362 
567.000000  568.000000  0.000360 
568.000000  569.000000  0.000359 
569.000000  570.000000  0.000357 
570.000000  571.000000  0.000355 
571.000000  572.000000  0.000353 
572.000000  573.000000  0.000352 
573.000000  574.000000  0.000350 
574.000000  575.000000  0.000348 
575.000000  576.000000  0.000347 
576.000000  577.000000  0.000345 
577.000000  578.000000  0.000344 
578.000000  579.000000  0.000342 
579.000000  580.000000  0.000340 
580.000000  581.000000  0.000339 
581.000000  582.000000  0.000337 
582.000000  583.000000  0.000336 
583.000000  584.000000  0.000334 
584.000000  585.000000  0.000332 
585.000000  586.000000  0.000331 
586.000000  587.000000  0.000329 
587.000000  588.000000  0.000328 
588.000000  589.000000  0.000326 
589.000000  590.000000  0.000325 
590.000000  591.000000  0.000323 
591.000000  592.000000  0.000322 
592.000000  593.000000  0.000320 
593.000000  594.000000  0.000319 
594.000000  595.000000  0.000317 
595.000000  596.000000  0.000316 
596.000000  597.000000  0.000314 
597.000000  598.000000  0.000313 
598.000000  599.000000  0.000312 
599.000000  600.000000  0.000310 
600.000000  601.000000  0.000309 
601.000000  602.000000  0.000307 
602.000000  603.000000  0.000306 
603.000000  604.000000  0.000304 
604.000000  605.000000  0.000303 
605.000000  606.000000  0.000302 
606.000000  607.000000  0.000300 
607.000000  608.000000  0.000299 
608.000000  609.000000  0.000298 
609.000000  610.000000  0.000296 
610.000000  611.000000  0.000295 
611.000000  612.000000  0.000294 
612.000000  613.000000  0.000292 
613.000000  614.000000  0.000291 
614.000000  615.000000  0.000290 
615.000000  616.000000  0.000288 
616.000000  617.000000  0.000287 
617.000000  618.000000  0.000286 
618.000000  619.000000  0.000285 
619.000000  620.000000  0.000283 
620.000000  621.000000  0.000282 
621.000000  622.000000  0.000281 
622.000000  623.000000  0.000280 
623.000000  624.000000  0.000278 
624.000000  625.000000  0.000277 
625.000000  626.000000  0.000276 
626.000000  627.000000  0.000275 
627.000000  628.000000  0.000274 
628.000000  629.000000  0.000272 
629.000000  630.000000  0.000271 
630.000000  631.000000  0.000270 
631.000000  632.000000  0.000269 
632.000000  633.000000  0.000268 
633.000000  634.000000  0.000267 
634.000000  635.000000  0.000266 
635.000000  636.000000  0.000264 
636.000000  637.000000  0.000263 
637.000000  638.000000  0.000262 
638.000000  639.000000  0.000261 
639.000000  640.000000  0.000260 
640.000000  641.000000  0.000259 
641.000000  642.000000  0.000258 
642.000000  643.000000  0.000257 
643.000000  644.000000  0.000256 
644.000000  645.000000  0.000255 
645.000000  646.000000  0.000254 
646.000000  647.000000  0.000253 
647.000000  648.000000  0.000252 
648.000000  649.000000  0.000251 
649.000000  650.000000  0.000250 
650.000000  651.000000  0.000249 
651.000000  652.000000  0.000248 
652.000000  653.000000  0.000247 
653.000000  654.000000  0.000246 
654.000000  655.000000  0.000245 
655.000000  656.000000  0.000244 
656.000000  657.000000  0.000243 
657.000000  658.000000  0.000242 
658.000000  659.000000  0.000241 
659.000000  660.000000  0.000240 
660.000000  661.000000  0.000239 
661.000000  662.000000  0.000238 
662.000000  663.000000  0.000237 
663.000000  664.000000  0.000236 
664.000000  665.000000  0.000235 
665.000000  666.000000  0.000234 
666.000000  667.000000  0.000234 
667.000000  668.000000  0.000233 
668.000000  669.000000  0.000232 
669.000000  670.000000  0.000231 
670.000000  671.000000  0.000230 
671.000000  672.000000  0.000229 
672.000000  673.000000  0.000228 
673.000000  674.000000  0.000227 
674.000000  675.000000  0.000227 
675.000000  676.000000  0.000226 
676.000000  677.000000  0.000225 
677.000000  678.000000  0.000224 
678.000000  679.000000  0.000223 
679.000000  680.000000  0.000223 
680.000000  681.000000  0.000222 
681.000000  682.000000  0.000221 
682.000000  683.000000  0.000220 
683.000000  684.000000  0.000219 
684.000000  685.000000  0.000219 
685.000000  686.000000  0.000218 
686.000000  687.000000  0.000217 
687.000000  688.000000  0.000216 
688.000000  689.000000  0.000216 
689.000000  690.000000  0.000215 
690.000000  691.000000  0.000214 
691.000000  692.000000  0.000213 
692.000000  693.000000  0.000213 
693.000000  694.000000  0.000212 
694.000000  695.000000  0.000211 
695.000000  696.000000  0.000211 
696.000000  697.000000  0.000210 
697.000000  698.000000  0.000209 
698.000000  699.000000  0.000208 
699.000000  700.000000  0.000208 
700.000000  701.000000  0.000207 
701.000000  702.000000  0.000206 
702.000000  703.000000  0.000206 
703.000000  704.000000  0.000205 
704.000000  705.000000  0.000204 
705.000000  706.000000  0.000204 
706.000000  707.000000  0.000203 
707.000000  708.000000  0.000202 
708.000000  709.000000  0.000202 
709.000000  710.000000  0.000201 
710.000000  711.000000  0.000201 
711.000000  712.000000  0.000200 
712.000000  713.000000  0.000199 
713.000000  714.000000  0.000199 
714.000000  715.000000  0.000198 
715.000000  716.000000  0.000197 
716.000000  717.000000  0.000197 
717.000000  718.000000  0.000196 
718.000000  719.000000  0.000196 
719.000000  720.000000  0.000195 
720.000000  721.000000  0.000194 
721.000000  722.000000  0.000194 
722.000000  723.000000  0.000193 
723.000000  724.000000  0.000193 
724.000000  725.000000  0.000192 
725.000000  726.000000  0.000192 
726.000000  727.000000  0.000191 
727.000000  728.000000  0.000191 
728.000000  729.000000  0.000190 
729.000000  730.000000  0.000189 
730.000000  731.000000  0.000189 
731.000000  732.000000  0.000188 
732.000000  733.000000  0.000188 
733.000000  734.000000  0.000187 
734.000000  735.000000  0.000187 
735.000000  736.000000  0.000186 
736.000000  737.000000  0.000186 
737.000000  738.000000  0.000185 
738.000000  739.000000  0.000185 
739.000000  740.000000  0.000184 
740.000000  741.000000  0.000184 
741.000000  742.000000  0.000183 
742.000000  743.000000  0.000183 
743.000000  744.000000  0.000182 
744.000000  745.000000  0.000182 
745.000000  746.000000  0.000181 
746.000000  747.000000  0.000181 
747.000000  748.000000  0.000180 
748.000000  749.000000  0.000180 
749.000000  750.000000  0.000180 
750.000000  751.000000  0.000179 
751.000000  752.000000  0.000179 
752.000000  753.000000  0.000178 
753.000000  754.000000  0.000178 
754.000000  755.000000  0.000177 
755.000000  756.000000  0.000177 
756.000000  757.000000  0.000176 
757.000000  758.000000  0.000176 
758.000000  759.000000  0.000176 
759.000000  760.000000  0.000175 
760.000000  761.000000  0.000175 
761.000000  762.000000  0.000174 
762.000000  763.000000  0.000174 
763.000000  764.000000  0.000174 
764.000000  765.000000  0.000173 
765.000000  766.000000  0.000173 
766.000000  767.000000  0.000172 
767.000000  768.000000  0.000172 
768.000000  769.000000  0.000172 
769.000000  770.000000  0.000171 
770.000000  771.000000  0.000171 
771.000000  772.000000  0.000170 
772.000000  773.000000  0.000170 
773.000000  774.000000  0.000170 
774.000000  775.000000  0.000169 
775.000000  776.000000  0.000169 
776.000000  777.000000  0.000169 
777.000000  778.000000  0.000168 
778.000000  779.000000  0.000168 
779.000000  780.000000  0.000167 
780.000000  781.000000  0.000167 
781.000000  782.000000  0.000167 
782.000000  783.000000  0.000166 
783.000000  784.000000  0.000166 
784.000000  785.000000  0.000166 
785.000000  786.000000  0.000165 
786.000000  787.000000  0.000165 
787.000000  788.000000  0.000165 
788.000000  789.000000  0.000164 
789.000000  790.000000  0.000164 
790.000000  791.000000  0.000164 
791.000000  792.000000  0.000163 
792.000000  793.000000  0.000163 
793.000000  794.000000  0.000163 
794.000000  795.000000  0.000162 
795.000000  796.000000  0.000162 
796.000000  797.000000  0.000162 
797.000000  798.000000  0.000161 
798.000000  799.000000  0.000161 
799.000000  800.000000  0.000161 
800.000000  801.000000  0.000161 
801.000000  802.000000  0.000160 
802.000000  803.000000  0.000160 
803.000000  804.000000  0.000160 
804.000000  805.000000  0.000159 
805.000000  806.000000  0.000159 
806.000000  807.000000  0.000159 
807.000000  808.000000  0.000159 
808.000000  809.000000  0.000158 
809.000000  810.000000  0.000158 
810.000000  811.000000  0.000158 
811.000000  812.000000  0.000157 
812.000000  813.000000  0.000157 
813.000000  814.000000  0.000157 
814.000000  815.000000  0.000157 
815.000000  816.000000  0.000156 
816.000000  817.000000  0.000156 
817.000000  818.000000  0.000156 
818.000000  819.000000  0.000156 
819.000000  820.000000  0.000155 
820.000000  821.000000  0.000155 
821.000000  822.000000  0.000155 
822.000000  823.000000  0.000155 
823.000000  824.000000  0.000154 
824.000000  825.000000  0.000154 
825.000000  826.000000  0.000154 
826.000000  827.000000  0.000154 
827.000000  828.000000  0.000153 
828.000000  829.000000  0.000153 
829.000000  830.000000  0.000153 
830.000000  831.000000  0.000153 
831.000000  832.000000  0.000152 
832.000000  833.000000  0.000152 
833.000000  834.000000  0.000152 
834.000000  835.000000  0.000152 
835.000000  836.000000  0.000152 
836.000000  837.000000  0.000151 
837.000000  838.000000  0.000151 
838.000000  839.000000  0.000151 
839.000000  840.000000  0.000151 
840.000000  841.000000  0.000150 
841.000000  842.000000  0.000150 
842.000000  843.000000  0.000150 
843.000000  844.000000  0.000150 
844.000000  845.000000  0.000150 
845.000000  846.000000  0.000149 
846.000000  847.000000  0.000149 
847.000000  848.000000  0.000149 
848.000000  849.000000  0.000149 
849.000000  850.000000  0.000149 
850.000000  851.000000  0.000148 
851.000000  852.000000  0.000148 
852.000000  853.000000  0.000148 
853.000000  854.000000  0.000148 
854.000000  855.000000  0.000148 
855.000000  856.000000  0.000147 
856.000000  857.000000  0.000147 
857.000000  858.000000  0.000147 
858.000000  859.000000  0.000147 
859.000000  860.000000  0.000147 
860.000000  861.000000  0.000146 
861.000000  862.000000  0.000146 
862.000000  863.000000  0.000146 
863.000000  864.000000  0.000146 
864.000000  865.000000  0.000146 
865.000000  866.000000  0.000146 
866.000000  867.000000  0.000145 
867.000000  868.000000  0.000145 
868.000000  869.000000  0.000145 
869.000000  870.000000  0.000145 
870.000000  871.000000  0.000145 
871.000000  872.000000  0.000145 
872.000000  873.000000  0.000144 
873.000000  874.000000  0.000144 
874.000000  875.000000  0.000144 
875.000000  876.000000  0.000144 
876.000000  877.000000  0.000144 
877.000000  878.000000  0.000144 
878.000000  879.000000  0.000143 
879.000000  880.000000  0.000143 
880.000000  881.000000  0.000143 
881.000000  882.000000  0.000143 
882.000000  883.000000  0.000143 
883.000000  884.000000  0.000143 
884.000000  885.000000  0.000143 
885.000000  886.000000  0.000142 
886.000000  887.000000  0.000142 
887.000000  888.000000  0.000142 
888.000000  889.000000  0.000142 
889.000000  890.000000  0.000142 
890.000000  891.000000  0.000142 
891.000000  892.000000  0.000142 
892.000000  893.000000  0.000141 
893.000000  894.000000  0.000141 
894.000000  895.000000  0.000141 
895.000000  896.000000  0.000141 
896.000000  897.000000  0.000141 
897.000000  898.000000  0.000141 
898.000000  899.000000  0.000141 
899.000000  900.000000  0.000141 
900.000000  901.000000  0.000140 
901.000000  902.000000  0.000140 
902.000000  903.000000  0.000140 
903.000000  904.000000  0.000140 
904.000000  905.000000  0.000140 
905.000000  906.000000  0.000140 
906.000000  907.000000  0.000140 
907.000000  908.000000  0.000140 
908.000000  909.000000  0.000139 
909.000000  910.000000  0.000139 
910.000000  911.000000  0.000139 
911.000000  912.000000  0.000139 
912.000000  913.000000  0.000139 
913.000000  914.000000  0.000139 
914.000000  915.000000  0.000139 
915.000000  916.000000  0.000139 
916.000000  917.000000  0.000139 
917.000000  918.000000  0.000138 
918.000000  919.000000  0.000138 
919.000000  920.000000  0.000138 
920.000000  921.000000  0.000138 
921.000000  922.000000  0.000138 
922.000000  923.000000  0.000138 
923.000000  924.000000  0.000138 
924.000000  925.000000  0.000138 
925.000000  926.000000  0.000138 
926.000000  927.000000  0.000137 
927.000000  928.000000  0.000137 
928.000000  929.000000  0.000137 
929.000000  930.000000  0.000137 
930.000000  931.000000  0.000137 
931.000000  932.000000  0.000137 
932.000000  933.000000  0.000137 
933.000000  934.000000  0.000137 
934.000000  935.000000  0.000137 
935.000000  936.000000  0.000137 
936.000000  937.000000  0.000137 
937.000000  938.000000  0.000136 
