20.000000  21.000000  0.000897 
21.000000  22.000000  0.000883 
22.000000  23.000000  0.000870 
23.000000  24.000000  0.000857 
24.000000  25.000000  0.000844 
25.000000  26.000000  0.000832 
26.000000  27.000000  0.000819 
27.000000  28.000000  0.000806 
28.000000  29.000000  0.000793 
29.000000  30.000000  0.000781 
30.000000  31.000000  0.000768 
31.000000  32.000000  0.000755 
32.000000  33.000000  0.000742 
33.000000  34.000000  0.000729 
34.000000  35.000000  0.000716 
35.000000  36.000000  0.000703 
36.000000  37.000000  0.000690 
37.000000  38.000000  0.000677 
38.000000  39.000000  0.000664 
39.000000  40.000000  0.000651 
40.000000  41.000000  0.000638 
41.000000  42.000000  0.000626 
42.000000  43.000000  0.000613 
43.000000  44.000000  0.000600 
44.000000  45.000000  0.000588 
45.000000  46.000000  0.000576 
46.000000  47.000000  0.000564 
47.000000  48.000000  0.000552 
48.000000  49.000000  0.000541 
49.000000  50.000000  0.000530 
50.000000  51.000000  0.000519 
51.000000  52.000000  0.000509 
52.000000  53.000000  0.000498 
53.000000  54.000000  0.000489 
54.000000  55.000000  0.000479 
55.000000  56.000000  0.000470 
56.000000  57.000000  0.000462 
57.000000  58.000000  0.000453 
58.000000  59.000000  0.000445 
59.000000  60.000000  0.000438 
60.000000  61.000000  0.000431 
61.000000  62.000000  0.000424 
62.000000  63.000000  0.000418 
63.000000  64.000000  0.000412 
64.000000  65.000000  0.000406 
65.000000  66.000000  0.000401 
66.000000  67.000000  0.000396 
67.000000  68.000000  0.000391 
68.000000  69.000000  0.000387 
69.000000  70.000000  0.000383 
70.000000  71.000000  0.000380 
71.000000  72.000000  0.000376 
72.000000  73.000000  0.000373 
73.000000  74.000000  0.000371 
74.000000  75.000000  0.000368 
75.000000  76.000000  0.000366 
76.000000  77.000000  0.000364 
77.000000  78.000000  0.000362 
78.000000  79.000000  0.000361 
79.000000  80.000000  0.000360 
80.000000  81.000000  0.000359 
81.000000  82.000000  0.000358 
82.000000  83.000000  0.000357 
83.000000  84.000000  0.000356 
84.000000  85.000000  0.000356 
85.000000  86.000000  0.000355 
86.000000  87.000000  0.000355 
87.000000  88.000000  0.000355 
88.000000  89.000000  0.000354 
89.000000  90.000000  0.000354 
90.000000  91.000000  0.000354 
91.000000  92.000000  0.000354 
92.000000  93.000000  0.000354 
93.000000  94.000000  0.000355 
94.000000  95.000000  0.000355 
95.000000  96.000000  0.000355 
96.000000  97.000000  0.000355 
97.000000  98.000000  0.000355 
98.000000  99.000000  0.000356 
99.000000  100.000000  0.000356 
100.000000  101.000000  0.000356 
101.000000  102.000000  0.000356 
102.000000  103.000000  0.000356 
103.000000  104.000000  0.000356 
104.000000  105.000000  0.000356 
105.000000  106.000000  0.000356 
106.000000  107.000000  0.000356 
107.000000  108.000000  0.000356 
108.000000  109.000000  0.000356 
109.000000  110.000000  0.000356 
110.000000  111.000000  0.000356 
111.000000  112.000000  0.000356 
112.000000  113.000000  0.000355 
113.000000  114.000000  0.000355 
114.000000  115.000000  0.000355 
115.000000  116.000000  0.000354 
116.000000  117.000000  0.000354 
117.000000  118.000000  0.000353 
118.000000  119.000000  0.000353 
119.000000  120.000000  0.000352 
120.000000  121.000000  0.000351 
121.000000  122.000000  0.000351 
122.000000  123.000000  0.000350 
123.000000  124.000000  0.000349 
124.000000  125.000000  0.000348 
125.000000  126.000000  0.000347 
126.000000  127.000000  0.000346 
127.000000  128.000000  0.000345 
128.000000  129.000000  0.000344 
129.000000  130.000000  0.000343 
130.000000  131.000000  0.000341 
131.000000  132.000000  0.000340 
132.000000  133.000000  0.000339 
133.000000  134.000000  0.000337 
134.000000  135.000000  0.000336 
135.000000  136.000000  0.000335 
136.000000  137.000000  0.000333 
137.000000  138.000000  0.000332 
138.000000  139.000000  0.000330 
139.000000  140.000000  0.000328 
140.000000  141.000000  0.000327 
141.000000  142.000000  0.000325 
142.000000  143.000000  0.000324 
143.000000  144.000000  0.000322 
144.000000  145.000000  0.000320 
145.000000  146.000000  0.000318 
146.000000  147.000000  0.000317 
147.000000  148.000000  0.000315 
148.000000  149.000000  0.000313 
149.000000  150.000000  0.000311 
150.000000  151.000000  0.000309 
151.000000  152.000000  0.000307 
152.000000  153.000000  0.000306 
153.000000  154.000000  0.000304 
154.000000  155.000000  0.000302 
155.000000  156.000000  0.000300 
156.000000  157.000000  0.000298 
157.000000  158.000000  0.000296 
158.000000  159.000000  0.000294 
159.000000  160.000000  0.000292 
160.000000  161.000000  0.000290 
161.000000  162.000000  0.000288 
162.000000  163.000000  0.000286 
163.000000  164.000000  0.000284 
164.000000  165.000000  0.000282 
165.000000  166.000000  0.000280 
166.000000  167.000000  0.000278 
167.000000  168.000000  0.000276 
168.000000  169.000000  0.000275 
169.000000  170.000000  0.000273 
170.000000  171.000000  0.000271 
171.000000  172.000000  0.000269 
172.000000  173.000000  0.000267 
173.000000  174.000000  0.000265 
174.000000  175.000000  0.000263 
175.000000  176.000000  0.000261 
176.000000  177.000000  0.000259 
177.000000  178.000000  0.000257 
178.000000  179.000000  0.000255 
179.000000  180.000000  0.000254 
180.000000  181.000000  0.000252 
181.000000  182.000000  0.000250 
182.000000  183.000000  0.000248 
183.000000  184.000000  0.000246 
184.000000  185.000000  0.000244 
185.000000  186.000000  0.000243 
186.000000  187.000000  0.000241 
187.000000  188.000000  0.000239 
188.000000  189.000000  0.000237 
189.000000  190.000000  0.000236 
190.000000  191.000000  0.000234 
191.000000  192.000000  0.000232 
192.000000  193.000000  0.000231 
193.000000  194.000000  0.000229 
194.000000  195.000000  0.000227 
195.000000  196.000000  0.000226 
196.000000  197.000000  0.000224 
197.000000  198.000000  0.000222 
198.000000  199.000000  0.000221 
199.000000  200.000000  0.000219 
200.000000  201.000000  0.000218 
201.000000  202.000000  0.000216 
202.000000  203.000000  0.000215 
203.000000  204.000000  0.000213 
204.000000  205.000000  0.000212 
205.000000  206.000000  0.000211 
206.000000  207.000000  0.000209 
207.000000  208.000000  0.000208 
208.000000  209.000000  0.000206 
209.000000  210.000000  0.000205 
210.000000  211.000000  0.000204 
211.000000  212.000000  0.000202 
212.000000  213.000000  0.000201 
213.000000  214.000000  0.000200 
214.000000  215.000000  0.000199 
215.000000  216.000000  0.000197 
216.000000  217.000000  0.000196 
217.000000  218.000000  0.000195 
218.000000  219.000000  0.000194 
219.000000  220.000000  0.000193 
220.000000  221.000000  0.000191 
221.000000  222.000000  0.000190 
222.000000  223.000000  0.000189 
223.000000  224.000000  0.000188 
224.000000  225.000000  0.000187 
225.000000  226.000000  0.000186 
226.000000  227.000000  0.000185 
227.000000  228.000000  0.000184 
228.000000  229.000000  0.000183 
229.000000  230.000000  0.000182 
230.000000  231.000000  0.000181 
231.000000  232.000000  0.000180 
232.000000  233.000000  0.000179 
233.000000  234.000000  0.000178 
234.000000  235.000000  0.000177 
235.000000  236.000000  0.000176 
236.000000  237.000000  0.000175 
237.000000  238.000000  0.000174 
238.000000  239.000000  0.000174 
239.000000  240.000000  0.000173 
240.000000  241.000000  0.000172 
241.000000  242.000000  0.000171 
242.000000  243.000000  0.000170 
243.000000  244.000000  0.000169 
244.000000  245.000000  0.000169 
245.000000  246.000000  0.000168 
246.000000  247.000000  0.000167 
247.000000  248.000000  0.000166 
248.000000  249.000000  0.000166 
249.000000  250.000000  0.000165 
250.000000  251.000000  0.000164 
251.000000  252.000000  0.000164 
252.000000  253.000000  0.000163 
253.000000  254.000000  0.000162 
254.000000  255.000000  0.000161 
255.000000  256.000000  0.000161 
256.000000  257.000000  0.000160 
257.000000  258.000000  0.000160 
258.000000  259.000000  0.000159 
259.000000  260.000000  0.000158 
260.000000  261.000000  0.000158 
261.000000  262.000000  0.000157 
262.000000  263.000000  0.000156 
263.000000  264.000000  0.000156 
264.000000  265.000000  0.000155 
265.000000  266.000000  0.000155 
266.000000  267.000000  0.000154 
267.000000  268.000000  0.000153 
268.000000  269.000000  0.000153 
269.000000  270.000000  0.000152 
270.000000  271.000000  0.000152 
271.000000  272.000000  0.000151 
272.000000  273.000000  0.000151 
273.000000  274.000000  0.000150 
274.000000  275.000000  0.000149 
275.000000  276.000000  0.000149 
276.000000  277.000000  0.000148 
277.000000  278.000000  0.000148 
278.000000  279.000000  0.000147 
279.000000  280.000000  0.000147 
280.000000  281.000000  0.000146 
281.000000  282.000000  0.000146 
282.000000  283.000000  0.000145 
283.000000  284.000000  0.000145 
284.000000  285.000000  0.000144 
285.000000  286.000000  0.000144 
286.000000  287.000000  0.000143 
287.000000  288.000000  0.000143 
288.000000  289.000000  0.000142 
289.000000  290.000000  0.000142 
290.000000  291.000000  0.000141 
291.000000  292.000000  0.000141 
292.000000  293.000000  0.000140 
293.000000  294.000000  0.000140 
294.000000  295.000000  0.000139 
295.000000  296.000000  0.000139 
296.000000  297.000000  0.000138 
297.000000  298.000000  0.000138 
298.000000  299.000000  0.000137 
299.000000  300.000000  0.000137 
300.000000  301.000000  0.000136 
301.000000  302.000000  0.000136 
302.000000  303.000000  0.000135 
303.000000  304.000000  0.000135 
304.000000  305.000000  0.000134 
305.000000  306.000000  0.000134 
306.000000  307.000000  0.000133 
307.000000  308.000000  0.000133 
308.000000  309.000000  0.000132 
309.000000  310.000000  0.000132 
310.000000  311.000000  0.000131 
311.000000  312.000000  0.000131 
312.000000  313.000000  0.000130 
313.000000  314.000000  0.000130 
314.000000  315.000000  0.000129 
315.000000  316.000000  0.000128 
316.000000  317.000000  0.000128 
317.000000  318.000000  0.000127 
318.000000  319.000000  0.000127 
319.000000  320.000000  0.000126 
320.000000  321.000000  0.000126 
321.000000  322.000000  0.000125 
322.000000  323.000000  0.000125 
323.000000  324.000000  0.000124 
324.000000  325.000000  0.000124 
325.000000  326.000000  0.000123 
326.000000  327.000000  0.000123 
327.000000  328.000000  0.000122 
328.000000  329.000000  0.000122 
329.000000  330.000000  0.000121 
330.000000  331.000000  0.000121 
331.000000  332.000000  0.000120 
332.000000  333.000000  0.000120 
333.000000  334.000000  0.000119 
334.000000  335.000000  0.000119 
335.000000  336.000000  0.000118 
336.000000  337.000000  0.000118 
337.000000  338.000000  0.000117 
338.000000  339.000000  0.000117 
339.000000  340.000000  0.000116 
340.000000  341.000000  0.000116 
341.000000  342.000000  0.000115 
342.000000  343.000000  0.000115 
343.000000  344.000000  0.000114 
344.000000  345.000000  0.000113 
345.000000  346.000000  0.000113 
346.000000  347.000000  0.000112 
347.000000  348.000000  0.000112 
348.000000  349.000000  0.000111 
349.000000  350.000000  0.000111 
350.000000  351.000000  0.000110 
351.000000  352.000000  0.000110 
352.000000  353.000000  0.000109 
353.000000  354.000000  0.000109 
354.000000  355.000000  0.000108 
355.000000  356.000000  0.000108 
356.000000  357.000000  0.000107 
357.000000  358.000000  0.000107 
358.000000  359.000000  0.000106 
359.000000  360.000000  0.000106 
360.000000  361.000000  0.000105 
361.000000  362.000000  0.000104 
362.000000  363.000000  0.000104 
363.000000  364.000000  0.000103 
364.000000  365.000000  0.000103 
365.000000  366.000000  0.000102 
366.000000  367.000000  0.000102 
367.000000  368.000000  0.000101 
368.000000  369.000000  0.000101 
369.000000  370.000000  0.000100 
370.000000  371.000000  0.000100 
371.000000  372.000000  0.000099 
372.000000  373.000000  0.000099 
373.000000  374.000000  0.000098 
374.000000  375.000000  0.000098 
375.000000  376.000000  0.000097 
376.000000  377.000000  0.000097 
377.000000  378.000000  0.000096 
378.000000  379.000000  0.000096 
379.000000  380.000000  0.000095 
380.000000  381.000000  0.000095 
381.000000  382.000000  0.000094 
382.000000  383.000000  0.000094 
383.000000  384.000000  0.000093 
384.000000  385.000000  0.000092 
385.000000  386.000000  0.000092 
386.000000  387.000000  0.000091 
387.000000  388.000000  0.000091 
388.000000  389.000000  0.000090 
389.000000  390.000000  0.000090 
390.000000  391.000000  0.000089 
391.000000  392.000000  0.000089 
392.000000  393.000000  0.000088 
393.000000  394.000000  0.000088 
394.000000  395.000000  0.000087 
395.000000  396.000000  0.000087 
396.000000  397.000000  0.000086 
397.000000  398.000000  0.000086 
398.000000  399.000000  0.000085 
399.000000  400.000000  0.000085 
400.000000  401.000000  0.000084 
401.000000  402.000000  0.000084 
402.000000  403.000000  0.000083 
403.000000  404.000000  0.000083 
404.000000  405.000000  0.000082 
405.000000  406.000000  0.000082 
406.000000  407.000000  0.000082 
407.000000  408.000000  0.000081 
408.000000  409.000000  0.000081 
409.000000  410.000000  0.000080 
410.000000  411.000000  0.000080 
411.000000  412.000000  0.000079 
412.000000  413.000000  0.000079 
413.000000  414.000000  0.000078 
414.000000  415.000000  0.000078 
415.000000  416.000000  0.000077 
416.000000  417.000000  0.000077 
417.000000  418.000000  0.000076 
418.000000  419.000000  0.000076 
419.000000  420.000000  0.000075 
420.000000  421.000000  0.000075 
421.000000  422.000000  0.000075 
422.000000  423.000000  0.000074 
423.000000  424.000000  0.000074 
424.000000  425.000000  0.000073 
425.000000  426.000000  0.000073 
426.000000  427.000000  0.000072 
427.000000  428.000000  0.000072 
428.000000  429.000000  0.000071 
429.000000  430.000000  0.000071 
430.000000  431.000000  0.000070 
431.000000  432.000000  0.000070 
432.000000  433.000000  0.000070 
433.000000  434.000000  0.000069 
434.000000  435.000000  0.000069 
435.000000  436.000000  0.000068 
436.000000  437.000000  0.000068 
437.000000  438.000000  0.000067 
438.000000  439.000000  0.000067 
439.000000  440.000000  0.000067 
440.000000  441.000000  0.000066 
441.000000  442.000000  0.000066 
442.000000  443.000000  0.000065 
443.000000  444.000000  0.000065 
444.000000  445.000000  0.000065 
445.000000  446.000000  0.000064 
446.000000  447.000000  0.000064 
447.000000  448.000000  0.000063 
448.000000  449.000000  0.000063 
449.000000  450.000000  0.000063 
450.000000  451.000000  0.000062 
451.000000  452.000000  0.000062 
452.000000  453.000000  0.000061 
453.000000  454.000000  0.000061 
454.000000  455.000000  0.000061 
455.000000  456.000000  0.000060 
456.000000  457.000000  0.000060 
457.000000  458.000000  0.000059 
458.000000  459.000000  0.000059 
459.000000  460.000000  0.000059 
460.000000  461.000000  0.000058 
461.000000  462.000000  0.000058 
462.000000  463.000000  0.000058 
463.000000  464.000000  0.000057 
464.000000  465.000000  0.000057 
465.000000  466.000000  0.000057 
466.000000  467.000000  0.000056 
467.000000  468.000000  0.000056 
468.000000  469.000000  0.000055 
469.000000  470.000000  0.000055 
470.000000  471.000000  0.000055 
471.000000  472.000000  0.000054 
472.000000  473.000000  0.000054 
473.000000  474.000000  0.000054 
474.000000  475.000000  0.000053 
475.000000  476.000000  0.000053 
476.000000  477.000000  0.000053 
477.000000  478.000000  0.000052 
478.000000  479.000000  0.000052 
479.000000  480.000000  0.000052 
480.000000  481.000000  0.000051 
481.000000  482.000000  0.000051 
482.000000  483.000000  0.000051 
483.000000  484.000000  0.000050 
484.000000  485.000000  0.000050 
485.000000  486.000000  0.000050 
486.000000  487.000000  0.000049 
487.000000  488.000000  0.000049 
488.000000  489.000000  0.000049 
489.000000  490.000000  0.000048 
490.000000  491.000000  0.000048 
491.000000  492.000000  0.000048 
492.000000  493.000000  0.000048 
493.000000  494.000000  0.000047 
494.000000  495.000000  0.000047 
495.000000  496.000000  0.000047 
496.000000  497.000000  0.000046 
497.000000  498.000000  0.000046 
498.000000  499.000000  0.000046 
499.000000  500.000000  0.000045 
500.000000  501.000000  0.000045 
501.000000  502.000000  0.000045 
502.000000  503.000000  0.000045 
503.000000  504.000000  0.000044 
504.000000  505.000000  0.000044 
505.000000  506.000000  0.000044 
506.000000  507.000000  0.000043 
507.000000  508.000000  0.000043 
508.000000  509.000000  0.000043 
509.000000  510.000000  0.000043 
510.000000  511.000000  0.000042 
511.000000  512.000000  0.000042 
512.000000  513.000000  0.000042 
513.000000  514.000000  0.000042 
514.000000  515.000000  0.000041 
515.000000  516.000000  0.000041 
516.000000  517.000000  0.000041 
517.000000  518.000000  0.000041 
518.000000  519.000000  0.000040 
519.000000  520.000000  0.000040 
520.000000  521.000000  0.000040 
521.000000  522.000000  0.000039 
522.000000  523.000000  0.000039 
523.000000  524.000000  0.000039 
524.000000  525.000000  0.000039 
525.000000  526.000000  0.000039 
526.000000  527.000000  0.000038 
527.000000  528.000000  0.000038 
528.000000  529.000000  0.000038 
529.000000  530.000000  0.000038 
530.000000  531.000000  0.000037 
531.000000  532.000000  0.000037 
532.000000  533.000000  0.000037 
533.000000  534.000000  0.000037 
534.000000  535.000000  0.000036 
535.000000  536.000000  0.000036 
536.000000  537.000000  0.000036 
537.000000  538.000000  0.000036 
538.000000  539.000000  0.000036 
539.000000  540.000000  0.000035 
540.000000  541.000000  0.000035 
541.000000  542.000000  0.000035 
542.000000  543.000000  0.000035 
543.000000  544.000000  0.000034 
544.000000  545.000000  0.000034 
545.000000  546.000000  0.000034 
546.000000  547.000000  0.000034 
547.000000  548.000000  0.000034 
548.000000  549.000000  0.000033 
549.000000  550.000000  0.000033 
550.000000  551.000000  0.000033 
551.000000  552.000000  0.000033 
552.000000  553.000000  0.000033 
553.000000  554.000000  0.000032 
554.000000  555.000000  0.000032 
555.000000  556.000000  0.000032 
556.000000  557.000000  0.000032 
557.000000  558.000000  0.000032 
558.000000  559.000000  0.000031 
559.000000  560.000000  0.000031 
560.000000  561.000000  0.000031 
561.000000  562.000000  0.000031 
562.000000  563.000000  0.000031 
563.000000  564.000000  0.000031 
564.000000  565.000000  0.000030 
565.000000  566.000000  0.000030 
566.000000  567.000000  0.000030 
567.000000  568.000000  0.000030 
568.000000  569.000000  0.000030 
569.000000  570.000000  0.000029 
570.000000  571.000000  0.000029 
571.000000  572.000000  0.000029 
572.000000  573.000000  0.000029 
573.000000  574.000000  0.000029 
574.000000  575.000000  0.000029 
575.000000  576.000000  0.000028 
576.000000  577.000000  0.000028 
577.000000  578.000000  0.000028 
578.000000  579.000000  0.000028 
579.000000  580.000000  0.000028 
580.000000  581.000000  0.000028 
581.000000  582.000000  0.000027 
582.000000  583.000000  0.000027 
583.000000  584.000000  0.000027 
584.000000  585.000000  0.000027 
585.000000  586.000000  0.000027 
586.000000  587.000000  0.000027 
587.000000  588.000000  0.000027 
588.000000  589.000000  0.000026 
589.000000  590.000000  0.000026 
590.000000  591.000000  0.000026 
591.000000  592.000000  0.000026 
592.000000  593.000000  0.000026 
593.000000  594.000000  0.000026 
594.000000  595.000000  0.000026 
595.000000  596.000000  0.000025 
596.000000  597.000000  0.000025 
597.000000  598.000000  0.000025 
598.000000  599.000000  0.000025 
599.000000  600.000000  0.000025 
600.000000  601.000000  0.000025 
601.000000  602.000000  0.000025 
602.000000  603.000000  0.000024 
603.000000  604.000000  0.000024 
604.000000  605.000000  0.000024 
605.000000  606.000000  0.000024 
606.000000  607.000000  0.000024 
607.000000  608.000000  0.000024 
608.000000  609.000000  0.000024 
609.000000  610.000000  0.000024 
610.000000  611.000000  0.000023 
611.000000  612.000000  0.000023 
612.000000  613.000000  0.000023 
613.000000  614.000000  0.000023 
614.000000  615.000000  0.000023 
615.000000  616.000000  0.000023 
616.000000  617.000000  0.000023 
617.000000  618.000000  0.000023 
618.000000  619.000000  0.000022 
619.000000  620.000000  0.000022 
620.000000  621.000000  0.000022 
621.000000  622.000000  0.000022 
622.000000  623.000000  0.000022 
623.000000  624.000000  0.000022 
624.000000  625.000000  0.000022 
625.000000  626.000000  0.000022 
626.000000  627.000000  0.000022 
627.000000  628.000000  0.000021 
628.000000  629.000000  0.000021 
629.000000  630.000000  0.000021 
630.000000  631.000000  0.000021 
631.000000  632.000000  0.000021 
632.000000  633.000000  0.000021 
633.000000  634.000000  0.000021 
634.000000  635.000000  0.000021 
635.000000  636.000000  0.000021 
636.000000  637.000000  0.000020 
637.000000  638.000000  0.000020 
638.000000  639.000000  0.000020 
639.000000  640.000000  0.000020 
640.000000  641.000000  0.000020 
641.000000  642.000000  0.000020 
642.000000  643.000000  0.000020 
643.000000  644.000000  0.000020 
644.000000  645.000000  0.000020 
645.000000  646.000000  0.000020 
646.000000  647.000000  0.000020 
647.000000  648.000000  0.000019 
648.000000  649.000000  0.000019 
649.000000  650.000000  0.000019 
650.000000  651.000000  0.000019 
651.000000  652.000000  0.000019 
652.000000  653.000000  0.000019 
653.000000  654.000000  0.000019 
654.000000  655.000000  0.000019 
655.000000  656.000000  0.000019 
656.000000  657.000000  0.000019 
657.000000  658.000000  0.000019 
658.000000  659.000000  0.000018 
659.000000  660.000000  0.000018 
660.000000  661.000000  0.000018 
661.000000  662.000000  0.000018 
662.000000  663.000000  0.000018 
663.000000  664.000000  0.000018 
664.000000  665.000000  0.000018 
665.000000  666.000000  0.000018 
666.000000  667.000000  0.000018 
667.000000  668.000000  0.000018 
668.000000  669.000000  0.000018 
669.000000  670.000000  0.000018 
670.000000  671.000000  0.000017 
671.000000  672.000000  0.000017 
672.000000  673.000000  0.000017 
673.000000  674.000000  0.000017 
674.000000  675.000000  0.000017 
675.000000  676.000000  0.000017 
676.000000  677.000000  0.000017 
677.000000  678.000000  0.000017 
678.000000  679.000000  0.000017 
679.000000  680.000000  0.000017 
680.000000  681.000000  0.000017 
681.000000  682.000000  0.000017 
682.000000  683.000000  0.000017 
683.000000  684.000000  0.000017 
684.000000  685.000000  0.000016 
685.000000  686.000000  0.000016 
686.000000  687.000000  0.000016 
687.000000  688.000000  0.000016 
688.000000  689.000000  0.000016 
689.000000  690.000000  0.000016 
690.000000  691.000000  0.000016 
691.000000  692.000000  0.000016 
692.000000  693.000000  0.000016 
693.000000  694.000000  0.000016 
694.000000  695.000000  0.000016 
695.000000  696.000000  0.000016 
696.000000  697.000000  0.000016 
697.000000  698.000000  0.000016 
698.000000  699.000000  0.000016 
699.000000  700.000000  0.000016 
700.000000  701.000000  0.000015 
701.000000  702.000000  0.000015 
702.000000  703.000000  0.000015 
703.000000  704.000000  0.000015 
704.000000  705.000000  0.000015 
705.000000  706.000000  0.000015 
706.000000  707.000000  0.000015 
707.000000  708.000000  0.000015 
708.000000  709.000000  0.000015 
709.000000  710.000000  0.000015 
710.000000  711.000000  0.000015 
711.000000  712.000000  0.000015 
712.000000  713.000000  0.000015 
713.000000  714.000000  0.000015 
714.000000  715.000000  0.000015 
715.000000  716.000000  0.000015 
716.000000  717.000000  0.000015 
717.000000  718.000000  0.000015 
718.000000  719.000000  0.000014 
719.000000  720.000000  0.000014 
720.000000  721.000000  0.000014 
721.000000  722.000000  0.000014 
722.000000  723.000000  0.000014 
723.000000  724.000000  0.000014 
724.000000  725.000000  0.000014 
725.000000  726.000000  0.000014 
726.000000  727.000000  0.000014 
727.000000  728.000000  0.000014 
728.000000  729.000000  0.000014 
729.000000  730.000000  0.000014 
730.000000  731.000000  0.000014 
731.000000  732.000000  0.000014 
732.000000  733.000000  0.000014 
733.000000  734.000000  0.000014 
734.000000  735.000000  0.000014 
735.000000  736.000000  0.000014 
736.000000  737.000000  0.000014 
737.000000  738.000000  0.000014 
738.000000  739.000000  0.000014 
739.000000  740.000000  0.000013 
740.000000  741.000000  0.000013 
741.000000  742.000000  0.000013 
742.000000  743.000000  0.000013 
743.000000  744.000000  0.000013 
744.000000  745.000000  0.000013 
745.000000  746.000000  0.000013 
746.000000  747.000000  0.000013 
747.000000  748.000000  0.000013 
748.000000  749.000000  0.000013 
749.000000  750.000000  0.000013 
750.000000  751.000000  0.000013 
751.000000  752.000000  0.000013 
752.000000  753.000000  0.000013 
753.000000  754.000000  0.000013 
754.000000  755.000000  0.000013 
755.000000  756.000000  0.000013 
756.000000  757.000000  0.000013 
757.000000  758.000000  0.000013 
758.000000  759.000000  0.000013 
759.000000  760.000000  0.000013 
760.000000  761.000000  0.000013 
761.000000  762.000000  0.000013 
762.000000  763.000000  0.000013 
763.000000  764.000000  0.000013 
764.000000  765.000000  0.000013 
765.000000  766.000000  0.000012 
766.000000  767.000000  0.000012 
767.000000  768.000000  0.000012 
768.000000  769.000000  0.000012 
769.000000  770.000000  0.000012 
770.000000  771.000000  0.000012 
771.000000  772.000000  0.000012 
772.000000  773.000000  0.000012 
773.000000  774.000000  0.000012 
774.000000  775.000000  0.000012 
775.000000  776.000000  0.000012 
776.000000  777.000000  0.000012 
777.000000  778.000000  0.000012 
778.000000  779.000000  0.000012 
779.000000  780.000000  0.000012 
780.000000  781.000000  0.000012 
781.000000  782.000000  0.000012 
782.000000  783.000000  0.000012 
783.000000  784.000000  0.000012 
784.000000  785.000000  0.000012 
785.000000  786.000000  0.000012 
786.000000  787.000000  0.000012 
787.000000  788.000000  0.000012 
788.000000  789.000000  0.000012 
789.000000  790.000000  0.000012 
790.000000  791.000000  0.000012 
791.000000  792.000000  0.000012 
792.000000  793.000000  0.000012 
793.000000  794.000000  0.000012 
794.000000  795.000000  0.000012 
795.000000  796.000000  0.000012 
796.000000  797.000000  0.000012 
797.000000  798.000000  0.000011 
798.000000  799.000000  0.000011 
799.000000  800.000000  0.000011 
800.000000  801.000000  0.000011 
801.000000  802.000000  0.000011 
802.000000  803.000000  0.000011 
803.000000  804.000000  0.000011 
804.000000  805.000000  0.000011 
805.000000  806.000000  0.000011 
806.000000  807.000000  0.000011 
807.000000  808.000000  0.000011 
808.000000  809.000000  0.000011 
809.000000  810.000000  0.000011 
810.000000  811.000000  0.000011 
811.000000  812.000000  0.000011 
812.000000  813.000000  0.000011 
813.000000  814.000000  0.000011 
814.000000  815.000000  0.000011 
815.000000  816.000000  0.000011 
816.000000  817.000000  0.000011 
817.000000  818.000000  0.000011 
818.000000  819.000000  0.000011 
819.000000  820.000000  0.000011 
820.000000  821.000000  0.000011 
821.000000  822.000000  0.000011 
822.000000  823.000000  0.000011 
823.000000  824.000000  0.000011 
824.000000  825.000000  0.000011 
825.000000  826.000000  0.000011 
826.000000  827.000000  0.000011 
827.000000  828.000000  0.000011 
828.000000  829.000000  0.000011 
829.000000  830.000000  0.000011 
830.000000  831.000000  0.000011 
831.000000  832.000000  0.000011 
832.000000  833.000000  0.000011 
833.000000  834.000000  0.000011 
834.000000  835.000000  0.000011 
835.000000  836.000000  0.000011 
836.000000  837.000000  0.000011 
837.000000  838.000000  0.000011 
838.000000  839.000000  0.000011 
839.000000  840.000000  0.000011 
840.000000  841.000000  0.000011 
841.000000  842.000000  0.000011 
842.000000  843.000000  0.000010 
843.000000  844.000000  0.000010 
844.000000  845.000000  0.000010 
845.000000  846.000000  0.000010 
846.000000  847.000000  0.000010 
847.000000  848.000000  0.000010 
848.000000  849.000000  0.000010 
849.000000  850.000000  0.000010 
850.000000  851.000000  0.000010 
851.000000  852.000000  0.000010 
852.000000  853.000000  0.000010 
853.000000  854.000000  0.000010 
854.000000  855.000000  0.000010 
855.000000  856.000000  0.000010 
856.000000  857.000000  0.000010 
857.000000  858.000000  0.000010 
858.000000  859.000000  0.000010 
859.000000  860.000000  0.000010 
860.000000  861.000000  0.000010 
861.000000  862.000000  0.000010 
862.000000  863.000000  0.000010 
863.000000  864.000000  0.000010 
864.000000  865.000000  0.000010 
865.000000  866.000000  0.000010 
866.000000  867.000000  0.000010 
867.000000  868.000000  0.000010 
868.000000  869.000000  0.000010 
869.000000  870.000000  0.000010 
870.000000  871.000000  0.000010 
871.000000  872.000000  0.000010 
872.000000  873.000000  0.000010 
873.000000  874.000000  0.000010 
874.000000  875.000000  0.000010 
875.000000  876.000000  0.000010 
876.000000  877.000000  0.000010 
877.000000  878.000000  0.000010 
878.000000  879.000000  0.000010 
879.000000  880.000000  0.000010 
880.000000  881.000000  0.000010 
881.000000  882.000000  0.000010 
882.000000  883.000000  0.000010 
883.000000  884.000000  0.000010 
884.000000  885.000000  0.000010 
885.000000  886.000000  0.000010 
886.000000  887.000000  0.000010 
887.000000  888.000000  0.000010 
888.000000  889.000000  0.000010 
889.000000  890.000000  0.000010 
890.000000  891.000000  0.000010 
891.000000  892.000000  0.000010 
892.000000  893.000000  0.000010 
893.000000  894.000000  0.000010 
894.000000  895.000000  0.000010 
895.000000  896.000000  0.000010 
896.000000  897.000000  0.000010 
897.000000  898.000000  0.000010 
898.000000  899.000000  0.000010 
899.000000  900.000000  0.000010 
900.000000  901.000000  0.000010 
901.000000  902.000000  0.000010 
902.000000  903.000000  0.000010 
903.000000  904.000000  0.000010 
904.000000  905.000000  0.000010 
905.000000  906.000000  0.000010 
906.000000  907.000000  0.000010 
907.000000  908.000000  0.000010 
908.000000  909.000000  0.000010 
909.000000  910.000000  0.000010 
910.000000  911.000000  0.000010 
911.000000  912.000000  0.000010 
912.000000  913.000000  0.000009 
913.000000  914.000000  0.000009 
914.000000  915.000000  0.000009 
915.000000  916.000000  0.000009 
916.000000  917.000000  0.000009 
917.000000  918.000000  0.000009 
918.000000  919.000000  0.000009 
919.000000  920.000000  0.000009 
920.000000  921.000000  0.000009 
921.000000  922.000000  0.000009 
922.000000  923.000000  0.000009 
923.000000  924.000000  0.000009 
924.000000  925.000000  0.000009 
925.000000  926.000000  0.000009 
926.000000  927.000000  0.000009 
927.000000  928.000000  0.000009 
928.000000  929.000000  0.000009 
929.000000  930.000000  0.000009 
930.000000  931.000000  0.000009 
931.000000  932.000000  0.000009 
932.000000  933.000000  0.000009 
933.000000  934.000000  0.000009 
934.000000  935.000000  0.000009 
935.000000  936.000000  0.000009 
936.000000  937.000000  0.000009 
937.000000  938.000000  0.000009 
