20.000000  21.000000  0.001519 
21.000000  22.000000  0.001409 
22.000000  23.000000  0.001306 
23.000000  24.000000  0.001212 
24.000000  25.000000  0.001126 
25.000000  26.000000  0.001046 
26.000000  27.000000  0.000972 
27.000000  28.000000  0.000904 
28.000000  29.000000  0.000842 
29.000000  30.000000  0.000784 
30.000000  31.000000  0.000731 
31.000000  32.000000  0.000682 
32.000000  33.000000  0.000637 
33.000000  34.000000  0.000595 
34.000000  35.000000  0.000556 
35.000000  36.000000  0.000521 
36.000000  37.000000  0.000488 
37.000000  38.000000  0.000457 
38.000000  39.000000  0.000429 
39.000000  40.000000  0.000402 
40.000000  41.000000  0.000378 
41.000000  42.000000  0.000355 
42.000000  43.000000  0.000334 
43.000000  44.000000  0.000315 
44.000000  45.000000  0.000297 
45.000000  46.000000  0.000280 
46.000000  47.000000  0.000264 
47.000000  48.000000  0.000250 
48.000000  49.000000  0.000236 
49.000000  50.000000  0.000223 
50.000000  51.000000  0.000212 
51.000000  52.000000  0.000201 
52.000000  53.000000  0.000190 
53.000000  54.000000  0.000180 
54.000000  55.000000  0.000171 
55.000000  56.000000  0.000163 
56.000000  57.000000  0.000155 
57.000000  58.000000  0.000148 
58.000000  59.000000  0.000141 
59.000000  60.000000  0.000134 
60.000000  61.000000  0.000128 
61.000000  62.000000  0.000122 
62.000000  63.000000  0.000117 
63.000000  64.000000  0.000111 
64.000000  65.000000  0.000107 
65.000000  66.000000  0.000102 
66.000000  67.000000  0.000098 
67.000000  68.000000  0.000094 
68.000000  69.000000  0.000090 
69.000000  70.000000  0.000086 
70.000000  71.000000  0.000083 
71.000000  72.000000  0.000080 
72.000000  73.000000  0.000077 
73.000000  74.000000  0.000074 
74.000000  75.000000  0.000071 
75.000000  76.000000  0.000069 
76.000000  77.000000  0.000066 
77.000000  78.000000  0.000064 
78.000000  79.000000  0.000062 
79.000000  80.000000  0.000060 
80.000000  81.000000  0.000058 
81.000000  82.000000  0.000056 
82.000000  83.000000  0.000054 
83.000000  84.000000  0.000052 
84.000000  85.000000  0.000051 
85.000000  86.000000  0.000049 
86.000000  87.000000  0.000048 
87.000000  88.000000  0.000046 
88.000000  89.000000  0.000045 
89.000000  90.000000  0.000044 
90.000000  91.000000  0.000042 
91.000000  92.000000  0.000041 
92.000000  93.000000  0.000040 
93.000000  94.000000  0.000039 
94.000000  95.000000  0.000038 
95.000000  96.000000  0.000037 
96.000000  97.000000  0.000036 
97.000000  98.000000  0.000035 
98.000000  99.000000  0.000035 
99.000000  100.000000  0.000034 
100.000000  101.000000  0.000033 
101.000000  102.000000  0.000032 
102.000000  103.000000  0.000032 
103.000000  104.000000  0.000031 
104.000000  105.000000  0.000030 
105.000000  106.000000  0.000030 
106.000000  107.000000  0.000029 
107.000000  108.000000  0.000028 
108.000000  109.000000  0.000028 
109.000000  110.000000  0.000027 
110.000000  111.000000  0.000027 
111.000000  112.000000  0.000026 
112.000000  113.000000  0.000026 
113.000000  114.000000  0.000025 
114.000000  115.000000  0.000025 
115.000000  116.000000  0.000024 
116.000000  117.000000  0.000024 
117.000000  118.000000  0.000024 
118.000000  119.000000  0.000023 
119.000000  120.000000  0.000023 
120.000000  121.000000  0.000022 
121.000000  122.000000  0.000022 
122.000000  123.000000  0.000022 
123.000000  124.000000  0.000021 
124.000000  125.000000  0.000021 
125.000000  126.000000  0.000021 
126.000000  127.000000  0.000020 
127.000000  128.000000  0.000020 
128.000000  129.000000  0.000020 
129.000000  130.000000  0.000020 
130.000000  131.000000  0.000019 
131.000000  132.000000  0.000019 
132.000000  133.000000  0.000019 
133.000000  134.000000  0.000019 
134.000000  135.000000  0.000018 
135.000000  136.000000  0.000018 
136.000000  137.000000  0.000018 
137.000000  138.000000  0.000018 
138.000000  139.000000  0.000017 
139.000000  140.000000  0.000017 
140.000000  141.000000  0.000017 
141.000000  142.000000  0.000017 
142.000000  143.000000  0.000016 
143.000000  144.000000  0.000016 
144.000000  145.000000  0.000016 
145.000000  146.000000  0.000016 
146.000000  147.000000  0.000016 
147.000000  148.000000  0.000015 
148.000000  149.000000  0.000015 
149.000000  150.000000  0.000015 
150.000000  151.000000  0.000015 
151.000000  152.000000  0.000015 
152.000000  153.000000  0.000014 
153.000000  154.000000  0.000014 
154.000000  155.000000  0.000014 
155.000000  156.000000  0.000014 
156.000000  157.000000  0.000014 
157.000000  158.000000  0.000014 
158.000000  159.000000  0.000013 
159.000000  160.000000  0.000013 
160.000000  161.000000  0.000013 
161.000000  162.000000  0.000013 
162.000000  163.000000  0.000013 
163.000000  164.000000  0.000013 
164.000000  165.000000  0.000013 
165.000000  166.000000  0.000012 
166.000000  167.000000  0.000012 
167.000000  168.000000  0.000012 
168.000000  169.000000  0.000012 
169.000000  170.000000  0.000012 
170.000000  171.000000  0.000012 
171.000000  172.000000  0.000012 
172.000000  173.000000  0.000012 
173.000000  174.000000  0.000011 
174.000000  175.000000  0.000011 
175.000000  176.000000  0.000011 
176.000000  177.000000  0.000011 
177.000000  178.000000  0.000011 
178.000000  179.000000  0.000011 
179.000000  180.000000  0.000011 
180.000000  181.000000  0.000011 
181.000000  182.000000  0.000010 
182.000000  183.000000  0.000010 
183.000000  184.000000  0.000010 
184.000000  185.000000  0.000010 
185.000000  186.000000  0.000010 
186.000000  187.000000  0.000010 
187.000000  188.000000  0.000010 
188.000000  189.000000  0.000010 
189.000000  190.000000  0.000010 
190.000000  191.000000  0.000010 
191.000000  192.000000  0.000009 
192.000000  193.000000  0.000009 
193.000000  194.000000  0.000009 
194.000000  195.000000  0.000009 
195.000000  196.000000  0.000009 
196.000000  197.000000  0.000009 
197.000000  198.000000  0.000009 
198.000000  199.000000  0.000009 
199.000000  200.000000  0.000009 
200.000000  201.000000  0.000009 
201.000000  202.000000  0.000009 
202.000000  203.000000  0.000008 
203.000000  204.000000  0.000008 
204.000000  205.000000  0.000008 
205.000000  206.000000  0.000008 
206.000000  207.000000  0.000008 
207.000000  208.000000  0.000008 
208.000000  209.000000  0.000008 
209.000000  210.000000  0.000008 
210.000000  211.000000  0.000008 
211.000000  212.000000  0.000008 
212.000000  213.000000  0.000008 
213.000000  214.000000  0.000008 
214.000000  215.000000  0.000008 
215.000000  216.000000  0.000008 
216.000000  217.000000  0.000008 
217.000000  218.000000  0.000007 
218.000000  219.000000  0.000007 
219.000000  220.000000  0.000007 
220.000000  221.000000  0.000007 
221.000000  222.000000  0.000007 
222.000000  223.000000  0.000007 
223.000000  224.000000  0.000007 
224.000000  225.000000  0.000007 
225.000000  226.000000  0.000007 
226.000000  227.000000  0.000007 
227.000000  228.000000  0.000007 
228.000000  229.000000  0.000007 
229.000000  230.000000  0.000007 
230.000000  231.000000  0.000007 
231.000000  232.000000  0.000007 
232.000000  233.000000  0.000007 
233.000000  234.000000  0.000007 
234.000000  235.000000  0.000007 
235.000000  236.000000  0.000007 
236.000000  237.000000  0.000006 
237.000000  238.000000  0.000006 
238.000000  239.000000  0.000006 
239.000000  240.000000  0.000006 
240.000000  241.000000  0.000006 
241.000000  242.000000  0.000006 
242.000000  243.000000  0.000006 
243.000000  244.000000  0.000006 
244.000000  245.000000  0.000006 
245.000000  246.000000  0.000006 
246.000000  247.000000  0.000006 
247.000000  248.000000  0.000006 
248.000000  249.000000  0.000006 
249.000000  250.000000  0.000006 
250.000000  251.000000  0.000006 
251.000000  252.000000  0.000006 
252.000000  253.000000  0.000006 
253.000000  254.000000  0.000006 
254.000000  255.000000  0.000006 
255.000000  256.000000  0.000006 
256.000000  257.000000  0.000006 
257.000000  258.000000  0.000006 
258.000000  259.000000  0.000006 
259.000000  260.000000  0.000006 
260.000000  261.000000  0.000006 
261.000000  262.000000  0.000006 
262.000000  263.000000  0.000006 
263.000000  264.000000  0.000006 
264.000000  265.000000  0.000006 
265.000000  266.000000  0.000006 
266.000000  267.000000  0.000006 
267.000000  268.000000  0.000005 
268.000000  269.000000  0.000005 
269.000000  270.000000  0.000005 
270.000000  271.000000  0.000005 
271.000000  272.000000  0.000005 
272.000000  273.000000  0.000005 
273.000000  274.000000  0.000005 
274.000000  275.000000  0.000005 
275.000000  276.000000  0.000005 
276.000000  277.000000  0.000005 
277.000000  278.000000  0.000005 
278.000000  279.000000  0.000005 
279.000000  280.000000  0.000005 
280.000000  281.000000  0.000005 
281.000000  282.000000  0.000005 
282.000000  283.000000  0.000005 
283.000000  284.000000  0.000005 
284.000000  285.000000  0.000005 
285.000000  286.000000  0.000005 
286.000000  287.000000  0.000005 
287.000000  288.000000  0.000005 
288.000000  289.000000  0.000005 
289.000000  290.000000  0.000005 
290.000000  291.000000  0.000005 
291.000000  292.000000  0.000005 
292.000000  293.000000  0.000005 
293.000000  294.000000  0.000005 
294.000000  295.000000  0.000005 
295.000000  296.000000  0.000005 
296.000000  297.000000  0.000005 
297.000000  298.000000  0.000005 
298.000000  299.000000  0.000005 
299.000000  300.000000  0.000005 
300.000000  301.000000  0.000005 
301.000000  302.000000  0.000005 
302.000000  303.000000  0.000005 
303.000000  304.000000  0.000005 
304.000000  305.000000  0.000005 
305.000000  306.000000  0.000005 
306.000000  307.000000  0.000005 
307.000000  308.000000  0.000005 
308.000000  309.000000  0.000005 
309.000000  310.000000  0.000005 
310.000000  311.000000  0.000005 
311.000000  312.000000  0.000005 
312.000000  313.000000  0.000005 
313.000000  314.000000  0.000005 
314.000000  315.000000  0.000005 
315.000000  316.000000  0.000005 
316.000000  317.000000  0.000005 
317.000000  318.000000  0.000005 
318.000000  319.000000  0.000005 
319.000000  320.000000  0.000005 
320.000000  321.000000  0.000004 
321.000000  322.000000  0.000004 
322.000000  323.000000  0.000004 
323.000000  324.000000  0.000004 
324.000000  325.000000  0.000004 
325.000000  326.000000  0.000004 
326.000000  327.000000  0.000004 
327.000000  328.000000  0.000004 
328.000000  329.000000  0.000004 
329.000000  330.000000  0.000004 
330.000000  331.000000  0.000004 
331.000000  332.000000  0.000004 
332.000000  333.000000  0.000004 
333.000000  334.000000  0.000004 
334.000000  335.000000  0.000004 
335.000000  336.000000  0.000004 
336.000000  337.000000  0.000004 
337.000000  338.000000  0.000004 
338.000000  339.000000  0.000004 
339.000000  340.000000  0.000004 
340.000000  341.000000  0.000004 
341.000000  342.000000  0.000004 
342.000000  343.000000  0.000004 
343.000000  344.000000  0.000004 
344.000000  345.000000  0.000004 
345.000000  346.000000  0.000004 
346.000000  347.000000  0.000004 
347.000000  348.000000  0.000004 
348.000000  349.000000  0.000004 
349.000000  350.000000  0.000004 
350.000000  351.000000  0.000004 
351.000000  352.000000  0.000004 
352.000000  353.000000  0.000004 
353.000000  354.000000  0.000004 
354.000000  355.000000  0.000004 
355.000000  356.000000  0.000004 
356.000000  357.000000  0.000004 
357.000000  358.000000  0.000004 
358.000000  359.000000  0.000004 
359.000000  360.000000  0.000004 
360.000000  361.000000  0.000004 
361.000000  362.000000  0.000004 
362.000000  363.000000  0.000004 
363.000000  364.000000  0.000004 
364.000000  365.000000  0.000004 
365.000000  366.000000  0.000004 
366.000000  367.000000  0.000004 
367.000000  368.000000  0.000004 
368.000000  369.000000  0.000004 
369.000000  370.000000  0.000004 
370.000000  371.000000  0.000004 
371.000000  372.000000  0.000004 
372.000000  373.000000  0.000004 
373.000000  374.000000  0.000004 
374.000000  375.000000  0.000004 
375.000000  376.000000  0.000004 
376.000000  377.000000  0.000004 
377.000000  378.000000  0.000004 
378.000000  379.000000  0.000004 
379.000000  380.000000  0.000004 
380.000000  381.000000  0.000004 
381.000000  382.000000  0.000004 
382.000000  383.000000  0.000003 
383.000000  384.000000  0.000003 
384.000000  385.000000  0.000003 
385.000000  386.000000  0.000003 
386.000000  387.000000  0.000003 
387.000000  388.000000  0.000003 
388.000000  389.000000  0.000003 
389.000000  390.000000  0.000003 
390.000000  391.000000  0.000003 
391.000000  392.000000  0.000003 
392.000000  393.000000  0.000003 
393.000000  394.000000  0.000003 
394.000000  395.000000  0.000003 
395.000000  396.000000  0.000003 
396.000000  397.000000  0.000003 
397.000000  398.000000  0.000003 
398.000000  399.000000  0.000003 
399.000000  400.000000  0.000003 
400.000000  401.000000  0.000003 
401.000000  402.000000  0.000003 
402.000000  403.000000  0.000003 
403.000000  404.000000  0.000003 
404.000000  405.000000  0.000003 
405.000000  406.000000  0.000003 
406.000000  407.000000  0.000003 
407.000000  408.000000  0.000003 
408.000000  409.000000  0.000003 
409.000000  410.000000  0.000003 
410.000000  411.000000  0.000003 
411.000000  412.000000  0.000003 
412.000000  413.000000  0.000003 
413.000000  414.000000  0.000003 
414.000000  415.000000  0.000003 
415.000000  416.000000  0.000003 
416.000000  417.000000  0.000003 
417.000000  418.000000  0.000003 
418.000000  419.000000  0.000003 
419.000000  420.000000  0.000003 
420.000000  421.000000  0.000003 
421.000000  422.000000  0.000003 
422.000000  423.000000  0.000003 
423.000000  424.000000  0.000003 
424.000000  425.000000  0.000003 
425.000000  426.000000  0.000003 
426.000000  427.000000  0.000003 
427.000000  428.000000  0.000003 
428.000000  429.000000  0.000003 
429.000000  430.000000  0.000003 
430.000000  431.000000  0.000003 
431.000000  432.000000  0.000003 
432.000000  433.000000  0.000003 
433.000000  434.000000  0.000003 
434.000000  435.000000  0.000003 
435.000000  436.000000  0.000003 
436.000000  437.000000  0.000003 
437.000000  438.000000  0.000003 
438.000000  439.000000  0.000003 
439.000000  440.000000  0.000003 
440.000000  441.000000  0.000003 
441.000000  442.000000  0.000003 
442.000000  443.000000  0.000003 
443.000000  444.000000  0.000003 
444.000000  445.000000  0.000003 
445.000000  446.000000  0.000003 
446.000000  447.000000  0.000003 
447.000000  448.000000  0.000003 
448.000000  449.000000  0.000003 
449.000000  450.000000  0.000002 
450.000000  451.000000  0.000002 
451.000000  452.000000  0.000002 
452.000000  453.000000  0.000002 
453.000000  454.000000  0.000002 
454.000000  455.000000  0.000002 
455.000000  456.000000  0.000002 
456.000000  457.000000  0.000002 
457.000000  458.000000  0.000002 
458.000000  459.000000  0.000002 
459.000000  460.000000  0.000002 
460.000000  461.000000  0.000002 
461.000000  462.000000  0.000002 
462.000000  463.000000  0.000002 
463.000000  464.000000  0.000002 
464.000000  465.000000  0.000002 
465.000000  466.000000  0.000002 
466.000000  467.000000  0.000002 
467.000000  468.000000  0.000002 
468.000000  469.000000  0.000002 
469.000000  470.000000  0.000002 
470.000000  471.000000  0.000002 
471.000000  472.000000  0.000002 
472.000000  473.000000  0.000002 
473.000000  474.000000  0.000002 
474.000000  475.000000  0.000002 
475.000000  476.000000  0.000002 
476.000000  477.000000  0.000002 
477.000000  478.000000  0.000002 
478.000000  479.000000  0.000002 
479.000000  480.000000  0.000002 
480.000000  481.000000  0.000002 
481.000000  482.000000  0.000002 
482.000000  483.000000  0.000002 
483.000000  484.000000  0.000002 
484.000000  485.000000  0.000002 
485.000000  486.000000  0.000002 
486.000000  487.000000  0.000002 
487.000000  488.000000  0.000002 
488.000000  489.000000  0.000002 
489.000000  490.000000  0.000002 
490.000000  491.000000  0.000002 
491.000000  492.000000  0.000002 
492.000000  493.000000  0.000002 
493.000000  494.000000  0.000002 
494.000000  495.000000  0.000002 
495.000000  496.000000  0.000002 
496.000000  497.000000  0.000002 
497.000000  498.000000  0.000002 
498.000000  499.000000  0.000002 
499.000000  500.000000  0.000002 
500.000000  501.000000  0.000002 
501.000000  502.000000  0.000002 
502.000000  503.000000  0.000002 
503.000000  504.000000  0.000002 
504.000000  505.000000  0.000002 
505.000000  506.000000  0.000002 
506.000000  507.000000  0.000002 
507.000000  508.000000  0.000002 
508.000000  509.000000  0.000002 
509.000000  510.000000  0.000002 
510.000000  511.000000  0.000002 
511.000000  512.000000  0.000002 
512.000000  513.000000  0.000002 
513.000000  514.000000  0.000002 
514.000000  515.000000  0.000002 
515.000000  516.000000  0.000002 
516.000000  517.000000  0.000002 
517.000000  518.000000  0.000002 
518.000000  519.000000  0.000002 
519.000000  520.000000  0.000002 
520.000000  521.000000  0.000002 
521.000000  522.000000  0.000002 
522.000000  523.000000  0.000002 
523.000000  524.000000  0.000002 
524.000000  525.000000  0.000002 
525.000000  526.000000  0.000002 
526.000000  527.000000  0.000002 
527.000000  528.000000  0.000002 
528.000000  529.000000  0.000002 
529.000000  530.000000  0.000002 
530.000000  531.000000  0.000002 
531.000000  532.000000  0.000002 
532.000000  533.000000  0.000002 
533.000000  534.000000  0.000002 
534.000000  535.000000  0.000002 
535.000000  536.000000  0.000002 
536.000000  537.000000  0.000002 
537.000000  538.000000  0.000002 
538.000000  539.000000  0.000002 
539.000000  540.000000  0.000002 
540.000000  541.000000  0.000002 
541.000000  542.000000  0.000002 
542.000000  543.000000  0.000001 
543.000000  544.000000  0.000001 
544.000000  545.000000  0.000001 
545.000000  546.000000  0.000001 
546.000000  547.000000  0.000001 
547.000000  548.000000  0.000001 
548.000000  549.000000  0.000001 
549.000000  550.000000  0.000001 
550.000000  551.000000  0.000001 
551.000000  552.000000  0.000001 
552.000000  553.000000  0.000001 
553.000000  554.000000  0.000001 
554.000000  555.000000  0.000001 
555.000000  556.000000  0.000001 
556.000000  557.000000  0.000001 
557.000000  558.000000  0.000001 
558.000000  559.000000  0.000001 
559.000000  560.000000  0.000001 
560.000000  561.000000  0.000001 
561.000000  562.000000  0.000001 
562.000000  563.000000  0.000001 
563.000000  564.000000  0.000001 
564.000000  565.000000  0.000001 
565.000000  566.000000  0.000001 
566.000000  567.000000  0.000001 
567.000000  568.000000  0.000001 
568.000000  569.000000  0.000001 
569.000000  570.000000  0.000001 
570.000000  571.000000  0.000001 
571.000000  572.000000  0.000001 
572.000000  573.000000  0.000001 
573.000000  574.000000  0.000001 
574.000000  575.000000  0.000001 
575.000000  576.000000  0.000001 
576.000000  577.000000  0.000001 
577.000000  578.000000  0.000001 
578.000000  579.000000  0.000001 
579.000000  580.000000  0.000001 
580.000000  581.000000  0.000001 
581.000000  582.000000  0.000001 
582.000000  583.000000  0.000001 
583.000000  584.000000  0.000001 
584.000000  585.000000  0.000001 
585.000000  586.000000  0.000001 
586.000000  587.000000  0.000001 
587.000000  588.000000  0.000001 
588.000000  589.000000  0.000001 
589.000000  590.000000  0.000001 
590.000000  591.000000  0.000001 
591.000000  592.000000  0.000001 
592.000000  593.000000  0.000001 
593.000000  594.000000  0.000001 
594.000000  595.000000  0.000001 
595.000000  596.000000  0.000001 
596.000000  597.000000  0.000001 
597.000000  598.000000  0.000001 
598.000000  599.000000  0.000001 
599.000000  600.000000  0.000001 
600.000000  601.000000  0.000001 
601.000000  602.000000  0.000001 
602.000000  603.000000  0.000001 
603.000000  604.000000  0.000001 
604.000000  605.000000  0.000001 
605.000000  606.000000  0.000001 
606.000000  607.000000  0.000001 
607.000000  608.000000  0.000001 
608.000000  609.000000  0.000001 
609.000000  610.000000  0.000001 
610.000000  611.000000  0.000001 
611.000000  612.000000  0.000001 
612.000000  613.000000  0.000001 
613.000000  614.000000  0.000001 
614.000000  615.000000  0.000001 
615.000000  616.000000  0.000001 
616.000000  617.000000  0.000001 
617.000000  618.000000  0.000001 
618.000000  619.000000  0.000001 
619.000000  620.000000  0.000001 
620.000000  621.000000  0.000001 
621.000000  622.000000  0.000001 
622.000000  623.000000  0.000001 
623.000000  624.000000  0.000001 
624.000000  625.000000  0.000001 
625.000000  626.000000  0.000001 
626.000000  627.000000  0.000001 
627.000000  628.000000  0.000001 
628.000000  629.000000  0.000001 
629.000000  630.000000  0.000001 
630.000000  631.000000  0.000001 
631.000000  632.000000  0.000001 
632.000000  633.000000  0.000001 
633.000000  634.000000  0.000001 
634.000000  635.000000  0.000001 
635.000000  636.000000  0.000001 
636.000000  637.000000  0.000001 
637.000000  638.000000  0.000001 
638.000000  639.000000  0.000001 
639.000000  640.000000  0.000001 
640.000000  641.000000  0.000001 
641.000000  642.000000  0.000001 
642.000000  643.000000  0.000001 
643.000000  644.000000  0.000001 
644.000000  645.000000  0.000001 
645.000000  646.000000  0.000001 
646.000000  647.000000  0.000001 
647.000000  648.000000  0.000001 
648.000000  649.000000  0.000001 
649.000000  650.000000  0.000001 
650.000000  651.000000  0.000001 
651.000000  652.000000  0.000001 
652.000000  653.000000  0.000001 
653.000000  654.000000  0.000001 
654.000000  655.000000  0.000001 
655.000000  656.000000  0.000001 
656.000000  657.000000  0.000001 
657.000000  658.000000  0.000001 
658.000000  659.000000  0.000001 
659.000000  660.000000  0.000001 
660.000000  661.000000  0.000001 
661.000000  662.000000  0.000001 
662.000000  663.000000  0.000001 
663.000000  664.000000  0.000001 
664.000000  665.000000  0.000001 
665.000000  666.000000  0.000001 
666.000000  667.000000  0.000001 
667.000000  668.000000  0.000001 
668.000000  669.000000  0.000001 
669.000000  670.000000  0.000001 
670.000000  671.000000  0.000001 
671.000000  672.000000  0.000001 
672.000000  673.000000  0.000001 
673.000000  674.000000  0.000001 
674.000000  675.000000  0.000001 
675.000000  676.000000  0.000001 
676.000000  677.000000  0.000001 
677.000000  678.000000  0.000001 
678.000000  679.000000  0.000001 
679.000000  680.000000  0.000001 
680.000000  681.000000  0.000001 
681.000000  682.000000  0.000001 
682.000000  683.000000  0.000001 
683.000000  684.000000  0.000001 
684.000000  685.000000  0.000001 
685.000000  686.000000  0.000001 
686.000000  687.000000  0.000001 
687.000000  688.000000  0.000001 
688.000000  689.000000  0.000001 
689.000000  690.000000  0.000001 
690.000000  691.000000  0.000001 
691.000000  692.000000  0.000001 
692.000000  693.000000  0.000001 
693.000000  694.000000  0.000001 
694.000000  695.000000  0.000001 
695.000000  696.000000  0.000001 
696.000000  697.000000  0.000001 
697.000000  698.000000  0.000001 
698.000000  699.000000  0.000001 
699.000000  700.000000  0.000001 
700.000000  701.000000  0.000001 
701.000000  702.000000  0.000001 
702.000000  703.000000  0.000001 
703.000000  704.000000  0.000001 
704.000000  705.000000  0.000001 
705.000000  706.000000  0.000001 
706.000000  707.000000  0.000001 
707.000000  708.000000  0.000001 
708.000000  709.000000  0.000001 
709.000000  710.000000  0.000001 
710.000000  711.000000  0.000001 
711.000000  712.000000  0.000001 
712.000000  713.000000  0.000001 
713.000000  714.000000  0.000001 
714.000000  715.000000  0.000001 
715.000000  716.000000  0.000001 
716.000000  717.000000  0.000001 
717.000000  718.000000  0.000001 
718.000000  719.000000  0.000001 
719.000000  720.000000  0.000001 
720.000000  721.000000  0.000001 
721.000000  722.000000  0.000001 
722.000000  723.000000  0.000001 
723.000000  724.000000  0.000001 
724.000000  725.000000  0.000001 
725.000000  726.000000  0.000001 
726.000000  727.000000  0.000001 
727.000000  728.000000  0.000001 
728.000000  729.000000  0.000001 
729.000000  730.000000  0.000001 
730.000000  731.000000  0.000001 
731.000000  732.000000  0.000001 
732.000000  733.000000  0.000001 
733.000000  734.000000  0.000001 
734.000000  735.000000  0.000001 
735.000000  736.000000  0.000001 
736.000000  737.000000  0.000001 
737.000000  738.000000  0.000001 
738.000000  739.000000  0.000001 
739.000000  740.000000  0.000001 
740.000000  741.000000  0.000001 
741.000000  742.000000  0.000001 
742.000000  743.000000  0.000001 
743.000000  744.000000  0.000001 
744.000000  745.000000  0.000001 
745.000000  746.000000  0.000001 
746.000000  747.000000  0.000001 
747.000000  748.000000  0.000001 
748.000000  749.000000  0.000001 
749.000000  750.000000  0.000001 
750.000000  751.000000  0.000001 
751.000000  752.000000  0.000001 
752.000000  753.000000  0.000001 
753.000000  754.000000  0.000001 
754.000000  755.000000  0.000001 
755.000000  756.000000  0.000001 
756.000000  757.000000  0.000001 
757.000000  758.000000  0.000001 
758.000000  759.000000  0.000001 
759.000000  760.000000  0.000001 
760.000000  761.000000  0.000001 
761.000000  762.000000  0.000001 
762.000000  763.000000  0.000001 
763.000000  764.000000  0.000001 
764.000000  765.000000  0.000001 
765.000000  766.000000  0.000001 
766.000000  767.000000  0.000001 
767.000000  768.000000  0.000001 
768.000000  769.000000  0.000001 
769.000000  770.000000  0.000001 
770.000000  771.000000  0.000001 
771.000000  772.000000  0.000001 
772.000000  773.000000  0.000001 
773.000000  774.000000  0.000001 
774.000000  775.000000  0.000001 
775.000000  776.000000  0.000001 
776.000000  777.000000  0.000001 
777.000000  778.000000  0.000001 
778.000000  779.000000  0.000001 
779.000000  780.000000  0.000001 
780.000000  781.000000  0.000001 
781.000000  782.000000  0.000001 
782.000000  783.000000  0.000001 
783.000000  784.000000  0.000001 
784.000000  785.000000  0.000001 
785.000000  786.000000  0.000001 
786.000000  787.000000  0.000001 
787.000000  788.000000  0.000001 
788.000000  789.000000  0.000001 
789.000000  790.000000  0.000001 
790.000000  791.000000  0.000001 
791.000000  792.000000  0.000001 
792.000000  793.000000  0.000001 
793.000000  794.000000  0.000001 
794.000000  795.000000  0.000001 
795.000000  796.000000  0.000001 
796.000000  797.000000  0.000001 
797.000000  798.000000  0.000001 
798.000000  799.000000  0.000001 
799.000000  800.000000  0.000001 
800.000000  801.000000  0.000001 
801.000000  802.000000  0.000001 
802.000000  803.000000  0.000001 
803.000000  804.000000  0.000001 
804.000000  805.000000  0.000001 
805.000000  806.000000  0.000001 
806.000000  807.000000  0.000001 
807.000000  808.000000  0.000001 
808.000000  809.000000  0.000001 
809.000000  810.000000  0.000001 
810.000000  811.000000  0.000001 
811.000000  812.000000  0.000001 
812.000000  813.000000  0.000001 
813.000000  814.000000  0.000001 
814.000000  815.000000  0.000001 
815.000000  816.000000  0.000001 
816.000000  817.000000  0.000001 
817.000000  818.000000  0.000001 
818.000000  819.000000  0.000001 
819.000000  820.000000  0.000001 
820.000000  821.000000  0.000001 
821.000000  822.000000  0.000001 
822.000000  823.000000  0.000001 
823.000000  824.000000  0.000001 
824.000000  825.000000  0.000001 
825.000000  826.000000  0.000001 
826.000000  827.000000  0.000001 
827.000000  828.000000  0.000001 
828.000000  829.000000  0.000001 
829.000000  830.000000  0.000001 
830.000000  831.000000  0.000001 
831.000000  832.000000  0.000001 
832.000000  833.000000  0.000001 
833.000000  834.000000  0.000001 
834.000000  835.000000  0.000001 
835.000000  836.000000  0.000001 
836.000000  837.000000  0.000001 
837.000000  838.000000  0.000001 
838.000000  839.000000  0.000001 
839.000000  840.000000  0.000001 
840.000000  841.000000  0.000001 
841.000000  842.000000  0.000001 
842.000000  843.000000  0.000001 
843.000000  844.000000  0.000001 
844.000000  845.000000  0.000001 
845.000000  846.000000  0.000001 
846.000000  847.000000  0.000001 
847.000000  848.000000  0.000001 
848.000000  849.000000  0.000001 
849.000000  850.000000  0.000001 
850.000000  851.000000  0.000001 
851.000000  852.000000  0.000001 
852.000000  853.000000  0.000001 
853.000000  854.000000  0.000001 
854.000000  855.000000  0.000001 
855.000000  856.000000  0.000001 
856.000000  857.000000  0.000001 
857.000000  858.000000  0.000001 
858.000000  859.000000  0.000001 
859.000000  860.000000  0.000001 
860.000000  861.000000  0.000001 
861.000000  862.000000  0.000001 
862.000000  863.000000  0.000001 
863.000000  864.000000  0.000001 
864.000000  865.000000  0.000001 
865.000000  866.000000  0.000001 
866.000000  867.000000  0.000001 
867.000000  868.000000  0.000001 
868.000000  869.000000  0.000001 
869.000000  870.000000  0.000001 
870.000000  871.000000  0.000001 
871.000000  872.000000  0.000001 
872.000000  873.000000  0.000001 
873.000000  874.000000  0.000001 
874.000000  875.000000  0.000001 
875.000000  876.000000  0.000001 
876.000000  877.000000  0.000001 
877.000000  878.000000  0.000001 
878.000000  879.000000  0.000001 
879.000000  880.000000  0.000001 
880.000000  881.000000  0.000001 
881.000000  882.000000  0.000001 
882.000000  883.000000  0.000001 
883.000000  884.000000  0.000001 
884.000000  885.000000  0.000001 
885.000000  886.000000  0.000001 
886.000000  887.000000  0.000001 
887.000000  888.000000  0.000001 
888.000000  889.000000  0.000001 
889.000000  890.000000  0.000001 
890.000000  891.000000  0.000001 
891.000000  892.000000  0.000001 
892.000000  893.000000  0.000001 
893.000000  894.000000  0.000001 
894.000000  895.000000  0.000001 
895.000000  896.000000  0.000001 
896.000000  897.000000  0.000001 
897.000000  898.000000  0.000001 
898.000000  899.000000  0.000001 
899.000000  900.000000  0.000001 
900.000000  901.000000  0.000001 
901.000000  902.000000  0.000001 
902.000000  903.000000  0.000001 
903.000000  904.000000  0.000001 
904.000000  905.000000  0.000001 
905.000000  906.000000  0.000001 
906.000000  907.000000  0.000001 
907.000000  908.000000  0.000001 
908.000000  909.000000  0.000001 
909.000000  910.000000  0.000001 
910.000000  911.000000  0.000001 
911.000000  912.000000  0.000001 
912.000000  913.000000  0.000001 
913.000000  914.000000  0.000001 
914.000000  915.000000  0.000001 
915.000000  916.000000  0.000001 
916.000000  917.000000  0.000001 
917.000000  918.000000  0.000001 
918.000000  919.000000  0.000001 
919.000000  920.000000  0.000001 
920.000000  921.000000  0.000001 
921.000000  922.000000  0.000001 
922.000000  923.000000  0.000001 
923.000000  924.000000  0.000001 
924.000000  925.000000  0.000001 
925.000000  926.000000  0.000001 
926.000000  927.000000  0.000001 
927.000000  928.000000  0.000001 
928.000000  929.000000  0.000001 
929.000000  930.000000  0.000001 
930.000000  931.000000  0.000001 
931.000000  932.000000  0.000001 
932.000000  933.000000  0.000001 
933.000000  934.000000  0.000001 
934.000000  935.000000  0.000001 
935.000000  936.000000  0.000001 
936.000000  937.000000  0.000001 
937.000000  938.000000  0.000001 
