20.000000  21.000000  0.000217 
21.000000  22.000000  0.000246 
22.000000  23.000000  0.000276 
23.000000  24.000000  0.000308 
24.000000  25.000000  0.000340 
25.000000  26.000000  0.000373 
26.000000  27.000000  0.000407 
27.000000  28.000000  0.000441 
28.000000  29.000000  0.000476 
29.000000  30.000000  0.000512 
30.000000  31.000000  0.000548 
31.000000  32.000000  0.000584 
32.000000  33.000000  0.000620 
33.000000  34.000000  0.000657 
34.000000  35.000000  0.000694 
35.000000  36.000000  0.000731 
36.000000  37.000000  0.000768 
37.000000  38.000000  0.000805 
38.000000  39.000000  0.000842 
39.000000  40.000000  0.000879 
40.000000  41.000000  0.000916 
41.000000  42.000000  0.000952 
42.000000  43.000000  0.000989 
43.000000  44.000000  0.001025 
44.000000  45.000000  0.001061 
45.000000  46.000000  0.001097 
46.000000  47.000000  0.001132 
47.000000  48.000000  0.001167 
48.000000  49.000000  0.001201 
49.000000  50.000000  0.001235 
50.000000  51.000000  0.001268 
51.000000  52.000000  0.001301 
52.000000  53.000000  0.001333 
53.000000  54.000000  0.001364 
54.000000  55.000000  0.001394 
55.000000  56.000000  0.001424 
56.000000  57.000000  0.001452 
57.000000  58.000000  0.001480 
58.000000  59.000000  0.001507 
59.000000  60.000000  0.001534 
60.000000  61.000000  0.001559 
61.000000  62.000000  0.001583 
62.000000  63.000000  0.001607 
63.000000  64.000000  0.001629 
64.000000  65.000000  0.001651 
65.000000  66.000000  0.001672 
66.000000  67.000000  0.001692 
67.000000  68.000000  0.001711 
68.000000  69.000000  0.001729 
69.000000  70.000000  0.001746 
70.000000  71.000000  0.001762 
71.000000  72.000000  0.001778 
72.000000  73.000000  0.001792 
73.000000  74.000000  0.001806 
74.000000  75.000000  0.001819 
75.000000  76.000000  0.001832 
76.000000  77.000000  0.001843 
77.000000  78.000000  0.001854 
78.000000  79.000000  0.001864 
79.000000  80.000000  0.001874 
80.000000  81.000000  0.001882 
81.000000  82.000000  0.001890 
82.000000  83.000000  0.001898 
83.000000  84.000000  0.001905 
84.000000  85.000000  0.001911 
85.000000  86.000000  0.001917 
86.000000  87.000000  0.001923 
87.000000  88.000000  0.001927 
88.000000  89.000000  0.001932 
89.000000  90.000000  0.001936 
90.000000  91.000000  0.001940 
91.000000  92.000000  0.001943 
92.000000  93.000000  0.001946 
93.000000  94.000000  0.001949 
94.000000  95.000000  0.001951 
95.000000  96.000000  0.001953 
96.000000  97.000000  0.001955 
97.000000  98.000000  0.001956 
98.000000  99.000000  0.001958 
99.000000  100.000000  0.001959 
100.000000  101.000000  0.001960 
101.000000  102.000000  0.001961 
102.000000  103.000000  0.001962 
103.000000  104.000000  0.001963 
104.000000  105.000000  0.001964 
105.000000  106.000000  0.001964 
106.000000  107.000000  0.001965 
107.000000  108.000000  0.001965 
108.000000  109.000000  0.001966 
109.000000  110.000000  0.001966 
110.000000  111.000000  0.001967 
111.000000  112.000000  0.001967 
112.000000  113.000000  0.001968 
113.000000  114.000000  0.001968 
114.000000  115.000000  0.001969 
115.000000  116.000000  0.001970 
116.000000  117.000000  0.001971 
117.000000  118.000000  0.001972 
118.000000  119.000000  0.001972 
119.000000  120.000000  0.001974 
120.000000  121.000000  0.001975 
121.000000  122.000000  0.001976 
122.000000  123.000000  0.001977 
123.000000  124.000000  0.001979 
124.000000  125.000000  0.001980 
125.000000  126.000000  0.001982 
126.000000  127.000000  0.001984 
127.000000  128.000000  0.001986 
128.000000  129.000000  0.001988 
129.000000  130.000000  0.001990 
130.000000  131.000000  0.001992 
131.000000  132.000000  0.001995 
132.000000  133.000000  0.001997 
133.000000  134.000000  0.002000 
134.000000  135.000000  0.002003 
135.000000  136.000000  0.002006 
136.000000  137.000000  0.002009 
137.000000  138.000000  0.002012 
138.000000  139.000000  0.002015 
139.000000  140.000000  0.002018 
140.000000  141.000000  0.002022 
141.000000  142.000000  0.002026 
142.000000  143.000000  0.002029 
143.000000  144.000000  0.002033 
144.000000  145.000000  0.002037 
145.000000  146.000000  0.002041 
146.000000  147.000000  0.002045 
147.000000  148.000000  0.002049 
148.000000  149.000000  0.002054 
149.000000  150.000000  0.002058 
150.000000  151.000000  0.002063 
151.000000  152.000000  0.002067 
152.000000  153.000000  0.002072 
153.000000  154.000000  0.002077 
154.000000  155.000000  0.002081 
155.000000  156.000000  0.002086 
156.000000  157.000000  0.002091 
157.000000  158.000000  0.002096 
158.000000  159.000000  0.002101 
159.000000  160.000000  0.002106 
160.000000  161.000000  0.002111 
161.000000  162.000000  0.002116 
162.000000  163.000000  0.002122 
163.000000  164.000000  0.002127 
164.000000  165.000000  0.002132 
165.000000  166.000000  0.002137 
166.000000  167.000000  0.002143 
167.000000  168.000000  0.002148 
168.000000  169.000000  0.002153 
169.000000  170.000000  0.002159 
170.000000  171.000000  0.002164 
171.000000  172.000000  0.002170 
172.000000  173.000000  0.002175 
173.000000  174.000000  0.002180 
174.000000  175.000000  0.002186 
175.000000  176.000000  0.002191 
176.000000  177.000000  0.002197 
177.000000  178.000000  0.002202 
178.000000  179.000000  0.002207 
179.000000  180.000000  0.002213 
180.000000  181.000000  0.002218 
181.000000  182.000000  0.002223 
182.000000  183.000000  0.002229 
183.000000  184.000000  0.002234 
184.000000  185.000000  0.002239 
185.000000  186.000000  0.002245 
186.000000  187.000000  0.002250 
187.000000  188.000000  0.002255 
188.000000  189.000000  0.002260 
189.000000  190.000000  0.002265 
190.000000  191.000000  0.002270 
191.000000  192.000000  0.002275 
192.000000  193.000000  0.002280 
193.000000  194.000000  0.002285 
194.000000  195.000000  0.002290 
195.000000  196.000000  0.002295 
196.000000  197.000000  0.002300 
197.000000  198.000000  0.002305 
198.000000  199.000000  0.002309 
199.000000  200.000000  0.002314 
200.000000  201.000000  0.002319 
201.000000  202.000000  0.002323 
202.000000  203.000000  0.002328 
203.000000  204.000000  0.002332 
204.000000  205.000000  0.002336 
205.000000  206.000000  0.002341 
206.000000  207.000000  0.002345 
207.000000  208.000000  0.002349 
208.000000  209.000000  0.002354 
209.000000  210.000000  0.002358 
210.000000  211.000000  0.002362 
211.000000  212.000000  0.002366 
212.000000  213.000000  0.002370 
213.000000  214.000000  0.002374 
214.000000  215.000000  0.002377 
215.000000  216.000000  0.002381 
216.000000  217.000000  0.002385 
217.000000  218.000000  0.002388 
218.000000  219.000000  0.002392 
219.000000  220.000000  0.002396 
220.000000  221.000000  0.002399 
221.000000  222.000000  0.002402 
222.000000  223.000000  0.002406 
223.000000  224.000000  0.002409 
224.000000  225.000000  0.002412 
225.000000  226.000000  0.002415 
226.000000  227.000000  0.002419 
227.000000  228.000000  0.002422 
228.000000  229.000000  0.002425 
229.000000  230.000000  0.002428 
230.000000  231.000000  0.002430 
231.000000  232.000000  0.002433 
232.000000  233.000000  0.002436 
233.000000  234.000000  0.002439 
234.000000  235.000000  0.002441 
235.000000  236.000000  0.002444 
236.000000  237.000000  0.002447 
237.000000  238.000000  0.002449 
238.000000  239.000000  0.002451 
239.000000  240.000000  0.002454 
240.000000  241.000000  0.002456 
241.000000  242.000000  0.002459 
242.000000  243.000000  0.002461 
243.000000  244.000000  0.002463 
244.000000  245.000000  0.002465 
245.000000  246.000000  0.002467 
246.000000  247.000000  0.002469 
247.000000  248.000000  0.002471 
248.000000  249.000000  0.002473 
249.000000  250.000000  0.002475 
250.000000  251.000000  0.002477 
251.000000  252.000000  0.002479 
252.000000  253.000000  0.002481 
253.000000  254.000000  0.002483 
254.000000  255.000000  0.002485 
255.000000  256.000000  0.002486 
256.000000  257.000000  0.002488 
257.000000  258.000000  0.002490 
258.000000  259.000000  0.002491 
259.000000  260.000000  0.002493 
260.000000  261.000000  0.002494 
261.000000  262.000000  0.002496 
262.000000  263.000000  0.002497 
263.000000  264.000000  0.002499 
264.000000  265.000000  0.002500 
265.000000  266.000000  0.002502 
266.000000  267.000000  0.002503 
267.000000  268.000000  0.002505 
268.000000  269.000000  0.002506 
269.000000  270.000000  0.002507 
270.000000  271.000000  0.002509 
271.000000  272.000000  0.002510 
272.000000  273.000000  0.002511 
273.000000  274.000000  0.002512 
274.000000  275.000000  0.002514 
275.000000  276.000000  0.002515 
276.000000  277.000000  0.002516 
277.000000  278.000000  0.002517 
278.000000  279.000000  0.002519 
279.000000  280.000000  0.002520 
280.000000  281.000000  0.002521 
281.000000  282.000000  0.002522 
282.000000  283.000000  0.002523 
283.000000  284.000000  0.002524 
284.000000  285.000000  0.002526 
285.000000  286.000000  0.002527 
286.000000  287.000000  0.002528 
287.000000  288.000000  0.002529 
288.000000  289.000000  0.002530 
289.000000  290.000000  0.002531 
290.000000  291.000000  0.002532 
291.000000  292.000000  0.002533 
292.000000  293.000000  0.002534 
293.000000  294.000000  0.002535 
294.000000  295.000000  0.002537 
295.000000  296.000000  0.002538 
296.000000  297.000000  0.002539 
297.000000  298.000000  0.002540 
298.000000  299.000000  0.002541 
299.000000  300.000000  0.002542 
300.000000  301.000000  0.002543 
301.000000  302.000000  0.002544 
302.000000  303.000000  0.002545 
303.000000  304.000000  0.002546 
304.000000  305.000000  0.002547 
305.000000  306.000000  0.002549 
306.000000  307.000000  0.002550 
307.000000  308.000000  0.002551 
308.000000  309.000000  0.002552 
309.000000  310.000000  0.002553 
310.000000  311.000000  0.002554 
311.000000  312.000000  0.002555 
312.000000  313.000000  0.002556 
313.000000  314.000000  0.002557 
314.000000  315.000000  0.002559 
315.000000  316.000000  0.002560 
316.000000  317.000000  0.002561 
317.000000  318.000000  0.002562 
318.000000  319.000000  0.002563 
319.000000  320.000000  0.002564 
320.000000  321.000000  0.002566 
321.000000  322.000000  0.002567 
322.000000  323.000000  0.002568 
323.000000  324.000000  0.002569 
324.000000  325.000000  0.002570 
325.000000  326.000000  0.002572 
326.000000  327.000000  0.002573 
327.000000  328.000000  0.002574 
328.000000  329.000000  0.002575 
329.000000  330.000000  0.002576 
330.000000  331.000000  0.002578 
331.000000  332.000000  0.002579 
332.000000  333.000000  0.002580 
333.000000  334.000000  0.002581 
334.000000  335.000000  0.002583 
335.000000  336.000000  0.002584 
336.000000  337.000000  0.002585 
337.000000  338.000000  0.002587 
338.000000  339.000000  0.002588 
339.000000  340.000000  0.002589 
340.000000  341.000000  0.002591 
341.000000  342.000000  0.002592 
342.000000  343.000000  0.002593 
343.000000  344.000000  0.002595 
344.000000  345.000000  0.002596 
345.000000  346.000000  0.002597 
346.000000  347.000000  0.002599 
347.000000  348.000000  0.002600 
348.000000  349.000000  0.002601 
349.000000  350.000000  0.002603 
350.000000  351.000000  0.002604 
351.000000  352.000000  0.002606 
352.000000  353.000000  0.002607 
353.000000  354.000000  0.002608 
354.000000  355.000000  0.002610 
355.000000  356.000000  0.002611 
356.000000  357.000000  0.002613 
357.000000  358.000000  0.002614 
358.000000  359.000000  0.002615 
359.000000  360.000000  0.002617 
360.000000  361.000000  0.002618 
361.000000  362.000000  0.002620 
362.000000  363.000000  0.002621 
363.000000  364.000000  0.002623 
364.000000  365.000000  0.002624 
365.000000  366.000000  0.002626 
366.000000  367.000000  0.002627 
367.000000  368.000000  0.002629 
368.000000  369.000000  0.002630 
369.000000  370.000000  0.002631 
370.000000  371.000000  0.002633 
371.000000  372.000000  0.002634 
372.000000  373.000000  0.002636 
373.000000  374.000000  0.002637 
374.000000  375.000000  0.002639 
375.000000  376.000000  0.002640 
376.000000  377.000000  0.002642 
377.000000  378.000000  0.002643 
378.000000  379.000000  0.002645 
379.000000  380.000000  0.002646 
380.000000  381.000000  0.002648 
381.000000  382.000000  0.002649 
382.000000  383.000000  0.002651 
383.000000  384.000000  0.002652 
384.000000  385.000000  0.002654 
385.000000  386.000000  0.002655 
386.000000  387.000000  0.002657 
387.000000  388.000000  0.002659 
388.000000  389.000000  0.002660 
389.000000  390.000000  0.002662 
390.000000  391.000000  0.002663 
391.000000  392.000000  0.002665 
392.000000  393.000000  0.002666 
393.000000  394.000000  0.002668 
394.000000  395.000000  0.002669 
395.000000  396.000000  0.002671 
396.000000  397.000000  0.002672 
397.000000  398.000000  0.002674 
398.000000  399.000000  0.002675 
399.000000  400.000000  0.002677 
400.000000  401.000000  0.002678 
401.000000  402.000000  0.002680 
402.000000  403.000000  0.002681 
403.000000  404.000000  0.002683 
404.000000  405.000000  0.002684 
405.000000  406.000000  0.002686 
406.000000  407.000000  0.002687 
407.000000  408.000000  0.002689 
408.000000  409.000000  0.002690 
409.000000  410.000000  0.002692 
410.000000  411.000000  0.002693 
411.000000  412.000000  0.002695 
412.000000  413.000000  0.002696 
413.000000  414.000000  0.002698 
414.000000  415.000000  0.002699 
415.000000  416.000000  0.002701 
416.000000  417.000000  0.002702 
417.000000  418.000000  0.002704 
418.000000  419.000000  0.002705 
419.000000  420.000000  0.002707 
420.000000  421.000000  0.002708 
421.000000  422.000000  0.002709 
422.000000  423.000000  0.002711 
423.000000  424.000000  0.002712 
424.000000  425.000000  0.002714 
425.000000  426.000000  0.002715 
426.000000  427.000000  0.002717 
427.000000  428.000000  0.002718 
428.000000  429.000000  0.002720 
429.000000  430.000000  0.002721 
430.000000  431.000000  0.002722 
431.000000  432.000000  0.002724 
432.000000  433.000000  0.002725 
433.000000  434.000000  0.002727 
434.000000  435.000000  0.002728 
435.000000  436.000000  0.002729 
436.000000  437.000000  0.002731 
437.000000  438.000000  0.002732 
438.000000  439.000000  0.002734 
439.000000  440.000000  0.002735 
440.000000  441.000000  0.002736 
441.000000  442.000000  0.002738 
442.000000  443.000000  0.002739 
443.000000  444.000000  0.002741 
444.000000  445.000000  0.002742 
445.000000  446.000000  0.002743 
446.000000  447.000000  0.002745 
447.000000  448.000000  0.002746 
448.000000  449.000000  0.002747 
449.000000  450.000000  0.002749 
450.000000  451.000000  0.002750 
451.000000  452.000000  0.002751 
452.000000  453.000000  0.002753 
453.000000  454.000000  0.002754 
454.000000  455.000000  0.002755 
455.000000  456.000000  0.002757 
456.000000  457.000000  0.002758 
457.000000  458.000000  0.002759 
458.000000  459.000000  0.002760 
459.000000  460.000000  0.002762 
460.000000  461.000000  0.002763 
461.000000  462.000000  0.002764 
462.000000  463.000000  0.002766 
463.000000  464.000000  0.002767 
464.000000  465.000000  0.002768 
465.000000  466.000000  0.002769 
466.000000  467.000000  0.002771 
467.000000  468.000000  0.002772 
468.000000  469.000000  0.002773 
469.000000  470.000000  0.002774 
470.000000  471.000000  0.002775 
471.000000  472.000000  0.002777 
472.000000  473.000000  0.002778 
473.000000  474.000000  0.002779 
474.000000  475.000000  0.002780 
475.000000  476.000000  0.002782 
476.000000  477.000000  0.002783 
477.000000  478.000000  0.002784 
478.000000  479.000000  0.002785 
479.000000  480.000000  0.002786 
480.000000  481.000000  0.002787 
481.000000  482.000000  0.002789 
482.000000  483.000000  0.002790 
483.000000  484.000000  0.002791 
484.000000  485.000000  0.002792 
485.000000  486.000000  0.002793 
486.000000  487.000000  0.002794 
487.000000  488.000000  0.002796 
488.000000  489.000000  0.002797 
489.000000  490.000000  0.002798 
490.000000  491.000000  0.002799 
491.000000  492.000000  0.002800 
492.000000  493.000000  0.002801 
493.000000  494.000000  0.002802 
494.000000  495.000000  0.002803 
495.000000  496.000000  0.002804 
496.000000  497.000000  0.002805 
497.000000  498.000000  0.002807 
498.000000  499.000000  0.002808 
499.000000  500.000000  0.002809 
500.000000  501.000000  0.002810 
501.000000  502.000000  0.002811 
502.000000  503.000000  0.002812 
503.000000  504.000000  0.002813 
504.000000  505.000000  0.002814 
505.000000  506.000000  0.002815 
506.000000  507.000000  0.002816 
507.000000  508.000000  0.002817 
508.000000  509.000000  0.002818 
509.000000  510.000000  0.002819 
510.000000  511.000000  0.002820 
511.000000  512.000000  0.002821 
512.000000  513.000000  0.002822 
513.000000  514.000000  0.002823 
514.000000  515.000000  0.002824 
515.000000  516.000000  0.002825 
516.000000  517.000000  0.002826 
517.000000  518.000000  0.002827 
518.000000  519.000000  0.002828 
519.000000  520.000000  0.002829 
520.000000  521.000000  0.002830 
521.000000  522.000000  0.002831 
522.000000  523.000000  0.002832 
523.000000  524.000000  0.002833 
524.000000  525.000000  0.002834 
525.000000  526.000000  0.002835 
526.000000  527.000000  0.002836 
527.000000  528.000000  0.002837 
528.000000  529.000000  0.002838 
529.000000  530.000000  0.002838 
530.000000  531.000000  0.002839 
531.000000  532.000000  0.002840 
532.000000  533.000000  0.002841 
533.000000  534.000000  0.002842 
534.000000  535.000000  0.002843 
535.000000  536.000000  0.002844 
536.000000  537.000000  0.002845 
537.000000  538.000000  0.002846 
538.000000  539.000000  0.002847 
539.000000  540.000000  0.002847 
540.000000  541.000000  0.002848 
541.000000  542.000000  0.002849 
542.000000  543.000000  0.002850 
543.000000  544.000000  0.002851 
544.000000  545.000000  0.002852 
545.000000  546.000000  0.002853 
546.000000  547.000000  0.002853 
547.000000  548.000000  0.002854 
548.000000  549.000000  0.002855 
549.000000  550.000000  0.002856 
550.000000  551.000000  0.002857 
551.000000  552.000000  0.002858 
552.000000  553.000000  0.002858 
553.000000  554.000000  0.002859 
554.000000  555.000000  0.002860 
555.000000  556.000000  0.002861 
556.000000  557.000000  0.002862 
557.000000  558.000000  0.002862 
558.000000  559.000000  0.002863 
559.000000  560.000000  0.002864 
560.000000  561.000000  0.002865 
561.000000  562.000000  0.002866 
562.000000  563.000000  0.002866 
563.000000  564.000000  0.002867 
564.000000  565.000000  0.002868 
565.000000  566.000000  0.002869 
566.000000  567.000000  0.002869 
567.000000  568.000000  0.002870 
568.000000  569.000000  0.002871 
569.000000  570.000000  0.002872 
570.000000  571.000000  0.002872 
571.000000  572.000000  0.002873 
572.000000  573.000000  0.002874 
573.000000  574.000000  0.002875 
574.000000  575.000000  0.002875 
575.000000  576.000000  0.002876 
576.000000  577.000000  0.002877 
577.000000  578.000000  0.002877 
578.000000  579.000000  0.002878 
579.000000  580.000000  0.002879 
580.000000  581.000000  0.002880 
581.000000  582.000000  0.002880 
582.000000  583.000000  0.002881 
583.000000  584.000000  0.002882 
584.000000  585.000000  0.002882 
585.000000  586.000000  0.002883 
586.000000  587.000000  0.002884 
587.000000  588.000000  0.002884 
588.000000  589.000000  0.002885 
589.000000  590.000000  0.002886 
590.000000  591.000000  0.002886 
591.000000  592.000000  0.002887 
592.000000  593.000000  0.002888 
593.000000  594.000000  0.002888 
594.000000  595.000000  0.002889 
595.000000  596.000000  0.002890 
596.000000  597.000000  0.002890 
597.000000  598.000000  0.002891 
598.000000  599.000000  0.002892 
599.000000  600.000000  0.002892 
600.000000  601.000000  0.002893 
601.000000  602.000000  0.002893 
602.000000  603.000000  0.002894 
603.000000  604.000000  0.002895 
604.000000  605.000000  0.002895 
605.000000  606.000000  0.002896 
606.000000  607.000000  0.002897 
607.000000  608.000000  0.002897 
608.000000  609.000000  0.002898 
609.000000  610.000000  0.002898 
610.000000  611.000000  0.002899 
611.000000  612.000000  0.002900 
612.000000  613.000000  0.002900 
613.000000  614.000000  0.002901 
614.000000  615.000000  0.002901 
615.000000  616.000000  0.002902 
616.000000  617.000000  0.002902 
617.000000  618.000000  0.002903 
618.000000  619.000000  0.002904 
619.000000  620.000000  0.002904 
620.000000  621.000000  0.002905 
621.000000  622.000000  0.002905 
622.000000  623.000000  0.002906 
623.000000  624.000000  0.002906 
624.000000  625.000000  0.002907 
625.000000  626.000000  0.002908 
626.000000  627.000000  0.002908 
627.000000  628.000000  0.002909 
628.000000  629.000000  0.002909 
629.000000  630.000000  0.002910 
630.000000  631.000000  0.002910 
631.000000  632.000000  0.002911 
632.000000  633.000000  0.002911 
633.000000  634.000000  0.002912 
634.000000  635.000000  0.002912 
635.000000  636.000000  0.002913 
636.000000  637.000000  0.002913 
637.000000  638.000000  0.002914 
638.000000  639.000000  0.002914 
639.000000  640.000000  0.002915 
640.000000  641.000000  0.002915 
641.000000  642.000000  0.002916 
642.000000  643.000000  0.002916 
643.000000  644.000000  0.002917 
644.000000  645.000000  0.002917 
645.000000  646.000000  0.002918 
646.000000  647.000000  0.002918 
647.000000  648.000000  0.002919 
648.000000  649.000000  0.002919 
649.000000  650.000000  0.002920 
650.000000  651.000000  0.002920 
651.000000  652.000000  0.002921 
652.000000  653.000000  0.002921 
653.000000  654.000000  0.002922 
654.000000  655.000000  0.002922 
655.000000  656.000000  0.002923 
656.000000  657.000000  0.002923 
657.000000  658.000000  0.002924 
658.000000  659.000000  0.002924 
659.000000  660.000000  0.002924 
660.000000  661.000000  0.002925 
661.000000  662.000000  0.002925 
662.000000  663.000000  0.002926 
663.000000  664.000000  0.002926 
664.000000  665.000000  0.002927 
665.000000  666.000000  0.002927 
666.000000  667.000000  0.002928 
667.000000  668.000000  0.002928 
668.000000  669.000000  0.002928 
669.000000  670.000000  0.002929 
670.000000  671.000000  0.002929 
671.000000  672.000000  0.002930 
672.000000  673.000000  0.002930 
673.000000  674.000000  0.002931 
674.000000  675.000000  0.002931 
675.000000  676.000000  0.002931 
676.000000  677.000000  0.002932 
677.000000  678.000000  0.002932 
678.000000  679.000000  0.002933 
679.000000  680.000000  0.002933 
680.000000  681.000000  0.002933 
681.000000  682.000000  0.002934 
682.000000  683.000000  0.002934 
683.000000  684.000000  0.002935 
684.000000  685.000000  0.002935 
685.000000  686.000000  0.002935 
686.000000  687.000000  0.002936 
687.000000  688.000000  0.002936 
688.000000  689.000000  0.002937 
689.000000  690.000000  0.002937 
690.000000  691.000000  0.002937 
691.000000  692.000000  0.002938 
692.000000  693.000000  0.002938 
693.000000  694.000000  0.002939 
694.000000  695.000000  0.002939 
695.000000  696.000000  0.002939 
696.000000  697.000000  0.002940 
697.000000  698.000000  0.002940 
698.000000  699.000000  0.002940 
699.000000  700.000000  0.002941 
700.000000  701.000000  0.002941 
701.000000  702.000000  0.002941 
702.000000  703.000000  0.002942 
703.000000  704.000000  0.002942 
704.000000  705.000000  0.002943 
705.000000  706.000000  0.002943 
706.000000  707.000000  0.002943 
707.000000  708.000000  0.002944 
708.000000  709.000000  0.002944 
709.000000  710.000000  0.002944 
710.000000  711.000000  0.002945 
711.000000  712.000000  0.002945 
712.000000  713.000000  0.002945 
713.000000  714.000000  0.002946 
714.000000  715.000000  0.002946 
715.000000  716.000000  0.002946 
716.000000  717.000000  0.002947 
717.000000  718.000000  0.002947 
718.000000  719.000000  0.002947 
719.000000  720.000000  0.002948 
720.000000  721.000000  0.002948 
721.000000  722.000000  0.002948 
722.000000  723.000000  0.002949 
723.000000  724.000000  0.002949 
724.000000  725.000000  0.002949 
725.000000  726.000000  0.002949 
726.000000  727.000000  0.002950 
727.000000  728.000000  0.002950 
728.000000  729.000000  0.002950 
729.000000  730.000000  0.002951 
730.000000  731.000000  0.002951 
731.000000  732.000000  0.002951 
732.000000  733.000000  0.002952 
733.000000  734.000000  0.002952 
734.000000  735.000000  0.002952 
735.000000  736.000000  0.002952 
736.000000  737.000000  0.002953 
737.000000  738.000000  0.002953 
738.000000  739.000000  0.002953 
739.000000  740.000000  0.002954 
740.000000  741.000000  0.002954 
741.000000  742.000000  0.002954 
742.000000  743.000000  0.002955 
743.000000  744.000000  0.002955 
744.000000  745.000000  0.002955 
745.000000  746.000000  0.002955 
746.000000  747.000000  0.002956 
747.000000  748.000000  0.002956 
748.000000  749.000000  0.002956 
749.000000  750.000000  0.002956 
750.000000  751.000000  0.002957 
751.000000  752.000000  0.002957 
752.000000  753.000000  0.002957 
753.000000  754.000000  0.002958 
754.000000  755.000000  0.002958 
755.000000  756.000000  0.002958 
756.000000  757.000000  0.002958 
757.000000  758.000000  0.002959 
758.000000  759.000000  0.002959 
759.000000  760.000000  0.002959 
760.000000  761.000000  0.002959 
761.000000  762.000000  0.002960 
762.000000  763.000000  0.002960 
763.000000  764.000000  0.002960 
764.000000  765.000000  0.002960 
765.000000  766.000000  0.002961 
766.000000  767.000000  0.002961 
767.000000  768.000000  0.002961 
768.000000  769.000000  0.002961 
769.000000  770.000000  0.002962 
770.000000  771.000000  0.002962 
771.000000  772.000000  0.002962 
772.000000  773.000000  0.002962 
773.000000  774.000000  0.002963 
774.000000  775.000000  0.002963 
775.000000  776.000000  0.002963 
776.000000  777.000000  0.002963 
777.000000  778.000000  0.002964 
778.000000  779.000000  0.002964 
779.000000  780.000000  0.002964 
780.000000  781.000000  0.002964 
781.000000  782.000000  0.002964 
782.000000  783.000000  0.002965 
783.000000  784.000000  0.002965 
784.000000  785.000000  0.002965 
785.000000  786.000000  0.002965 
786.000000  787.000000  0.002966 
787.000000  788.000000  0.002966 
788.000000  789.000000  0.002966 
789.000000  790.000000  0.002966 
790.000000  791.000000  0.002966 
791.000000  792.000000  0.002967 
792.000000  793.000000  0.002967 
793.000000  794.000000  0.002967 
794.000000  795.000000  0.002967 
795.000000  796.000000  0.002967 
796.000000  797.000000  0.002968 
797.000000  798.000000  0.002968 
798.000000  799.000000  0.002968 
799.000000  800.000000  0.002968 
800.000000  801.000000  0.002968 
801.000000  802.000000  0.002969 
802.000000  803.000000  0.002969 
803.000000  804.000000  0.002969 
804.000000  805.000000  0.002969 
805.000000  806.000000  0.002969 
806.000000  807.000000  0.002970 
807.000000  808.000000  0.002970 
808.000000  809.000000  0.002970 
809.000000  810.000000  0.002970 
810.000000  811.000000  0.002970 
811.000000  812.000000  0.002971 
812.000000  813.000000  0.002971 
813.000000  814.000000  0.002971 
814.000000  815.000000  0.002971 
815.000000  816.000000  0.002971 
816.000000  817.000000  0.002972 
817.000000  818.000000  0.002972 
818.000000  819.000000  0.002972 
819.000000  820.000000  0.002972 
820.000000  821.000000  0.002972 
821.000000  822.000000  0.002973 
822.000000  823.000000  0.002973 
823.000000  824.000000  0.002973 
824.000000  825.000000  0.002973 
825.000000  826.000000  0.002973 
826.000000  827.000000  0.002973 
827.000000  828.000000  0.002974 
828.000000  829.000000  0.002974 
829.000000  830.000000  0.002974 
830.000000  831.000000  0.002974 
831.000000  832.000000  0.002974 
832.000000  833.000000  0.002974 
833.000000  834.000000  0.002975 
834.000000  835.000000  0.002975 
835.000000  836.000000  0.002975 
836.000000  837.000000  0.002975 
837.000000  838.000000  0.002975 
838.000000  839.000000  0.002975 
839.000000  840.000000  0.002976 
840.000000  841.000000  0.002976 
841.000000  842.000000  0.002976 
842.000000  843.000000  0.002976 
843.000000  844.000000  0.002976 
844.000000  845.000000  0.002976 
845.000000  846.000000  0.002977 
846.000000  847.000000  0.002977 
847.000000  848.000000  0.002977 
848.000000  849.000000  0.002977 
849.000000  850.000000  0.002977 
850.000000  851.000000  0.002977 
851.000000  852.000000  0.002977 
852.000000  853.000000  0.002978 
853.000000  854.000000  0.002978 
854.000000  855.000000  0.002978 
855.000000  856.000000  0.002978 
856.000000  857.000000  0.002978 
857.000000  858.000000  0.002978 
858.000000  859.000000  0.002979 
859.000000  860.000000  0.002979 
860.000000  861.000000  0.002979 
861.000000  862.000000  0.002979 
862.000000  863.000000  0.002979 
863.000000  864.000000  0.002979 
864.000000  865.000000  0.002979 
865.000000  866.000000  0.002980 
866.000000  867.000000  0.002980 
867.000000  868.000000  0.002980 
868.000000  869.000000  0.002980 
869.000000  870.000000  0.002980 
870.000000  871.000000  0.002980 
871.000000  872.000000  0.002980 
872.000000  873.000000  0.002980 
873.000000  874.000000  0.002981 
874.000000  875.000000  0.002981 
875.000000  876.000000  0.002981 
876.000000  877.000000  0.002981 
877.000000  878.000000  0.002981 
878.000000  879.000000  0.002981 
879.000000  880.000000  0.002981 
880.000000  881.000000  0.002982 
881.000000  882.000000  0.002982 
882.000000  883.000000  0.002982 
883.000000  884.000000  0.002982 
884.000000  885.000000  0.002982 
885.000000  886.000000  0.002982 
886.000000  887.000000  0.002982 
887.000000  888.000000  0.002982 
888.000000  889.000000  0.002983 
889.000000  890.000000  0.002983 
890.000000  891.000000  0.002983 
891.000000  892.000000  0.002983 
892.000000  893.000000  0.002983 
893.000000  894.000000  0.002983 
894.000000  895.000000  0.002983 
895.000000  896.000000  0.002983 
896.000000  897.000000  0.002983 
897.000000  898.000000  0.002984 
898.000000  899.000000  0.002984 
899.000000  900.000000  0.002984 
900.000000  901.000000  0.002984 
901.000000  902.000000  0.002984 
902.000000  903.000000  0.002984 
903.000000  904.000000  0.002984 
904.000000  905.000000  0.002984 
905.000000  906.000000  0.002984 
906.000000  907.000000  0.002985 
907.000000  908.000000  0.002985 
908.000000  909.000000  0.002985 
909.000000  910.000000  0.002985 
910.000000  911.000000  0.002985 
911.000000  912.000000  0.002985 
912.000000  913.000000  0.002985 
913.000000  914.000000  0.002985 
914.000000  915.000000  0.002985 
915.000000  916.000000  0.002986 
916.000000  917.000000  0.002986 
917.000000  918.000000  0.002986 
918.000000  919.000000  0.002986 
919.000000  920.000000  0.002986 
920.000000  921.000000  0.002986 
921.000000  922.000000  0.002986 
922.000000  923.000000  0.002986 
923.000000  924.000000  0.002986 
924.000000  925.000000  0.002986 
925.000000  926.000000  0.002987 
926.000000  927.000000  0.002987 
927.000000  928.000000  0.002987 
928.000000  929.000000  0.002987 
929.000000  930.000000  0.002987 
930.000000  931.000000  0.002987 
931.000000  932.000000  0.002987 
932.000000  933.000000  0.002987 
933.000000  934.000000  0.002987 
934.000000  935.000000  0.002987 
935.000000  936.000000  0.002988 
936.000000  937.000000  0.002988 
937.000000  938.000000  0.002988 
