20.000000  21.000000  -0.000000 
21.000000  22.000000  -0.000000 
22.000000  23.000000  -0.000000 
23.000000  24.000000  -0.000000 
24.000000  25.000000  -0.000000 
25.000000  26.000000  -0.000000 
26.000000  27.000000  -0.000000 
27.000000  28.000000  -0.000000 
28.000000  29.000000  -0.000000 
29.000000  30.000000  -0.000000 
30.000000  31.000000  -0.000000 
31.000000  32.000000  -0.000000 
32.000000  33.000000  -0.000000 
33.000000  34.000000  -0.000000 
34.000000  35.000000  -0.000000 
35.000000  36.000000  -0.000000 
36.000000  37.000000  -0.000000 
37.000000  38.000000  -0.000000 
38.000000  39.000000  -0.000000 
39.000000  40.000000  -0.000000 
40.000000  41.000000  -0.000000 
41.000000  42.000000  -0.000000 
42.000000  43.000000  -0.000000 
43.000000  44.000000  -0.000000 
44.000000  45.000000  -0.000000 
45.000000  46.000000  -0.000000 
46.000000  47.000000  -0.000000 
47.000000  48.000000  -0.000000 
48.000000  49.000000  -0.000000 
49.000000  50.000000  -0.000000 
50.000000  51.000000  -0.000000 
51.000000  52.000000  -0.000000 
52.000000  53.000000  -0.000000 
53.000000  54.000000  -0.000000 
54.000000  55.000000  -0.000000 
55.000000  56.000000  -0.000000 
56.000000  57.000000  -0.000000 
57.000000  58.000000  -0.000000 
58.000000  59.000000  -0.000000 
59.000000  60.000000  -0.000000 
60.000000  61.000000  -0.000000 
61.000000  62.000000  -0.000000 
62.000000  63.000000  -0.000000 
63.000000  64.000000  -0.000000 
64.000000  65.000000  -0.000000 
65.000000  66.000000  -0.000000 
66.000000  67.000000  -0.000000 
67.000000  68.000000  -0.000000 
68.000000  69.000000  -0.000000 
69.000000  70.000000  -0.000000 
70.000000  71.000000  -0.000000 
71.000000  72.000000  -0.000000 
72.000000  73.000000  -0.000000 
73.000000  74.000000  -0.000000 
74.000000  75.000000  -0.000000 
75.000000  76.000000  -0.000000 
76.000000  77.000000  -0.000000 
77.000000  78.000000  -0.000000 
78.000000  79.000000  -0.000000 
79.000000  80.000000  -0.000000 
80.000000  81.000000  -0.000000 
81.000000  82.000000  -0.000000 
82.000000  83.000000  -0.000000 
83.000000  84.000000  -0.000000 
84.000000  85.000000  -0.000000 
85.000000  86.000000  -0.000000 
86.000000  87.000000  -0.000000 
87.000000  88.000000  -0.000000 
88.000000  89.000000  -0.000000 
89.000000  90.000000  -0.000000 
90.000000  91.000000  -0.000000 
91.000000  92.000000  -0.000000 
92.000000  93.000000  -0.000000 
93.000000  94.000000  -0.000000 
94.000000  95.000000  -0.000000 
95.000000  96.000000  -0.000000 
96.000000  97.000000  -0.000000 
97.000000  98.000000  -0.000000 
98.000000  99.000000  -0.000000 
99.000000  100.000000  -0.000000 
100.000000  101.000000  -0.000000 
101.000000  102.000000  -0.000000 
102.000000  103.000000  -0.000000 
103.000000  104.000000  -0.000000 
104.000000  105.000000  -0.000000 
105.000000  106.000000  -0.000000 
106.000000  107.000000  -0.000000 
107.000000  108.000000  -0.000000 
108.000000  109.000000  -0.000000 
109.000000  110.000000  -0.000000 
110.000000  111.000000  -0.000000 
111.000000  112.000000  -0.000000 
112.000000  113.000000  -0.000000 
113.000000  114.000000  -0.000000 
114.000000  115.000000  -0.000000 
115.000000  116.000000  -0.000000 
116.000000  117.000000  -0.000000 
117.000000  118.000000  -0.000000 
118.000000  119.000000  -0.000000 
119.000000  120.000000  -0.000000 
120.000000  121.000000  -0.000000 
121.000000  122.000000  -0.000000 
122.000000  123.000000  -0.000000 
123.000000  124.000000  -0.000000 
124.000000  125.000000  -0.000000 
125.000000  126.000000  -0.000000 
126.000000  127.000000  -0.000001 
127.000000  128.000000  -0.000001 
128.000000  129.000000  -0.000001 
129.000000  130.000000  -0.000001 
130.000000  131.000000  -0.000001 
131.000000  132.000000  -0.000001 
132.000000  133.000000  -0.000001 
133.000000  134.000000  -0.000001 
134.000000  135.000000  -0.000001 
135.000000  136.000000  -0.000001 
136.000000  137.000000  -0.000001 
137.000000  138.000000  -0.000001 
138.000000  139.000000  -0.000001 
139.000000  140.000000  -0.000001 
140.000000  141.000000  -0.000000 
141.000000  142.000000  -0.000000 
142.000000  143.000000  -0.000000 
143.000000  144.000000  -0.000000 
144.000000  145.000000  0.000000 
145.000000  146.000000  0.000000 
146.000000  147.000000  0.000000 
147.000000  148.000000  0.000001 
148.000000  149.000000  0.000001 
149.000000  150.000000  0.000001 
150.000000  151.000000  0.000002 
151.000000  152.000000  0.000002 
152.000000  153.000000  0.000003 
153.000000  154.000000  0.000003 
154.000000  155.000000  0.000004 
155.000000  156.000000  0.000004 
156.000000  157.000000  0.000005 
157.000000  158.000000  0.000006 
158.000000  159.000000  0.000007 
159.000000  160.000000  0.000008 
160.000000  161.000000  0.000009 
161.000000  162.000000  0.000010 
162.000000  163.000000  0.000011 
163.000000  164.000000  0.000012 
164.000000  165.000000  0.000013 
165.000000  166.000000  0.000015 
166.000000  167.000000  0.000016 
167.000000  168.000000  0.000018 
168.000000  169.000000  0.000019 
169.000000  170.000000  0.000021 
170.000000  171.000000  0.000023 
171.000000  172.000000  0.000025 
172.000000  173.000000  0.000027 
173.000000  174.000000  0.000030 
174.000000  175.000000  0.000032 
175.000000  176.000000  0.000034 
176.000000  177.000000  0.000037 
177.000000  178.000000  0.000040 
178.000000  179.000000  0.000042 
179.000000  180.000000  0.000045 
180.000000  181.000000  0.000048 
181.000000  182.000000  0.000052 
182.000000  183.000000  0.000055 
183.000000  184.000000  0.000058 
184.000000  185.000000  0.000062 
185.000000  186.000000  0.000066 
186.000000  187.000000  0.000069 
187.000000  188.000000  0.000073 
188.000000  189.000000  0.000077 
189.000000  190.000000  0.000082 
190.000000  191.000000  0.000086 
191.000000  192.000000  0.000090 
192.000000  193.000000  0.000095 
193.000000  194.000000  0.000100 
194.000000  195.000000  0.000105 
195.000000  196.000000  0.000109 
196.000000  197.000000  0.000115 
197.000000  198.000000  0.000120 
198.000000  199.000000  0.000125 
199.000000  200.000000  0.000131 
200.000000  201.000000  0.000136 
201.000000  202.000000  0.000142 
202.000000  203.000000  0.000148 
203.000000  204.000000  0.000153 
204.000000  205.000000  0.000159 
205.000000  206.000000  0.000165 
206.000000  207.000000  0.000172 
207.000000  208.000000  0.000178 
208.000000  209.000000  0.000184 
209.000000  210.000000  0.000191 
210.000000  211.000000  0.000197 
211.000000  212.000000  0.000204 
212.000000  213.000000  0.000211 
213.000000  214.000000  0.000218 
214.000000  215.000000  0.000224 
215.000000  216.000000  0.000231 
216.000000  217.000000  0.000238 
217.000000  218.000000  0.000246 
218.000000  219.000000  0.000253 
219.000000  220.000000  0.000260 
220.000000  221.000000  0.000267 
221.000000  222.000000  0.000274 
222.000000  223.000000  0.000282 
223.000000  224.000000  0.000289 
224.000000  225.000000  0.000297 
225.000000  226.000000  0.000304 
226.000000  227.000000  0.000312 
227.000000  228.000000  0.000319 
228.000000  229.000000  0.000327 
229.000000  230.000000  0.000334 
230.000000  231.000000  0.000342 
231.000000  232.000000  0.000349 
232.000000  233.000000  0.000357 
233.000000  234.000000  0.000364 
234.000000  235.000000  0.000372 
235.000000  236.000000  0.000379 
236.000000  237.000000  0.000387 
237.000000  238.000000  0.000395 
238.000000  239.000000  0.000402 
239.000000  240.000000  0.000410 
240.000000  241.000000  0.000417 
241.000000  242.000000  0.000424 
242.000000  243.000000  0.000432 
243.000000  244.000000  0.000439 
244.000000  245.000000  0.000447 
245.000000  246.000000  0.000454 
246.000000  247.000000  0.000461 
247.000000  248.000000  0.000468 
248.000000  249.000000  0.000475 
249.000000  250.000000  0.000483 
250.000000  251.000000  0.000490 
251.000000  252.000000  0.000497 
252.000000  253.000000  0.000503 
253.000000  254.000000  0.000510 
254.000000  255.000000  0.000517 
255.000000  256.000000  0.000524 
256.000000  257.000000  0.000530 
257.000000  258.000000  0.000537 
258.000000  259.000000  0.000543 
259.000000  260.000000  0.000550 
260.000000  261.000000  0.000556 
261.000000  262.000000  0.000562 
262.000000  263.000000  0.000569 
263.000000  264.000000  0.000575 
264.000000  265.000000  0.000581 
265.000000  266.000000  0.000586 
266.000000  267.000000  0.000592 
267.000000  268.000000  0.000598 
268.000000  269.000000  0.000603 
269.000000  270.000000  0.000609 
270.000000  271.000000  0.000614 
271.000000  272.000000  0.000620 
272.000000  273.000000  0.000625 
273.000000  274.000000  0.000630 
274.000000  275.000000  0.000635 
275.000000  276.000000  0.000640 
276.000000  277.000000  0.000644 
277.000000  278.000000  0.000649 
278.000000  279.000000  0.000653 
279.000000  280.000000  0.000658 
280.000000  281.000000  0.000662 
281.000000  282.000000  0.000666 
282.000000  283.000000  0.000670 
283.000000  284.000000  0.000674 
284.000000  285.000000  0.000678 
285.000000  286.000000  0.000682 
286.000000  287.000000  0.000686 
287.000000  288.000000  0.000689 
288.000000  289.000000  0.000693 
289.000000  290.000000  0.000696 
290.000000  291.000000  0.000699 
291.000000  292.000000  0.000702 
292.000000  293.000000  0.000705 
293.000000  294.000000  0.000708 
294.000000  295.000000  0.000711 
295.000000  296.000000  0.000713 
296.000000  297.000000  0.000716 
297.000000  298.000000  0.000718 
298.000000  299.000000  0.000720 
299.000000  300.000000  0.000723 
300.000000  301.000000  0.000725 
301.000000  302.000000  0.000727 
302.000000  303.000000  0.000728 
303.000000  304.000000  0.000730 
304.000000  305.000000  0.000732 
305.000000  306.000000  0.000733 
306.000000  307.000000  0.000735 
307.000000  308.000000  0.000736 
308.000000  309.000000  0.000737 
309.000000  310.000000  0.000738 
310.000000  311.000000  0.000739 
311.000000  312.000000  0.000740 
312.000000  313.000000  0.000741 
313.000000  314.000000  0.000742 
314.000000  315.000000  0.000742 
315.000000  316.000000  0.000743 
316.000000  317.000000  0.000743 
317.000000  318.000000  0.000743 
318.000000  319.000000  0.000744 
319.000000  320.000000  0.000744 
320.000000  321.000000  0.000744 
321.000000  322.000000  0.000744 
322.000000  323.000000  0.000744 
323.000000  324.000000  0.000743 
324.000000  325.000000  0.000743 
325.000000  326.000000  0.000743 
326.000000  327.000000  0.000742 
327.000000  328.000000  0.000741 
328.000000  329.000000  0.000741 
329.000000  330.000000  0.000740 
330.000000  331.000000  0.000739 
331.000000  332.000000  0.000738 
332.000000  333.000000  0.000737 
333.000000  334.000000  0.000736 
334.000000  335.000000  0.000735 
335.000000  336.000000  0.000734 
336.000000  337.000000  0.000733 
337.000000  338.000000  0.000731 
338.000000  339.000000  0.000730 
339.000000  340.000000  0.000728 
340.000000  341.000000  0.000727 
341.000000  342.000000  0.000725 
342.000000  343.000000  0.000723 
343.000000  344.000000  0.000722 
344.000000  345.000000  0.000720 
345.000000  346.000000  0.000718 
346.000000  347.000000  0.000716 
347.000000  348.000000  0.000714 
348.000000  349.000000  0.000712 
349.000000  350.000000  0.000710 
350.000000  351.000000  0.000708 
351.000000  352.000000  0.000705 
352.000000  353.000000  0.000703 
353.000000  354.000000  0.000701 
354.000000  355.000000  0.000698 
355.000000  356.000000  0.000696 
356.000000  357.000000  0.000693 
357.000000  358.000000  0.000691 
358.000000  359.000000  0.000688 
359.000000  360.000000  0.000686 
360.000000  361.000000  0.000683 
361.000000  362.000000  0.000680 
362.000000  363.000000  0.000678 
363.000000  364.000000  0.000675 
364.000000  365.000000  0.000672 
365.000000  366.000000  0.000669 
366.000000  367.000000  0.000666 
367.000000  368.000000  0.000663 
368.000000  369.000000  0.000660 
369.000000  370.000000  0.000657 
370.000000  371.000000  0.000654 
371.000000  372.000000  0.000651 
372.000000  373.000000  0.000648 
373.000000  374.000000  0.000645 
374.000000  375.000000  0.000642 
375.000000  376.000000  0.000639 
376.000000  377.000000  0.000636 
377.000000  378.000000  0.000633 
378.000000  379.000000  0.000629 
379.000000  380.000000  0.000626 
380.000000  381.000000  0.000623 
381.000000  382.000000  0.000620 
382.000000  383.000000  0.000616 
383.000000  384.000000  0.000613 
384.000000  385.000000  0.000610 
385.000000  386.000000  0.000606 
386.000000  387.000000  0.000603 
387.000000  388.000000  0.000600 
388.000000  389.000000  0.000596 
389.000000  390.000000  0.000593 
390.000000  391.000000  0.000589 
391.000000  392.000000  0.000586 
392.000000  393.000000  0.000583 
393.000000  394.000000  0.000579 
394.000000  395.000000  0.000576 
395.000000  396.000000  0.000572 
396.000000  397.000000  0.000569 
397.000000  398.000000  0.000565 
398.000000  399.000000  0.000562 
399.000000  400.000000  0.000558 
400.000000  401.000000  0.000555 
401.000000  402.000000  0.000551 
402.000000  403.000000  0.000548 
403.000000  404.000000  0.000544 
404.000000  405.000000  0.000541 
405.000000  406.000000  0.000537 
406.000000  407.000000  0.000534 
407.000000  408.000000  0.000530 
408.000000  409.000000  0.000527 
409.000000  410.000000  0.000523 
410.000000  411.000000  0.000520 
411.000000  412.000000  0.000516 
412.000000  413.000000  0.000513 
413.000000  414.000000  0.000509 
414.000000  415.000000  0.000506 
415.000000  416.000000  0.000502 
416.000000  417.000000  0.000499 
417.000000  418.000000  0.000495 
418.000000  419.000000  0.000492 
419.000000  420.000000  0.000489 
420.000000  421.000000  0.000485 
421.000000  422.000000  0.000482 
422.000000  423.000000  0.000478 
423.000000  424.000000  0.000475 
424.000000  425.000000  0.000471 
425.000000  426.000000  0.000468 
426.000000  427.000000  0.000465 
427.000000  428.000000  0.000461 
428.000000  429.000000  0.000458 
429.000000  430.000000  0.000454 
430.000000  431.000000  0.000451 
431.000000  432.000000  0.000448 
432.000000  433.000000  0.000444 
433.000000  434.000000  0.000441 
434.000000  435.000000  0.000438 
435.000000  436.000000  0.000434 
436.000000  437.000000  0.000431 
437.000000  438.000000  0.000428 
438.000000  439.000000  0.000425 
439.000000  440.000000  0.000421 
440.000000  441.000000  0.000418 
441.000000  442.000000  0.000415 
442.000000  443.000000  0.000412 
443.000000  444.000000  0.000409 
444.000000  445.000000  0.000405 
445.000000  446.000000  0.000402 
446.000000  447.000000  0.000399 
447.000000  448.000000  0.000396 
448.000000  449.000000  0.000393 
449.000000  450.000000  0.000390 
450.000000  451.000000  0.000387 
451.000000  452.000000  0.000384 
452.000000  453.000000  0.000381 
453.000000  454.000000  0.000378 
454.000000  455.000000  0.000375 
455.000000  456.000000  0.000372 
456.000000  457.000000  0.000369 
457.000000  458.000000  0.000366 
458.000000  459.000000  0.000363 
459.000000  460.000000  0.000360 
460.000000  461.000000  0.000357 
461.000000  462.000000  0.000354 
462.000000  463.000000  0.000351 
463.000000  464.000000  0.000348 
464.000000  465.000000  0.000345 
465.000000  466.000000  0.000342 
466.000000  467.000000  0.000340 
467.000000  468.000000  0.000337 
468.000000  469.000000  0.000334 
469.000000  470.000000  0.000331 
470.000000  471.000000  0.000329 
471.000000  472.000000  0.000326 
472.000000  473.000000  0.000323 
473.000000  474.000000  0.000321 
474.000000  475.000000  0.000318 
475.000000  476.000000  0.000315 
476.000000  477.000000  0.000313 
477.000000  478.000000  0.000310 
478.000000  479.000000  0.000307 
479.000000  480.000000  0.000305 
480.000000  481.000000  0.000302 
481.000000  482.000000  0.000300 
482.000000  483.000000  0.000297 
483.000000  484.000000  0.000295 
484.000000  485.000000  0.000292 
485.000000  486.000000  0.000290 
486.000000  487.000000  0.000287 
487.000000  488.000000  0.000285 
488.000000  489.000000  0.000282 
489.000000  490.000000  0.000280 
490.000000  491.000000  0.000278 
491.000000  492.000000  0.000275 
492.000000  493.000000  0.000273 
493.000000  494.000000  0.000271 
494.000000  495.000000  0.000268 
495.000000  496.000000  0.000266 
496.000000  497.000000  0.000264 
497.000000  498.000000  0.000261 
498.000000  499.000000  0.000259 
499.000000  500.000000  0.000257 
500.000000  501.000000  0.000255 
501.000000  502.000000  0.000253 
502.000000  503.000000  0.000251 
503.000000  504.000000  0.000248 
504.000000  505.000000  0.000246 
505.000000  506.000000  0.000244 
506.000000  507.000000  0.000242 
507.000000  508.000000  0.000240 
508.000000  509.000000  0.000238 
509.000000  510.000000  0.000236 
510.000000  511.000000  0.000234 
511.000000  512.000000  0.000232 
512.000000  513.000000  0.000230 
513.000000  514.000000  0.000228 
514.000000  515.000000  0.000226 
515.000000  516.000000  0.000224 
516.000000  517.000000  0.000222 
517.000000  518.000000  0.000220 
518.000000  519.000000  0.000218 
519.000000  520.000000  0.000216 
520.000000  521.000000  0.000214 
521.000000  522.000000  0.000213 
522.000000  523.000000  0.000211 
523.000000  524.000000  0.000209 
524.000000  525.000000  0.000207 
525.000000  526.000000  0.000205 
526.000000  527.000000  0.000204 
527.000000  528.000000  0.000202 
528.000000  529.000000  0.000200 
529.000000  530.000000  0.000198 
530.000000  531.000000  0.000197 
531.000000  532.000000  0.000195 
532.000000  533.000000  0.000193 
533.000000  534.000000  0.000192 
534.000000  535.000000  0.000190 
535.000000  536.000000  0.000188 
536.000000  537.000000  0.000187 
537.000000  538.000000  0.000185 
538.000000  539.000000  0.000184 
539.000000  540.000000  0.000182 
540.000000  541.000000  0.000181 
541.000000  542.000000  0.000179 
542.000000  543.000000  0.000177 
543.000000  544.000000  0.000176 
544.000000  545.000000  0.000174 
545.000000  546.000000  0.000173 
546.000000  547.000000  0.000171 
547.000000  548.000000  0.000170 
548.000000  549.000000  0.000169 
549.000000  550.000000  0.000167 
550.000000  551.000000  0.000166 
551.000000  552.000000  0.000164 
552.000000  553.000000  0.000163 
553.000000  554.000000  0.000162 
554.000000  555.000000  0.000160 
555.000000  556.000000  0.000159 
556.000000  557.000000  0.000158 
557.000000  558.000000  0.000156 
558.000000  559.000000  0.000155 
559.000000  560.000000  0.000154 
560.000000  561.000000  0.000152 
561.000000  562.000000  0.000151 
562.000000  563.000000  0.000150 
563.000000  564.000000  0.000148 
564.000000  565.000000  0.000147 
565.000000  566.000000  0.000146 
566.000000  567.000000  0.000145 
567.000000  568.000000  0.000144 
568.000000  569.000000  0.000142 
569.000000  570.000000  0.000141 
570.000000  571.000000  0.000140 
571.000000  572.000000  0.000139 
572.000000  573.000000  0.000138 
573.000000  574.000000  0.000137 
574.000000  575.000000  0.000136 
575.000000  576.000000  0.000134 
576.000000  577.000000  0.000133 
577.000000  578.000000  0.000132 
578.000000  579.000000  0.000131 
579.000000  580.000000  0.000130 
580.000000  581.000000  0.000129 
581.000000  582.000000  0.000128 
582.000000  583.000000  0.000127 
583.000000  584.000000  0.000126 
584.000000  585.000000  0.000125 
585.000000  586.000000  0.000124 
586.000000  587.000000  0.000123 
587.000000  588.000000  0.000122 
588.000000  589.000000  0.000121 
589.000000  590.000000  0.000120 
590.000000  591.000000  0.000119 
591.000000  592.000000  0.000118 
592.000000  593.000000  0.000117 
593.000000  594.000000  0.000116 
594.000000  595.000000  0.000115 
595.000000  596.000000  0.000114 
596.000000  597.000000  0.000113 
597.000000  598.000000  0.000112 
598.000000  599.000000  0.000112 
599.000000  600.000000  0.000111 
600.000000  601.000000  0.000110 
601.000000  602.000000  0.000109 
602.000000  603.000000  0.000108 
603.000000  604.000000  0.000107 
604.000000  605.000000  0.000106 
605.000000  606.000000  0.000106 
606.000000  607.000000  0.000105 
607.000000  608.000000  0.000104 
608.000000  609.000000  0.000103 
609.000000  610.000000  0.000102 
610.000000  611.000000  0.000102 
611.000000  612.000000  0.000101 
612.000000  613.000000  0.000100 
613.000000  614.000000  0.000099 
614.000000  615.000000  0.000099 
615.000000  616.000000  0.000098 
616.000000  617.000000  0.000097 
617.000000  618.000000  0.000096 
618.000000  619.000000  0.000096 
619.000000  620.000000  0.000095 
620.000000  621.000000  0.000094 
621.000000  622.000000  0.000094 
622.000000  623.000000  0.000093 
623.000000  624.000000  0.000092 
624.000000  625.000000  0.000091 
625.000000  626.000000  0.000091 
626.000000  627.000000  0.000090 
627.000000  628.000000  0.000089 
628.000000  629.000000  0.000089 
629.000000  630.000000  0.000088 
630.000000  631.000000  0.000088 
631.000000  632.000000  0.000087 
632.000000  633.000000  0.000086 
633.000000  634.000000  0.000086 
634.000000  635.000000  0.000085 
635.000000  636.000000  0.000084 
636.000000  637.000000  0.000084 
637.000000  638.000000  0.000083 
638.000000  639.000000  0.000083 
639.000000  640.000000  0.000082 
640.000000  641.000000  0.000081 
641.000000  642.000000  0.000081 
642.000000  643.000000  0.000080 
643.000000  644.000000  0.000080 
644.000000  645.000000  0.000079 
645.000000  646.000000  0.000079 
646.000000  647.000000  0.000078 
647.000000  648.000000  0.000078 
648.000000  649.000000  0.000077 
649.000000  650.000000  0.000076 
650.000000  651.000000  0.000076 
651.000000  652.000000  0.000075 
652.000000  653.000000  0.000075 
653.000000  654.000000  0.000074 
654.000000  655.000000  0.000074 
655.000000  656.000000  0.000073 
656.000000  657.000000  0.000073 
657.000000  658.000000  0.000072 
658.000000  659.000000  0.000072 
659.000000  660.000000  0.000071 
660.000000  661.000000  0.000071 
661.000000  662.000000  0.000071 
662.000000  663.000000  0.000070 
663.000000  664.000000  0.000070 
664.000000  665.000000  0.000069 
665.000000  666.000000  0.000069 
666.000000  667.000000  0.000068 
667.000000  668.000000  0.000068 
668.000000  669.000000  0.000067 
669.000000  670.000000  0.000067 
670.000000  671.000000  0.000067 
671.000000  672.000000  0.000066 
672.000000  673.000000  0.000066 
673.000000  674.000000  0.000065 
674.000000  675.000000  0.000065 
675.000000  676.000000  0.000064 
676.000000  677.000000  0.000064 
677.000000  678.000000  0.000064 
678.000000  679.000000  0.000063 
679.000000  680.000000  0.000063 
680.000000  681.000000  0.000062 
681.000000  682.000000  0.000062 
682.000000  683.000000  0.000062 
683.000000  684.000000  0.000061 
684.000000  685.000000  0.000061 
685.000000  686.000000  0.000061 
686.000000  687.000000  0.000060 
687.000000  688.000000  0.000060 
688.000000  689.000000  0.000060 
689.000000  690.000000  0.000059 
690.000000  691.000000  0.000059 
691.000000  692.000000  0.000058 
692.000000  693.000000  0.000058 
693.000000  694.000000  0.000058 
694.000000  695.000000  0.000057 
695.000000  696.000000  0.000057 
696.000000  697.000000  0.000057 
697.000000  698.000000  0.000056 
698.000000  699.000000  0.000056 
699.000000  700.000000  0.000056 
700.000000  701.000000  0.000055 
701.000000  702.000000  0.000055 
702.000000  703.000000  0.000055 
703.000000  704.000000  0.000055 
704.000000  705.000000  0.000054 
705.000000  706.000000  0.000054 
706.000000  707.000000  0.000054 
707.000000  708.000000  0.000053 
708.000000  709.000000  0.000053 
709.000000  710.000000  0.000053 
710.000000  711.000000  0.000052 
711.000000  712.000000  0.000052 
712.000000  713.000000  0.000052 
713.000000  714.000000  0.000052 
714.000000  715.000000  0.000051 
715.000000  716.000000  0.000051 
716.000000  717.000000  0.000051 
717.000000  718.000000  0.000051 
718.000000  719.000000  0.000050 
719.000000  720.000000  0.000050 
720.000000  721.000000  0.000050 
721.000000  722.000000  0.000050 
722.000000  723.000000  0.000049 
723.000000  724.000000  0.000049 
724.000000  725.000000  0.000049 
725.000000  726.000000  0.000048 
726.000000  727.000000  0.000048 
727.000000  728.000000  0.000048 
728.000000  729.000000  0.000048 
729.000000  730.000000  0.000048 
730.000000  731.000000  0.000047 
731.000000  732.000000  0.000047 
732.000000  733.000000  0.000047 
733.000000  734.000000  0.000047 
734.000000  735.000000  0.000046 
735.000000  736.000000  0.000046 
736.000000  737.000000  0.000046 
737.000000  738.000000  0.000046 
738.000000  739.000000  0.000045 
739.000000  740.000000  0.000045 
740.000000  741.000000  0.000045 
741.000000  742.000000  0.000045 
742.000000  743.000000  0.000045 
743.000000  744.000000  0.000044 
744.000000  745.000000  0.000044 
745.000000  746.000000  0.000044 
746.000000  747.000000  0.000044 
747.000000  748.000000  0.000044 
748.000000  749.000000  0.000043 
749.000000  750.000000  0.000043 
750.000000  751.000000  0.000043 
751.000000  752.000000  0.000043 
752.000000  753.000000  0.000043 
753.000000  754.000000  0.000042 
754.000000  755.000000  0.000042 
755.000000  756.000000  0.000042 
756.000000  757.000000  0.000042 
757.000000  758.000000  0.000042 
758.000000  759.000000  0.000042 
759.000000  760.000000  0.000041 
760.000000  761.000000  0.000041 
761.000000  762.000000  0.000041 
762.000000  763.000000  0.000041 
763.000000  764.000000  0.000041 
764.000000  765.000000  0.000040 
765.000000  766.000000  0.000040 
766.000000  767.000000  0.000040 
767.000000  768.000000  0.000040 
768.000000  769.000000  0.000040 
769.000000  770.000000  0.000040 
770.000000  771.000000  0.000039 
771.000000  772.000000  0.000039 
772.000000  773.000000  0.000039 
773.000000  774.000000  0.000039 
774.000000  775.000000  0.000039 
775.000000  776.000000  0.000039 
776.000000  777.000000  0.000039 
777.000000  778.000000  0.000038 
778.000000  779.000000  0.000038 
779.000000  780.000000  0.000038 
780.000000  781.000000  0.000038 
781.000000  782.000000  0.000038 
782.000000  783.000000  0.000038 
783.000000  784.000000  0.000037 
784.000000  785.000000  0.000037 
785.000000  786.000000  0.000037 
786.000000  787.000000  0.000037 
787.000000  788.000000  0.000037 
788.000000  789.000000  0.000037 
789.000000  790.000000  0.000037 
790.000000  791.000000  0.000037 
791.000000  792.000000  0.000036 
792.000000  793.000000  0.000036 
793.000000  794.000000  0.000036 
794.000000  795.000000  0.000036 
795.000000  796.000000  0.000036 
796.000000  797.000000  0.000036 
797.000000  798.000000  0.000036 
798.000000  799.000000  0.000036 
799.000000  800.000000  0.000035 
800.000000  801.000000  0.000035 
801.000000  802.000000  0.000035 
802.000000  803.000000  0.000035 
803.000000  804.000000  0.000035 
804.000000  805.000000  0.000035 
805.000000  806.000000  0.000035 
806.000000  807.000000  0.000035 
807.000000  808.000000  0.000034 
808.000000  809.000000  0.000034 
809.000000  810.000000  0.000034 
810.000000  811.000000  0.000034 
811.000000  812.000000  0.000034 
812.000000  813.000000  0.000034 
813.000000  814.000000  0.000034 
814.000000  815.000000  0.000034 
815.000000  816.000000  0.000034 
816.000000  817.000000  0.000033 
817.000000  818.000000  0.000033 
818.000000  819.000000  0.000033 
819.000000  820.000000  0.000033 
820.000000  821.000000  0.000033 
821.000000  822.000000  0.000033 
822.000000  823.000000  0.000033 
823.000000  824.000000  0.000033 
824.000000  825.000000  0.000033 
825.000000  826.000000  0.000033 
826.000000  827.000000  0.000032 
827.000000  828.000000  0.000032 
828.000000  829.000000  0.000032 
829.000000  830.000000  0.000032 
830.000000  831.000000  0.000032 
831.000000  832.000000  0.000032 
832.000000  833.000000  0.000032 
833.000000  834.000000  0.000032 
834.000000  835.000000  0.000032 
835.000000  836.000000  0.000032 
836.000000  837.000000  0.000032 
837.000000  838.000000  0.000031 
838.000000  839.000000  0.000031 
839.000000  840.000000  0.000031 
840.000000  841.000000  0.000031 
841.000000  842.000000  0.000031 
842.000000  843.000000  0.000031 
843.000000  844.000000  0.000031 
844.000000  845.000000  0.000031 
845.000000  846.000000  0.000031 
846.000000  847.000000  0.000031 
847.000000  848.000000  0.000031 
848.000000  849.000000  0.000031 
849.000000  850.000000  0.000030 
850.000000  851.000000  0.000030 
851.000000  852.000000  0.000030 
852.000000  853.000000  0.000030 
853.000000  854.000000  0.000030 
854.000000  855.000000  0.000030 
855.000000  856.000000  0.000030 
856.000000  857.000000  0.000030 
857.000000  858.000000  0.000030 
858.000000  859.000000  0.000030 
859.000000  860.000000  0.000030 
860.000000  861.000000  0.000030 
861.000000  862.000000  0.000030 
862.000000  863.000000  0.000030 
863.000000  864.000000  0.000029 
864.000000  865.000000  0.000029 
865.000000  866.000000  0.000029 
866.000000  867.000000  0.000029 
867.000000  868.000000  0.000029 
868.000000  869.000000  0.000029 
869.000000  870.000000  0.000029 
870.000000  871.000000  0.000029 
871.000000  872.000000  0.000029 
872.000000  873.000000  0.000029 
873.000000  874.000000  0.000029 
874.000000  875.000000  0.000029 
875.000000  876.000000  0.000029 
876.000000  877.000000  0.000029 
877.000000  878.000000  0.000029 
878.000000  879.000000  0.000029 
879.000000  880.000000  0.000028 
880.000000  881.000000  0.000028 
881.000000  882.000000  0.000028 
882.000000  883.000000  0.000028 
883.000000  884.000000  0.000028 
884.000000  885.000000  0.000028 
885.000000  886.000000  0.000028 
886.000000  887.000000  0.000028 
887.000000  888.000000  0.000028 
888.000000  889.000000  0.000028 
889.000000  890.000000  0.000028 
890.000000  891.000000  0.000028 
891.000000  892.000000  0.000028 
892.000000  893.000000  0.000028 
893.000000  894.000000  0.000028 
894.000000  895.000000  0.000028 
895.000000  896.000000  0.000028 
896.000000  897.000000  0.000028 
897.000000  898.000000  0.000028 
898.000000  899.000000  0.000027 
899.000000  900.000000  0.000027 
900.000000  901.000000  0.000027 
901.000000  902.000000  0.000027 
902.000000  903.000000  0.000027 
903.000000  904.000000  0.000027 
904.000000  905.000000  0.000027 
905.000000  906.000000  0.000027 
906.000000  907.000000  0.000027 
907.000000  908.000000  0.000027 
908.000000  909.000000  0.000027 
909.000000  910.000000  0.000027 
910.000000  911.000000  0.000027 
911.000000  912.000000  0.000027 
912.000000  913.000000  0.000027 
913.000000  914.000000  0.000027 
914.000000  915.000000  0.000027 
915.000000  916.000000  0.000027 
916.000000  917.000000  0.000027 
917.000000  918.000000  0.000027 
918.000000  919.000000  0.000027 
919.000000  920.000000  0.000027 
920.000000  921.000000  0.000026 
921.000000  922.000000  0.000026 
922.000000  923.000000  0.000026 
923.000000  924.000000  0.000026 
924.000000  925.000000  0.000026 
925.000000  926.000000  0.000026 
926.000000  927.000000  0.000026 
927.000000  928.000000  0.000026 
928.000000  929.000000  0.000026 
929.000000  930.000000  0.000026 
930.000000  931.000000  0.000026 
931.000000  932.000000  0.000026 
932.000000  933.000000  0.000026 
933.000000  934.000000  0.000026 
934.000000  935.000000  0.000026 
935.000000  936.000000  0.000026 
936.000000  937.000000  0.000026 
937.000000  938.000000  0.000026 
