20.000000  21.000000  0.003611 
21.000000  22.000000  0.003511 
22.000000  23.000000  0.003411 
23.000000  24.000000  0.003312 
24.000000  25.000000  0.003215 
25.000000  26.000000  0.003119 
26.000000  27.000000  0.003025 
27.000000  28.000000  0.002934 
28.000000  29.000000  0.002846 
29.000000  30.000000  0.002760 
30.000000  31.000000  0.002677 
31.000000  32.000000  0.002597 
32.000000  33.000000  0.002519 
33.000000  34.000000  0.002444 
34.000000  35.000000  0.002372 
35.000000  36.000000  0.002303 
36.000000  37.000000  0.002236 
37.000000  38.000000  0.002172 
38.000000  39.000000  0.002111 
39.000000  40.000000  0.002051 
40.000000  41.000000  0.001995 
41.000000  42.000000  0.001940 
42.000000  43.000000  0.001887 
43.000000  44.000000  0.001837 
44.000000  45.000000  0.001788 
45.000000  46.000000  0.001741 
46.000000  47.000000  0.001696 
47.000000  48.000000  0.001653 
48.000000  49.000000  0.001612 
49.000000  50.000000  0.001572 
50.000000  51.000000  0.001534 
51.000000  52.000000  0.001498 
52.000000  53.000000  0.001463 
53.000000  54.000000  0.001429 
54.000000  55.000000  0.001397 
55.000000  56.000000  0.001366 
56.000000  57.000000  0.001336 
57.000000  58.000000  0.001308 
58.000000  59.000000  0.001281 
59.000000  60.000000  0.001255 
60.000000  61.000000  0.001231 
61.000000  62.000000  0.001207 
62.000000  63.000000  0.001185 
63.000000  64.000000  0.001164 
64.000000  65.000000  0.001143 
65.000000  66.000000  0.001124 
66.000000  67.000000  0.001106 
67.000000  68.000000  0.001088 
68.000000  69.000000  0.001072 
69.000000  70.000000  0.001056 
70.000000  71.000000  0.001041 
71.000000  72.000000  0.001027 
72.000000  73.000000  0.001014 
73.000000  74.000000  0.001001 
74.000000  75.000000  0.000989 
75.000000  76.000000  0.000978 
76.000000  77.000000  0.000968 
77.000000  78.000000  0.000958 
78.000000  79.000000  0.000949 
79.000000  80.000000  0.000940 
80.000000  81.000000  0.000932 
81.000000  82.000000  0.000924 
82.000000  83.000000  0.000917 
83.000000  84.000000  0.000910 
84.000000  85.000000  0.000903 
85.000000  86.000000  0.000897 
86.000000  87.000000  0.000892 
87.000000  88.000000  0.000886 
88.000000  89.000000  0.000882 
89.000000  90.000000  0.000877 
90.000000  91.000000  0.000873 
91.000000  92.000000  0.000868 
92.000000  93.000000  0.000865 
93.000000  94.000000  0.000861 
94.000000  95.000000  0.000858 
95.000000  96.000000  0.000854 
96.000000  97.000000  0.000851 
97.000000  98.000000  0.000848 
98.000000  99.000000  0.000846 
99.000000  100.000000  0.000843 
100.000000  101.000000  0.000840 
101.000000  102.000000  0.000838 
102.000000  103.000000  0.000835 
103.000000  104.000000  0.000833 
104.000000  105.000000  0.000831 
105.000000  106.000000  0.000829 
106.000000  107.000000  0.000826 
107.000000  108.000000  0.000824 
108.000000  109.000000  0.000822 
109.000000  110.000000  0.000820 
110.000000  111.000000  0.000818 
111.000000  112.000000  0.000816 
112.000000  113.000000  0.000813 
113.000000  114.000000  0.000811 
114.000000  115.000000  0.000809 
115.000000  116.000000  0.000807 
116.000000  117.000000  0.000804 
117.000000  118.000000  0.000802 
118.000000  119.000000  0.000799 
119.000000  120.000000  0.000797 
120.000000  121.000000  0.000794 
121.000000  122.000000  0.000792 
122.000000  123.000000  0.000789 
123.000000  124.000000  0.000786 
124.000000  125.000000  0.000783 
125.000000  126.000000  0.000781 
126.000000  127.000000  0.000778 
127.000000  128.000000  0.000775 
128.000000  129.000000  0.000772 
129.000000  130.000000  0.000768 
130.000000  131.000000  0.000765 
131.000000  132.000000  0.000762 
132.000000  133.000000  0.000759 
133.000000  134.000000  0.000755 
134.000000  135.000000  0.000752 
135.000000  136.000000  0.000748 
136.000000  137.000000  0.000745 
137.000000  138.000000  0.000741 
138.000000  139.000000  0.000737 
139.000000  140.000000  0.000734 
140.000000  141.000000  0.000730 
141.000000  142.000000  0.000726 
142.000000  143.000000  0.000722 
143.000000  144.000000  0.000718 
144.000000  145.000000  0.000714 
145.000000  146.000000  0.000710 
146.000000  147.000000  0.000706 
147.000000  148.000000  0.000702 
148.000000  149.000000  0.000697 
149.000000  150.000000  0.000693 
150.000000  151.000000  0.000689 
151.000000  152.000000  0.000685 
152.000000  153.000000  0.000680 
153.000000  154.000000  0.000676 
154.000000  155.000000  0.000672 
155.000000  156.000000  0.000667 
156.000000  157.000000  0.000663 
157.000000  158.000000  0.000658 
158.000000  159.000000  0.000654 
159.000000  160.000000  0.000649 
160.000000  161.000000  0.000645 
161.000000  162.000000  0.000640 
162.000000  163.000000  0.000636 
163.000000  164.000000  0.000632 
164.000000  165.000000  0.000627 
165.000000  166.000000  0.000623 
166.000000  167.000000  0.000618 
167.000000  168.000000  0.000614 
168.000000  169.000000  0.000609 
169.000000  170.000000  0.000605 
170.000000  171.000000  0.000600 
171.000000  172.000000  0.000596 
172.000000  173.000000  0.000591 
173.000000  174.000000  0.000587 
174.000000  175.000000  0.000583 
175.000000  176.000000  0.000578 
176.000000  177.000000  0.000574 
177.000000  178.000000  0.000570 
178.000000  179.000000  0.000565 
179.000000  180.000000  0.000561 
180.000000  181.000000  0.000557 
181.000000  182.000000  0.000552 
182.000000  183.000000  0.000548 
183.000000  184.000000  0.000544 
184.000000  185.000000  0.000540 
185.000000  186.000000  0.000536 
186.000000  187.000000  0.000532 
187.000000  188.000000  0.000528 
188.000000  189.000000  0.000524 
189.000000  190.000000  0.000520 
190.000000  191.000000  0.000516 
191.000000  192.000000  0.000512 
192.000000  193.000000  0.000508 
193.000000  194.000000  0.000504 
194.000000  195.000000  0.000501 
195.000000  196.000000  0.000497 
196.000000  197.000000  0.000493 
197.000000  198.000000  0.000490 
198.000000  199.000000  0.000486 
199.000000  200.000000  0.000483 
200.000000  201.000000  0.000479 
201.000000  202.000000  0.000476 
202.000000  203.000000  0.000472 
203.000000  204.000000  0.000469 
204.000000  205.000000  0.000466 
205.000000  206.000000  0.000462 
206.000000  207.000000  0.000459 
207.000000  208.000000  0.000456 
208.000000  209.000000  0.000453 
209.000000  210.000000  0.000450 
210.000000  211.000000  0.000447 
211.000000  212.000000  0.000444 
212.000000  213.000000  0.000441 
213.000000  214.000000  0.000438 
214.000000  215.000000  0.000435 
215.000000  216.000000  0.000432 
216.000000  217.000000  0.000430 
217.000000  218.000000  0.000427 
218.000000  219.000000  0.000424 
219.000000  220.000000  0.000422 
220.000000  221.000000  0.000419 
221.000000  222.000000  0.000417 
222.000000  223.000000  0.000414 
223.000000  224.000000  0.000412 
224.000000  225.000000  0.000409 
225.000000  226.000000  0.000407 
226.000000  227.000000  0.000405 
227.000000  228.000000  0.000403 
228.000000  229.000000  0.000400 
229.000000  230.000000  0.000398 
230.000000  231.000000  0.000396 
231.000000  232.000000  0.000394 
232.000000  233.000000  0.000392 
233.000000  234.000000  0.000390 
234.000000  235.000000  0.000388 
235.000000  236.000000  0.000386 
236.000000  237.000000  0.000384 
237.000000  238.000000  0.000382 
238.000000  239.000000  0.000381 
239.000000  240.000000  0.000379 
240.000000  241.000000  0.000377 
241.000000  242.000000  0.000376 
242.000000  243.000000  0.000374 
243.000000  244.000000  0.000372 
244.000000  245.000000  0.000371 
245.000000  246.000000  0.000369 
246.000000  247.000000  0.000368 
247.000000  248.000000  0.000366 
248.000000  249.000000  0.000365 
249.000000  250.000000  0.000363 
250.000000  251.000000  0.000362 
251.000000  252.000000  0.000361 
252.000000  253.000000  0.000359 
253.000000  254.000000  0.000358 
254.000000  255.000000  0.000357 
255.000000  256.000000  0.000356 
256.000000  257.000000  0.000354 
257.000000  258.000000  0.000353 
258.000000  259.000000  0.000352 
259.000000  260.000000  0.000351 
260.000000  261.000000  0.000350 
261.000000  262.000000  0.000349 
262.000000  263.000000  0.000347 
263.000000  264.000000  0.000346 
264.000000  265.000000  0.000345 
265.000000  266.000000  0.000344 
266.000000  267.000000  0.000343 
267.000000  268.000000  0.000342 
268.000000  269.000000  0.000341 
269.000000  270.000000  0.000340 
270.000000  271.000000  0.000340 
271.000000  272.000000  0.000339 
272.000000  273.000000  0.000338 
273.000000  274.000000  0.000337 
274.000000  275.000000  0.000336 
275.000000  276.000000  0.000335 
276.000000  277.000000  0.000334 
277.000000  278.000000  0.000333 
278.000000  279.000000  0.000332 
279.000000  280.000000  0.000332 
280.000000  281.000000  0.000331 
281.000000  282.000000  0.000330 
282.000000  283.000000  0.000329 
283.000000  284.000000  0.000328 
284.000000  285.000000  0.000328 
285.000000  286.000000  0.000327 
286.000000  287.000000  0.000326 
287.000000  288.000000  0.000325 
288.000000  289.000000  0.000324 
289.000000  290.000000  0.000324 
290.000000  291.000000  0.000323 
291.000000  292.000000  0.000322 
292.000000  293.000000  0.000321 
293.000000  294.000000  0.000321 
294.000000  295.000000  0.000320 
295.000000  296.000000  0.000319 
296.000000  297.000000  0.000318 
297.000000  298.000000  0.000318 
298.000000  299.000000  0.000317 
299.000000  300.000000  0.000316 
300.000000  301.000000  0.000315 
301.000000  302.000000  0.000315 
302.000000  303.000000  0.000314 
303.000000  304.000000  0.000313 
304.000000  305.000000  0.000312 
305.000000  306.000000  0.000312 
306.000000  307.000000  0.000311 
307.000000  308.000000  0.000310 
308.000000  309.000000  0.000309 
309.000000  310.000000  0.000309 
310.000000  311.000000  0.000308 
311.000000  312.000000  0.000307 
312.000000  313.000000  0.000306 
313.000000  314.000000  0.000306 
314.000000  315.000000  0.000305 
315.000000  316.000000  0.000304 
316.000000  317.000000  0.000303 
317.000000  318.000000  0.000302 
318.000000  319.000000  0.000302 
319.000000  320.000000  0.000301 
320.000000  321.000000  0.000300 
321.000000  322.000000  0.000299 
322.000000  323.000000  0.000298 
323.000000  324.000000  0.000298 
324.000000  325.000000  0.000297 
325.000000  326.000000  0.000296 
326.000000  327.000000  0.000295 
327.000000  328.000000  0.000294 
328.000000  329.000000  0.000293 
329.000000  330.000000  0.000293 
330.000000  331.000000  0.000292 
331.000000  332.000000  0.000291 
332.000000  333.000000  0.000290 
333.000000  334.000000  0.000289 
334.000000  335.000000  0.000288 
335.000000  336.000000  0.000287 
336.000000  337.000000  0.000287 
337.000000  338.000000  0.000286 
338.000000  339.000000  0.000285 
339.000000  340.000000  0.000284 
340.000000  341.000000  0.000283 
341.000000  342.000000  0.000282 
342.000000  343.000000  0.000281 
343.000000  344.000000  0.000280 
344.000000  345.000000  0.000279 
345.000000  346.000000  0.000278 
346.000000  347.000000  0.000277 
347.000000  348.000000  0.000276 
348.000000  349.000000  0.000275 
349.000000  350.000000  0.000275 
350.000000  351.000000  0.000274 
351.000000  352.000000  0.000273 
352.000000  353.000000  0.000272 
353.000000  354.000000  0.000271 
354.000000  355.000000  0.000270 
355.000000  356.000000  0.000269 
356.000000  357.000000  0.000268 
357.000000  358.000000  0.000267 
358.000000  359.000000  0.000266 
359.000000  360.000000  0.000265 
360.000000  361.000000  0.000264 
361.000000  362.000000  0.000263 
362.000000  363.000000  0.000262 
363.000000  364.000000  0.000261 
364.000000  365.000000  0.000260 
365.000000  366.000000  0.000259 
366.000000  367.000000  0.000258 
367.000000  368.000000  0.000257 
368.000000  369.000000  0.000256 
369.000000  370.000000  0.000255 
370.000000  371.000000  0.000254 
371.000000  372.000000  0.000253 
372.000000  373.000000  0.000252 
373.000000  374.000000  0.000250 
374.000000  375.000000  0.000249 
375.000000  376.000000  0.000248 
376.000000  377.000000  0.000247 
377.000000  378.000000  0.000246 
378.000000  379.000000  0.000245 
379.000000  380.000000  0.000244 
380.000000  381.000000  0.000243 
381.000000  382.000000  0.000242 
382.000000  383.000000  0.000241 
383.000000  384.000000  0.000240 
384.000000  385.000000  0.000239 
385.000000  386.000000  0.000238 
386.000000  387.000000  0.000237 
387.000000  388.000000  0.000236 
388.000000  389.000000  0.000235 
389.000000  390.000000  0.000234 
390.000000  391.000000  0.000233 
391.000000  392.000000  0.000231 
392.000000  393.000000  0.000230 
393.000000  394.000000  0.000229 
394.000000  395.000000  0.000228 
395.000000  396.000000  0.000227 
396.000000  397.000000  0.000226 
397.000000  398.000000  0.000225 
398.000000  399.000000  0.000224 
399.000000  400.000000  0.000223 
400.000000  401.000000  0.000222 
401.000000  402.000000  0.000221 
402.000000  403.000000  0.000220 
403.000000  404.000000  0.000219 
404.000000  405.000000  0.000218 
405.000000  406.000000  0.000216 
406.000000  407.000000  0.000215 
407.000000  408.000000  0.000214 
408.000000  409.000000  0.000213 
409.000000  410.000000  0.000212 
410.000000  411.000000  0.000211 
411.000000  412.000000  0.000210 
412.000000  413.000000  0.000209 
413.000000  414.000000  0.000208 
414.000000  415.000000  0.000207 
415.000000  416.000000  0.000206 
416.000000  417.000000  0.000205 
417.000000  418.000000  0.000204 
418.000000  419.000000  0.000203 
419.000000  420.000000  0.000202 
420.000000  421.000000  0.000201 
421.000000  422.000000  0.000200 
422.000000  423.000000  0.000198 
423.000000  424.000000  0.000197 
424.000000  425.000000  0.000196 
425.000000  426.000000  0.000195 
426.000000  427.000000  0.000194 
427.000000  428.000000  0.000193 
428.000000  429.000000  0.000192 
429.000000  430.000000  0.000191 
430.000000  431.000000  0.000190 
431.000000  432.000000  0.000189 
432.000000  433.000000  0.000188 
433.000000  434.000000  0.000187 
434.000000  435.000000  0.000186 
435.000000  436.000000  0.000185 
436.000000  437.000000  0.000184 
437.000000  438.000000  0.000183 
438.000000  439.000000  0.000182 
439.000000  440.000000  0.000181 
440.000000  441.000000  0.000180 
441.000000  442.000000  0.000179 
442.000000  443.000000  0.000178 
443.000000  444.000000  0.000177 
444.000000  445.000000  0.000176 
445.000000  446.000000  0.000175 
446.000000  447.000000  0.000174 
447.000000  448.000000  0.000173 
448.000000  449.000000  0.000172 
449.000000  450.000000  0.000171 
450.000000  451.000000  0.000170 
451.000000  452.000000  0.000169 
452.000000  453.000000  0.000168 
453.000000  454.000000  0.000167 
454.000000  455.000000  0.000167 
455.000000  456.000000  0.000166 
456.000000  457.000000  0.000165 
457.000000  458.000000  0.000164 
458.000000  459.000000  0.000163 
459.000000  460.000000  0.000162 
460.000000  461.000000  0.000161 
461.000000  462.000000  0.000160 
462.000000  463.000000  0.000159 
463.000000  464.000000  0.000158 
464.000000  465.000000  0.000157 
465.000000  466.000000  0.000156 
466.000000  467.000000  0.000155 
467.000000  468.000000  0.000155 
468.000000  469.000000  0.000154 
469.000000  470.000000  0.000153 
470.000000  471.000000  0.000152 
471.000000  472.000000  0.000151 
472.000000  473.000000  0.000150 
473.000000  474.000000  0.000149 
474.000000  475.000000  0.000148 
475.000000  476.000000  0.000148 
476.000000  477.000000  0.000147 
477.000000  478.000000  0.000146 
478.000000  479.000000  0.000145 
479.000000  480.000000  0.000144 
480.000000  481.000000  0.000143 
481.000000  482.000000  0.000142 
482.000000  483.000000  0.000142 
483.000000  484.000000  0.000141 
484.000000  485.000000  0.000140 
485.000000  486.000000  0.000139 
486.000000  487.000000  0.000138 
487.000000  488.000000  0.000137 
488.000000  489.000000  0.000137 
489.000000  490.000000  0.000136 
490.000000  491.000000  0.000135 
491.000000  492.000000  0.000134 
492.000000  493.000000  0.000133 
493.000000  494.000000  0.000133 
494.000000  495.000000  0.000132 
495.000000  496.000000  0.000131 
496.000000  497.000000  0.000130 
497.000000  498.000000  0.000130 
498.000000  499.000000  0.000129 
499.000000  500.000000  0.000128 
500.000000  501.000000  0.000127 
501.000000  502.000000  0.000127 
502.000000  503.000000  0.000126 
503.000000  504.000000  0.000125 
504.000000  505.000000  0.000124 
505.000000  506.000000  0.000124 
506.000000  507.000000  0.000123 
507.000000  508.000000  0.000122 
508.000000  509.000000  0.000121 
509.000000  510.000000  0.000121 
510.000000  511.000000  0.000120 
511.000000  512.000000  0.000119 
512.000000  513.000000  0.000119 
513.000000  514.000000  0.000118 
514.000000  515.000000  0.000117 
515.000000  516.000000  0.000116 
516.000000  517.000000  0.000116 
517.000000  518.000000  0.000115 
518.000000  519.000000  0.000114 
519.000000  520.000000  0.000114 
520.000000  521.000000  0.000113 
521.000000  522.000000  0.000112 
522.000000  523.000000  0.000112 
523.000000  524.000000  0.000111 
524.000000  525.000000  0.000110 
525.000000  526.000000  0.000110 
526.000000  527.000000  0.000109 
527.000000  528.000000  0.000109 
528.000000  529.000000  0.000108 
529.000000  530.000000  0.000107 
530.000000  531.000000  0.000107 
531.000000  532.000000  0.000106 
532.000000  533.000000  0.000105 
533.000000  534.000000  0.000105 
534.000000  535.000000  0.000104 
535.000000  536.000000  0.000104 
536.000000  537.000000  0.000103 
537.000000  538.000000  0.000102 
538.000000  539.000000  0.000102 
539.000000  540.000000  0.000101 
540.000000  541.000000  0.000101 
541.000000  542.000000  0.000100 
542.000000  543.000000  0.000099 
543.000000  544.000000  0.000099 
544.000000  545.000000  0.000098 
545.000000  546.000000  0.000098 
546.000000  547.000000  0.000097 
547.000000  548.000000  0.000097 
548.000000  549.000000  0.000096 
549.000000  550.000000  0.000095 
550.000000  551.000000  0.000095 
551.000000  552.000000  0.000094 
552.000000  553.000000  0.000094 
553.000000  554.000000  0.000093 
554.000000  555.000000  0.000093 
555.000000  556.000000  0.000092 
556.000000  557.000000  0.000092 
557.000000  558.000000  0.000091 
558.000000  559.000000  0.000091 
559.000000  560.000000  0.000090 
560.000000  561.000000  0.000090 
561.000000  562.000000  0.000089 
562.000000  563.000000  0.000089 
563.000000  564.000000  0.000088 
564.000000  565.000000  0.000088 
565.000000  566.000000  0.000087 
566.000000  567.000000  0.000087 
567.000000  568.000000  0.000086 
568.000000  569.000000  0.000086 
569.000000  570.000000  0.000085 
570.000000  571.000000  0.000085 
571.000000  572.000000  0.000084 
572.000000  573.000000  0.000084 
573.000000  574.000000  0.000083 
574.000000  575.000000  0.000083 
575.000000  576.000000  0.000082 
576.000000  577.000000  0.000082 
577.000000  578.000000  0.000081 
578.000000  579.000000  0.000081 
579.000000  580.000000  0.000080 
580.000000  581.000000  0.000080 
581.000000  582.000000  0.000080 
582.000000  583.000000  0.000079 
583.000000  584.000000  0.000079 
584.000000  585.000000  0.000078 
585.000000  586.000000  0.000078 
586.000000  587.000000  0.000077 
587.000000  588.000000  0.000077 
588.000000  589.000000  0.000077 
589.000000  590.000000  0.000076 
590.000000  591.000000  0.000076 
591.000000  592.000000  0.000075 
592.000000  593.000000  0.000075 
593.000000  594.000000  0.000075 
594.000000  595.000000  0.000074 
595.000000  596.000000  0.000074 
596.000000  597.000000  0.000073 
597.000000  598.000000  0.000073 
598.000000  599.000000  0.000073 
599.000000  600.000000  0.000072 
600.000000  601.000000  0.000072 
601.000000  602.000000  0.000071 
602.000000  603.000000  0.000071 
603.000000  604.000000  0.000071 
604.000000  605.000000  0.000070 
605.000000  606.000000  0.000070 
606.000000  607.000000  0.000070 
607.000000  608.000000  0.000069 
608.000000  609.000000  0.000069 
609.000000  610.000000  0.000069 
610.000000  611.000000  0.000068 
611.000000  612.000000  0.000068 
612.000000  613.000000  0.000067 
613.000000  614.000000  0.000067 
614.000000  615.000000  0.000067 
615.000000  616.000000  0.000066 
616.000000  617.000000  0.000066 
617.000000  618.000000  0.000066 
618.000000  619.000000  0.000065 
619.000000  620.000000  0.000065 
620.000000  621.000000  0.000065 
621.000000  622.000000  0.000064 
622.000000  623.000000  0.000064 
623.000000  624.000000  0.000064 
624.000000  625.000000  0.000063 
625.000000  626.000000  0.000063 
626.000000  627.000000  0.000063 
627.000000  628.000000  0.000063 
628.000000  629.000000  0.000062 
629.000000  630.000000  0.000062 
630.000000  631.000000  0.000062 
631.000000  632.000000  0.000061 
632.000000  633.000000  0.000061 
633.000000  634.000000  0.000061 
634.000000  635.000000  0.000060 
635.000000  636.000000  0.000060 
636.000000  637.000000  0.000060 
637.000000  638.000000  0.000060 
638.000000  639.000000  0.000059 
639.000000  640.000000  0.000059 
640.000000  641.000000  0.000059 
641.000000  642.000000  0.000058 
642.000000  643.000000  0.000058 
643.000000  644.000000  0.000058 
644.000000  645.000000  0.000058 
645.000000  646.000000  0.000057 
646.000000  647.000000  0.000057 
647.000000  648.000000  0.000057 
648.000000  649.000000  0.000057 
649.000000  650.000000  0.000056 
650.000000  651.000000  0.000056 
651.000000  652.000000  0.000056 
652.000000  653.000000  0.000056 
653.000000  654.000000  0.000055 
654.000000  655.000000  0.000055 
655.000000  656.000000  0.000055 
656.000000  657.000000  0.000055 
657.000000  658.000000  0.000054 
658.000000  659.000000  0.000054 
659.000000  660.000000  0.000054 
660.000000  661.000000  0.000054 
661.000000  662.000000  0.000053 
662.000000  663.000000  0.000053 
663.000000  664.000000  0.000053 
664.000000  665.000000  0.000053 
665.000000  666.000000  0.000052 
666.000000  667.000000  0.000052 
667.000000  668.000000  0.000052 
668.000000  669.000000  0.000052 
669.000000  670.000000  0.000052 
670.000000  671.000000  0.000051 
671.000000  672.000000  0.000051 
672.000000  673.000000  0.000051 
673.000000  674.000000  0.000051 
674.000000  675.000000  0.000050 
675.000000  676.000000  0.000050 
676.000000  677.000000  0.000050 
677.000000  678.000000  0.000050 
678.000000  679.000000  0.000050 
679.000000  680.000000  0.000049 
680.000000  681.000000  0.000049 
681.000000  682.000000  0.000049 
682.000000  683.000000  0.000049 
683.000000  684.000000  0.000049 
684.000000  685.000000  0.000048 
685.000000  686.000000  0.000048 
686.000000  687.000000  0.000048 
687.000000  688.000000  0.000048 
688.000000  689.000000  0.000048 
689.000000  690.000000  0.000047 
690.000000  691.000000  0.000047 
691.000000  692.000000  0.000047 
692.000000  693.000000  0.000047 
693.000000  694.000000  0.000047 
694.000000  695.000000  0.000047 
695.000000  696.000000  0.000046 
696.000000  697.000000  0.000046 
697.000000  698.000000  0.000046 
698.000000  699.000000  0.000046 
699.000000  700.000000  0.000046 
700.000000  701.000000  0.000045 
701.000000  702.000000  0.000045 
702.000000  703.000000  0.000045 
703.000000  704.000000  0.000045 
704.000000  705.000000  0.000045 
705.000000  706.000000  0.000045 
706.000000  707.000000  0.000044 
707.000000  708.000000  0.000044 
708.000000  709.000000  0.000044 
709.000000  710.000000  0.000044 
710.000000  711.000000  0.000044 
711.000000  712.000000  0.000044 
712.000000  713.000000  0.000043 
713.000000  714.000000  0.000043 
714.000000  715.000000  0.000043 
715.000000  716.000000  0.000043 
716.000000  717.000000  0.000043 
717.000000  718.000000  0.000043 
718.000000  719.000000  0.000043 
719.000000  720.000000  0.000042 
720.000000  721.000000  0.000042 
721.000000  722.000000  0.000042 
722.000000  723.000000  0.000042 
723.000000  724.000000  0.000042 
724.000000  725.000000  0.000042 
725.000000  726.000000  0.000042 
726.000000  727.000000  0.000041 
727.000000  728.000000  0.000041 
728.000000  729.000000  0.000041 
729.000000  730.000000  0.000041 
730.000000  731.000000  0.000041 
731.000000  732.000000  0.000041 
732.000000  733.000000  0.000041 
733.000000  734.000000  0.000040 
734.000000  735.000000  0.000040 
735.000000  736.000000  0.000040 
736.000000  737.000000  0.000040 
737.000000  738.000000  0.000040 
738.000000  739.000000  0.000040 
739.000000  740.000000  0.000040 
740.000000  741.000000  0.000040 
741.000000  742.000000  0.000039 
742.000000  743.000000  0.000039 
743.000000  744.000000  0.000039 
744.000000  745.000000  0.000039 
745.000000  746.000000  0.000039 
746.000000  747.000000  0.000039 
747.000000  748.000000  0.000039 
748.000000  749.000000  0.000039 
749.000000  750.000000  0.000038 
750.000000  751.000000  0.000038 
751.000000  752.000000  0.000038 
752.000000  753.000000  0.000038 
753.000000  754.000000  0.000038 
754.000000  755.000000  0.000038 
755.000000  756.000000  0.000038 
756.000000  757.000000  0.000038 
757.000000  758.000000  0.000038 
758.000000  759.000000  0.000037 
759.000000  760.000000  0.000037 
760.000000  761.000000  0.000037 
761.000000  762.000000  0.000037 
762.000000  763.000000  0.000037 
763.000000  764.000000  0.000037 
764.000000  765.000000  0.000037 
765.000000  766.000000  0.000037 
766.000000  767.000000  0.000037 
767.000000  768.000000  0.000036 
768.000000  769.000000  0.000036 
769.000000  770.000000  0.000036 
770.000000  771.000000  0.000036 
771.000000  772.000000  0.000036 
772.000000  773.000000  0.000036 
773.000000  774.000000  0.000036 
774.000000  775.000000  0.000036 
775.000000  776.000000  0.000036 
776.000000  777.000000  0.000036 
777.000000  778.000000  0.000035 
778.000000  779.000000  0.000035 
779.000000  780.000000  0.000035 
780.000000  781.000000  0.000035 
781.000000  782.000000  0.000035 
782.000000  783.000000  0.000035 
783.000000  784.000000  0.000035 
784.000000  785.000000  0.000035 
785.000000  786.000000  0.000035 
786.000000  787.000000  0.000035 
787.000000  788.000000  0.000035 
788.000000  789.000000  0.000034 
789.000000  790.000000  0.000034 
790.000000  791.000000  0.000034 
791.000000  792.000000  0.000034 
792.000000  793.000000  0.000034 
793.000000  794.000000  0.000034 
794.000000  795.000000  0.000034 
795.000000  796.000000  0.000034 
796.000000  797.000000  0.000034 
797.000000  798.000000  0.000034 
798.000000  799.000000  0.000034 
799.000000  800.000000  0.000034 
800.000000  801.000000  0.000033 
801.000000  802.000000  0.000033 
802.000000  803.000000  0.000033 
803.000000  804.000000  0.000033 
804.000000  805.000000  0.000033 
805.000000  806.000000  0.000033 
806.000000  807.000000  0.000033 
807.000000  808.000000  0.000033 
808.000000  809.000000  0.000033 
809.000000  810.000000  0.000033 
810.000000  811.000000  0.000033 
811.000000  812.000000  0.000033 
812.000000  813.000000  0.000033 
813.000000  814.000000  0.000033 
814.000000  815.000000  0.000032 
815.000000  816.000000  0.000032 
816.000000  817.000000  0.000032 
817.000000  818.000000  0.000032 
818.000000  819.000000  0.000032 
819.000000  820.000000  0.000032 
820.000000  821.000000  0.000032 
821.000000  822.000000  0.000032 
822.000000  823.000000  0.000032 
823.000000  824.000000  0.000032 
824.000000  825.000000  0.000032 
825.000000  826.000000  0.000032 
826.000000  827.000000  0.000032 
827.000000  828.000000  0.000032 
828.000000  829.000000  0.000032 
829.000000  830.000000  0.000031 
830.000000  831.000000  0.000031 
831.000000  832.000000  0.000031 
832.000000  833.000000  0.000031 
833.000000  834.000000  0.000031 
834.000000  835.000000  0.000031 
835.000000  836.000000  0.000031 
836.000000  837.000000  0.000031 
837.000000  838.000000  0.000031 
838.000000  839.000000  0.000031 
839.000000  840.000000  0.000031 
840.000000  841.000000  0.000031 
841.000000  842.000000  0.000031 
842.000000  843.000000  0.000031 
843.000000  844.000000  0.000031 
844.000000  845.000000  0.000031 
845.000000  846.000000  0.000030 
846.000000  847.000000  0.000030 
847.000000  848.000000  0.000030 
848.000000  849.000000  0.000030 
849.000000  850.000000  0.000030 
850.000000  851.000000  0.000030 
851.000000  852.000000  0.000030 
852.000000  853.000000  0.000030 
853.000000  854.000000  0.000030 
854.000000  855.000000  0.000030 
855.000000  856.000000  0.000030 
856.000000  857.000000  0.000030 
857.000000  858.000000  0.000030 
858.000000  859.000000  0.000030 
859.000000  860.000000  0.000030 
860.000000  861.000000  0.000030 
861.000000  862.000000  0.000030 
862.000000  863.000000  0.000030 
863.000000  864.000000  0.000030 
864.000000  865.000000  0.000030 
865.000000  866.000000  0.000029 
866.000000  867.000000  0.000029 
867.000000  868.000000  0.000029 
868.000000  869.000000  0.000029 
869.000000  870.000000  0.000029 
870.000000  871.000000  0.000029 
871.000000  872.000000  0.000029 
872.000000  873.000000  0.000029 
873.000000  874.000000  0.000029 
874.000000  875.000000  0.000029 
875.000000  876.000000  0.000029 
876.000000  877.000000  0.000029 
877.000000  878.000000  0.000029 
878.000000  879.000000  0.000029 
879.000000  880.000000  0.000029 
880.000000  881.000000  0.000029 
881.000000  882.000000  0.000029 
882.000000  883.000000  0.000029 
883.000000  884.000000  0.000029 
884.000000  885.000000  0.000029 
885.000000  886.000000  0.000029 
886.000000  887.000000  0.000029 
887.000000  888.000000  0.000029 
888.000000  889.000000  0.000028 
889.000000  890.000000  0.000028 
890.000000  891.000000  0.000028 
891.000000  892.000000  0.000028 
892.000000  893.000000  0.000028 
893.000000  894.000000  0.000028 
894.000000  895.000000  0.000028 
895.000000  896.000000  0.000028 
896.000000  897.000000  0.000028 
897.000000  898.000000  0.000028 
898.000000  899.000000  0.000028 
899.000000  900.000000  0.000028 
900.000000  901.000000  0.000028 
901.000000  902.000000  0.000028 
902.000000  903.000000  0.000028 
903.000000  904.000000  0.000028 
904.000000  905.000000  0.000028 
905.000000  906.000000  0.000028 
906.000000  907.000000  0.000028 
907.000000  908.000000  0.000028 
908.000000  909.000000  0.000028 
909.000000  910.000000  0.000028 
910.000000  911.000000  0.000028 
911.000000  912.000000  0.000028 
912.000000  913.000000  0.000028 
913.000000  914.000000  0.000028 
914.000000  915.000000  0.000028 
915.000000  916.000000  0.000028 
916.000000  917.000000  0.000028 
917.000000  918.000000  0.000027 
918.000000  919.000000  0.000027 
919.000000  920.000000  0.000027 
920.000000  921.000000  0.000027 
921.000000  922.000000  0.000027 
922.000000  923.000000  0.000027 
923.000000  924.000000  0.000027 
924.000000  925.000000  0.000027 
925.000000  926.000000  0.000027 
926.000000  927.000000  0.000027 
927.000000  928.000000  0.000027 
928.000000  929.000000  0.000027 
929.000000  930.000000  0.000027 
930.000000  931.000000  0.000027 
931.000000  932.000000  0.000027 
932.000000  933.000000  0.000027 
933.000000  934.000000  0.000027 
934.000000  935.000000  0.000027 
935.000000  936.000000  0.000027 
936.000000  937.000000  0.000027 
937.000000  938.000000  0.000027 
